Lenght	Intensity	Error
8.0774150156	0.7700730562	0.4942893982
8.0780445156	0.7603202462	0.4683442712
8.0783600156	0.7640975714	0.404789865
8.0786655156	0.7738503814	0.3259089291
8.0789745156	0.7714976072	0.229622826
8.0792745156	0.7728207707	0.1278252602
8.0795720156	0.7696146369	0.0493969247
8.0798675156	0.7801529169	0.0062429286
8.0801730156	0.780798316	0.0093681095
8.0804775156	0.7880298495	0.0551838055
8.0807790156	0.782245636	0.1332093775
8.0810760156	0.7861604095	0.2359051853
8.0813740156	0.7851474881	0.3330183625
8.0816715156	0.7817693353	0.4240563512
8.0819785156	0.7869569659	0.4743657708
8.0822790156	0.7907219529	0.4910184741
8.0825810156	0.7985438704	0.4644986689
8.0828860156	0.7946711183	0.3904558122
8.0831830156	0.8011116385	0.3043440282
8.0834885156	0.7990318537	0.2012031972
8.0837940156	0.7961969376	0.1043028608
8.0841000156	0.8011265397	0.0345480181
8.0844090156	0.8012099266	0.0046213572
8.0847115156	0.809807241	0.0164988656
8.0850215156	0.7977669239	0.0766470283
8.0853275156	0.8052856326	0.1632303298
8.0856305156	0.8098230362	0.2618273795
8.0859450156	0.8089734912	0.3625901937
8.0862555156	0.8080571294	0.4458546937
8.0865795156	0.805773139	0.4858370125
8.0869050156	0.8091990948	0.4879486859
8.0872205156	0.8144814968	0.4453852475
8.0875330156	0.8194205761	0.3629243672
8.0878410156	0.8156684041	0.2652565837
8.0881545156	0.8127803802	0.1633004993
8.0884595156	0.8168870807	0.0801939815
8.0887630156	0.8229269981	0.0175200049
8.0890680156	0.8247883916	0.0029428655
8.0893695156	0.8187721968	0.032431405
8.0896685156	0.8210504651	0.0939324573
8.0899650156	0.8199275732	0.1984323114
8.0902690156	0.8236948252	0.2999017835
8.0905705156	0.8200497627	0.3941513598
8.0908665156	0.8286846876	0.4654147923
8.0911670156	0.8226799965	0.495218575
8.0914630156	0.8290483952	0.4847829938
8.0917535156	0.8219500184	0.4280506074
8.0920420156	0.8318350911	0.3409283161
8.0923380156	0.8311474919	0.2432646602
8.0926355156	0.8266555667	0.1371275634
8.0929150156	0.8261822462	0.0565597825
8.0931950156	0.8347038031	0.0096367188
8.0934830156	0.8330738544	0.0069035138
8.0937780156	0.8303495646	0.0558678992
8.0940780156	0.8363866806	0.1295960844
8.0943735156	0.8339312673	0.2379814535
8.0946735156	0.8379984498	0.3417840004
8.0949855156	0.836600244	0.4258956313
8.0952990156	0.8416610956	0.4846232533
8.0956135156	0.8446676135	0.5026830435
8.0959205156	0.8410819173	0.472286582
8.0962260156	0.844581008	0.401488781
8.0965320156	0.8495026231	0.3052985966
8.0968400156	0.8412366509	0.1912882924
8.0971570156	0.8462226391	0.0975840315
8.0974695156	0.8538796902	0.0306853913
8.0977840156	0.8495172262	0.0033715551
8.0981000156	0.8440263867	0.0237936657
8.0983965156	0.8658845425	0.0879991204
8.0987025156	0.8595635295	0.1679652035
8.0990140156	0.8470138311	0.2763903439
8.0993250156	0.8517264724	0.3800830841
8.0996440156	0.8591266274	0.4546781182
8.0999625156	0.8548360467	0.4960418046
8.1002730156	0.864236176	0.4905167222
8.1005820156	0.8568195105	0.445406884
8.1008905156	0.8601491451	0.3645739257
8.1012015156	0.8623974919	0.2565286458
8.1015125156	0.8631466031	0.1519386917
8.1018340156	0.8685017228	0.0650812909
8.1021530156	0.8642374873	0.0137246512
8.1024720156	0.8678126335	0.0041787983
8.1027730156	0.8658056855	0.0396579839
8.1030705156	0.8598854542	0.1103066802
8.1033655156	0.8685702682	0.2080437392
8.1036565156	0.8626065254	0.3130736351
8.1039430156	0.8715405464	0.4063627124
8.1042275156	0.8651426435	0.4680623114
8.1045060156	0.8688328862	0.4951749742
8.1047860156	0.8620998859	0.4726732075
8.1050630156	0.8698620796	0.4105756581
8.1053390156	0.8734046221	0.3185701966
8.1056160156	0.875639677	0.2158041
8.1058915156	0.8749442101	0.1156198531
8.1061710156	0.8727314472	0.0421811789
8.1064525156	0.8737245202	0.0046309931
8.1067530156	0.8772033453	0.0110027911
8.1070530156	0.8824073076	0.0637594089
8.1073585156	0.8763453364	0.1515394896
8.1076620156	0.876504004	0.2552287877
8.1079550156	0.8756548166	0.3589258492
8.1082475156	0.875440836	0.4425382018
8.1085550156	0.8744453788	0.4866338074
8.1088520156	0.8833680749	0.4896873236
8.1091525156	0.8789272904	0.4465651214
8.1094580156	0.8853132725	0.3754734695
8.1097640156	0.8787907362	0.2847769558
8.1100630156	0.9110955596	0.1408483088
8.1103720156	0.8847376108	0.0619095899
8.1106725156	0.874335587	0.008260469
8.1109870156	0.8730021715	0.0136028882
8.1113075156	0.9019261003	0.0157056917
8.1116120156	0.9057815075	0.0819720402
8.1119175156	0.8403892517	0.1403922439
8.1122110156	0.878262341	0.3601735234
8.1125160156	0.8679997921	0.4006896317
8.1128170156	0.8528622985	0.4768140316
8.1131275156	0.858825624	0.4820210636
8.1134360156	0.892362237	0.4859751463
8.1137480156	0.9108786583	0.4285682738
8.1140545156	0.9116279483	0.3176992238
8.1143725156	0.8911215067	0.2176679671
8.1146795156	0.8855594993	0.1172256917
8.1149835156	0.8885437846	0.0408395566
8.1152805156	0.8940655589	0.0025455148
8.1155635156	0.8903630376	0.0107450532
8.1158465156	0.898137629	0.0632471591
8.1161345156	0.8927496076	0.1565932184
8.1164290156	0.8876869678	0.2623089552
8.1167190156	0.8872612119	0.3726357818
8.1170055156	0.8876911998	0.4496756494
8.1172875156	0.9051653743	0.4965647757
8.1175810156	0.8837240934	0.4906176925
8.1178620156	0.8954100609	0.4455989897
8.1181510156	0.8868812323	0.3584786654
8.1184380156	0.895802319	0.2642660737
8.1187265156	0.8883304596	0.1607614905
8.1190155156	0.8892388344	0.0690957233
8.1193055156	0.8969359398	0.0134361014
8.1196030156	0.8947559595	0.0044062217
8.1198985156	0.8970317841	0.0402871929
8.1201905156	0.8931289315	0.1208856404
8.1204830156	0.895827651	0.2212511003
8.1207780156	0.8889212012	0.3271383941
8.1210740156	0.8998847008	0.4197625816
8.1213710156	0.8899695277	0.4791248739
8.1216720156	0.9021551013	0.5008686185
8.1219810156	0.8920938373	0.4708259404
8.1222865156	0.8940763474	0.3994558156
8.1225955156	0.8987908363	0.3019382656
8.1228950156	0.8998975158	0.1968963146
8.1231960156	0.8969497681	0.0976751968
8.1235025156	0.8996777534	0.030582197
8.1238090156	0.9030576348	0.00139879
8.1241005156	0.8985731602	0.0221490469
8.1244080156	0.8991345167	0.089892365
8.1247270156	0.899484992	0.1722372621
8.1250295156	0.8997819424	0.2870937586
8.1253230156	0.9071552753	0.380528897
8.1256435156	0.9036325216	0.4599972367
8.1259680156	0.8994702697	0.4955611527
8.1262845156	0.9074662924	0.4899694026
8.1265915156	0.9032503963	0.4343723059
8.1268900156	0.9031806588	0.3494302034
8.1271935156	0.9015354514	0.2468444109
8.1274930156	0.9102270603	0.1377616078
8.1277945156	0.9028406143	0.0635081083
8.1280945156	0.893016994	0.010938731
8.1284055156	0.908954978	0.0054717842
8.1287125156	0.9165350795	0.0500954315
8.1290225156	0.9098317623	0.1283299774
8.1293350156	0.901824832	0.22568205
8.1296350156	0.9071986675	0.3325737417
8.1299295156	0.9105386138	0.4277351797
8.1302240156	0.9132688642	0.4850304425
8.1305165156	0.8953055143	0.495331794
8.1308025156	0.9162253737	0.4818967581
8.1310945156	0.9001671672	0.3987186849
8.1313805156	0.9013852477	0.286614418
8.1316745156	0.8998923898	0.1850035042
8.1319655156	0.9084069729	0.1064249277
8.1322605156	0.9001703858	0.0314570591
8.1325560156	0.9193463922	-0.0015361144
8.1328615156	0.9016193151	0.0210921243
8.1331655156	0.9152251482	0.0834712535
8.1334755156	0.907725513	0.1634661257
8.1337750156	0.9066987038	0.2900517583
8.1340750156	0.9218343496	0.3822236359
8.1343750156	0.9020178914	0.4572537243
8.1346690156	0.9213867188	0.50074929
8.1349670156	0.9489236474	0.4974880815
8.1352865156	0.9143245816	0.4459344447
8.1355740156	0.9094097614	0.4115537405
8.1358875156	0.8957501054	0.2737873793
8.1361695156	0.9283869863	0.1309389472
8.1364840156	0.8942197561	0.0548609048
8.1367770156	0.9210901856	0.0004390292
8.1370970156	0.9055977464	0.0109800994
8.1374130156	0.9142659903	0.052946575
8.1377135156	0.9365956187	0.1239477471
8.1380255156	0.9088183045	0.230459705
8.1383170156	0.9155862927	0.3412002623
8.1386225156	0.9144295454	0.4217382371
8.1389270156	0.9185551405	0.4803475738
8.1392280156	0.9223136902	0.4955936372
8.1395130156	0.9230353236	0.4634853601
8.1398030156	0.9274935722	0.3974265754
8.1400925156	0.9280461073	0.2931864262
8.1403820156	0.929818809	0.1856674701
8.1406750156	0.9191218615	0.0910088941
8.1409665156	0.9205028415	0.027409343
8.1412620156	0.9118999243	0.0066931732
8.1415495156	0.9218716025	0.0236470234
8.1418440156	0.9145793319	0.0862635821
8.1421365156	0.9132375717	0.1818010807
8.1424310156	0.91605407	0.2823390365
8.1427170156	0.9293436408	0.3850440383
8.1430015156	0.9186308384	0.4546146393
8.1432835156	0.9228823185	0.4938022196
8.1435725156	0.9197953939	0.4856130481
8.1438565156	0.9203395247	0.4311777949
8.1441380156	0.9181293845	0.3469077945
8.1444200156	0.9275565743	0.2372573316
8.1447045156	0.9143129587	0.1385143697
8.1449935156	0.9223319888	0.0564090647
8.1452860156	0.9137281775	0.0125269564
8.1455665156	0.9247652888	0.0058503957
8.1458480156	0.9145362973	0.0556611344
8.1461440156	0.9183242321	0.1360433251
8.1464245156	0.9236736298	0.2228693664
8.1467135156	0.9179135561	0.3337173164
8.1470100156	0.919013381	0.4267852306
8.1473165156	0.9210267067	0.4827414155
8.1476340156	0.9178372025	0.493881762
8.1479380156	0.9271644354	0.4660257697
8.1482425156	0.921402216	0.3930073678
8.1485345156	0.9181663394	0.2996352017
8.1488305156	0.9154822826	0.1899620593
8.1491280156	0.9234460592	0.0922848508
8.1494350156	0.9197139144	0.025998909
8.1497440156	0.9255490899	0.0031574289
8.1500510156	0.9273228049	0.0210407972
8.1503565156	0.9245228171	0.0857617408
8.1506545156	0.9218032956	0.1788914651
8.1509520156	0.9303953648	0.2786113918
8.1512360156	0.9169729352	0.388882041
8.1515345156	0.9062293172	0.4511323869
8.1518410156	0.9140848517	0.4940375686
8.1521470156	0.9297798276	0.4955027401
8.1524505156	0.965526402	0.4615890086
8.1527585156	0.9249681234	0.3748158813
8.1530460156	0.9016432762	0.2167226821
8.1533460156	0.8972268105	0.1306772083
8.1536445156	0.9029262662	0.0575921498
8.1539465156	0.9099452496	0.0136796832
8.1542455156	0.909565568	0.0051936386
8.1545340156	0.9208952785	0.0393150896
8.1548255156	0.9234521985	0.1224640533
8.1551195156	0.9265848994	0.2276805043
8.1554170156	0.9219064116	0.3335718215
8.1557085156	0.920936048	0.4274924695
8.1559980156	0.9167888165	0.4831055999
8.1562925156	0.9190667868	0.4949024022
8.1565885156	0.915040195	0.4650965333
8.1568875156	0.9096494317	0.3937817216
8.1571770156	0.9152892232	0.3006931841
8.1574650156	0.911167562	0.1981694996
8.1577490156	0.9164254665	0.1022012234
8.1580300156	0.9122424722	0.0317391008
8.1583080156	0.9155886173	0.002964233
8.1585905156	0.9106736183	0.0215440579
8.1588730156	0.9104402661	0.0846664384
8.1591590156	0.9083715081	0.1681900173
8.1594535156	0.9135908484	0.2753383815
8.1597495156	0.9071689844	0.3754546642
8.1600420156	0.9156118631	0.4546986222
8.1603285156	0.9143974185	0.4910162091
8.1606055156	0.9134504795	0.4870640039
8.1608825156	0.9160430431	0.4369620681
8.1611685156	0.9081035852	0.3480847478
8.1614710156	0.9115931988	0.2444195449
8.1617635156	0.9047580957	0.144466728
8.1620525156	0.9129789472	0.0614465922
8.1623375156	0.9076700807	0.0117327394
8.1626185156	0.9135077	0.0050070728
8.1629010156	0.908275187	0.0467637144
8.1631880156	0.9134337306	0.1184324101
8.1634780156	0.9086948037	0.2265000939
8.1637760156	0.913408637	0.326880157
8.1640725156	0.9111612439	0.4163762629
8.1643735156	0.9094911814	0.475350678
8.1646730156	0.9044306874	0.4938518405
8.1649660156	0.9142392874	0.4642587006
8.1652660156	0.9091367722	0.3985514045
8.1655585156	0.9057840705	0.3024946451
8.1658575156	0.90523839	0.2044311017
8.1661560156	0.9030002952	0.1030961052
8.1664585156	0.9088287354	0.0317358896
8.1667650156	0.9004375935	0.0038234328
8.1670675156	0.9093781114	0.0213616267
8.1673725156	0.9103749394	0.074809581
8.1676755156	0.8979484439	0.1708203703
8.1679695156	0.9103404284	0.2751263082
8.1682630156	0.9024739861	0.3774312735
8.1685540156	0.9118924737	0.4538901746
8.1688510156	0.8985310197	0.4914830327
8.1691335156	0.9031777978	0.4914551675
8.1694155156	0.8989048004	0.4455625415
8.1697020156	0.8972626328	0.357468307
8.1699900156	0.8991642594	0.2518321872
8.1702795156	0.9017186761	0.1548137814
8.1705720156	0.8974841833	0.0703313798
8.1708710156	0.901946187	0.0136320181
8.1711800156	0.903031826	0.0048284479
8.1714850156	0.8944712281	0.0424816087
8.1717810156	0.8980177045	0.1112726182
8.1720825156	0.8970997334	0.212626636
8.1723740156	0.8972750902	0.3178422153
8.1726700156	0.8932483792	0.412689805
8.1729690156	0.8930011988	0.4772448838
8.1732685156	0.8955472112	0.4958423078
8.1735685156	0.8936838508	0.4684031904
8.1738645156	0.89130795	0.4030428231
8.1741560156	0.892762959	0.3069069982
8.1744530156	0.8857730627	0.2091000378
8.1747540156	0.8953922987	0.1056240425
8.1750590156	0.8946849108	0.0374829248
8.1753695156	0.888854444	0.0042753508
8.1756680156	0.8940467834	0.0158129651
8.1759910156	0.9196026325	0.0611189269
8.1761735156	0.9214271307	0.0525154918
