Lenght	Intensity	Error
8.0778980156	1.3168725967	0.1837863177
8.0782210156	1.3149030209	0.3660518527
8.0785250156	1.3362259865	0.4948723912
8.0788235156	1.3354028463	0.4547097981
8.0791120156	1.3332794905	0.272157222
8.0793915156	1.3255535364	0.0710991919
8.0796740156	1.3280026913	0.0025332139
8.0799635156	1.3291016817	0.1038283557
8.0802515156	1.3234341145	0.3092395663
8.0805335156	1.3147665262	0.4728781283
8.0808055156	1.322383523	0.4810603857
8.0810890156	1.3336520195	0.332311213
8.0813760156	1.3441102505	0.1256286055
8.0816680156	1.3262455463	0.0085677179
8.0819510156	1.3309388161	0.0576300621
8.0822380156	1.3219916821	0.2410021126
8.0825245156	1.3185348511	0.4295805097
8.0828085156	1.3220080137	0.4966938794
8.0830895156	1.3339844942	0.3915351331
8.0833760156	1.3186985254	0.1910228431
8.0836555156	1.3233969212	0.0266703721
8.0839385156	1.3129746914	0.0224372111
8.0842170156	1.3144017458	0.1748189777
8.0844965156	1.3180873394	0.3751728833
8.0847730156	1.3342161179	0.4934615791
8.0850595156	1.3278809786	0.4414623976
8.0853420156	1.3222514391	0.2574892342
8.0856230156	1.3197544813	0.0662472844
8.0859065156	1.3209763765	0.0061183823
8.0861880156	1.3374861479	0.1090908498
8.0864710156	1.3297270536	0.3136545718
8.0867560156	1.3185267448	0.4729081094
8.0870345156	1.3197886944	0.4796611965
8.0873190156	1.3089234829	0.3218109906
8.0876120156	1.3200380802	0.117602393
8.0878965156	1.3294764757	0.0062694745
8.0881970156	1.3273097277	0.061947681
8.0884870156	1.3163822889	0.2493136972
8.0887715156	1.3186404705	0.4385777116
8.0890565156	1.3244971037	0.4945788085
8.0893390156	1.3368717432	0.3797309399
8.0896300156	1.3305243254	0.1819718629
8.0899115156	1.3279355764	0.0200040117
8.0901950156	1.3099600077	0.024287343
8.0904760156	1.3180137873	0.1841463298
8.0907515156	1.3202860355	0.3843149543
8.0910190156	1.3359121084	0.4983133078
8.0912900156	1.3216149807	0.4324638844
8.0915625156	1.3111352921	0.2475004941
8.0918430156	1.3186352253	0.0556986593
8.0921250156	1.3217052221	0.0041218135
8.0924030156	1.3289884329	0.1250272989
8.0926900156	1.3217929602	0.3235099614
8.0929720156	1.3171516657	0.4778853059
8.0932455156	1.3055570126	0.4701623917
8.0935180156	1.3264383078	0.309754163
8.0937915156	1.3225069046	0.1052847877
8.0940720156	1.3150917292	0.0054819006
8.0943360156	1.3162953854	0.0715310425
8.0946000156	1.3055685759	0.2601880729
8.0948675156	1.3225367069	0.4423642159
8.0951470156	1.3241539001	0.4905145168
8.0954350156	1.3138481379	0.3723059297
8.0957115156	1.319460392	0.1608622372
8.0959895156	1.3098312616	0.0214868467
8.0962720156	1.3139123917	0.0329088978
8.0965565156	1.3047802448	0.2007708251
8.0968445156	1.3222112656	0.4003199339
8.0971315156	1.3212121725	0.4936676323
8.0974115156	1.3149410486	0.4195550084
8.0976910156	1.3090447187	0.2289202213
8.0979700156	1.3007868528	0.0520605892
8.0982500156	1.3098948002	0.0108273085
8.0985385156	1.3154611588	0.135022074
8.0988295156	1.3233965635	0.3420954645
8.0991155156	1.3169881105	0.4840622842
8.0994000156	1.3105609417	0.4627839923
8.0996830156	1.3105089664	0.2975490987
8.0999560156	1.3073225021	0.0953330919
8.1002325156	1.3204811811	0.0031039582
8.1005115156	1.3222973347	0.0820197016
8.1007975156	1.3231211901	0.2782305777
8.1010840156	1.3174655437	0.4584608674
8.1013760156	1.3156317472	0.4909726381
8.1016680156	1.3063495159	0.3594335616
8.1019425156	1.3253006935	0.1484824419
8.1022225156	1.3246631622	0.0120481895
8.1025050156	1.3129062653	0.0414265022
8.1027865156	1.3095544577	0.2214380652
8.1030780156	1.315854907	0.4159460962
8.1033725156	1.3273837566	0.5001497865
8.1036645156	1.3145141602	0.4114980698
8.1039535156	1.3185349703	0.2130790949
8.1042335156	1.3065536022	0.0376898013
8.1045055156	1.3193745613	0.0142427413
8.1047785156	1.3247920275	0.1567664742
8.1050455156	1.3166154623	0.3608357906
8.1053105156	1.3117815256	0.4948139489
8.1055780156	1.3127044439	0.4576791823
8.1058390156	1.3241233826	0.2768781483
8.1061005156	1.3190493584	0.0805229172
8.1063640156	1.3193956614	0.003041131
8.1066255156	1.3117239475	0.1026962921
8.1068860156	1.3022806644	0.3039080501
8.1071470156	1.3180133104	0.467784971
8.1074055156	1.3218932152	0.4842516482
8.1076705156	1.3074535131	0.3363485932
8.1079355156	1.3039427996	0.1287720203
8.1082125156	1.3149087429	0.0081464369
8.1084900156	1.3262332678	0.0584872179
8.1087715156	1.310781002	0.2447186559
8.1090540156	1.3101867437	0.4319742024
8.1093250156	1.2994993925	0.4987531602
8.1095960156	1.3057097197	0.3883616328
8.1098760156	1.314727664	0.1843548417
8.1101585156	1.3186818361	0.0245738216
8.1104350156	1.306614399	0.0252139792
8.1107115156	1.3096669912	0.1860444248
8.1109940156	1.301003933	0.3898876905
8.1112720156	1.3094080687	0.5003127456
8.1115485156	1.3161870241	0.4362204671
8.1118250156	1.3133081198	0.2413340807
8.1121060156	1.3007727861	0.058494404
8.1123885156	1.2979762554	0.0069372617
8.1126730156	1.2920906544	0.1286725998
8.1129610156	1.3063656092	0.3345161974
8.1132430156	1.3094278574	0.4853848815
8.1135245156	1.3076016903	0.4707858264
8.1138050156	1.3041565418	0.30442366
8.1140860156	1.2960113287	0.1012138426
8.1143685156	1.2982341051	0.0026542125
8.1146530156	1.2972663641	0.0782326013
8.1149385156	1.3075640202	0.2811810076
8.1152320156	1.3137208223	0.4577814639
8.1155300156	1.3041453362	0.4939157665
8.1158265156	1.3019119501	0.3664019704
8.1161165156	1.2937128544	0.1546791047
8.1164070156	1.2970112562	0.0156239495
8.1166870156	1.2948280573	0.0414687693
8.1169525156	1.3041847944	0.2071366757
8.1172140156	1.3075349331	0.417063117
8.1174845156	1.2973264456	0.4997493625
8.1177560156	1.2998731136	0.4075405002
8.1180275156	1.2876409292	0.2119621187
8.1183000156	1.2896718979	0.0396283194
8.1185615156	1.2898275852	0.0154193966
8.1188250156	1.3038840294	0.1573517025
8.1190935156	1.3058042526	0.3618632555
8.1193540156	1.3105788231	0.495480448
8.1196190156	1.2904297113	0.449470669
8.1198785156	1.2967075109	0.2706793845
8.1201380156	1.2870565653	0.071503602
8.1204040156	1.2792443037	0.0053461669
8.1206670156	1.2865942717	0.109705016
8.1209375156	1.2958889008	0.3155216575
8.1212090156	1.2978464365	0.4741132557
8.1214765156	1.2981332541	0.4787509143
8.1217465156	1.2895091772	0.325074017
8.1220145156	1.2922292948	0.1154094115
8.1222840156	1.2839862108	0.00610644
8.1225580156	1.2843180895	0.0629048795
8.1228285156	1.2932184935	0.2555990517
8.1231055156	1.2921470404	0.4428886175
8.1233900156	1.2989587784	0.4978604913
8.1236730156	1.2985211611	0.3764979243
8.1239620156	1.2895720005	0.1777946353
8.1242420156	1.2880729437	0.0193042811
8.1245170156	1.2876214981	0.0329211131
8.1247940156	1.2886379957	0.1952031404
8.1250755156	1.2834547758	0.4045340121
8.1253580156	1.2694950104	0.4994611442
8.1256285156	1.2843353748	0.4268109202
8.1259135156	1.2861373425	0.2282690853
8.1262105156	1.2936726809	0.0504719801
8.1264945156	1.2897012234	0.0108448705
8.1267670156	1.2883952856	0.1398341805
8.1270585156	1.2898753881	0.3500294387
8.1273545156	1.288967371	0.4907498658
8.1276475156	1.2820360661	0.463557899
8.1279305156	1.2789365053	0.2907374501
8.1282050156	1.2749248743	0.0896723419
8.1284770156	1.2784039974	0.003191652
8.1287510156	1.2743017673	0.090755783
8.1290250156	1.2758613825	0.2915168703
8.1293020156	1.2835189104	0.4653461576
8.1295810156	1.28678298	0.4898607433
8.1298660156	1.2770860195	0.3500823081
8.1301485156	1.2931250334	0.1453172266
8.1304335156	1.2888133526	0.0106271747
8.1307175156	1.2945891619	0.0455363132
8.1310000156	1.2863975763	0.2295478433
8.1312780156	1.2928360701	0.4211581051
8.1315510156	1.2854758501	0.5013371706
8.1318230156	1.2959563732	0.4039815664
8.1320930156	1.2850632668	0.2016163021
8.1323630156	1.2858048677	0.0328411087
8.1326350156	1.2905575037	0.0197172742
8.1329110156	1.2823113203	0.1709328443
8.1331830156	1.2823925018	0.3771313131
8.1334565156	1.2769463062	0.4988305271
8.1337370156	1.2805222273	0.4467089474
8.1340185156	1.2795680761	0.260853231
8.1342995156	1.2764655352	0.0698009506
8.1345820156	1.2751070261	0.0056950636
8.1348670156	1.2727326155	0.1128693447
8.1351480156	1.2761265039	0.3223077655
8.1354290156	1.2775868177	0.4789206982
8.1357040156	1.2830945253	0.4800305665
8.1359785156	1.2876756191	0.3207508028
8.1362570156	1.2828111649	0.1180331707
8.1365360156	1.29238832	0.0035550988
8.1368190156	1.2911400795	0.0664695203
8.1371000156	1.2935955524	0.2610755563
8.1373845156	1.2870550156	0.4485681355
8.1376665156	1.2812041044	0.4967102706
8.1379500156	1.280000329	0.3777008057
8.1382325156	1.279086113	0.1712869257
8.1385210156	1.2749646902	0.0193457864
8.1388090156	1.2741979361	0.0333564654
8.1390990156	1.2765606642	0.1951857507
8.1393730156	1.2821676731	0.4031079412
8.1396465156	1.2827913761	0.501850605
8.1399145156	1.2887910604	0.4287140667
8.1401965156	1.293166995	0.2261210382
8.1404720156	1.2874184847	0.0472031198
8.1407400156	1.2841906548	0.011408438
8.1409995156	1.2805490494	0.1371065378
8.1412625156	1.2801923752	0.347067982
8.1415260156	1.2762919664	0.4905786216
8.1417900156	1.2652873993	0.4636214077
8.1420565156	1.2773060799	0.296079725
8.1423275156	1.2727230787	0.0909255743
8.1425915156	1.2844723463	0.0030053009
8.1428625156	1.2799787521	0.08863841
8.1431270156	1.2868901491	0.2862329185
8.1433930156	1.2826192379	0.4650233388
8.1436620156	1.2837212086	0.493099153
8.1439320156	1.2813159227	0.3551860154
8.1441980156	1.2846194506	0.1428875029
8.1444610156	1.2762339115	0.0111808507
8.1447250156	1.2705984116	0.0493875295
8.1449930156	1.2798477411	0.2327556461
8.1452680156	1.2680920362	0.4259139597
8.1455320156	1.2714855671	0.5023353696
8.1457990156	1.2693634033	0.4030555785
8.1460645156	1.270611763	0.199488461
8.1463325156	1.2855676413	0.0324991494
8.1466075156	1.2810752392	0.0207143258
8.1468750156	1.2803221941	0.1696159244
8.1471330156	1.2863354683	0.3786555529
8.1473965156	1.2857862711	0.4969257712
8.1476650156	1.2918949127	0.447419554
8.1479225156	1.2847963572	0.2564452887
8.1481875156	1.2847259045	0.0675904602
8.1484610156	1.2925721407	0.0037797969
8.1487455156	1.2945759296	0.1097013131
8.1490420156	1.2837746143	0.3158099055
8.1493285156	1.283059001	0.4764699936
8.1496090156	1.2865496874	0.4820401073
8.1498880156	1.2852962017	0.3250752687
8.1501585156	1.2868670225	0.1183106899
8.1504340156	1.2850321531	0.0051125819
8.1507125156	1.2843255997	0.0626810864
8.1509960156	1.283675313	0.2542357445
8.1512800156	1.2842600346	0.4435818195
8.1515615156	1.2850255966	0.4982408881
8.1518455156	1.283646822	0.3786265552
8.1521230156	1.2751276493	0.1749807
8.1523975156	1.2776349783	0.0217926614
8.1526650156	1.278460741	0.0311375484
8.1529325156	1.2796273232	0.1979130507
8.1532125156	1.2844560146	0.3994769156
8.1535005156	1.2700084448	0.5009688139
8.1537880156	1.2693573236	0.4316471219
8.1540690156	1.2804207802	0.2397046685
8.1543455156	1.2815287113	0.0525253192
8.1546245156	1.2868486643	0.0079427892
8.1549030156	1.2862535715	0.1393184066
8.1551840156	1.2883735895	0.3418628871
8.1554670156	1.290877223	0.4907265306
8.1557510156	1.2843761444	0.469555825
8.1560285156	1.2901619673	0.2991609573
8.1563080156	1.2853204012	0.0983154476
8.1565865156	1.2814236879	0.002897898
8.1568700156	1.2730563879	0.0842544213
8.1571475156	1.2733048201	0.2838986814
8.1574160156	1.2707334757	0.4635195136
8.1576885156	1.2742705345	0.493627578
8.1579635156	1.278852582	0.358332485
8.1582385156	1.2834153175	0.1458585113
8.1585135156	1.2843468189	0.0131868357
8.1587800156	1.2832357883	0.0437393039
8.1590430156	1.2840249538	0.2269377708
8.1593060156	1.2752876282	0.4207060933
8.1595660156	1.2733211517	0.5043097138
8.1598250156	1.2744358778	0.4125076532
8.1600905156	1.2696962357	0.2113268375
8.1603560156	1.2771955729	0.0371447764
8.1606230156	1.2848324776	0.0149318036
8.1608955156	1.2862892151	0.1578126699
8.1611690156	1.2807570696	0.3671854436
8.1614400156	1.2816550732	0.4975814223
8.1617085156	1.2668851614	0.455625236
8.1619660156	1.2781538963	0.2701951563
8.1622210156	1.2904570103	0.0755041838
8.1624845156	1.2863157988	0.003184441
8.1627515156	1.2846601009	0.1048738286
8.1630350156	1.270614624	0.3037388027
8.1633065156	1.2702366114	0.4755530953
8.1635765156	1.2856835127	0.4865087569
8.1638435156	1.2866849899	0.3347272575
8.1641070156	1.2814153433	0.1301965564
8.1643705156	1.2742724419	0.0072331429
8.1646370156	1.2708846331	0.0616875142
8.1649055156	1.2845081091	0.2417892963
8.1651775156	1.2799171209	0.4408264756
8.1654525156	1.2757968903	0.5028241873
8.1657285156	1.2697111368	0.3917962313
8.1660095156	1.2719969749	0.1875734478
8.1662840156	1.2862832546	0.0258261617
8.1665615156	1.2850034237	0.0249485169
8.1668385156	1.2766889334	0.1842342615
8.1671090156	1.2722649574	0.3898589909
8.1673870156	1.2804956436	0.50157547
8.1676670156	1.282138586	0.4397654235
8.1679485156	1.2890948057	0.2459654361
8.1682360156	1.2816661596	0.0598393716
8.1685230156	1.2710946798	0.0062939599
8.1688120156	1.2696467638	0.1286447495
8.1691060156	1.2749145031	0.3331650794
8.1693910156	1.2781448364	0.4844428897
8.1696725156	1.2870490551	0.476695627
8.1699550156	1.2751119137	0.3072133958
8.1702370156	1.2715483904	0.1029568464
8.1705180156	1.2681237459	0.0039981445
8.1707920156	1.2721441984	0.0782522634
8.1710620156	1.28061831	0.2686237693
8.1713330156	1.2866396904	0.4535062313
8.1715995156	1.2821512222	0.4969733655
8.1718690156	1.2695705891	0.3666317761
8.1721430156	1.2717852592	0.1648144424
8.1724220156	1.2737289667	0.0169909447
8.1727075156	1.2859451771	0.0362761021
8.1729830156	1.2841682434	0.2052011043
8.1732485156	1.2711398602	0.4118585289
8.1735215156	1.2740491629	0.5017927885
8.1737860156	1.276789546	0.4176141322
8.1740480156	1.2836089134	0.2270884365
8.1743145156	1.2871314287	0.0439640135
8.1745805156	1.2801681757	0.0133199906
8.1748530156	1.2794106007	0.1437205523
8.1751265156	1.2855043411	0.3575479686
8.1753980156	1.2717555761	0.4932422936
8.1756700156	1.2774201632	0.4634171426
8.1759250156	0.8782592416	0.044297684
