# 21092021_14_49_25_group11_Mes10_Temp38_4Peak.dat
# Measuring of the Zeemann splitting 
# modus: scanning laser current/frequency via I/P MOD
# 
x(A/Hz/V/nm) yai0(V) yai1(V) yai2(V) yai3(V) yai4(V)
133.8189	0.1260	0.0520	NaN	0.0474	0.3478
133.8203	0.1274	0.0532	NaN	0.0485	0.3470
133.8190	0.1280	0.0542	NaN	0.0495	0.3477
133.8200	0.1286	0.0551	NaN	0.0503	0.3486
133.8216	0.1295	0.0558	NaN	0.0509	0.3492
133.8227	0.1297	0.0564	NaN	0.0515	0.3492
133.8259	0.1306	0.0569	NaN	0.0520	0.3488
133.8258	0.1308	0.0574	NaN	0.0525	0.3480
133.8276	0.1313	0.0578	NaN	0.0529	0.3476
133.8253	0.1321	0.0582	NaN	0.0533	0.3474
133.8292	0.1325	0.0586	NaN	0.0536	0.3472
133.8308	0.1325	0.0589	NaN	0.0539	0.3472
133.8302	0.1328	0.0593	NaN	0.0543	0.3474
133.8352	0.1333	0.0594	NaN	0.0544	0.3473
133.8340	0.1337	0.0596	NaN	0.0545	0.3472
133.8352	0.1340	0.0598	NaN	0.0548	0.3473
133.8387	0.1347	0.0600	NaN	0.0550	0.3474
133.8384	0.1341	0.0603	NaN	0.0552	0.3474
133.8387	0.1332	0.0604	NaN	0.0554	0.3474
133.8425	0.1331	0.0605	NaN	0.0555	0.3474
133.8432	0.1332	0.0606	NaN	0.0555	0.3473
133.8428	0.1338	0.0607	NaN	0.0557	0.3473
133.8438	0.1343	0.0608	NaN	0.0557	0.3474
133.8444	0.1345	0.0609	NaN	0.0558	0.3474
133.8463	0.1347	0.0610	NaN	0.0559	0.3475
133.8463	0.1348	0.0610	NaN	0.0559	0.3476
133.8477	0.1348	0.0609	NaN	0.0558	0.3475
133.8518	0.1348	0.0609	NaN	0.0558	0.3474
133.8503	0.1349	0.0610	NaN	0.0558	0.3473
133.8534	0.1349	0.0610	NaN	0.0559	0.3473
133.8527	0.1351	0.0611	NaN	0.0559	0.3474
133.8537	0.1354	0.0611	NaN	0.0560	0.3474
133.8569	0.1353	0.0612	NaN	0.0560	0.3476
133.8554	0.1351	0.0612	NaN	0.0560	0.3475
133.8570	0.1350	0.0612	NaN	0.0560	0.3476
133.8598	0.1350	0.0612	NaN	0.0560	0.3478
133.8601	0.1351	0.0611	NaN	0.0560	0.3474
133.8628	0.1351	0.0612	NaN	0.0560	0.3474
133.8626	0.1350	0.0611	NaN	0.0560	0.3475
133.8665	0.1351	0.0611	NaN	0.0560	0.3476
133.8668	0.1355	0.0611	NaN	0.0560	0.3476
133.8674	0.1354	0.0612	NaN	0.0560	0.3475
133.8689	0.1354	0.0612	NaN	0.0560	0.3475
133.8698	0.1351	0.0612	NaN	0.0560	0.3475
133.8700	0.1350	0.0612	NaN	0.0560	0.3478
133.8721	0.1350	0.0612	NaN	0.0560	0.3477
133.8731	0.1350	0.0611	NaN	0.0560	0.3476
133.8743	0.1351	0.0611	NaN	0.0560	0.3480
133.8747	0.1345	0.0611	NaN	0.0560	0.3478
133.8754	0.1347	0.0611	NaN	0.0560	0.3477
133.8770	0.1347	0.0611	NaN	0.0559	0.3479
133.8762	0.1350	0.0611	NaN	0.0560	0.3479
133.8775	0.1351	0.0611	NaN	0.0560	0.3480
133.8807	0.1350	0.0611	NaN	0.0559	0.3479
133.8816	0.1350	0.0611	NaN	0.0559	0.3478
133.8842	0.1348	0.0610	NaN	0.0559	0.3479
133.8848	0.1345	0.0609	NaN	0.0558	0.3479
133.8851	0.1345	0.0609	NaN	0.0558	0.3478
133.8855	0.1348	0.0609	NaN	0.0558	0.3478
133.8859	0.1348	0.0609	NaN	0.0557	0.3477
133.8879	0.1343	0.0609	NaN	0.0557	0.3477
133.8900	0.1342	0.0608	NaN	0.0557	0.3477
133.8895	0.1344	0.0607	NaN	0.0556	0.3476
133.8909	0.1343	0.0607	NaN	0.0556	0.3477
133.8926	0.1342	0.0607	NaN	0.0556	0.3478
133.8930	0.1343	0.0608	NaN	0.0556	0.3478
133.8943	0.1343	0.0608	NaN	0.0557	0.3479
133.8943	0.1345	0.0608	NaN	0.0557	0.3480
133.8961	0.1346	0.0608	NaN	0.0557	0.3481
133.8991	0.1345	0.0608	NaN	0.0557	0.3481
133.8966	0.1345	0.0608	NaN	0.0557	0.3481
133.8992	0.1343	0.0607	NaN	0.0556	0.3480
133.9013	0.1345	0.0607	NaN	0.0556	0.3479
133.9028	0.1342	0.0607	NaN	0.0556	0.3479
133.9029	0.1341	0.0606	NaN	0.0555	0.3478
133.9047	0.1341	0.0606	NaN	0.0555	0.3477
133.9075	0.1338	0.0605	NaN	0.0554	0.3477
133.9092	0.1339	0.0605	NaN	0.0554	0.3477
133.9093	0.1338	0.0605	NaN	0.0554	0.3476
133.9113	0.1340	0.0604	NaN	0.0553	0.3476
133.9093	0.1339	0.0604	NaN	0.0554	0.3476
133.9134	0.1341	0.0604	NaN	0.0553	0.3476
133.9147	0.1342	0.0604	NaN	0.0553	0.3476
133.9164	0.1342	0.0604	NaN	0.0553	0.3476
133.9165	0.1343	0.0604	NaN	0.0553	0.3476
133.9184	0.1340	0.0604	NaN	0.0553	0.3476
133.9189	0.1337	0.0604	NaN	0.0554	0.3475
133.9212	0.1337	0.0604	NaN	0.0553	0.3475
133.9216	0.1336	0.0603	NaN	0.0553	0.3475
133.9245	0.1335	0.0603	NaN	0.0552	0.3475
133.9247	0.1336	0.0602	NaN	0.0552	0.3475
133.9239	0.1335	0.0602	NaN	0.0551	0.3476
133.9268	0.1335	0.0602	NaN	0.0551	0.3476
133.9280	0.1335	0.0602	NaN	0.0551	0.3476
133.9266	0.1336	0.0602	NaN	0.0551	0.3476
133.9283	0.1338	0.0602	NaN	0.0551	0.3477
133.9283	0.1339	0.0603	NaN	0.0552	0.3477
133.9299	0.1341	0.0602	NaN	0.0551	0.3477
133.9315	0.1339	0.0602	NaN	0.0551	0.3477
133.9324	0.1337	0.0602	NaN	0.0551	0.3476
133.9340	0.1337	0.0602	NaN	0.0551	0.3476
133.9349	0.1336	0.0602	NaN	0.0551	0.3476
133.9355	0.1338	0.0601	NaN	0.0551	0.3476
133.9380	0.1338	0.0601	NaN	0.0550	0.3476
133.9382	0.1337	0.0601	NaN	0.0551	0.3476
133.9406	0.1334	0.0601	NaN	0.0550	0.3476
133.9396	0.1333	0.0600	NaN	0.0550	0.3477
133.9401	0.1333	0.0600	NaN	0.0549	0.3476
133.9426	0.1332	0.0599	NaN	0.0548	0.3477
133.9421	0.1332	0.0598	NaN	0.0548	0.3476
133.9442	0.1330	0.0598	NaN	0.0547	0.3477
133.9469	0.1328	0.0598	NaN	0.0547	0.3477
133.9482	0.1328	0.0597	NaN	0.0547	0.3477
133.9502	0.1328	0.0597	NaN	0.0547	0.3477
133.9508	0.1329	0.0597	NaN	0.0546	0.3478
133.9511	0.1331	0.0597	NaN	0.0546	0.3477
133.9516	0.1332	0.0597	NaN	0.0546	0.3478
133.9529	0.1332	0.0596	NaN	0.0546	0.3477
133.9533	0.1330	0.0596	NaN	0.0546	0.3477
133.9546	0.1328	0.0596	NaN	0.0546	0.3477
133.9540	0.1328	0.0597	NaN	0.0546	0.3478
133.9562	0.1330	0.0596	NaN	0.0546	0.3478
133.9578	0.1332	0.0596	NaN	0.0545	0.3478
133.9606	0.1336	0.0596	NaN	0.0545	0.3478
133.9594	0.1341	0.0595	NaN	0.0544	0.3478
133.9619	0.1342	0.0595	NaN	0.0544	0.3478
133.9634	0.1334	0.0594	NaN	0.0544	0.3477
133.9652	0.1333	0.0595	NaN	0.0544	0.3478
133.9662	0.1331	0.0594	NaN	0.0544	0.3477
133.9680	0.1329	0.0593	NaN	0.0543	0.3477
133.9677	0.1327	0.0593	NaN	0.0543	0.3477
133.9699	0.1327	0.0593	NaN	0.0542	0.3477
133.9721	0.1328	0.0592	NaN	0.0542	0.3477
133.9720	0.1329	0.0593	NaN	0.0543	0.3477
133.9740	0.1329	0.0592	NaN	0.0542	0.3478
133.9765	0.1329	0.0592	NaN	0.0542	0.3478
133.9754	0.1332	0.0592	NaN	0.0542	0.3478
133.9766	0.1334	0.0592	NaN	0.0542	0.3478
133.9763	0.1333	0.0592	NaN	0.0542	0.3478
133.9794	0.1330	0.0591	NaN	0.0541	0.3478
133.9804	0.1328	0.0591	NaN	0.0540	0.3478
133.9805	0.1326	0.0590	NaN	0.0540	0.3478
133.9819	0.1323	0.0590	NaN	0.0540	0.3478
133.9838	0.1321	0.0590	NaN	0.0540	0.3478
133.9840	0.1322	0.0589	NaN	0.0540	0.3478
133.9880	0.1325	0.0589	NaN	0.0539	0.3478
133.9893	0.1328	0.0589	NaN	0.0539	0.3478
133.9887	0.1331	0.0589	NaN	0.0539	0.3478
133.9910	0.1334	0.0589	NaN	0.0538	0.3478
133.9920	0.1337	0.0588	NaN	0.0538	0.3479
133.9925	0.1337	0.0588	NaN	0.0537	0.3479
133.9928	0.1337	0.0588	NaN	0.0537	0.3479
133.9945	0.1335	0.0587	NaN	0.0537	0.3479
133.9936	0.1338	0.0587	NaN	0.0537	0.3479
133.9956	0.1338	0.0587	NaN	0.0537	0.3479
133.9959	0.1330	0.0587	NaN	0.0537	0.3479
133.9972	0.1323	0.0587	NaN	0.0536	0.3479
133.9990	0.1322	0.0586	NaN	0.0536	0.3479
133.9998	0.1323	0.0586	NaN	0.0536	0.3479
134.0003	0.1324	0.0586	NaN	0.0536	0.3479
134.0019	0.1324	0.0586	NaN	0.0536	0.3479
134.0054	0.1323	0.0585	NaN	0.0536	0.3479
134.0045	0.1323	0.0585	NaN	0.0535	0.3479
134.0067	0.1325	0.0585	NaN	0.0535	0.3479
134.0094	0.1327	0.0584	NaN	0.0534	0.3479
134.0085	0.1329	0.0584	NaN	0.0534	0.3479
134.0120	0.1326	0.0583	NaN	0.0533	0.3479
134.0118	0.1324	0.0583	NaN	0.0533	0.3479
134.0136	0.1322	0.0583	NaN	0.0533	0.3480
134.0155	0.1321	0.0582	NaN	0.0532	0.3480
134.0154	0.1321	0.0582	NaN	0.0532	0.3479
134.0165	0.1321	0.0582	NaN	0.0532	0.3479
134.0177	0.1319	0.0582	NaN	0.0532	0.3479
134.0163	0.1321	0.0581	NaN	0.0531	0.3480
134.0204	0.1321	0.0581	NaN	0.0531	0.3480
134.0210	0.1321	0.0580	NaN	0.0531	0.3480
134.0222	0.1321	0.0580	NaN	0.0530	0.3479
134.0251	0.1319	0.0580	NaN	0.0530	0.3480
134.0237	0.1317	0.0580	NaN	0.0530	0.3480
134.0249	0.1318	0.0579	NaN	0.0530	0.3479
134.0261	0.1320	0.0579	NaN	0.0530	0.3480
134.0286	0.1323	0.0579	NaN	0.0529	0.3482
134.0294	0.1325	0.0579	NaN	0.0529	0.3483
134.0294	0.1326	0.0579	NaN	0.0529	0.3484
134.0315	0.1327	0.0578	NaN	0.0528	0.3484
134.0323	0.1326	0.0578	NaN	0.0528	0.3489
134.0325	0.1322	0.0578	NaN	0.0528	0.3488
134.0353	0.1320	0.0578	NaN	0.0527	0.3482
134.0356	0.1319	0.0578	NaN	0.0528	0.3486
134.0359	0.1322	0.0577	NaN	0.0528	0.3492
134.0382	0.1325	0.0577	NaN	0.0527	0.3493
134.0384	0.1326	0.0577	NaN	0.0527	0.3496
134.0403	0.1324	0.0577	NaN	0.0527	0.3488
134.0431	0.1321	0.0577	NaN	0.0527	0.3489
134.0421	0.1320	0.0577	NaN	0.0527	0.3492
134.0444	0.1317	0.0577	NaN	0.0527	0.3491
134.0449	0.1317	0.0577	NaN	0.0527	0.3491
134.0450	0.1318	0.0576	NaN	0.0526	0.3485
134.0482	0.1318	0.0576	NaN	0.0526	0.3490
134.0474	0.1317	0.0575	NaN	0.0526	0.3494
134.0513	0.1315	0.0574	NaN	0.0525	0.3491
134.0517	0.1315	0.0574	NaN	0.0524	0.3488
134.0519	0.1316	0.0574	NaN	0.0524	0.3486
134.0560	0.1314	0.0573	NaN	0.0524	0.3492
134.0541	0.1315	0.0574	NaN	0.0524	0.3488
134.0557	0.1320	0.0573	NaN	0.0523	0.3487
134.0576	0.1319	0.0572	NaN	0.0522	0.3486
134.0567	0.1314	0.0572	NaN	0.0523	0.3490
134.0594	0.1311	0.0572	NaN	0.0522	0.3489
134.0597	0.1311	0.0572	NaN	0.0522	0.3492
134.0620	0.1307	0.0571	NaN	0.0522	0.3495
134.0618	0.1307	0.0571	NaN	0.0521	0.3491
134.0616	0.1309	0.0571	NaN	0.0521	0.3490
134.0647	0.1306	0.0570	NaN	0.0521	0.3494
134.0663	0.1304	0.0570	NaN	0.0521	0.3501
134.0651	0.1306	0.0571	NaN	0.0521	0.3500
134.0684	0.1306	0.0570	NaN	0.0521	0.3500
134.0683	0.1305	0.0570	NaN	0.0521	0.3495
134.0700	0.1304	0.0570	NaN	0.0521	0.3496
134.0719	0.1305	0.0570	NaN	0.0520	0.3501
134.0718	0.1307	0.0570	NaN	0.0521	0.3495
134.0737	0.1310	0.0570	NaN	0.0520	0.3492
134.0737	0.1310	0.0569	NaN	0.0520	0.3489
134.0754	0.1309	0.0569	NaN	0.0519	0.3494
134.0799	0.1307	0.0568	NaN	0.0518	0.3493
134.0766	0.1306	0.0568	NaN	0.0518	0.3491
134.0793	0.1306	0.0567	NaN	0.0518	0.3499
134.0801	0.1307	0.0567	NaN	0.0517	0.3501
134.0809	0.1308	0.0567	NaN	0.0518	0.3502
134.0835	0.1304	0.0566	NaN	0.0517	0.3498
134.0829	0.1310	0.0567	NaN	0.0517	0.3496
134.0845	0.1311	0.0566	NaN	0.0517	0.3498
134.0878	0.1305	0.0565	NaN	0.0516	0.3501
134.0874	0.1303	0.0565	NaN	0.0516	0.3498
134.0890	0.1302	0.0565	NaN	0.0516	0.3497
134.0904	0.1303	0.0564	NaN	0.0515	0.3501
134.0906	0.1302	0.0564	NaN	0.0515	0.3496
134.0929	0.1302	0.0564	NaN	0.0515	0.3494
134.0925	0.1302	0.0564	NaN	0.0515	0.3489
134.0955	0.1304	0.0563	NaN	0.0514	0.3487
134.0959	0.1305	0.0563	NaN	0.0514	0.3493
134.0970	0.1307	0.0563	NaN	0.0513	0.3490
134.0980	0.1308	0.0562	NaN	0.0513	0.3490
134.0989	0.1309	0.0562	NaN	0.0513	0.3492
134.1018	0.1308	0.0561	NaN	0.0512	0.3494
134.1021	0.1307	0.0560	NaN	0.0511	0.3494
134.1009	0.1306	0.0560	NaN	0.0511	0.3495
134.1049	0.1306	0.0559	NaN	0.0510	0.3495
134.1057	0.1304	0.0559	NaN	0.0510	0.3495
134.1060	0.1302	0.0559	NaN	0.0510	0.3497
134.1069	0.1300	0.0558	NaN	0.0509	0.3498
134.1089	0.1302	0.0559	NaN	0.0510	0.3500
134.1094	0.1304	0.0559	NaN	0.0510	0.3500
134.1122	0.1304	0.0559	NaN	0.0510	0.3501
134.1111	0.1303	0.0559	NaN	0.0509	0.3502
134.1128	0.1303	0.0558	NaN	0.0509	0.3501
134.1140	0.1301	0.0558	NaN	0.0509	0.3497
134.1149	0.1300	0.0558	NaN	0.0509	0.3498
134.1165	0.1301	0.0558	NaN	0.0509	0.3499
134.1153	0.1299	0.0558	NaN	0.0509	0.3499
134.1170	0.1299	0.0557	NaN	0.0508	0.3499
134.1187	0.1301	0.0557	NaN	0.0508	0.3496
134.1215	0.1303	0.0557	NaN	0.0508	0.3497
134.1220	0.1304	0.0556	NaN	0.0507	0.3498
134.1238	0.1304	0.0555	NaN	0.0506	0.3499
134.1235	0.1303	0.0555	NaN	0.0506	0.3499
134.1262	0.1302	0.0555	NaN	0.0506	0.3499
134.1273	0.1301	0.0555	NaN	0.0506	0.3497
134.1274	0.1300	0.0555	NaN	0.0506	0.3496
134.1296	0.1302	0.0555	NaN	0.0506	0.3498
134.1294	0.1303	0.0555	NaN	0.0506	0.3496
134.1312	0.1302	0.0554	NaN	0.0505	0.3498
134.1325	0.1302	0.0554	NaN	0.0505	0.3501
134.1340	0.1302	0.0554	NaN	0.0505	0.3503
134.1371	0.1302	0.0553	NaN	0.0504	0.3503
134.1364	0.1301	0.0553	NaN	0.0504	0.3504
134.1383	0.1298	0.0552	NaN	0.0504	0.3505
134.1409	0.1296	0.0552	NaN	0.0503	0.3503
134.1412	0.1295	0.0552	NaN	0.0503	0.3503
134.1429	0.1295	0.0552	NaN	0.0503	0.3504
134.1423	0.1297	0.0552	NaN	0.0503	0.3504
134.1441	0.1298	0.0551	NaN	0.0503	0.3504
134.1456	0.1299	0.0551	NaN	0.0502	0.3504
134.1477	0.1298	0.0551	NaN	0.0502	0.3503
134.1493	0.1299	0.0550	NaN	0.0502	0.3504
134.1487	0.1299	0.0550	NaN	0.0502	0.3505
134.1495	0.1300	0.0550	NaN	0.0502	0.3504
134.1520	0.1300	0.0550	NaN	0.0501	0.3506
134.1511	0.1299	0.0550	NaN	0.0501	0.3506
134.1520	0.1299	0.0549	NaN	0.0501	0.3506
134.1539	0.1296	0.0549	NaN	0.0501	0.3506
134.1561	0.1301	0.0549	NaN	0.0500	0.3506
134.1582	0.1292	0.0548	NaN	0.0500	0.3506
134.1578	0.1291	0.0548	NaN	0.0500	0.3506
134.1588	0.1293	0.0548	NaN	0.0500	0.3504
134.1613	0.1296	0.0548	NaN	0.0500	0.3499
134.1608	0.1295	0.0549	NaN	0.0501	0.3504
134.1621	0.1295	0.0549	NaN	0.0501	0.3506
134.1638	0.1298	0.0548	NaN	0.0500	0.3506
134.1632	0.1299	0.0548	NaN	0.0500	0.3506
134.1657	0.1298	0.0547	NaN	0.0499	0.3506
134.1664	0.1297	0.0547	NaN	0.0499	0.3505
134.1689	0.1295	0.0546	NaN	0.0499	0.3505
134.1706	0.1295	0.0546	NaN	0.0498	0.3505
134.1691	0.1294	0.0545	NaN	0.0498	0.3506
134.1706	0.1294	0.0545	NaN	0.0497	0.3506
134.1739	0.1295	0.0545	NaN	0.0497	0.3506
134.1736	0.1295	0.0545	NaN	0.0498	0.3507
134.1756	0.1293	0.0545	NaN	0.0498	0.3505
134.1767	0.1292	0.0545	NaN	0.0498	0.3506
134.1737	0.1291	0.0544	NaN	0.0497	0.3506
134.1742	0.1291	0.0544	NaN	0.0497	0.3507
134.1742	0.1291	0.0543	NaN	0.0496	0.3506
134.1769	0.1291	0.0543	NaN	0.0496	0.3506
134.1768	0.1290	0.0543	NaN	0.0496	0.3506
134.1794	0.1289	0.0542	NaN	0.0495	0.3506
134.1809	0.1288	0.0542	NaN	0.0495	0.3506
134.1825	0.1287	0.0542	NaN	0.0495	0.3502
134.1831	0.1287	0.0542	NaN	0.0495	0.3505
134.1839	0.1287	0.0541	NaN	0.0494	0.3505
134.1843	0.1286	0.0541	NaN	0.0494	0.3504
134.1841	0.1285	0.0541	NaN	0.0494	0.3505
134.1854	0.1282	0.0541	NaN	0.0494	0.3506
134.1863	0.1282	0.0540	NaN	0.0494	0.3507
134.1907	0.1283	0.0540	NaN	0.0493	0.3507
134.1900	0.1285	0.0539	NaN	0.0493	0.3507
134.1918	0.1284	0.0539	NaN	0.0492	0.3507
134.1931	0.1284	0.0539	NaN	0.0492	0.3507
134.1940	0.1285	0.0539	NaN	0.0492	0.3506
134.1966	0.1286	0.0538	NaN	0.0492	0.3507
134.1956	0.1287	0.0539	NaN	0.0492	0.3507
134.1972	0.1284	0.0539	NaN	0.0492	0.3507
134.1980	0.1284	0.0538	NaN	0.0492	0.3506
134.1976	0.1283	0.0538	NaN	0.0491	0.3505
134.2003	0.1282	0.0537	NaN	0.0491	0.3503
134.2028	0.1280	0.0537	NaN	0.0491	0.3505
134.2023	0.1281	0.0537	NaN	0.0491	0.3506
134.2060	0.1283	0.0537	NaN	0.0490	0.3505
134.2062	0.1284	0.0537	NaN	0.0490	0.3505
134.2054	0.1284	0.0537	NaN	0.0490	0.3505
134.2065	0.1286	0.0537	NaN	0.0490	0.3505
134.2093	0.1286	0.0537	NaN	0.0490	0.3503
134.2112	0.1286	0.0537	NaN	0.0490	0.3503
134.2113	0.1285	0.0536	NaN	0.0489	0.3503
134.2120	0.1284	0.0536	NaN	0.0489	0.3503
134.2147	0.1283	0.0535	NaN	0.0489	0.3502
134.2141	0.1283	0.0535	NaN	0.0489	0.3504
134.2165	0.1283	0.0535	NaN	0.0488	0.3505
134.2174	0.1284	0.0534	NaN	0.0488	0.3503
134.2188	0.1284	0.0534	NaN	0.0488	0.3502
134.2222	0.1284	0.0534	NaN	0.0487	0.3502
134.2215	0.1285	0.0533	NaN	0.0487	0.3503
134.2216	0.1285	0.0533	NaN	0.0486	0.3505
134.2238	0.1285	0.0533	NaN	0.0486	0.3503
134.2242	0.1284	0.0533	NaN	0.0486	0.3504
134.2252	0.1285	0.0533	NaN	0.0486	0.3501
134.2296	0.1283	0.0532	NaN	0.0485	0.3502
134.2288	0.1281	0.0532	NaN	0.0485	0.3503
134.2290	0.1280	0.0531	NaN	0.0485	0.3500
134.2302	0.1280	0.0531	NaN	0.0485	0.3501
134.2314	0.1280	0.0530	NaN	0.0484	0.3500
134.2335	0.1281	0.0530	NaN	0.0483	0.3500
134.2318	0.1280	0.0530	NaN	0.0483	0.3501
134.2338	0.1277	0.0530	NaN	0.0483	0.3502
134.2352	0.1275	0.0529	NaN	0.0483	0.3500
134.2376	0.1274	0.0529	NaN	0.0483	0.3501
134.2400	0.1274	0.0529	NaN	0.0482	0.3497
134.2393	0.1275	0.0529	NaN	0.0482	0.3499
134.2425	0.1275	0.0529	NaN	0.0483	0.3500
134.2432	0.1277	0.0529	NaN	0.0482	0.3501
134.2439	0.1278	0.0529	NaN	0.0482	0.3506
134.2434	0.1278	0.0528	NaN	0.0482	0.3506
134.2434	0.1277	0.0527	NaN	0.0481	0.3503
134.2459	0.1277	0.0527	NaN	0.0481	0.3505
134.2472	0.1276	0.0527	NaN	0.0480	0.3506
134.2479	0.1277	0.0527	NaN	0.0480	0.3504
134.2502	0.1278	0.0527	NaN	0.0480	0.3503
134.2505	0.1279	0.0527	NaN	0.0480	0.3502
134.2521	0.1278	0.0527	NaN	0.0480	0.3502
134.2533	0.1280	0.0527	NaN	0.0480	0.3505
134.2528	0.1280	0.0527	NaN	0.0480	0.3506
134.2542	0.1281	0.0527	NaN	0.0480	0.3507
134.2565	0.1282	0.0526	NaN	0.0479	0.3505
134.2564	0.1280	0.0526	NaN	0.0479	0.3501
134.2598	0.1275	0.0525	NaN	0.0479	0.3506
134.2598	0.1274	0.0525	NaN	0.0479	0.3507
134.2638	0.1275	0.0525	NaN	0.0479	0.3508
134.2643	0.1278	0.0525	NaN	0.0478	0.3506
134.2621	0.1279	0.0525	NaN	0.0478	0.3506
134.2646	0.1280	0.0525	NaN	0.0478	0.3505
134.2666	0.1279	0.0524	NaN	0.0478	0.3507
134.2662	0.1278	0.0524	NaN	0.0478	0.3508
134.2685	0.1278	0.0524	NaN	0.0478	0.3507
134.2683	0.1279	0.0524	NaN	0.0478	0.3507
134.2698	0.1278	0.0524	NaN	0.0478	0.3509
134.2715	0.1277	0.0524	NaN	0.0478	0.3508
134.2725	0.1276	0.0524	NaN	0.0478	0.3508
134.2748	0.1273	0.0524	NaN	0.0478	0.3508
134.2766	0.1271	0.0524	NaN	0.0477	0.3509
134.2762	0.1274	0.0523	NaN	0.0477	0.3510
134.2778	0.1278	0.0522	NaN	0.0476	0.3509
134.2767	0.1278	0.0522	NaN	0.0475	0.3509
134.2809	0.1276	0.0521	NaN	0.0474	0.3508
134.2825	0.1272	0.0520	NaN	0.0474	0.3507
134.2824	0.1270	0.0520	NaN	0.0474	0.3508
134.2830	0.1270	0.0521	NaN	0.0474	0.3509
134.2856	0.1271	0.0520	NaN	0.0474	0.3509
134.2858	0.1270	0.0520	NaN	0.0474	0.3510
134.2865	0.1269	0.0519	NaN	0.0473	0.3508
134.2856	0.1267	0.0519	NaN	0.0473	0.3507
134.2900	0.1264	0.0519	NaN	0.0473	0.3506
134.2902	0.1264	0.0519	NaN	0.0473	0.3506
134.2912	0.1265	0.0518	NaN	0.0472	0.3507
134.2928	0.1263	0.0518	NaN	0.0472	0.3507
134.2941	0.1264	0.0519	NaN	0.0473	0.3509
134.2954	0.1265	0.0518	NaN	0.0473	0.3508
134.2988	0.1266	0.0518	NaN	0.0472	0.3507
134.2987	0.1266	0.0518	NaN	0.0472	0.3505
134.2985	0.1268	0.0518	NaN	0.0472	0.3505
134.2990	0.1264	0.0518	NaN	0.0472	0.3505
134.3013	0.1264	0.0518	NaN	0.0472	0.3505
134.3036	0.1262	0.0518	NaN	0.0472	0.3506
134.3029	0.1263	0.0518	NaN	0.0472	0.3506
134.3034	0.1262	0.0517	NaN	0.0472	0.3506
134.3049	0.1263	0.0517	NaN	0.0471	0.3505
134.3047	0.1264	0.0517	NaN	0.0471	0.3506
134.3065	0.1266	0.0517	NaN	0.0471	0.3505
134.3097	0.1267	0.0516	NaN	0.0470	0.3504
134.3103	0.1269	0.0516	NaN	0.0470	0.3505
134.3125	0.1270	0.0516	NaN	0.0470	0.3505
134.3117	0.1270	0.0516	NaN	0.0470	0.3505
134.3151	0.1269	0.0516	NaN	0.0469	0.3505
134.3167	0.1269	0.0515	NaN	0.0469	0.3504
134.3154	0.1268	0.0515	NaN	0.0469	0.3506
134.3187	0.1267	0.0515	NaN	0.0469	0.3506
134.3198	0.1265	0.0515	NaN	0.0469	0.3505
134.3211	0.1263	0.0514	NaN	0.0468	0.3505
134.3218	0.1263	0.0514	NaN	0.0468	0.3506
134.3228	0.1262	0.0514	NaN	0.0468	0.3501
134.3237	0.1261	0.0514	NaN	0.0468	0.3501
134.3264	0.1257	0.0512	NaN	0.0466	0.3500
134.3260	0.1264	0.0513	NaN	0.0467	0.3501
134.3293	0.1267	0.0512	NaN	0.0466	0.3499
134.3269	0.1268	0.0512	NaN	0.0466	0.3499
134.3286	0.1264	0.0512	NaN	0.0466	0.3499
134.3323	0.1262	0.0512	NaN	0.0466	0.3499
134.3308	0.1261	0.0512	NaN	0.0466	0.3498
134.3333	0.1261	0.0512	NaN	0.0466	0.3497
134.3369	0.1261	0.0511	NaN	0.0466	0.3497
134.3367	0.1260	0.0511	NaN	0.0465	0.3496
134.3372	0.1262	0.0511	NaN	0.0465	0.3497
134.3367	0.1261	0.0511	NaN	0.0465	0.3497
134.3394	0.1262	0.0511	NaN	0.0465	0.3498
134.3400	0.1264	0.0510	NaN	0.0465	0.3497
134.3406	0.1266	0.0510	NaN	0.0464	0.3497
134.3452	0.1267	0.0510	NaN	0.0464	0.3497
134.3448	0.1267	0.0510	NaN	0.0464	0.3497
134.3455	0.1266	0.0510	NaN	0.0464	0.3497
134.3467	0.1266	0.0510	NaN	0.0464	0.3498
134.3484	0.1265	0.0509	NaN	0.0464	0.3499
134.3493	0.1265	0.0509	NaN	0.0463	0.3499
134.3510	0.1266	0.0509	NaN	0.0463	0.3499
134.3511	0.1265	0.0508	NaN	0.0462	0.3498
134.3519	0.1264	0.0508	NaN	0.0463	0.3498
134.3532	0.1263	0.0508	NaN	0.0463	0.3499
134.3548	0.1262	0.0508	NaN	0.0462	0.3499
134.3575	0.1264	0.0508	NaN	0.0462	0.3498
134.3556	0.1265	0.0508	NaN	0.0462	0.3498
134.3586	0.1264	0.0508	NaN	0.0462	0.3497
134.3591	0.1263	0.0508	NaN	0.0462	0.3498
134.3599	0.1261	0.0508	NaN	0.0462	0.3499
134.3637	0.1259	0.0507	NaN	0.0462	0.3500
134.3626	0.1258	0.0507	NaN	0.0461	0.3501
134.3662	0.1260	0.0506	NaN	0.0460	0.3497
134.3672	0.1261	0.0506	NaN	0.0460	0.3499
134.3676	0.1261	0.0506	NaN	0.0460	0.3499
134.3671	0.1261	0.0505	NaN	0.0459	0.3499
134.3682	0.1262	0.0505	NaN	0.0459	0.3499
134.3684	0.1262	0.0505	NaN	0.0459	0.3499
134.3722	0.1263	0.0505	NaN	0.0459	0.3498
134.3713	0.1262	0.0505	NaN	0.0459	0.3497
134.3739	0.1261	0.0505	NaN	0.0459	0.3499
134.3759	0.1261	0.0505	NaN	0.0459	0.3499
134.3758	0.1261	0.0505	NaN	0.0459	0.3497
134.3772	0.1260	0.0505	NaN	0.0459	0.3498
134.3775	0.1259	0.0505	NaN	0.0459	0.3497
134.3793	0.1259	0.0505	NaN	0.0459	0.3496
134.3814	0.1258	0.0504	NaN	0.0458	0.3495
134.3817	0.1259	0.0504	NaN	0.0459	0.3496
134.3839	0.1260	0.0504	NaN	0.0458	0.3497
134.3868	0.1260	0.0504	NaN	0.0458	0.3497
134.3854	0.1255	0.0504	NaN	0.0458	0.3497
134.3875	0.1253	0.0503	NaN	0.0458	0.3496
134.3880	0.1253	0.0503	NaN	0.0457	0.3494
134.3891	0.1255	0.0503	NaN	0.0457	0.3494
134.3902	0.1257	0.0503	NaN	0.0457	0.3497
134.3920	0.1259	0.0503	NaN	0.0457	0.3495
134.3944	0.1260	0.0503	NaN	0.0457	0.3496
134.3992	0.1258	0.0503	NaN	0.0457	0.3496
134.3967	0.1258	0.0503	NaN	0.0457	0.3498
134.3977	0.1259	0.0503	NaN	0.0456	0.3497
134.3975	0.1258	0.0502	NaN	0.0456	0.3496
134.3987	0.1259	0.0502	NaN	0.0456	0.3498
134.4008	0.1263	0.0502	NaN	0.0456	0.3497
134.4017	0.1266	0.0502	NaN	0.0456	0.3496
134.4021	0.1266	0.0502	NaN	0.0455	0.3496
134.4015	0.1264	0.0502	NaN	0.0456	0.3496
134.4061	0.1263	0.0502	NaN	0.0455	0.3497
134.4064	0.1262	0.0502	NaN	0.0455	0.3497
134.4065	0.1261	0.0502	NaN	0.0455	0.3498
134.4079	0.1258	0.0501	NaN	0.0455	0.3497
134.4095	0.1257	0.0501	NaN	0.0455	0.3498
134.4094	0.1258	0.0501	NaN	0.0455	0.3499
134.4128	0.1261	0.0501	NaN	0.0454	0.3498
134.4119	0.1262	0.0501	NaN	0.0454	0.3499
134.4158	0.1262	0.0501	NaN	0.0454	0.3499
134.4168	0.1261	0.0500	NaN	0.0454	0.3499
134.4173	0.1261	0.0500	NaN	0.0453	0.3498
134.4178	0.1261	0.0500	NaN	0.0453	0.3497
134.4202	0.1258	0.0500	NaN	0.0453	0.3498
134.4196	0.1258	0.0500	NaN	0.0453	0.3497
134.4232	0.1260	0.0500	NaN	0.0453	0.3498
134.4224	0.1260	0.0500	NaN	0.0453	0.3500
134.4218	0.1261	0.0499	NaN	0.0453	0.3499
134.4246	0.1265	0.0499	NaN	0.0452	0.3498
134.4235	0.1264	0.0499	NaN	0.0453	0.3498
134.4258	0.1262	0.0499	NaN	0.0452	0.3498
134.4285	0.1259	0.0499	NaN	0.0452	0.3499
134.4277	0.1259	0.0499	NaN	0.0452	0.3498
134.4286	0.1260	0.0499	NaN	0.0452	0.3499
134.4296	0.1260	0.0499	NaN	0.0452	0.3499
134.4316	0.1260	0.0499	NaN	0.0452	0.3498
134.4332	0.1259	0.0499	NaN	0.0452	0.3497
134.4325	0.1260	0.0499	NaN	0.0452	0.3496
134.4355	0.1261	0.0499	NaN	0.0452	0.3497
134.4341	0.1259	0.0498	NaN	0.0452	0.3497
134.4361	0.1259	0.0498	NaN	0.0451	0.3497
134.4375	0.1258	0.0498	NaN	0.0451	0.3497
134.4380	0.1258	0.0498	NaN	0.0451	0.3498
134.4402	0.1257	0.0497	NaN	0.0450	0.3498
134.4425	0.1257	0.0498	NaN	0.0450	0.3498
134.4410	0.1258	0.0497	NaN	0.0450	0.3498
134.4424	0.1261	0.0497	NaN	0.0450	0.3498
134.4437	0.1262	0.0497	NaN	0.0450	0.3498
134.4467	0.1260	0.0497	NaN	0.0450	0.3498
134.4488	0.1258	0.0497	NaN	0.0450	0.3498
134.4455	0.1257	0.0497	NaN	0.0450	0.3498
134.4476	0.1258	0.0497	NaN	0.0450	0.3497
134.4492	0.1260	0.0497	NaN	0.0450	0.3497
134.4505	0.1261	0.0497	NaN	0.0449	0.3498
134.4533	0.1262	0.0497	NaN	0.0449	0.3500
134.4522	0.1262	0.0496	NaN	0.0449	0.3500
134.4546	0.1264	0.0496	NaN	0.0449	0.3501
134.4555	0.1264	0.0496	NaN	0.0449	0.3502
134.4559	0.1262	0.0496	NaN	0.0449	0.3502
134.4574	0.1262	0.0496	NaN	0.0449	0.3503
134.4589	0.1262	0.0496	NaN	0.0449	0.3505
134.4608	0.1262	0.0496	NaN	0.0449	0.3504
134.4646	0.1263	0.0496	NaN	0.0448	0.3503
134.4628	0.1264	0.0496	NaN	0.0448	0.3503
134.4652	0.1263	0.0496	NaN	0.0448	0.3505
134.4659	0.1263	0.0495	NaN	0.0448	0.3505
134.4663	0.1262	0.0495	NaN	0.0448	0.3505
134.4685	0.1262	0.0495	NaN	0.0447	0.3506
134.4692	0.1265	0.0495	NaN	0.0447	0.3506
134.4700	0.1265	0.0495	NaN	0.0447	0.3507
134.4735	0.1266	0.0494	NaN	0.0447	0.3508
134.4739	0.1269	0.0494	NaN	0.0446	0.3510
134.4734	0.1271	0.0494	NaN	0.0446	0.3510
134.4753	0.1266	0.0495	NaN	0.0447	0.3509
134.4759	0.1262	0.0495	NaN	0.0447	0.3508
134.4778	0.1263	0.0494	NaN	0.0447	0.3506
134.4798	0.1265	0.0494	NaN	0.0447	0.3506
134.4801	0.1265	0.0494	NaN	0.0447	0.3506
134.4831	0.1266	0.0494	NaN	0.0446	0.3507
134.4844	0.1267	0.0494	NaN	0.0446	0.3507
134.4856	0.1268	0.0494	NaN	0.0446	0.3507
134.4851	0.1262	0.0494	NaN	0.0446	0.3507
134.4860	0.1264	0.0494	NaN	0.0446	0.3508
134.4883	0.1265	0.0494	NaN	0.0446	0.3509
134.4880	0.1265	0.0494	NaN	0.0446	0.3510
134.4905	0.1265	0.0494	NaN	0.0446	0.3511
134.4912	0.1267	0.0493	NaN	0.0445	0.3512
134.4920	0.1267	0.0493	NaN	0.0445	0.3512
134.4958	0.1269	0.0493	NaN	0.0445	0.3512
134.4933	0.1271	0.0493	NaN	0.0445	0.3513
134.4958	0.1272	0.0493	NaN	0.0445	0.3514
134.4969	0.1273	0.0493	NaN	0.0445	0.3515
134.4987	0.1276	0.0493	NaN	0.0445	0.3516
134.5003	0.1277	0.0493	NaN	0.0444	0.3516
134.5029	0.1276	0.0493	NaN	0.0444	0.3516
134.5026	0.1280	0.0492	NaN	0.0444	0.3515
134.5046	0.1282	0.0492	NaN	0.0444	0.3513
134.5033	0.1281	0.0492	NaN	0.0444	0.3513
134.5047	0.1279	0.0492	NaN	0.0444	0.3514
134.5092	0.1281	0.0492	NaN	0.0444	0.3515
134.5086	0.1281	0.0492	NaN	0.0443	0.3515
134.5085	0.1281	0.0492	NaN	0.0443	0.3515
134.5109	0.1281	0.0492	NaN	0.0443	0.3515
134.5113	0.1279	0.0492	NaN	0.0443	0.3515
134.5144	0.1281	0.0492	NaN	0.0443	0.3515
134.5124	0.1280	0.0492	NaN	0.0443	0.3515
134.5152	0.1282	0.0492	NaN	0.0443	0.3516
134.5183	0.1283	0.0492	NaN	0.0443	0.3516
134.5175	0.1284	0.0492	NaN	0.0443	0.3517
134.5193	0.1285	0.0492	NaN	0.0443	0.3517
134.5194	0.1287	0.0492	NaN	0.0443	0.3517
134.5244	0.1288	0.0492	NaN	0.0443	0.3517
134.5225	0.1288	0.0491	NaN	0.0443	0.3517
134.5224	0.1289	0.0491	NaN	0.0443	0.3516
134.5253	0.1290	0.0491	NaN	0.0442	0.3517
134.5250	0.1291	0.0491	NaN	0.0442	0.3516
134.5237	0.1291	0.0491	NaN	0.0442	0.3516
134.5250	0.1293	0.0491	NaN	0.0442	0.3517
134.5256	0.1294	0.0491	NaN	0.0442	0.3517
134.5292	0.1298	0.0491	NaN	0.0442	0.3517
134.5294	0.1299	0.0491	NaN	0.0442	0.3517
134.5317	0.1298	0.0491	NaN	0.0441	0.3517
134.5322	0.1298	0.0491	NaN	0.0442	0.3518
134.5347	0.1299	0.0491	NaN	0.0441	0.3518
134.5365	0.1302	0.0490	NaN	0.0441	0.3518
134.5380	0.1304	0.0490	NaN	0.0441	0.3518
134.5365	0.1303	0.0490	NaN	0.0441	0.3518
134.5365	0.1305	0.0490	NaN	0.0441	0.3518
134.5382	0.1308	0.0490	NaN	0.0441	0.3518
134.5378	0.1311	0.0490	NaN	0.0441	0.3518
134.5423	0.1317	0.0490	NaN	0.0441	0.3518
134.5432	0.1325	0.0490	NaN	0.0440	0.3519
134.5456	0.1327	0.0490	NaN	0.0440	0.3519
134.5484	0.1333	0.0490	NaN	0.0440	0.3520
134.5476	0.1332	0.0490	NaN	0.0440	0.3520
134.5491	0.1335	0.0490	NaN	0.0440	0.3522
134.5508	0.1336	0.0490	NaN	0.0440	0.3522
134.5511	0.1339	0.0490	NaN	0.0440	0.3522
134.5539	0.1348	0.0490	NaN	0.0440	0.3521
134.5524	0.1348	0.0491	NaN	0.0440	0.3520
134.5553	0.1353	0.0490	NaN	0.0439	0.3520
134.5570	0.1362	0.0491	NaN	0.0439	0.3521
134.5567	0.1368	0.0491	NaN	0.0439	0.3521
134.5590	0.1376	0.0491	NaN	0.0439	0.3522
134.5625	0.1377	0.0491	NaN	0.0439	0.3522
134.5602	0.1365	0.0491	NaN	0.0439	0.3521
134.5612	0.1359	0.0491	NaN	0.0439	0.3521
134.5626	0.1363	0.0491	NaN	0.0439	0.3522
134.5627	0.1364	0.0491	NaN	0.0439	0.3522
134.5660	0.1374	0.0491	NaN	0.0439	0.3522
134.5651	0.1381	0.0491	NaN	0.0439	0.3522
134.5666	0.1389	0.0491	NaN	0.0439	0.3522
134.5694	0.1403	0.0492	NaN	0.0439	0.3522
134.5689	0.1404	0.0492	NaN	0.0439	0.3522
134.5713	0.1429	0.0492	NaN	0.0439	0.3523
134.5717	0.1436	0.0493	NaN	0.0439	0.3523
134.5737	0.1454	0.0493	NaN	0.0438	0.3524
134.5741	0.1490	0.0494	NaN	0.0438	0.3524
134.5733	0.1486	0.0494	NaN	0.0438	0.3523
134.5769	0.1494	0.0494	NaN	0.0438	0.3523
134.5764	0.1503	0.0495	NaN	0.0438	0.3522
134.5788	0.1511	0.0495	NaN	0.0438	0.3523
134.5797	0.1522	0.0495	NaN	0.0438	0.3523
134.5799	0.1522	0.0495	NaN	0.0438	0.3523
134.5830	0.1542	0.0496	NaN	0.0438	0.3523
134.5838	0.1546	0.0496	NaN	0.0438	0.3523
134.5852	0.1554	0.0496	NaN	0.0438	0.3523
134.5889	0.1569	0.0497	NaN	0.0438	0.3524
134.5862	0.1529	0.0495	NaN	0.0438	0.3523
134.5898	0.1569	0.0497	NaN	0.0438	0.3524
134.5888	0.1560	0.0496	NaN	0.0438	0.3523
134.5904	0.1594	0.0497	NaN	0.0438	0.3524
134.5914	0.1640	0.0499	NaN	0.0438	0.3524
134.5938	0.1687	0.0500	NaN	0.0438	0.3524
134.5932	0.1727	0.0501	NaN	0.0438	0.3524
134.5950	0.1799	0.0503	NaN	0.0438	0.3523
134.5941	0.1849	0.0505	NaN	0.0438	0.3523
134.5968	0.1920	0.0507	NaN	0.0437	0.3524
134.5976	0.1965	0.0509	NaN	0.0438	0.3524
134.6001	0.2011	0.0510	NaN	0.0438	0.3525
134.6019	0.2123	0.0514	NaN	0.0437	0.3525
134.6009	0.2092	0.0513	NaN	0.0437	0.3525
134.6020	0.2165	0.0516	NaN	0.0437	0.3525
134.6050	0.2270	0.0519	NaN	0.0437	0.3525
134.6044	0.2308	0.0520	NaN	0.0437	0.3526
134.6072	0.2310	0.0520	NaN	0.0437	0.3526
134.6086	0.2288	0.0519	NaN	0.0437	0.3526
134.6090	0.2214	0.0517	NaN	0.0437	0.3527
134.6098	0.2115	0.0513	NaN	0.0437	0.3527
134.6106	0.2043	0.0511	NaN	0.0437	0.3527
134.6128	0.1979	0.0508	NaN	0.0437	0.3527
134.6136	0.1994	0.0509	NaN	0.0436	0.3527
134.6141	0.1967	0.0508	NaN	0.0437	0.3527
134.6151	0.2010	0.0509	NaN	0.0437	0.3527
134.6170	0.2001	0.0509	NaN	0.0436	0.3527
134.6161	0.2041	0.0510	NaN	0.0437	0.3527
134.6196	0.1990	0.0509	NaN	0.0437	0.3527
134.6197	0.1943	0.0507	NaN	0.0437	0.3527
134.6195	0.1909	0.0506	NaN	0.0436	0.3528
134.6200	0.1842	0.0503	NaN	0.0436	0.3528
134.6210	0.1792	0.0502	NaN	0.0436	0.3528
134.6241	0.1784	0.0502	NaN	0.0436	0.3528
134.6226	0.1787	0.0502	NaN	0.0436	0.3528
134.6248	0.1744	0.0500	NaN	0.0436	0.3528
134.6267	0.1659	0.0498	NaN	0.0436	0.3529
134.6296	0.1612	0.0496	NaN	0.0436	0.3528
134.6294	0.1585	0.0495	NaN	0.0436	0.3529
134.6302	0.1563	0.0494	NaN	0.0436	0.3528
134.6322	0.1546	0.0494	NaN	0.0436	0.3528
134.6342	0.1521	0.0493	NaN	0.0436	0.3528
134.6349	0.1517	0.0493	NaN	0.0436	0.3528
134.6383	0.1499	0.0492	NaN	0.0436	0.3528
134.6378	0.1497	0.0492	NaN	0.0436	0.3528
134.6387	0.1482	0.0491	NaN	0.0436	0.3528
134.6395	0.1479	0.0491	NaN	0.0436	0.3528
134.6438	0.1461	0.0491	NaN	0.0436	0.3529
134.6423	0.1463	0.0491	NaN	0.0436	0.3529
134.6434	0.1447	0.0490	NaN	0.0436	0.3529
134.6428	0.1442	0.0490	NaN	0.0436	0.3528
134.6460	0.1436	0.0490	NaN	0.0436	0.3529
134.6474	0.1431	0.0490	NaN	0.0436	0.3529
134.6465	0.1436	0.0490	NaN	0.0436	0.3529
134.6491	0.1433	0.0490	NaN	0.0436	0.3529
134.6497	0.1423	0.0489	NaN	0.0436	0.3528
134.6497	0.1419	0.0489	NaN	0.0436	0.3528
134.6532	0.1415	0.0489	NaN	0.0436	0.3528
134.6524	0.1417	0.0489	NaN	0.0436	0.3528
134.6547	0.1412	0.0489	NaN	0.0436	0.3529
134.6558	0.1406	0.0489	NaN	0.0435	0.3529
134.6566	0.1406	0.0489	NaN	0.0435	0.3529
134.6580	0.1399	0.0488	NaN	0.0435	0.3529
134.6581	0.1399	0.0488	NaN	0.0435	0.3529
134.6594	0.1400	0.0488	NaN	0.0435	0.3529
134.6604	0.1398	0.0488	NaN	0.0435	0.3529
134.6603	0.1397	0.0488	NaN	0.0435	0.3529
134.6637	0.1388	0.0488	NaN	0.0435	0.3529
134.6648	0.1383	0.0488	NaN	0.0436	0.3530
134.6647	0.1383	0.0488	NaN	0.0435	0.3530
134.6651	0.1382	0.0488	NaN	0.0436	0.3530
134.6666	0.1380	0.0488	NaN	0.0435	0.3530
134.6696	0.1380	0.0488	NaN	0.0436	0.3530
134.6697	0.1381	0.0488	NaN	0.0435	0.3530
134.6711	0.1383	0.0488	NaN	0.0435	0.3530
134.6733	0.1386	0.0488	NaN	0.0435	0.3530
134.6754	0.1385	0.0488	NaN	0.0435	0.3530
134.6737	0.1384	0.0488	NaN	0.0435	0.3530
134.6770	0.1379	0.0488	NaN	0.0436	0.3530
134.6755	0.1381	0.0488	NaN	0.0436	0.3530
134.6791	0.1379	0.0488	NaN	0.0436	0.3530
134.6815	0.1378	0.0487	NaN	0.0436	0.3531
134.6803	0.1379	0.0488	NaN	0.0436	0.3531
134.6814	0.1376	0.0488	NaN	0.0435	0.3530
134.6812	0.1375	0.0488	NaN	0.0436	0.3530
134.6841	0.1375	0.0487	NaN	0.0435	0.3530
134.6855	0.1375	0.0487	NaN	0.0435	0.3531
134.6855	0.1379	0.0487	NaN	0.0435	0.3531
134.6883	0.1379	0.0487	NaN	0.0435	0.3531
134.6884	0.1376	0.0487	NaN	0.0435	0.3530
134.6882	0.1373	0.0487	NaN	0.0435	0.3530
134.6928	0.1369	0.0487	NaN	0.0435	0.3530
134.6902	0.1368	0.0487	NaN	0.0436	0.3529
134.6930	0.1369	0.0487	NaN	0.0435	0.3528
134.6944	0.1367	0.0487	NaN	0.0435	0.3527
134.6949	0.1365	0.0487	NaN	0.0436	0.3527
134.6962	0.1365	0.0487	NaN	0.0436	0.3527
134.6972	0.1367	0.0487	NaN	0.0436	0.3527
134.7002	0.1367	0.0487	NaN	0.0436	0.3527
134.7000	0.1367	0.0487	NaN	0.0436	0.3526
134.7012	0.1366	0.0487	NaN	0.0436	0.3526
134.7039	0.1367	0.0487	NaN	0.0436	0.3526
134.7052	0.1366	0.0487	NaN	0.0436	0.3525
134.7043	0.1364	0.0487	NaN	0.0436	0.3525
134.7070	0.1364	0.0487	NaN	0.0436	0.3525
134.7075	0.1364	0.0488	NaN	0.0436	0.3524
134.7093	0.1366	0.0487	NaN	0.0436	0.3524
134.7116	0.1368	0.0487	NaN	0.0436	0.3523
134.7114	0.1368	0.0488	NaN	0.0436	0.3523
134.7147	0.1369	0.0488	NaN	0.0436	0.3522
134.7148	0.1369	0.0488	NaN	0.0436	0.3520
134.7140	0.1369	0.0488	NaN	0.0436	0.3520
134.7183	0.1369	0.0488	NaN	0.0436	0.3521
134.7164	0.1368	0.0487	NaN	0.0436	0.3521
134.7186	0.1369	0.0488	NaN	0.0436	0.3521
134.7215	0.1371	0.0488	NaN	0.0436	0.3521
134.7213	0.1374	0.0488	NaN	0.0436	0.3520
134.7231	0.1373	0.0488	NaN	0.0436	0.3520
134.7251	0.1375	0.0488	NaN	0.0436	0.3519
134.7252	0.1376	0.0488	NaN	0.0436	0.3519
134.7279	0.1379	0.0488	NaN	0.0436	0.3519
134.7270	0.1378	0.0488	NaN	0.0437	0.3519
134.7270	0.1379	0.0489	NaN	0.0436	0.3519
134.7314	0.1382	0.0489	NaN	0.0437	0.3519
134.7292	0.1382	0.0489	NaN	0.0436	0.3520
134.7306	0.1383	0.0489	NaN	0.0436	0.3520
134.7335	0.1383	0.0489	NaN	0.0436	0.3520
134.7335	0.1382	0.0489	NaN	0.0437	0.3520
134.7334	0.1383	0.0489	NaN	0.0437	0.3521
134.7360	0.1384	0.0489	NaN	0.0437	0.3522
134.7376	0.1386	0.0489	NaN	0.0437	0.3522
134.7386	0.1388	0.0489	NaN	0.0437	0.3522
134.7379	0.1387	0.0489	NaN	0.0436	0.3522
134.7420	0.1389	0.0489	NaN	0.0437	0.3523
134.7412	0.1390	0.0489	NaN	0.0437	0.3522
134.7425	0.1393	0.0489	NaN	0.0437	0.3523
134.7463	0.1397	0.0489	NaN	0.0436	0.3523
134.7448	0.1395	0.0489	NaN	0.0437	0.3523
134.7459	0.1394	0.0489	NaN	0.0437	0.3522
134.7475	0.1395	0.0489	NaN	0.0437	0.3522
134.7467	0.1393	0.0489	NaN	0.0437	0.3522
134.7492	0.1394	0.0489	NaN	0.0437	0.3522
134.7484	0.1393	0.0489	NaN	0.0437	0.3523
134.7508	0.1395	0.0489	NaN	0.0437	0.3523
134.7532	0.1396	0.0490	NaN	0.0437	0.3523
134.7532	0.1397	0.0490	NaN	0.0437	0.3523
134.7567	0.1399	0.0490	NaN	0.0437	0.3523
134.7572	0.1400	0.0490	NaN	0.0437	0.3522
134.7571	0.1400	0.0490	NaN	0.0437	0.3523
134.7589	0.1401	0.0490	NaN	0.0437	0.3523
134.7603	0.1402	0.0490	NaN	0.0437	0.3524
134.7615	0.1406	0.0490	NaN	0.0437	0.3523
134.7630	0.1408	0.0490	NaN	0.0437	0.3523
134.7647	0.1408	0.0490	NaN	0.0437	0.3523
134.7665	0.1412	0.0491	NaN	0.0438	0.3523
134.7651	0.1414	0.0491	NaN	0.0438	0.3522
134.7671	0.1416	0.0491	NaN	0.0438	0.3521
134.7678	0.1418	0.0491	NaN	0.0438	0.3521
134.7687	0.1419	0.0491	NaN	0.0438	0.3521
134.7699	0.1420	0.0491	NaN	0.0438	0.3522
134.7713	0.1422	0.0491	NaN	0.0438	0.3522
134.7716	0.1423	0.0491	NaN	0.0438	0.3522
134.7749	0.1427	0.0492	NaN	0.0438	0.3522
134.7745	0.1429	0.0492	NaN	0.0438	0.3522
134.7772	0.1433	0.0492	NaN	0.0438	0.3522
134.7799	0.1436	0.0492	NaN	0.0438	0.3522
134.7799	0.1436	0.0492	NaN	0.0438	0.3523
134.7804	0.1433	0.0492	NaN	0.0438	0.3523
134.7833	0.1434	0.0492	NaN	0.0438	0.3523
134.7846	0.1435	0.0492	NaN	0.0438	0.3523
134.7840	0.1437	0.0492	NaN	0.0438	0.3523
134.7858	0.1439	0.0492	NaN	0.0438	0.3523
134.7883	0.1443	0.0493	NaN	0.0439	0.3522
134.7881	0.1444	0.0493	NaN	0.0439	0.3521
134.7874	0.1443	0.0493	NaN	0.0438	0.3521
134.7914	0.1446	0.0493	NaN	0.0439	0.3521
134.7909	0.1446	0.0493	NaN	0.0439	0.3521
134.7922	0.1448	0.0493	NaN	0.0439	0.3520
134.7935	0.1450	0.0493	NaN	0.0439	0.3521
134.7930	0.1449	0.0493	NaN	0.0439	0.3521
134.7944	0.1452	0.0493	NaN	0.0439	0.3520
134.7984	0.1457	0.0493	NaN	0.0439	0.3520
134.7982	0.1460	0.0494	NaN	0.0439	0.3520
134.7981	0.1461	0.0494	NaN	0.0439	0.3520
134.7998	0.1466	0.0494	NaN	0.0439	0.3520
134.8006	0.1468	0.0494	NaN	0.0439	0.3520
134.8032	0.1472	0.0495	NaN	0.0439	0.3520
134.8023	0.1475	0.0495	NaN	0.0440	0.3520
134.8040	0.1476	0.0495	NaN	0.0440	0.3520
134.8060	0.1483	0.0495	NaN	0.0440	0.3519
134.8052	0.1485	0.0495	NaN	0.0440	0.3520
134.8071	0.1490	0.0496	NaN	0.0440	0.3519
134.8076	0.1492	0.0496	NaN	0.0440	0.3519
134.8100	0.1495	0.0496	NaN	0.0440	0.3519
134.8122	0.1497	0.0496	NaN	0.0440	0.3520
134.8122	0.1495	0.0496	NaN	0.0440	0.3520
134.8143	0.1497	0.0496	NaN	0.0440	0.3520
134.8151	0.1502	0.0496	NaN	0.0440	0.3520
134.8142	0.1503	0.0496	NaN	0.0441	0.3520
134.8168	0.1508	0.0497	NaN	0.0441	0.3519
134.8166	0.1511	0.0497	NaN	0.0441	0.3519
134.8198	0.1518	0.0497	NaN	0.0441	0.3519
134.8202	0.1522	0.0498	NaN	0.0441	0.3519
134.8209	0.1523	0.0498	NaN	0.0441	0.3519
134.8235	0.1533	0.0498	NaN	0.0441	0.3518
134.8225	0.1536	0.0498	NaN	0.0441	0.3518
134.8248	0.1539	0.0498	NaN	0.0441	0.3518
134.8270	0.1539	0.0498	NaN	0.0441	0.3518
134.8269	0.1542	0.0499	NaN	0.0442	0.3519
134.8276	0.1547	0.0499	NaN	0.0441	0.3519
134.8289	0.1552	0.0499	NaN	0.0442	0.3519
134.8308	0.1556	0.0499	NaN	0.0442	0.3519
134.8312	0.1558	0.0499	NaN	0.0442	0.3520
134.8319	0.1558	0.0499	NaN	0.0442	0.3520
134.8332	0.1559	0.0499	NaN	0.0442	0.3520
134.8364	0.1566	0.0499	NaN	0.0442	0.3520
134.8378	0.1573	0.0500	NaN	0.0442	0.3520
134.8387	0.1577	0.0500	NaN	0.0442	0.3520
134.8408	0.1583	0.0500	NaN	0.0442	0.3520
134.8399	0.1585	0.0501	NaN	0.0442	0.3520
134.8394	0.1589	0.0501	NaN	0.0442	0.3520
134.8405	0.1582	0.0500	NaN	0.0442	0.3520
134.8424	0.1585	0.0501	NaN	0.0442	0.3521
134.8470	0.1592	0.0501	NaN	0.0443	0.3521
134.8451	0.1594	0.0501	NaN	0.0442	0.3521
134.8487	0.1599	0.0501	NaN	0.0443	0.3520
134.8461	0.1606	0.0502	NaN	0.0443	0.3520
134.8482	0.1621	0.0502	NaN	0.0443	0.3520
134.8521	0.1645	0.0504	NaN	0.0443	0.3520
134.8512	0.1650	0.0504	NaN	0.0444	0.3520
134.8536	0.1656	0.0504	NaN	0.0444	0.3520
134.8557	0.1658	0.0504	NaN	0.0444	0.3520
134.8558	0.1653	0.0504	NaN	0.0444	0.3520
134.8575	0.1651	0.0504	NaN	0.0444	0.3518
134.8580	0.1654	0.0504	NaN	0.0444	0.3519
134.8606	0.1654	0.0504	NaN	0.0444	0.3520
134.8630	0.1665	0.0504	NaN	0.0444	0.3521
134.8625	0.1673	0.0505	NaN	0.0444	0.3520
134.8623	0.1690	0.0505	NaN	0.0444	0.3521
134.8645	0.1709	0.0506	NaN	0.0445	0.3518
134.8651	0.1723	0.0507	NaN	0.0445	0.3518
134.8665	0.1725	0.0507	NaN	0.0445	0.3518
134.8678	0.1730	0.0507	NaN	0.0445	0.3517
134.8704	0.1740	0.0508	NaN	0.0445	0.3517
134.8701	0.1750	0.0509	NaN	0.0445	0.3518
134.8716	0.1758	0.0509	NaN	0.0446	0.3518
134.8733	0.1780	0.0510	NaN	0.0446	0.3518
134.8735	0.1783	0.0510	NaN	0.0446	0.3517
134.8727	0.1782	0.0510	NaN	0.0446	0.3518
134.8777	0.1814	0.0512	NaN	0.0446	0.3518
134.8754	0.1810	0.0511	NaN	0.0446	0.3518
134.8783	0.1809	0.0511	NaN	0.0446	0.3518
134.8803	0.1805	0.0511	NaN	0.0446	0.3518
134.8781	0.1805	0.0511	NaN	0.0446	0.3518
134.8803	0.1805	0.0511	NaN	0.0446	0.3519
134.8800	0.1802	0.0511	NaN	0.0446	0.3520
134.8830	0.1821	0.0512	NaN	0.0446	0.3521
134.8850	0.1827	0.0512	NaN	0.0446	0.3524
134.8852	0.1841	0.0513	NaN	0.0446	0.3521
134.8875	0.1862	0.0514	NaN	0.0447	0.3522
134.8875	0.1893	0.0515	NaN	0.0447	0.3520
134.8890	0.1897	0.0516	NaN	0.0447	0.3520
134.8917	0.1930	0.0517	NaN	0.0448	0.3520
134.8909	0.1937	0.0517	NaN	0.0448	0.3519
134.8913	0.1941	0.0517	NaN	0.0447	0.3519
134.8935	0.1939	0.0517	NaN	0.0448	0.3519
134.8950	0.1946	0.0518	NaN	0.0448	0.3520
134.8959	0.1956	0.0518	NaN	0.0448	0.3529
134.8984	0.1976	0.0519	NaN	0.0448	0.3522
134.8978	0.1977	0.0519	NaN	0.0448	0.3519
134.8987	0.2002	0.0520	NaN	0.0448	0.3519
134.9003	0.2013	0.0521	NaN	0.0448	0.3521
134.9004	0.2038	0.0522	NaN	0.0448	0.3525
134.9035	0.2066	0.0523	NaN	0.0448	0.3523
134.9024	0.2065	0.0523	NaN	0.0449	0.3522
134.9056	0.2103	0.0525	NaN	0.0449	0.3528
134.9049	0.2112	0.0525	NaN	0.0449	0.3526
134.9074	0.2159	0.0527	NaN	0.0449	0.3521
134.9083	0.2132	0.0526	NaN	0.0449	0.3524
134.9088	0.2137	0.0526	NaN	0.0449	0.3524
134.9097	0.2153	0.0527	NaN	0.0449	0.3524
134.9107	0.2155	0.0527	NaN	0.0449	0.3523
134.9120	0.2190	0.0528	NaN	0.0449	0.3527
134.9128	0.2249	0.0530	NaN	0.0450	0.3524
134.9144	0.2225	0.0530	NaN	0.0449	0.3526
134.9168	0.2260	0.0531	NaN	0.0450	0.3525
134.9189	0.2281	0.0532	NaN	0.0450	0.3522
134.9180	0.2243	0.0531	NaN	0.0450	0.3523
134.9186	0.2274	0.0532	NaN	0.0450	0.3521
134.9205	0.2335	0.0535	NaN	0.0450	0.3522
134.9219	0.2408	0.0537	NaN	0.0451	0.3522
134.9232	0.2453	0.0539	NaN	0.0451	0.3528
134.9235	0.2509	0.0541	NaN	0.0451	0.3529
134.9260	0.2628	0.0546	NaN	0.0451	0.3533
134.9272	0.2713	0.0549	NaN	0.0452	0.3528
134.9264	0.2807	0.0553	NaN	0.0452	0.3530
134.9286	0.2922	0.0557	NaN	0.0452	0.3532
134.9311	0.3017	0.0561	NaN	0.0453	0.3531
134.9326	0.3141	0.0566	NaN	0.0453	0.3530
134.9320	0.3137	0.0566	NaN	0.0453	0.3526
134.9332	0.3054	0.0562	NaN	0.0453	0.3527
134.9352	0.2970	0.0559	NaN	0.0453	0.3525
134.9352	0.3034	0.0562	NaN	0.0453	0.3525
134.9360	0.3159	0.0567	NaN	0.0453	0.3527
134.9393	0.3220	0.0569	NaN	0.0453	0.3532
134.9376	0.3155	0.0566	NaN	0.0453	0.3531
134.9393	0.3239	0.0570	NaN	0.0453	0.3529
134.9416	0.3243	0.0570	NaN	0.0454	0.3529
134.9420	0.3215	0.0569	NaN	0.0454	0.3528
134.9434	0.3333	0.0573	NaN	0.0454	0.3529
134.9454	0.3483	0.0579	NaN	0.0454	0.3528
134.9448	0.3592	0.0583	NaN	0.0454	0.3528
134.9475	0.3742	0.0589	NaN	0.0455	0.3528
134.9478	0.3897	0.0594	NaN	0.0455	0.3526
134.9485	0.4087	0.0602	NaN	0.0455	0.3527
134.9501	0.4089	0.0602	NaN	0.0455	0.3528
134.9514	0.4099	0.0602	NaN	0.0455	0.3527
134.9529	0.4087	0.0602	NaN	0.0455	0.3526
134.9541	0.4118	0.0603	NaN	0.0456	0.3527
134.9535	0.4073	0.0602	NaN	0.0456	0.3528
134.9568	0.4303	0.0611	NaN	0.0456	0.3529
134.9548	0.4259	0.0609	NaN	0.0456	0.3529
134.9582	0.4310	0.0611	NaN	0.0456	0.3529
134.9601	0.4520	0.0619	NaN	0.0456	0.3529
134.9598	0.4679	0.0625	NaN	0.0457	0.3530
134.9624	0.4809	0.0630	NaN	0.0457	0.3530
134.9626	0.4823	0.0630	NaN	0.0457	0.3531
134.9649	0.4900	0.0633	NaN	0.0457	0.3531
134.9667	0.5011	0.0638	NaN	0.0458	0.3532
134.9650	0.5037	0.0639	NaN	0.0459	0.3535
134.9683	0.5034	0.0639	NaN	0.0458	0.3537
134.9706	0.5027	0.0639	NaN	0.0459	0.3537
134.9707	0.5018	0.0639	NaN	0.0459	0.3536
134.9735	0.4880	0.0634	NaN	0.0459	0.3535
134.9710	0.4868	0.0634	NaN	0.0459	0.3534
134.9733	0.4801	0.0632	NaN	0.0459	0.3532
134.9753	0.4607	0.0625	NaN	0.0460	0.3532
134.9757	0.4508	0.0621	NaN	0.0460	0.3533
134.9777	0.4363	0.0617	NaN	0.0460	0.3534
134.9798	0.4239	0.0612	NaN	0.0460	0.3536
134.9797	0.4209	0.0611	NaN	0.0460	0.3536
134.9826	0.4055	0.0606	NaN	0.0460	0.3538
134.9815	0.4065	0.0606	NaN	0.0460	0.3539
134.9835	0.4005	0.0604	NaN	0.0460	0.3538
134.9853	0.3780	0.0596	NaN	0.0461	0.3538
134.9863	0.3763	0.0595	NaN	0.0460	0.3538
134.9871	0.3555	0.0588	NaN	0.0460	0.3538
134.9870	0.3359	0.0581	NaN	0.0460	0.3539
134.9902	0.3172	0.0574	NaN	0.0461	0.3539
134.9926	0.3092	0.0572	NaN	0.0461	0.3539
134.9917	0.3150	0.0573	NaN	0.0461	0.3538
134.9931	0.3067	0.0571	NaN	0.0461	0.3538
134.9957	0.3012	0.0569	NaN	0.0461	0.3538
134.9963	0.3008	0.0569	NaN	0.0461	0.3538
134.9958	0.2947	0.0567	NaN	0.0461	0.3539
134.9956	0.2903	0.0565	NaN	0.0461	0.3541
134.9979	0.2812	0.0562	NaN	0.0461	0.3542
134.9988	0.2723	0.0559	NaN	0.0461	0.3542
134.9995	0.2681	0.0558	NaN	0.0461	0.3541
135.0028	0.2636	0.0556	NaN	0.0462	0.3541
135.0033	0.2613	0.0556	NaN	0.0462	0.3541
135.0035	0.2589	0.0555	NaN	0.0462	0.3539
135.0060	0.2540	0.0554	NaN	0.0462	0.3539
135.0062	0.2532	0.0553	NaN	0.0462	0.3540
135.0077	0.2436	0.0550	NaN	0.0463	0.3541
135.0095	0.2392	0.0549	NaN	0.0463	0.3541
135.0098	0.2366	0.0548	NaN	0.0463	0.3540
135.0119	0.2318	0.0547	NaN	0.0463	0.3541
135.0118	0.2278	0.0546	NaN	0.0464	0.3540
135.0123	0.2262	0.0545	NaN	0.0464	0.3541
135.0156	0.2251	0.0545	NaN	0.0464	0.3541
135.0147	0.2241	0.0545	NaN	0.0464	0.3541
135.0168	0.2211	0.0544	NaN	0.0464	0.3542
135.0195	0.2174	0.0543	NaN	0.0465	0.3542
135.0180	0.2159	0.0542	NaN	0.0465	0.3543
135.0195	0.2138	0.0542	NaN	0.0465	0.3543
135.0211	0.2147	0.0542	NaN	0.0465	0.3543
135.0244	0.2147	0.0542	NaN	0.0465	0.3544
135.0245	0.2133	0.0542	NaN	0.0465	0.3544
135.0247	0.2121	0.0541	NaN	0.0465	0.3545
135.0288	0.2091	0.0541	NaN	0.0465	0.3545
135.0293	0.2076	0.0540	NaN	0.0466	0.3546
135.0287	0.2075	0.0540	NaN	0.0465	0.3547
135.0298	0.2063	0.0540	NaN	0.0466	0.3546
135.0293	0.2044	0.0539	NaN	0.0466	0.3547
135.0325	0.2030	0.0539	NaN	0.0466	0.3547
135.0344	0.2028	0.0539	NaN	0.0466	0.3548
135.0337	0.2054	0.0540	NaN	0.0466	0.3548
135.0362	0.2052	0.0540	NaN	0.0466	0.3549
135.0385	0.2032	0.0539	NaN	0.0466	0.3549
135.0385	0.2004	0.0539	NaN	0.0467	0.3549
135.0393	0.1988	0.0538	NaN	0.0467	0.3549
135.0413	0.1982	0.0538	NaN	0.0467	0.3549
135.0414	0.1976	0.0538	NaN	0.0467	0.3549
135.0430	0.1967	0.0538	NaN	0.0467	0.3550
135.0429	0.1959	0.0538	NaN	0.0467	0.3550
135.0463	0.1949	0.0538	NaN	0.0468	0.3550
135.0458	0.1952	0.0538	NaN	0.0467	0.3550
135.0467	0.1936	0.0538	NaN	0.0468	0.3550
135.0491	0.1927	0.0537	NaN	0.0468	0.3550
135.0500	0.1917	0.0537	NaN	0.0468	0.3551
135.0514	0.1910	0.0537	NaN	0.0469	0.3551
135.0535	0.1904	0.0537	NaN	0.0469	0.3551
135.0531	0.1904	0.0537	NaN	0.0469	0.3551
135.0555	0.1902	0.0537	NaN	0.0469	0.3551
135.0549	0.1911	0.0537	NaN	0.0468	0.3551
135.0566	0.1905	0.0537	NaN	0.0469	0.3551
135.0587	0.1898	0.0537	NaN	0.0469	0.3551
135.0594	0.1887	0.0537	NaN	0.0469	0.3551
135.0618	0.1882	0.0537	NaN	0.0470	0.3551
135.0627	0.1878	0.0537	NaN	0.0470	0.3551
135.0625	0.1871	0.0538	NaN	0.0470	0.3550
135.0650	0.1863	0.0538	NaN	0.0471	0.3551
135.0642	0.1861	0.0538	NaN	0.0471	0.3551
135.0652	0.1857	0.0538	NaN	0.0471	0.3551
135.0682	0.1853	0.0538	NaN	0.0471	0.3551
135.0694	0.1850	0.0538	NaN	0.0471	0.3551
135.0702	0.1846	0.0538	NaN	0.0472	0.3550
135.0685	0.1844	0.0538	NaN	0.0472	0.3551
135.0721	0.1844	0.0539	NaN	0.0472	0.3551
135.0741	0.1841	0.0539	NaN	0.0472	0.3551
135.0727	0.1845	0.0538	NaN	0.0472	0.3551
135.0728	0.1844	0.0538	NaN	0.0472	0.3551
135.0753	0.1842	0.0538	NaN	0.0472	0.3551
135.0768	0.1842	0.0538	NaN	0.0472	0.3550
135.0783	0.1839	0.0539	NaN	0.0472	0.3550
135.0781	0.1840	0.0539	NaN	0.0473	0.3548
135.0806	0.1839	0.0540	NaN	0.0473	0.3550
135.0815	0.1838	0.0540	NaN	0.0473	0.3551
135.0841	0.1838	0.0540	NaN	0.0474	0.3551
135.0848	0.1837	0.0540	NaN	0.0474	0.3552
135.0848	0.1836	0.0540	NaN	0.0474	0.3552
135.0861	0.1835	0.0540	NaN	0.0474	0.3546
135.0873	0.1836	0.0541	NaN	0.0474	0.3546
135.0869	0.1837	0.0541	NaN	0.0475	0.3551
135.0900	0.1840	0.0542	NaN	0.0475	0.3553
135.0919	0.1845	0.0542	NaN	0.0476	0.3551
135.0922	0.1847	0.0542	NaN	0.0476	0.3552
135.0951	0.1849	0.0543	NaN	0.0476	0.3548
135.0940	0.1850	0.0542	NaN	0.0476	0.3546
135.0963	0.1853	0.0543	NaN	0.0476	0.3552
135.0975	0.1858	0.0543	NaN	0.0476	0.3553
135.0972	0.1860	0.0543	NaN	0.0476	0.3553
135.0989	0.1870	0.0544	NaN	0.0476	0.3553
135.1015	0.1876	0.0544	NaN	0.0477	0.3553
135.1006	0.1871	0.0544	NaN	0.0477	0.3553
135.1031	0.1868	0.0544	NaN	0.0477	0.3553
135.1058	0.1866	0.0544	NaN	0.0477	0.3553
135.1037	0.1875	0.0545	NaN	0.0477	0.3554
135.1056	0.1875	0.0545	NaN	0.0477	0.3554
135.1065	0.1880	0.0545	NaN	0.0477	0.3553
135.1088	0.1882	0.0545	NaN	0.0477	0.3553
135.1091	0.1881	0.0545	NaN	0.0477	0.3553
135.1097	0.1889	0.0546	NaN	0.0478	0.3552
135.1111	0.1902	0.0547	NaN	0.0478	0.3553
135.1120	0.1905	0.0547	NaN	0.0478	0.3552
135.1141	0.1915	0.0547	NaN	0.0479	0.3552
135.1162	0.1929	0.0548	NaN	0.0479	0.3550
135.1164	0.1944	0.0549	NaN	0.0479	0.3547
135.1177	0.1944	0.0549	NaN	0.0479	0.3551
135.1208	0.1946	0.0550	NaN	0.0480	0.3552
135.1210	0.1941	0.0549	NaN	0.0479	0.3553
135.1228	0.1945	0.0549	NaN	0.0480	0.3553
135.1230	0.1950	0.0550	NaN	0.0480	0.3553
135.1243	0.1964	0.0551	NaN	0.0480	0.3553
135.1267	0.1983	0.0552	NaN	0.0480	0.3554
135.1247	0.1997	0.0553	NaN	0.0481	0.3554
135.1303	0.2023	0.0554	NaN	0.0481	0.3555
135.1293	0.2012	0.0553	NaN	0.0481	0.3555
135.1314	0.2018	0.0554	NaN	0.0481	0.3555
135.1335	0.2036	0.0555	NaN	0.0481	0.3555
135.1316	0.2061	0.0556	NaN	0.0482	0.3555
135.1335	0.2106	0.0558	NaN	0.0482	0.3555
135.1356	0.2156	0.0561	NaN	0.0483	0.3554
135.1348	0.2157	0.0560	NaN	0.0483	0.3553
135.1358	0.2181	0.0562	NaN	0.0483	0.3553
135.1364	0.2200	0.0563	NaN	0.0483	0.3553
135.1387	0.2227	0.0564	NaN	0.0483	0.3553
135.1401	0.2229	0.0564	NaN	0.0483	0.3553
135.1397	0.2226	0.0564	NaN	0.0484	0.3553
135.1407	0.2270	0.0565	NaN	0.0484	0.3551
135.1442	0.2313	0.0568	NaN	0.0484	0.3548
135.1435	0.2312	0.0567	NaN	0.0484	0.3547
135.1471	0.2365	0.0570	NaN	0.0484	0.3548
135.1478	0.2445	0.0573	NaN	0.0485	0.3548
135.1494	0.2526	0.0576	NaN	0.0485	0.3548
135.1519	0.2656	0.0581	NaN	0.0486	0.3548
135.1520	0.2649	0.0581	NaN	0.0486	0.3548
135.1525	0.2669	0.0582	NaN	0.0486	0.3548
135.1518	0.2703	0.0584	NaN	0.0486	0.3548
135.1550	0.2725	0.0584	NaN	0.0487	0.3549
135.1561	0.2635	0.0581	NaN	0.0486	0.3550
135.1560	0.2603	0.0580	NaN	0.0486	0.3550
135.1580	0.2681	0.0583	NaN	0.0486	0.3549
135.1595	0.2814	0.0588	NaN	0.0487	0.3549
135.1595	0.2888	0.0591	NaN	0.0487	0.3548
135.1600	0.2953	0.0593	NaN	0.0487	0.3549
135.1601	0.2974	0.0594	NaN	0.0487	0.3549
135.1631	0.3148	0.0601	NaN	0.0488	0.3549
135.1667	0.3305	0.0608	NaN	0.0489	0.3550
135.1634	0.3277	0.0606	NaN	0.0489	0.3550
135.1666	0.3394	0.0611	NaN	0.0489	0.3551
135.1686	0.3455	0.0613	NaN	0.0489	0.3551
135.1698	0.3527	0.0616	NaN	0.0489	0.3551
135.1696	0.3607	0.0619	NaN	0.0489	0.3551
135.1721	0.3627	0.0620	NaN	0.0490	0.3551
135.1732	0.3682	0.0622	NaN	0.0490	0.3551
135.1759	0.3788	0.0627	NaN	0.0490	0.3551
135.1761	0.3830	0.0629	NaN	0.0491	0.3550
135.1777	0.3821	0.0628	NaN	0.0491	0.3549
135.1785	0.3793	0.0628	NaN	0.0491	0.3549
135.1777	0.3717	0.0626	NaN	0.0492	0.3549
135.1794	0.3612	0.0622	NaN	0.0492	0.3548
135.1787	0.3506	0.0619	NaN	0.0493	0.3548
135.1816	0.3417	0.0616	NaN	0.0493	0.3548
135.1852	0.3216	0.0609	NaN	0.0493	0.3547
135.1840	0.3208	0.0609	NaN	0.0493	0.3547
135.1866	0.3151	0.0607	NaN	0.0493	0.3548
135.1869	0.3086	0.0604	NaN	0.0493	0.3547
135.1878	0.3037	0.0603	NaN	0.0494	0.3548
135.1892	0.2993	0.0601	NaN	0.0494	0.3547
135.1875	0.2978	0.0601	NaN	0.0494	0.3547
135.1899	0.2952	0.0600	NaN	0.0494	0.3547
135.1928	0.2902	0.0598	NaN	0.0494	0.3547
135.1915	0.2870	0.0597	NaN	0.0494	0.3548
135.1941	0.2684	0.0591	NaN	0.0494	0.3546
135.1943	0.2574	0.0587	NaN	0.0495	0.3545
135.1958	0.2460	0.0584	NaN	0.0495	0.3544
135.1972	0.2360	0.0581	NaN	0.0496	0.3544
135.1963	0.2316	0.0580	NaN	0.0496	0.3544
135.1987	0.2262	0.0578	NaN	0.0496	0.3544
135.2013	0.2254	0.0578	NaN	0.0496	0.3545
135.2018	0.2264	0.0578	NaN	0.0496	0.3545
135.2049	0.2310	0.0580	NaN	0.0496	0.3546
135.2041	0.2356	0.0581	NaN	0.0496	0.3546
135.2049	0.2297	0.0579	NaN	0.0496	0.3545
135.2070	0.2225	0.0577	NaN	0.0496	0.3545
135.2072	0.2187	0.0576	NaN	0.0497	0.3544
135.2097	0.2136	0.0575	NaN	0.0497	0.3543
135.2100	0.2106	0.0574	NaN	0.0498	0.3543
135.2109	0.2087	0.0574	NaN	0.0498	0.3543
135.2126	0.2085	0.0574	NaN	0.0498	0.3543
135.2123	0.2099	0.0574	NaN	0.0498	0.3543
135.2141	0.2089	0.0574	NaN	0.0498	0.3542
135.2164	0.2064	0.0573	NaN	0.0498	0.3542
135.2152	0.2064	0.0573	NaN	0.0498	0.3542
135.2169	0.2065	0.0573	NaN	0.0498	0.3543
135.2183	0.2060	0.0573	NaN	0.0498	0.3543
135.2197	0.2035	0.0573	NaN	0.0499	0.3542
135.2208	0.2025	0.0573	NaN	0.0499	0.3542
135.2221	0.2019	0.0572	NaN	0.0499	0.3541
135.2232	0.2002	0.0572	NaN	0.0499	0.3541
135.2251	0.1989	0.0572	NaN	0.0500	0.3541
135.2263	0.1991	0.0572	NaN	0.0500	0.3541
135.2272	0.1981	0.0572	NaN	0.0500	0.3541
135.2272	0.1965	0.0572	NaN	0.0500	0.3540
135.2304	0.1949	0.0572	NaN	0.0501	0.3540
135.2329	0.1929	0.0572	NaN	0.0501	0.3540
135.2325	0.1928	0.0572	NaN	0.0501	0.3540
135.2342	0.1926	0.0572	NaN	0.0501	0.3540
135.2328	0.1927	0.0572	NaN	0.0501	0.3540
135.2346	0.1918	0.0572	NaN	0.0502	0.3540
135.2373	0.1910	0.0572	NaN	0.0502	0.3540
135.2364	0.1908	0.0572	NaN	0.0502	0.3540
135.2402	0.1905	0.0572	NaN	0.0502	0.3541
135.2412	0.1904	0.0572	NaN	0.0502	0.3541
135.2427	0.1903	0.0572	NaN	0.0502	0.3541
135.2435	0.1898	0.0572	NaN	0.0503	0.3541
135.2433	0.1904	0.0572	NaN	0.0502	0.3541
135.2453	0.1907	0.0572	NaN	0.0502	0.3542
135.2462	0.1904	0.0572	NaN	0.0502	0.3542
135.2456	0.1902	0.0573	NaN	0.0502	0.3542
135.2500	0.1892	0.0573	NaN	0.0503	0.3542
135.2487	0.1891	0.0573	NaN	0.0503	0.3541
135.2495	0.1887	0.0573	NaN	0.0503	0.3541
135.2503	0.1885	0.0573	NaN	0.0503	0.3541
135.2537	0.1879	0.0573	NaN	0.0504	0.3541
135.2549	0.1875	0.0574	NaN	0.0504	0.3541
135.2560	0.1874	0.0574	NaN	0.0504	0.3541
135.2564	0.1875	0.0574	NaN	0.0504	0.3542
135.2578	0.1875	0.0573	NaN	0.0504	0.3542
135.2604	0.1874	0.0574	NaN	0.0504	0.3542
135.2580	0.1875	0.0574	NaN	0.0504	0.3542
135.2597	0.1873	0.0574	NaN	0.0504	0.3541
135.2597	0.1874	0.0574	NaN	0.0504	0.3542
135.2630	0.1873	0.0574	NaN	0.0505	0.3542
135.2651	0.1872	0.0575	NaN	0.0505	0.3542
135.2640	0.1874	0.0575	NaN	0.0506	0.3542
135.2652	0.1873	0.0575	NaN	0.0506	0.3542
135.2665	0.1874	0.0576	NaN	0.0506	0.3543
135.2669	0.1876	0.0577	NaN	0.0507	0.3543
135.2687	0.1880	0.0577	NaN	0.0507	0.3542
135.2683	0.1879	0.0577	NaN	0.0507	0.3543
135.2711	0.1883	0.0578	NaN	0.0508	0.3543
135.2740	0.1889	0.0579	NaN	0.0508	0.3542
135.2726	0.1890	0.0579	NaN	0.0509	0.3542
135.2748	0.1895	0.0579	NaN	0.0509	0.3541
135.2745	0.1895	0.0579	NaN	0.0509	0.3542
135.2777	0.1904	0.0580	NaN	0.0509	0.3542
135.2796	0.1904	0.0580	NaN	0.0509	0.3543
135.2795	0.1899	0.0580	NaN	0.0509	0.3542
135.2837	0.1900	0.0580	NaN	0.0509	0.3543
135.2850	0.1905	0.0580	NaN	0.0510	0.3543
135.2862	0.1910	0.0581	NaN	0.0510	0.3543
135.2877	0.1920	0.0582	NaN	0.0510	0.3542
135.2863	0.1925	0.0582	NaN	0.0511	0.3542
135.2891	0.1936	0.0583	NaN	0.0511	0.3542
135.2909	0.1949	0.0584	NaN	0.0512	0.3543
135.2895	0.1943	0.0584	NaN	0.0511	0.3543
135.2916	0.1942	0.0583	NaN	0.0512	0.3543
135.2918	0.1933	0.0583	NaN	0.0511	0.3543
135.2935	0.1943	0.0584	NaN	0.0512	0.3543
135.2944	0.1944	0.0584	NaN	0.0512	0.3544
135.2961	0.1949	0.0584	NaN	0.0512	0.3544
135.2969	0.1959	0.0585	NaN	0.0512	0.3544
135.2991	0.1963	0.0585	NaN	0.0512	0.3543
135.3002	0.1966	0.0585	NaN	0.0512	0.3544
135.3022	0.1984	0.0587	NaN	0.0513	0.3543
135.3009	0.1991	0.0587	NaN	0.0513	0.3543
135.3038	0.2022	0.0589	NaN	0.0514	0.3544
135.3062	0.2036	0.0590	NaN	0.0514	0.3544
135.3062	0.2031	0.0589	NaN	0.0514	0.3544
135.3084	0.2028	0.0589	NaN	0.0514	0.3544
135.3089	0.2037	0.0590	NaN	0.0514	0.3544
135.3086	0.2063	0.0591	NaN	0.0515	0.3544
135.3107	0.2092	0.0593	NaN	0.0515	0.3545
135.3102	0.2124	0.0594	NaN	0.0516	0.3544
135.3135	0.2142	0.0595	NaN	0.0516	0.3545
135.3163	0.2180	0.0597	NaN	0.0517	0.3546
135.3151	0.2159	0.0596	NaN	0.0517	0.3547
135.3188	0.2162	0.0596	NaN	0.0517	0.3546
135.3189	0.2146	0.0596	NaN	0.0517	0.3547
135.3182	0.2143	0.0595	NaN	0.0516	0.3546
135.3216	0.2166	0.0597	NaN	0.0517	0.3546
135.3203	0.2178	0.0597	NaN	0.0517	0.3547
135.3235	0.2185	0.0598	NaN	0.0517	0.3546
135.3242	0.2186	0.0598	NaN	0.0517	0.3546
135.3249	0.2195	0.0598	NaN	0.0517	0.3545
135.3265	0.2203	0.0599	NaN	0.0518	0.3544
135.3254	0.2210	0.0600	NaN	0.0518	0.3544
135.3279	0.2218	0.0600	NaN	0.0518	0.3545
135.3289	0.2219	0.0601	NaN	0.0518	0.3545
135.3299	0.2216	0.0600	NaN	0.0519	0.3546
135.3304	0.2214	0.0601	NaN	0.0519	0.3545
135.3323	0.2213	0.0601	NaN	0.0519	0.3545
135.3332	0.2212	0.0601	NaN	0.0519	0.3544
135.3346	0.2201	0.0601	NaN	0.0519	0.3545
135.3354	0.2192	0.0601	NaN	0.0520	0.3545
135.3386	0.2178	0.0601	NaN	0.0520	0.3545
135.3409	0.2159	0.0601	NaN	0.0521	0.3545
135.3390	0.2159	0.0601	NaN	0.0521	0.3545
135.3428	0.2134	0.0600	NaN	0.0521	0.3545
135.3434	0.2105	0.0599	NaN	0.0522	0.3546
135.3452	0.2089	0.0599	NaN	0.0522	0.3546
135.3466	0.2057	0.0598	NaN	0.0522	0.3546
135.3450	0.2038	0.0598	NaN	0.0522	0.3546
135.3470	0.2020	0.0597	NaN	0.0523	0.3546
135.3494	0.1997	0.0597	NaN	0.0523	0.3546
135.3501	0.1986	0.0597	NaN	0.0523	0.3546
135.3516	0.1955	0.0597	NaN	0.0524	0.3546
135.3504	0.1956	0.0596	NaN	0.0524	0.3546
135.3548	0.1944	0.0596	NaN	0.0524	0.3547
135.3546	0.1928	0.0596	NaN	0.0525	0.3547
135.3561	0.1913	0.0596	NaN	0.0525	0.3547
135.3586	0.1908	0.0596	NaN	0.0525	0.3547
135.3601	0.1899	0.0596	NaN	0.0526	0.3548
135.3583	0.1896	0.0596	NaN	0.0526	0.3549
135.3598	0.1893	0.0596	NaN	0.0526	0.3550
135.3608	0.1893	0.0596	NaN	0.0526	0.3550
135.3611	0.1891	0.0596	NaN	0.0526	0.3550
135.3632	0.1895	0.0596	NaN	0.0526	0.3549
135.3633	0.1902	0.0596	NaN	0.0526	0.3549
135.3656	0.1898	0.0596	NaN	0.0526	0.3549
135.3663	0.1892	0.0596	NaN	0.0526	0.3550
135.3667	0.1886	0.0596	NaN	0.0526	0.3550
135.3681	0.1877	0.0596	NaN	0.0526	0.3550
135.3703	0.1877	0.0596	NaN	0.0526	0.3549
135.3732	0.1878	0.0596	NaN	0.0526	0.3549
135.3751	0.1868	0.0596	NaN	0.0527	0.3550
135.3754	0.1872	0.0596	NaN	0.0527	0.3549
135.3772	0.1870	0.0597	NaN	0.0527	0.3548
135.3777	0.1862	0.0596	NaN	0.0527	0.3549
135.3795	0.1854	0.0597	NaN	0.0528	0.3549
135.3803	0.1855	0.0597	NaN	0.0528	0.3550
135.3797	0.1857	0.0597	NaN	0.0528	0.3550
135.3825	0.1853	0.0597	NaN	0.0528	0.3551
135.3851	0.1841	0.0597	NaN	0.0528	0.3550
135.3843	0.1826	0.0597	NaN	0.0529	0.3551
135.3863	0.1814	0.0597	NaN	0.0530	0.3552
135.3873	0.1807	0.0598	NaN	0.0530	0.3552
135.3886	0.1804	0.0598	NaN	0.0531	0.3552
135.3897	0.1797	0.0598	NaN	0.0531	0.3552
135.3910	0.1796	0.0598	NaN	0.0532	0.3553
135.3932	0.1794	0.0599	NaN	0.0532	0.3555
135.3945	0.1794	0.0599	NaN	0.0532	0.3555
135.3953	0.1793	0.0599	NaN	0.0532	0.3554
135.3946	0.1790	0.0599	NaN	0.0532	0.3554
135.3938	0.1783	0.0599	NaN	0.0532	0.3554
135.3975	0.1776	0.0599	NaN	0.0533	0.3555
135.3998	0.1774	0.0600	NaN	0.0533	0.3557
135.3978	0.1774	0.0600	NaN	0.0534	0.3557
135.4019	0.1770	0.0600	NaN	0.0534	0.3559
135.4006	0.1771	0.0600	NaN	0.0534	0.3559
135.4005	0.1772	0.0600	NaN	0.0534	0.3557
135.4040	0.1770	0.0600	NaN	0.0534	0.3557
135.4027	0.1767	0.0601	NaN	0.0535	0.3557
135.4051	0.1763	0.0601	NaN	0.0535	0.3557
135.4079	0.1760	0.0602	NaN	0.0536	0.3558
135.4082	0.1760	0.0602	NaN	0.0536	0.3557
135.4105	0.1759	0.0602	NaN	0.0536	0.3557
135.4093	0.1762	0.0602	NaN	0.0536	0.3557
135.4113	0.1764	0.0602	NaN	0.0536	0.3557
135.4146	0.1767	0.0602	NaN	0.0536	0.3558
135.4149	0.1773	0.0602	NaN	0.0536	0.3559
135.4148	0.1770	0.0602	NaN	0.0536	0.3561
135.4172	0.1768	0.0602	NaN	0.0536	0.3563
135.4178	0.1763	0.0602	NaN	0.0536	0.3565
135.4198	0.1765	0.0602	NaN	0.0537	0.3567
135.4196	0.1761	0.0603	NaN	0.0537	0.3569
135.4225	0.1757	0.0603	NaN	0.0538	0.3572
135.4216	0.1757	0.0604	NaN	0.0538	0.3573
135.4204	0.1761	0.0603	NaN	0.0538	0.3571
135.4243	0.1762	0.0604	NaN	0.0538	0.3571
135.4252	0.1761	0.0604	NaN	0.0538	0.3571
135.4274	0.1762	0.0605	NaN	0.0539	0.3569
135.4272	0.1762	0.0605	NaN	0.0539	0.3569
135.4299	0.1759	0.0605	NaN	0.0539	0.3569
135.4316	0.1759	0.0606	NaN	0.0540	0.3570
135.4308	0.1760	0.0606	NaN	0.0540	0.3570
135.4323	0.1759	0.0606	NaN	0.0540	0.3570
135.4348	0.1756	0.0607	NaN	0.0541	0.3570
135.4347	0.1753	0.0607	NaN	0.0541	0.3570
135.4348	0.1753	0.0607	NaN	0.0541	0.3570
135.4368	0.1751	0.0607	NaN	0.0541	0.3570
135.4359	0.1751	0.0607	NaN	0.0541	0.3570
135.4382	0.1751	0.0607	NaN	0.0541	0.3570
135.4424	0.1747	0.0607	NaN	0.0542	0.3568
135.4407	0.1746	0.0607	NaN	0.0541	0.3568
135.4434	0.1747	0.0607	NaN	0.0541	0.3565
135.4431	0.1749	0.0607	NaN	0.0542	0.3565
135.4443	0.1753	0.0608	NaN	0.0542	0.3564
135.4477	0.1756	0.0608	NaN	0.0542	0.3566
135.4459	0.1758	0.0608	NaN	0.0543	0.3567
135.4487	0.1759	0.0609	NaN	0.0543	0.3568
135.4506	0.1761	0.0609	NaN	0.0543	0.3567
135.4524	0.1761	0.0609	NaN	0.0543	0.3566
135.4526	0.1763	0.0610	NaN	0.0543	0.3565
135.4525	0.1764	0.0610	NaN	0.0544	0.3565
135.4531	0.1765	0.0610	NaN	0.0544	0.3565
135.4571	0.1768	0.0611	NaN	0.0544	0.3565
135.4550	0.1769	0.0611	NaN	0.0545	0.3565
135.4586	0.1774	0.0612	NaN	0.0546	0.3565
135.4579	0.1779	0.0612	NaN	0.0546	0.3565
135.4607	0.1777	0.0613	NaN	0.0546	0.3565
135.4617	0.1777	0.0613	NaN	0.0547	0.3565
135.4619	0.1777	0.0614	NaN	0.0547	0.3565
135.4642	0.1779	0.0614	NaN	0.0547	0.3565
135.4661	0.1781	0.0614	NaN	0.0548	0.3565
135.4670	0.1782	0.0615	NaN	0.0548	0.3565
135.4689	0.1783	0.0615	NaN	0.0549	0.3566
135.4675	0.1781	0.0615	NaN	0.0548	0.3565
135.4678	0.1782	0.0615	NaN	0.0548	0.3565
135.4707	0.1787	0.0616	NaN	0.0549	0.3564
135.4710	0.1789	0.0616	NaN	0.0549	0.3564
135.4726	0.1790	0.0616	NaN	0.0549	0.3564
135.4755	0.1794	0.0617	NaN	0.0549	0.3565
135.4775	0.1800	0.0617	NaN	0.0550	0.3566
135.4771	0.1804	0.0618	NaN	0.0550	0.3564
135.4778	0.1807	0.0618	NaN	0.0550	0.3564
135.4800	0.1810	0.0618	NaN	0.0550	0.3564
135.4810	0.1809	0.0618	NaN	0.0550	0.3564
135.4825	0.1812	0.0618	NaN	0.0550	0.3563
135.4850	0.1814	0.0619	NaN	0.0551	0.3564
135.4837	0.1815	0.0619	NaN	0.0551	0.3564
135.4846	0.1814	0.0619	NaN	0.0551	0.3564
135.4870	0.1818	0.0619	NaN	0.0551	0.3565
135.4868	0.1817	0.0619	NaN	0.0551	0.3565
135.4877	0.1821	0.0620	NaN	0.0552	0.3565
135.4912	0.1825	0.0620	NaN	0.0552	0.3564
135.4902	0.1825	0.0620	NaN	0.0552	0.3564
135.4911	0.1824	0.0620	NaN	0.0552	0.3564
135.4915	0.1830	0.0621	NaN	0.0553	0.3565
135.4936	0.1837	0.0622	NaN	0.0553	0.3566
135.4964	0.1854	0.0624	NaN	0.0554	0.3567
135.4950	0.1861	0.0624	NaN	0.0555	0.3568
135.4975	0.1874	0.0625	NaN	0.0555	0.3569
135.5007	0.1891	0.0626	NaN	0.0556	0.3570
135.5003	0.1894	0.0627	NaN	0.0556	0.3570
135.5012	0.1898	0.0627	NaN	0.0556	0.3571
135.5016	0.1898	0.0627	NaN	0.0555	0.3571
135.5032	0.1909	0.0627	NaN	0.0556	0.3571
135.5049	0.1910	0.0627	NaN	0.0556	0.3571
135.5065	0.1921	0.0628	NaN	0.0556	0.3572
135.5066	0.1929	0.0628	NaN	0.0557	0.3571
135.5099	0.1950	0.0630	NaN	0.0557	0.3572
135.5082	0.1966	0.0631	NaN	0.0558	0.3572
135.5092	0.1981	0.0632	NaN	0.0558	0.3572
135.5093	0.1982	0.0632	NaN	0.0558	0.3573
135.5111	0.2011	0.0633	NaN	0.0558	0.3573
135.5141	0.2026	0.0634	NaN	0.0559	0.3573
135.5145	0.2037	0.0635	NaN	0.0559	0.3572
135.5157	0.2059	0.0636	NaN	0.0559	0.3573
135.5142	0.2079	0.0637	NaN	0.0560	0.3573
135.5167	0.2081	0.0637	NaN	0.0560	0.3573
135.5199	0.2089	0.0638	NaN	0.0560	0.3573
135.5178	0.2097	0.0638	NaN	0.0560	0.3571
135.5199	0.2129	0.0640	NaN	0.0560	0.3572
135.5225	0.2168	0.0642	NaN	0.0561	0.3573
135.5234	0.2179	0.0643	NaN	0.0562	0.3573
135.5247	0.2185	0.0643	NaN	0.0562	0.3573
135.5244	0.2172	0.0642	NaN	0.0562	0.3572
135.5262	0.2190	0.0643	NaN	0.0562	0.3573
135.5290	0.2208	0.0644	NaN	0.0562	0.3572
135.5269	0.2208	0.0644	NaN	0.0562	0.3572
135.5292	0.2190	0.0643	NaN	0.0562	0.3571
135.5325	0.2200	0.0644	NaN	0.0562	0.3571
135.5310	0.2204	0.0644	NaN	0.0562	0.3570
135.5341	0.2236	0.0646	NaN	0.0562	0.3570
135.5332	0.2229	0.0645	NaN	0.0562	0.3570
135.5346	0.2249	0.0646	NaN	0.0563	0.3570
135.5371	0.2268	0.0647	NaN	0.0563	0.3571
135.5382	0.2288	0.0648	NaN	0.0563	0.3571
135.5399	0.2307	0.0649	NaN	0.0564	0.3571
135.5398	0.2312	0.0650	NaN	0.0564	0.3572
135.5415	0.2305	0.0650	NaN	0.0565	0.3573
135.5424	0.2295	0.0650	NaN	0.0565	0.3574
135.5425	0.2284	0.0650	NaN	0.0565	0.3575
135.5440	0.2265	0.0650	NaN	0.0566	0.3575
135.5451	0.2257	0.0649	NaN	0.0565	0.3574
135.5443	0.2262	0.0650	NaN	0.0565	0.3574
135.5456	0.2266	0.0650	NaN	0.0565	0.3573
135.5470	0.2269	0.0650	NaN	0.0565	0.3573
135.5474	0.2247	0.0649	NaN	0.0566	0.3571
135.5496	0.2242	0.0649	NaN	0.0566	0.3571
135.5522	0.2241	0.0649	NaN	0.0566	0.3569
135.5544	0.2214	0.0649	NaN	0.0566	0.3568
135.5557	0.2188	0.0648	NaN	0.0567	0.3569
135.5559	0.2184	0.0648	NaN	0.0567	0.3570
135.5564	0.2148	0.0647	NaN	0.0567	0.3570
135.5581	0.2130	0.0647	NaN	0.0567	0.3569
135.5606	0.2118	0.0646	NaN	0.0568	0.3568
135.5652	0.2066	0.0645	NaN	0.0569	0.3569
135.5634	0.2066	0.0645	NaN	0.0569	0.3569
135.5671	0.2046	0.0645	NaN	0.0569	0.3569
135.5660	0.2058	0.0645	NaN	0.0569	0.3570
135.5654	0.2052	0.0645	NaN	0.0569	0.3569
135.5679	0.2030	0.0645	NaN	0.0569	0.3570
135.5662	0.2034	0.0645	NaN	0.0569	0.3570
135.5687	0.2005	0.0644	NaN	0.0570	0.3571
135.5719	0.1972	0.0644	NaN	0.0570	0.3572
135.5705	0.1962	0.0644	NaN	0.0570	0.3571
135.5749	0.1938	0.0643	NaN	0.0571	0.3571
135.5735	0.1934	0.0643	NaN	0.0571	0.3573
135.5743	0.1929	0.0643	NaN	0.0571	0.3572
135.5762	0.1920	0.0643	NaN	0.0572	0.3570
135.5760	0.1913	0.0643	NaN	0.0572	0.3571
135.5776	0.1909	0.0643	NaN	0.0572	0.3573
135.5788	0.1899	0.0643	NaN	0.0572	0.3575
135.5788	0.1886	0.0643	NaN	0.0573	0.3577
135.5827	0.1872	0.0643	NaN	0.0573	0.3577
135.5829	0.1863	0.0643	NaN	0.0574	0.3576
135.5835	0.1856	0.0643	NaN	0.0574	0.3577
135.5856	0.1842	0.0644	NaN	0.0574	0.3575
135.5850	0.1844	0.0643	NaN	0.0574	0.3574
135.5857	0.1851	0.0643	NaN	0.0574	0.3576
135.5872	0.1849	0.0643	NaN	0.0574	0.3576
135.5886	0.1846	0.0644	NaN	0.0575	0.3577
135.5898	0.1835	0.0644	NaN	0.0575	0.3578
135.5924	0.1830	0.0644	NaN	0.0576	0.3579
135.5923	0.1828	0.0644	NaN	0.0576	0.3579
135.5941	0.1826	0.0644	NaN	0.0576	0.3579
135.5937	0.1825	0.0644	NaN	0.0576	0.3577
135.5961	0.1811	0.0644	NaN	0.0576	0.3576
135.5961	0.1809	0.0644	NaN	0.0576	0.3577
135.5985	0.1811	0.0644	NaN	0.0576	0.3580
135.6011	0.1805	0.0645	NaN	0.0577	0.3582
135.6003	0.1804	0.0645	NaN	0.0577	0.3582
135.6004	0.1802	0.0645	NaN	0.0577	0.3582
135.5989	0.1798	0.0645	NaN	0.0578	0.3582
135.5947	0.1797	0.0645	NaN	0.0578	0.3582
135.5956	0.1794	0.0646	NaN	0.0578	0.3581
135.5933	0.1795	0.0645	NaN	0.0578	0.3581
135.5928	0.1793	0.0645	NaN	0.0578	0.3581
135.5981	0.1787	0.0646	NaN	0.0579	0.3581
135.5983	0.1788	0.0646	NaN	0.0579	0.3581
135.6038	0.1785	0.0646	NaN	0.0579	0.3582
135.6057	0.1783	0.0647	NaN	0.0580	0.3583
135.6087	0.1785	0.0647	NaN	0.0580	0.3584
135.6109	0.1780	0.0647	NaN	0.0581	0.3584
135.6130	0.1775	0.0648	NaN	0.0581	0.3584
135.6136	0.1771	0.0648	NaN	0.0581	0.3584
135.6134	0.1772	0.0647	NaN	0.0581	0.3584
135.6134	0.1776	0.0647	NaN	0.0581	0.3583
135.6176	0.1773	0.0648	NaN	0.0581	0.3583
135.6172	0.1772	0.0647	NaN	0.0581	0.3583
135.6200	0.1770	0.0648	NaN	0.0581	0.3582
135.6240	0.1767	0.0648	NaN	0.0582	0.3580
135.6229	0.1769	0.0648	NaN	0.0582	0.3583
135.6250	0.1759	0.0649	NaN	0.0583	0.3583
135.6272	0.1757	0.0649	NaN	0.0583	0.3584
135.6260	0.1759	0.0649	NaN	0.0583	0.3584
135.6269	0.1758	0.0649	NaN	0.0583	0.3584
135.6270	0.1756	0.0649	NaN	0.0583	0.3584
135.6294	0.1747	0.0649	NaN	0.0584	0.3584
135.6305	0.1742	0.0649	NaN	0.0584	0.3584
135.6313	0.1741	0.0649	NaN	0.0584	0.3584
135.6336	0.1739	0.0650	NaN	0.0585	0.3585
135.6348	0.1739	0.0650	NaN	0.0585	0.3585
135.6345	0.1738	0.0650	NaN	0.0585	0.3584
135.6379	0.1742	0.0651	NaN	0.0586	0.3582
135.6346	0.1749	0.0651	NaN	0.0586	0.3585
135.6391	0.1744	0.0652	NaN	0.0586	0.3582
135.6406	0.1743	0.0652	NaN	0.0587	0.3582
135.6395	0.1745	0.0652	NaN	0.0587	0.3584
135.6433	0.1748	0.0653	NaN	0.0587	0.3584
135.6446	0.1750	0.0652	NaN	0.0587	0.3584
135.6443	0.1751	0.0653	NaN	0.0587	0.3584
135.6463	0.1752	0.0653	NaN	0.0587	0.3584
135.6454	0.1748	0.0653	NaN	0.0588	0.3584
135.6482	0.1745	0.0653	NaN	0.0588	0.3584
135.6515	0.1747	0.0654	NaN	0.0588	0.3584
135.6481	0.1757	0.0654	NaN	0.0588	0.3584
135.6511	0.1749	0.0654	NaN	0.0588	0.3583
135.6515	0.1739	0.0654	NaN	0.0589	0.3583
135.6516	0.1741	0.0654	NaN	0.0588	0.3581
135.6542	0.1751	0.0654	NaN	0.0588	0.3582
135.6553	0.1747	0.0654	NaN	0.0588	0.3580
135.6553	0.1740	0.0654	NaN	0.0589	0.3578
135.6579	0.1736	0.0654	NaN	0.0589	0.3578
135.6582	0.1737	0.0654	NaN	0.0589	0.3578
135.6605	0.1737	0.0655	NaN	0.0590	0.3577
135.6592	0.1738	0.0655	NaN	0.0590	0.3574
135.6621	0.1732	0.0655	NaN	0.0590	0.3572
135.6634	0.1729	0.0656	NaN	0.0591	0.3573
135.6650	0.1730	0.0656	NaN	0.0591	0.3576
135.6665	0.1733	0.0656	NaN	0.0591	0.3572
135.6681	0.1720	0.0657	NaN	0.0592	0.3573
135.6682	0.1727	0.0657	NaN	0.0592	0.3571
135.6675	0.1725	0.0657	NaN	0.0592	0.3570
135.6701	0.1722	0.0657	NaN	0.0593	0.3572
135.6716	0.1725	0.0658	NaN	0.0593	0.3572
135.6739	0.1727	0.0658	NaN	0.0594	0.3574
135.6732	0.1726	0.0658	NaN	0.0594	0.3574
135.6753	0.1732	0.0659	NaN	0.0593	0.3573
135.6740	0.1736	0.0658	NaN	0.0593	0.3574
135.6767	0.1737	0.0659	NaN	0.0593	0.3574
135.6789	0.1739	0.0659	NaN	0.0594	0.3573
135.6801	0.1732	0.0660	NaN	0.0594	0.3573
135.6833	0.1734	0.0660	NaN	0.0595	0.3573
135.6851	0.1736	0.0661	NaN	0.0595	0.3570
135.6847	0.1735	0.0660	NaN	0.0595	0.3572
135.6862	0.1733	0.0660	NaN	0.0595	0.3570
135.6866	0.1737	0.0661	NaN	0.0595	0.3569
135.6870	0.1740	0.0661	NaN	0.0595	0.3569
135.6872	0.1744	0.0661	NaN	0.0595	0.3569
135.6889	0.1744	0.0661	NaN	0.0596	0.3569
135.6906	0.1742	0.0662	NaN	0.0596	0.3569
135.6918	0.1740	0.0662	NaN	0.0596	0.3570
135.6942	0.1741	0.0662	NaN	0.0597	0.3570
135.6933	0.1743	0.0663	NaN	0.0597	0.3570
135.6953	0.1744	0.0663	NaN	0.0597	0.3570
135.6966	0.1745	0.0663	NaN	0.0597	0.3569
135.6998	0.1747	0.0663	NaN	0.0598	0.3569
135.7006	0.1747	0.0663	NaN	0.0598	0.3569
135.7026	0.1750	0.0664	NaN	0.0598	0.3570
135.7019	0.1749	0.0664	NaN	0.0598	0.3569
135.7032	0.1752	0.0665	NaN	0.0599	0.3570
135.7041	0.1752	0.0665	NaN	0.0599	0.3569
135.7042	0.1753	0.0665	NaN	0.0600	0.3570
135.7064	0.1754	0.0666	NaN	0.0600	0.3570
135.7073	0.1757	0.0666	NaN	0.0600	0.3570
135.7074	0.1759	0.0666	NaN	0.0599	0.3569
135.7104	0.1762	0.0666	NaN	0.0600	0.3569
135.7089	0.1767	0.0666	NaN	0.0600	0.3569
135.7126	0.1770	0.0666	NaN	0.0600	0.3569
135.7133	0.1769	0.0666	NaN	0.0600	0.3569
135.7144	0.1764	0.0667	NaN	0.0600	0.3570
135.7165	0.1763	0.0667	NaN	0.0601	0.3569
135.7189	0.1766	0.0668	NaN	0.0602	0.3568
135.7181	0.1765	0.0668	NaN	0.0601	0.3567
135.7190	0.1768	0.0668	NaN	0.0602	0.3568
135.7197	0.1773	0.0668	NaN	0.0602	0.3568
135.7222	0.1783	0.0670	NaN	0.0603	0.3568
135.7239	0.1792	0.0670	NaN	0.0603	0.3568
135.7244	0.1799	0.0671	NaN	0.0603	0.3568
135.7268	0.1808	0.0672	NaN	0.0604	0.3569
135.7288	0.1813	0.0672	NaN	0.0604	0.3569
135.7277	0.1812	0.0672	NaN	0.0604	0.3569
135.7280	0.1809	0.0671	NaN	0.0604	0.3570
135.7289	0.1808	0.0672	NaN	0.0604	0.3570
135.7320	0.1817	0.0672	NaN	0.0604	0.3571
135.7344	0.1831	0.0673	NaN	0.0605	0.3570
135.7339	0.1841	0.0674	NaN	0.0605	0.3569
135.7343	0.1851	0.0675	NaN	0.0606	0.3570
135.7358	0.1854	0.0675	NaN	0.0606	0.3570
135.7371	0.1861	0.0676	NaN	0.0606	0.3570
135.7396	0.1861	0.0675	NaN	0.0606	0.3570
135.7389	0.1860	0.0675	NaN	0.0606	0.3570
135.7418	0.1866	0.0676	NaN	0.0606	0.3571
135.7432	0.1863	0.0676	NaN	0.0606	0.3571
135.7438	0.1859	0.0675	NaN	0.0606	0.3570
135.7449	0.1859	0.0675	NaN	0.0606	0.3570
135.7450	0.1866	0.0676	NaN	0.0606	0.3570
135.7472	0.1873	0.0677	NaN	0.0607	0.3571
135.7496	0.1871	0.0677	NaN	0.0607	0.3571
135.7477	0.1861	0.0677	NaN	0.0608	0.3570
135.7503	0.1858	0.0677	NaN	0.0608	0.3570
135.7534	0.1837	0.0678	NaN	0.0609	0.3570
135.7531	0.1819	0.0677	NaN	0.0610	0.3570
135.7540	0.1813	0.0677	NaN	0.0610	0.3570
135.7532	0.1817	0.0678	NaN	0.0610	0.3570
135.7585	0.1819	0.0678	NaN	0.0610	0.3571
135.7585	0.1820	0.0678	NaN	0.0610	0.3571
135.7581	0.1827	0.0678	NaN	0.0609	0.3571
135.7593	0.1820	0.0678	NaN	0.0610	0.3570
135.7603	0.1806	0.0677	NaN	0.0610	0.3571
135.7622	0.1796	0.0678	NaN	0.0611	0.3571
135.7627	0.1794	0.0678	NaN	0.0611	0.3571
135.7631	0.1791	0.0678	NaN	0.0611	0.3571
135.7656	0.1787	0.0678	NaN	0.0611	0.3571
135.7671	0.1790	0.0678	NaN	0.0611	0.3571
135.7680	0.1792	0.0678	NaN	0.0611	0.3572
135.7693	0.1791	0.0678	NaN	0.0611	0.3572
135.7680	0.1790	0.0678	NaN	0.0611	0.3573
135.7697	0.1785	0.0678	NaN	0.0612	0.3574
135.7716	0.1782	0.0678	NaN	0.0612	0.3575
135.7714	0.1780	0.0679	NaN	0.0612	0.3576
135.7733	0.1776	0.0679	NaN	0.0612	0.3575
135.7756	0.1771	0.0679	NaN	0.0613	0.3574
135.7752	0.1769	0.0679	NaN	0.0613	0.3574
135.7774	0.1769	0.0679	NaN	0.0613	0.3574
135.7779	0.1768	0.0679	NaN	0.0613	0.3573
135.7794	0.1768	0.0679	NaN	0.0613	0.3573
135.7815	0.1766	0.0679	NaN	0.0613	0.3574
135.7824	0.1764	0.0679	NaN	0.0613	0.3574
135.7840	0.1763	0.0679	NaN	0.0613	0.3574
135.7855	0.1760	0.0679	NaN	0.0614	0.3574
135.7856	0.1761	0.0679	NaN	0.0614	0.3575
135.7869	0.1760	0.0680	NaN	0.0614	0.3575
135.7878	0.1760	0.0680	NaN	0.0614	0.3574
135.7881	0.1758	0.0680	NaN	0.0614	0.3574
135.7904	0.1753	0.0680	NaN	0.0615	0.3574
135.7918	0.1749	0.0681	NaN	0.0615	0.3574
135.7925	0.1747	0.0681	NaN	0.0616	0.3574
135.7935	0.1743	0.0681	NaN	0.0616	0.3574
135.7941	0.1740	0.0682	NaN	0.0617	0.3574
135.7964	0.1737	0.0682	NaN	0.0617	0.3574
135.7944	0.1738	0.0682	NaN	0.0617	0.3574
135.7973	0.1741	0.0682	NaN	0.0617	0.3574
135.7981	0.1743	0.0682	NaN	0.0617	0.3575
135.8004	0.1743	0.0682	NaN	0.0617	0.3574
135.8022	0.1744	0.0683	NaN	0.0618	0.3574
135.8026	0.1743	0.0682	NaN	0.0617	0.3575
135.8051	0.1745	0.0683	NaN	0.0617	0.3575
135.8059	0.1746	0.0683	NaN	0.0618	0.3575
135.8052	0.1745	0.0683	NaN	0.0618	0.3575
135.8078	0.1743	0.0683	NaN	0.0618	0.3575
135.8092	0.1742	0.0684	NaN	0.0618	0.3576
135.8068	0.1742	0.0683	NaN	0.0618	0.3575
135.8104	0.1742	0.0683	NaN	0.0618	0.3575
135.8102	0.1739	0.0683	NaN	0.0618	0.3575
135.8138	0.1736	0.0684	NaN	0.0619	0.3575
135.8149	0.1735	0.0684	NaN	0.0619	0.3575
135.8132	0.1733	0.0684	NaN	0.0619	0.3575
135.8173	0.1732	0.0684	NaN	0.0619	0.3576
135.8171	0.1733	0.0684	NaN	0.0620	0.3574
135.8197	0.1730	0.0685	NaN	0.0620	0.3574
135.8215	0.1729	0.0685	NaN	0.0620	0.3574
135.8199	0.1728	0.0685	NaN	0.0621	0.3575
135.8220	0.1726	0.0685	NaN	0.0621	0.3575
135.8264	0.1725	0.0686	NaN	0.0621	0.3576
135.8262	0.1725	0.0686	NaN	0.0621	0.3577
135.8264	0.1726	0.0686	NaN	0.0622	0.3575
135.8275	0.1727	0.0686	NaN	0.0621	0.3575
135.8281	0.1729	0.0686	NaN	0.0622	0.3576
135.8302	0.1729	0.0686	NaN	0.0622	0.3577
135.8294	0.1730	0.0686	NaN	0.0622	0.3577
135.8316	0.1730	0.0686	NaN	0.0622	0.3577
135.8345	0.1729	0.0687	NaN	0.0622	0.3578
135.8342	0.1730	0.0687	NaN	0.0623	0.3579
135.8373	0.1729	0.0688	NaN	0.0623	0.3579
135.8359	0.1729	0.0687	NaN	0.0623	0.3578
135.8392	0.1730	0.0687	NaN	0.0623	0.3578
135.8390	0.1730	0.0687	NaN	0.0623	0.3579
135.8380	0.1730	0.0688	NaN	0.0623	0.3580
135.8416	0.1732	0.0688	NaN	0.0624	0.3579
135.8420	0.1732	0.0689	NaN	0.0624	0.3581
135.8446	0.1731	0.0689	NaN	0.0624	0.3579
135.8464	0.1729	0.0689	NaN	0.0625	0.3579
135.8478	0.1726	0.0690	NaN	0.0625	0.3580
135.8497	0.1722	0.0690	NaN	0.0626	0.3581
135.8518	0.1722	0.0690	NaN	0.0626	0.3579
135.8502	0.1722	0.0690	NaN	0.0626	0.3580
135.8514	0.1725	0.0691	NaN	0.0626	0.3579
135.8511	0.1730	0.0691	NaN	0.0627	0.3580
135.8540	0.1723	0.0692	NaN	0.0627	0.3579
135.8559	0.1718	0.0692	NaN	0.0628	0.3579
135.8576	0.1728	0.0692	NaN	0.0628	0.3579
135.8588	0.1728	0.0693	NaN	0.0628	0.3579
135.8597	0.1726	0.0693	NaN	0.0628	0.3584
135.8598	0.1726	0.0693	NaN	0.0628	0.3581
135.8617	0.1722	0.0693	NaN	0.0628	0.3583
135.8607	0.1714	0.0693	NaN	0.0628	0.3587
135.8621	0.1713	0.0692	NaN	0.0628	0.3587
135.8648	0.1715	0.0692	NaN	0.0628	0.3581
135.8642	0.1711	0.0692	NaN	0.0628	0.3578
135.8668	0.1711	0.0692	NaN	0.0628	0.3579
135.8683	0.1713	0.0693	NaN	0.0629	0.3587
135.8669	0.1713	0.0693	NaN	0.0629	0.3578
135.8686	0.1715	0.0693	NaN	0.0629	0.3578
135.8698	0.1718	0.0693	NaN	0.0629	0.3577
135.8710	0.1721	0.0693	NaN	0.0629	0.3577
135.8721	0.1717	0.0693	NaN	0.0629	0.3578
135.8732	0.1716	0.0693	NaN	0.0629	0.3582
135.8744	0.1722	0.0694	NaN	0.0629	0.3581
135.8730	0.1723	0.0694	NaN	0.0629	0.3582
135.8760	0.1724	0.0694	NaN	0.0629	0.3582
135.8809	0.1724	0.0694	NaN	0.0630	0.3584
135.8787	0.1726	0.0694	NaN	0.0630	0.3585
135.8808	0.1725	0.0694	NaN	0.0630	0.3583
135.8830	0.1725	0.0695	NaN	0.0630	0.3584
135.8844	0.1726	0.0695	NaN	0.0631	0.3585
135.8853	0.1728	0.0696	NaN	0.0631	0.3586
135.8843	0.1726	0.0696	NaN	0.0631	0.3586
135.8885	0.1724	0.0695	NaN	0.0631	0.3586
135.8895	0.1722	0.0696	NaN	0.0631	0.3585
135.8907	0.1720	0.0696	NaN	0.0631	0.3585
135.8907	0.1719	0.0696	NaN	0.0632	0.3586
135.8936	0.1718	0.0696	NaN	0.0632	0.3585
135.8928	0.1716	0.0696	NaN	0.0632	0.3586
135.8929	0.1715	0.0697	NaN	0.0633	0.3586
135.8929	0.1715	0.0697	NaN	0.0633	0.3588
135.8946	0.1713	0.0697	NaN	0.0633	0.3590
135.8978	0.1713	0.0697	NaN	0.0634	0.3591
135.8991	0.1714	0.0698	NaN	0.0634	0.3590
135.9014	0.1713	0.0698	NaN	0.0634	0.3591
135.9024	0.1711	0.0698	NaN	0.0634	0.3593
135.9025	0.1711	0.0699	NaN	0.0635	0.3594
135.9036	0.1712	0.0699	NaN	0.0635	0.3593
135.9039	0.1712	0.0699	NaN	0.0635	0.3593
135.9061	0.1713	0.0699	NaN	0.0635	0.3589
135.9064	0.1711	0.0699	NaN	0.0635	0.3583
135.9050	0.1710	0.0699	NaN	0.0635	0.3583
135.9068	0.1713	0.0699	NaN	0.0635	0.3584
135.9069	0.1715	0.0699	NaN	0.0635	0.3581
135.9119	0.1722	0.0699	NaN	0.0635	0.3579
135.9113	0.1725	0.0700	NaN	0.0635	0.3580
135.9120	0.1729	0.0700	NaN	0.0635	0.3581
135.9139	0.1712	0.0700	NaN	0.0636	0.3579
135.9149	0.1706	0.0700	NaN	0.0636	0.3579
135.9142	0.1710	0.0700	NaN	0.0636	0.3579
135.9154	0.1716	0.0701	NaN	0.0637	0.3580
135.9185	0.1719	0.0701	NaN	0.0637	0.3580
135.9172	0.1718	0.0701	NaN	0.0637	0.3583
135.9194	0.1720	0.0702	NaN	0.0638	0.3585
135.9191	0.1717	0.0702	NaN	0.0637	0.3583
135.9217	0.1728	0.0702	NaN	0.0637	0.3581
135.9221	0.1719	0.0702	NaN	0.0637	0.3580
135.9236	0.1717	0.0702	NaN	0.0637	0.3580
135.9245	0.1718	0.0702	NaN	0.0637	0.3580
135.9259	0.1718	0.0702	NaN	0.0637	0.3581
135.9272	0.1728	0.0702	NaN	0.0638	0.3583
135.9291	0.1726	0.0703	NaN	0.0638	0.3585
135.9291	0.1721	0.0703	NaN	0.0639	0.3586
135.9313	0.1714	0.0703	NaN	0.0639	0.3585
135.9306	0.1718	0.0703	NaN	0.0639	0.3583
135.9321	0.1711	0.0703	NaN	0.0639	0.3581
135.9338	0.1710	0.0704	NaN	0.0640	0.3581
135.9349	0.1714	0.0704	NaN	0.0640	0.3582
135.9363	0.1718	0.0704	NaN	0.0640	0.3581
135.9373	0.1726	0.0704	NaN	0.0640	0.3580
135.9389	0.1723	0.0704	NaN	0.0640	0.3580
135.9407	0.1712	0.0704	NaN	0.0640	0.3580
135.9415	0.1708	0.0704	NaN	0.0640	0.3580
135.9420	0.1708	0.0704	NaN	0.0640	0.3580
135.9445	0.1712	0.0704	NaN	0.0640	0.3581
135.9442	0.1717	0.0705	NaN	0.0640	0.3580
135.9475	0.1718	0.0705	NaN	0.0641	0.3581
135.9470	0.1715	0.0705	NaN	0.0641	0.3582
135.9464	0.1719	0.0705	NaN	0.0641	0.3583
135.9494	0.1718	0.0705	NaN	0.0641	0.3586
135.9486	0.1716	0.0705	NaN	0.0641	0.3585
135.9512	0.1717	0.0705	NaN	0.0641	0.3586
135.9536	0.1722	0.0706	NaN	0.0641	0.3585
135.9529	0.1722	0.0706	NaN	0.0641	0.3587
135.9531	0.1718	0.0706	NaN	0.0642	0.3588
135.9542	0.1719	0.0706	NaN	0.0642	0.3589
135.9556	0.1712	0.0706	NaN	0.0642	0.3589
135.9585	0.1707	0.0706	NaN	0.0642	0.3588
135.9592	0.1704	0.0706	NaN	0.0642	0.3590
135.9604	0.1706	0.0706	NaN	0.0642	0.3592
135.9620	0.1713	0.0707	NaN	0.0643	0.3592
135.9620	0.1724	0.0707	NaN	0.0643	0.3592
135.9649	0.1732	0.0708	NaN	0.0643	0.3594
135.9641	0.1734	0.0708	NaN	0.0643	0.3594
135.9660	0.1720	0.0708	NaN	0.0644	0.3592
135.9687	0.1716	0.0708	NaN	0.0644	0.3591
135.9672	0.1716	0.0708	NaN	0.0644	0.3592
135.9705	0.1718	0.0708	NaN	0.0644	0.3593
135.9729	0.1719	0.0709	NaN	0.0645	0.3591
135.9704	0.1717	0.0709	NaN	0.0645	0.3594
135.9737	0.1718	0.0709	NaN	0.0645	0.3592
135.9738	0.1715	0.0709	NaN	0.0645	0.3591
135.9749	0.1718	0.0709	NaN	0.0645	0.3588
135.9787	0.1726	0.0710	NaN	0.0645	0.3588
135.9780	0.1726	0.0710	NaN	0.0645	0.3586
135.9796	0.1722	0.0710	NaN	0.0646	0.3586
135.9783	0.1712	0.0710	NaN	0.0646	0.3585
135.9819	0.1711	0.0710	NaN	0.0646	0.3586
135.9834	0.1721	0.0710	NaN	0.0646	0.3588
135.9826	0.1716	0.0710	NaN	0.0646	0.3587
135.9840	0.1721	0.0711	NaN	0.0647	0.3586
135.9859	0.1723	0.0711	NaN	0.0647	0.3586
135.9863	0.1719	0.0711	NaN	0.0647	0.3584
135.9876	0.1712	0.0711	NaN	0.0647	0.3584
135.9877	0.1715	0.0711	NaN	0.0647	0.3585
135.9900	0.1719	0.0711	NaN	0.0647	0.3584
135.9914	0.1721	0.0712	NaN	0.0648	0.3584
135.9902	0.1723	0.0712	NaN	0.0647	0.3584
135.9949	0.1716	0.0712	NaN	0.0648	0.3584
135.9961	0.1708	0.0712	NaN	0.0648	0.3585
135.9948	0.1709	0.0712	NaN	0.0648	0.3584
135.9961	0.1710	0.0712	NaN	0.0648	0.3583
135.9944	0.1706	0.0712	NaN	0.0648	0.3583
135.9982	0.1706	0.0712	NaN	0.0648	0.3584
135.9996	0.1715	0.0712	NaN	0.0648	0.3585
135.9989	0.1708	0.0712	NaN	0.0649	0.3584
136.0047	0.1708	0.0713	NaN	0.0649	0.3584
136.0014	0.1710	0.0713	NaN	0.0649	0.3584
136.0036	0.1709	0.0713	NaN	0.0650	0.3584
136.0067	0.1711	0.0713	NaN	0.0650	0.3584
136.0061	0.1709	0.0713	NaN	0.0650	0.3584
136.0069	0.1706	0.0714	NaN	0.0650	0.3583
136.0104	0.1709	0.0714	NaN	0.0650	0.3584
136.0103	0.1708	0.0714	NaN	0.0650	0.3586
136.0118	0.1708	0.0715	NaN	0.0651	0.3585
136.0115	0.1707	0.0715	NaN	0.0651	0.3586
136.0132	0.1706	0.0715	NaN	0.0651	0.3585
136.0136	0.1707	0.0715	NaN	0.0651	0.3586
136.0144	0.1708	0.0715	NaN	0.0651	0.3584
136.0156	0.1711	0.0715	NaN	0.0651	0.3584
136.0179	0.1713	0.0715	NaN	0.0651	0.3585
136.0172	0.1710	0.0715	NaN	0.0652	0.3585
136.0187	0.1707	0.0715	NaN	0.0652	0.3586
136.0194	0.1704	0.0716	NaN	0.0652	0.3593
136.0215	0.1704	0.0716	NaN	0.0652	0.3591
136.0229	0.1703	0.0716	NaN	0.0653	0.3588
136.0234	0.1704	0.0716	NaN	0.0653	0.3587
136.0245	0.1706	0.0717	NaN	0.0653	0.3587
136.0286	0.1710	0.0717	NaN	0.0653	0.3588
136.0284	0.1714	0.0717	NaN	0.0653	0.3587
136.0307	0.1712	0.0718	NaN	0.0653	0.3586
136.0313	0.1711	0.0718	NaN	0.0654	0.3587
136.0335	0.1711	0.0718	NaN	0.0654	0.3587
136.0355	0.1711	0.0718	NaN	0.0654	0.3588
136.0358	0.1709	0.0718	NaN	0.0655	0.3588
136.0374	0.1709	0.0719	NaN	0.0655	0.3588
136.0375	0.1708	0.0718	NaN	0.0655	0.3587
136.0389	0.1706	0.0719	NaN	0.0655	0.3586
136.0419	0.1706	0.0718	NaN	0.0655	0.3585
136.0426	0.1706	0.0719	NaN	0.0655	0.3586
136.0435	0.1706	0.0719	NaN	0.0655	0.3586
136.0455	0.1705	0.0719	NaN	0.0655	0.3590
136.0447	0.1708	0.0719	NaN	0.0655	0.3587
136.0462	0.1708	0.0719	NaN	0.0655	0.3586
136.0462	0.1707	0.0719	NaN	0.0656	0.3585
136.0485	0.1709	0.0719	NaN	0.0655	0.3586
136.0509	0.1708	0.0719	NaN	0.0656	0.3588
136.0503	0.1705	0.0720	NaN	0.0656	0.3588
136.0517	0.1703	0.0720	NaN	0.0656	0.3586
136.0554	0.1707	0.0720	NaN	0.0657	0.3586
136.0558	0.1710	0.0720	NaN	0.0657	0.3587
136.0574	0.1711	0.0721	NaN	0.0657	0.3589
136.0569	0.1714	0.0721	NaN	0.0657	0.3588
136.0575	0.1709	0.0721	NaN	0.0657	0.3588
136.0603	0.1707	0.0722	NaN	0.0658	0.3588
136.0600	0.1706	0.0722	NaN	0.0658	0.3587
136.0621	0.1705	0.0722	NaN	0.0658	0.3588
136.0613	0.1706	0.0722	NaN	0.0658	0.3587
136.0663	0.1709	0.0722	NaN	0.0658	0.3588
136.0657	0.1712	0.0723	NaN	0.0659	0.3587
136.0651	0.1711	0.0722	NaN	0.0659	0.3587
136.0673	0.1705	0.0722	NaN	0.0659	0.3588
136.0708	0.1701	0.0723	NaN	0.0659	0.3590
136.0703	0.1701	0.0722	NaN	0.0659	0.3593
136.0715	0.1703	0.0722	NaN	0.0659	0.3592
136.0715	0.1703	0.0723	NaN	0.0659	0.3588
136.0731	0.1709	0.0723	NaN	0.0659	0.3587
136.0743	0.1710	0.0723	NaN	0.0659	0.3588
136.0752	0.1714	0.0723	NaN	0.0659	0.3589
136.0748	0.1715	0.0723	NaN	0.0659	0.3588
136.0761	0.1714	0.0723	NaN	0.0660	0.3589
136.0770	0.1714	0.0724	NaN	0.0660	0.3589
136.0804	0.1708	0.0724	NaN	0.0660	0.3590
136.0802	0.1707	0.0724	NaN	0.0660	0.3591
136.0814	0.1708	0.0724	NaN	0.0660	0.3595
136.0828	0.1709	0.0724	NaN	0.0660	0.3598
136.0821	0.1702	0.0724	NaN	0.0660	0.3601
136.0847	0.1699	0.0724	NaN	0.0661	0.3601
136.0854	0.1700	0.0724	NaN	0.0661	0.3602
136.0859	0.1702	0.0724	NaN	0.0661	0.3601
136.0880	0.1701	0.0724	NaN	0.0661	0.3599
136.0885	0.1702	0.0724	NaN	0.0661	0.3601
136.0902	0.1701	0.0724	NaN	0.0661	0.3600
136.0932	0.1703	0.0724	NaN	0.0661	0.3597
136.0908	0.1698	0.0725	NaN	0.0661	0.3597
136.0932	0.1695	0.0725	NaN	0.0662	0.3599
136.0919	0.1697	0.0725	NaN	0.0662	0.3601
136.0969	0.1690	0.0725	NaN	0.0662	0.3601
136.0979	0.1690	0.0725	NaN	0.0662	0.3602
136.0986	0.1694	0.0726	NaN	0.0663	0.3603
136.1014	0.1698	0.0726	NaN	0.0663	0.3603
136.1041	0.1698	0.0727	NaN	0.0663	0.3604
136.1042	0.1701	0.0727	NaN	0.0663	0.3605
136.1052	0.1703	0.0727	NaN	0.0664	0.3606
136.1044	0.1698	0.0727	NaN	0.0663	0.3606
136.1069	0.1695	0.0727	NaN	0.0664	0.3606
136.1077	0.1694	0.0727	NaN	0.0664	0.3607
136.1081	0.1690	0.0727	NaN	0.0665	0.3608
136.1092	0.1695	0.0728	NaN	0.0664	0.3608
136.1124	0.1701	0.0728	NaN	0.0664	0.3610
136.1128	0.1701	0.0728	NaN	0.0665	0.3611
136.1151	0.1698	0.0728	NaN	0.0665	0.3610
136.1165	0.1695	0.0728	NaN	0.0665	0.3611
136.1168	0.1696	0.0728	NaN	0.0665	0.3610
136.1166	0.1698	0.0728	NaN	0.0664	0.3610
136.1165	0.1704	0.0728	NaN	0.0664	0.3609
136.1164	0.1705	0.0728	NaN	0.0664	0.3611
136.1189	0.1700	0.0728	NaN	0.0665	0.3612
136.1192	0.1697	0.0728	NaN	0.0665	0.3612
136.1241	0.1691	0.0728	NaN	0.0665	0.3611
136.1235	0.1694	0.0728	NaN	0.0665	0.3609
136.1253	0.1696	0.0729	NaN	0.0666	0.3610
