# 20092021_13_35_27_group6_23_full.dat
# Measuring of the Zeemann splitting 
# modus: scanning laser current/frequency via I/P MOD
# 
x(A/Hz/V/nm) yai0(V) yai1(V) yai2(V) yai3(V) yai4(V)
103.6890	0.0870	0.0237	NaN	0.0203	0.2079
103.7148	0.0943	0.0208	NaN	0.0172	0.2084
103.7372	0.0767	0.0210	NaN	0.0180	0.2089
103.7613	0.0838	0.0240	NaN	0.0208	0.2091
103.7840	0.0860	0.0238	NaN	0.0205	0.2097
103.8087	0.0805	0.0200	NaN	0.0169	0.2094
103.8316	0.0840	0.0158	NaN	0.0125	0.2094
103.8568	0.1355	0.0155	NaN	0.0104	0.2093
103.8828	0.0715	0.0137	NaN	0.0109	0.2100
103.9041	0.0665	0.0159	NaN	0.0133	0.2101
103.9296	0.0727	0.0191	NaN	0.0162	0.2105
103.9528	0.0786	0.0218	NaN	0.0187	0.2115
103.9762	0.0830	0.0236	NaN	0.0204	0.2120
104.0002	0.0852	0.0247	NaN	0.0214	0.2118
104.0228	0.0860	0.0252	NaN	0.0219	0.2115
104.0451	0.0865	0.0255	NaN	0.0222	0.2127
104.0688	0.0869	0.0257	NaN	0.0223	0.2125
104.0917	0.0874	0.0258	NaN	0.0224	0.2133
104.1161	0.0879	0.0259	NaN	0.0225	0.2137
104.1402	0.0882	0.0259	NaN	0.0225	0.2126
104.1631	0.0884	0.0259	NaN	0.0225	0.2129
104.1885	0.0885	0.0259	NaN	0.0225	0.2138
104.2105	0.0884	0.0260	NaN	0.0226	0.2138
104.2352	0.0884	0.0260	NaN	0.0226	0.2134
104.2576	0.0884	0.0260	NaN	0.0226	0.2129
104.2805	0.0884	0.0260	NaN	0.0226	0.2127
104.3027	0.0884	0.0260	NaN	0.0226	0.2130
104.3264	0.0884	0.0260	NaN	0.0226	0.2136
104.3506	0.0885	0.0261	NaN	0.0227	0.2142
104.3718	0.0885	0.0261	NaN	0.0227	0.2145
104.3967	0.0885	0.0261	NaN	0.0227	0.2146
104.4213	0.0886	0.0261	NaN	0.0227	0.2149
104.4448	0.0886	0.0261	NaN	0.0227	0.2151
104.4684	0.0886	0.0261	NaN	0.0227	0.2151
104.4927	0.0885	0.0262	NaN	0.0227	0.2152
104.5163	0.0886	0.0262	NaN	0.0228	0.2153
104.5401	0.0887	0.0262	NaN	0.0228	0.2152
104.5625	0.0886	0.0262	NaN	0.0228	0.2150
104.5851	0.0887	0.0262	NaN	0.0228	0.2152
104.6090	0.0887	0.0262	NaN	0.0228	0.2152
104.6331	0.0889	0.0262	NaN	0.0228	0.2152
104.6565	0.0890	0.0263	NaN	0.0229	0.2151
104.6799	0.0891	0.0263	NaN	0.0229	0.2149
104.7041	0.0891	0.0263	NaN	0.0229	0.2148
104.7246	0.0892	0.0263	NaN	0.0229	0.2147
104.7509	0.0892	0.0263	NaN	0.0229	0.2148
104.7737	0.0893	0.0263	NaN	0.0229	0.2149
104.7994	0.0893	0.0263	NaN	0.0229	0.2152
104.8248	0.0893	0.0264	NaN	0.0229	0.2154
104.8463	0.0895	0.0264	NaN	0.0230	0.2156
104.8707	0.0896	0.0264	NaN	0.0230	0.2159
104.8924	0.0898	0.0264	NaN	0.0230	0.2163
104.9176	0.0898	0.0264	NaN	0.0230	0.2165
104.9411	0.0899	0.0264	NaN	0.0230	0.2167
104.9651	0.0900	0.0265	NaN	0.0230	0.2171
104.9862	0.0900	0.0265	NaN	0.0230	0.2174
105.0110	0.0900	0.0265	NaN	0.0230	0.2176
105.0330	0.0901	0.0265	NaN	0.0230	0.2177
105.0582	0.0902	0.0265	NaN	0.0230	0.2177
105.0818	0.0903	0.0266	NaN	0.0231	0.2176
105.1045	0.0903	0.0266	NaN	0.0231	0.2177
105.1270	0.0904	0.0266	NaN	0.0231	0.2172
105.1502	0.0903	0.0266	NaN	0.0231	0.2172
105.1737	0.0905	0.0266	NaN	0.0231	0.2171
105.1972	0.0906	0.0266	NaN	0.0231	0.2169
105.2220	0.0907	0.0266	NaN	0.0232	0.2172
105.2449	0.0907	0.0267	NaN	0.0232	0.2171
105.2676	0.0907	0.0266	NaN	0.0232	0.2173
105.2921	0.0907	0.0267	NaN	0.0232	0.2176
105.3146	0.0908	0.0267	NaN	0.0232	0.2181
105.3408	0.0908	0.0267	NaN	0.0232	0.2186
105.3610	0.0907	0.0267	NaN	0.0232	0.2187
105.3863	0.0907	0.0267	NaN	0.0232	0.2191
105.4088	0.0907	0.0267	NaN	0.0232	0.2195
105.4326	0.0907	0.0267	NaN	0.0232	0.2197
105.4539	0.0907	0.0267	NaN	0.0232	0.2199
105.4775	0.0907	0.0267	NaN	0.0233	0.2201
105.5008	0.0907	0.0268	NaN	0.0233	0.2203
105.5268	0.0907	0.0268	NaN	0.0233	0.2202
105.5502	0.0906	0.0267	NaN	0.0233	0.2199
105.5712	0.0905	0.0268	NaN	0.0233	0.2195
105.5963	0.0904	0.0267	NaN	0.0233	0.2191
105.6200	0.0904	0.0268	NaN	0.0233	0.2190
105.6437	0.0905	0.0268	NaN	0.0233	0.2191
105.6664	0.0904	0.0268	NaN	0.0233	0.2193
105.6905	0.0903	0.0268	NaN	0.0233	0.2195
105.7149	0.0902	0.0268	NaN	0.0233	0.2198
105.7389	0.0902	0.0268	NaN	0.0233	0.2204
105.7646	0.0902	0.0268	NaN	0.0233	0.2208
105.7865	0.0902	0.0267	NaN	0.0233	0.2209
105.8121	0.0901	0.0267	NaN	0.0233	0.2211
105.8348	0.0901	0.0267	NaN	0.0233	0.2211
105.8593	0.0902	0.0267	NaN	0.0233	0.2209
105.8817	0.0902	0.0267	NaN	0.0233	0.2205
105.9074	0.0901	0.0267	NaN	0.0232	0.2200
105.9280	0.0901	0.0267	NaN	0.0232	0.2200
105.9523	0.0901	0.0267	NaN	0.0232	0.2197
105.9757	0.0901	0.0267	NaN	0.0232	0.2197
105.9992	0.0901	0.0266	NaN	0.0232	0.2199
106.0237	0.0900	0.0266	NaN	0.0231	0.2203
106.0469	0.0900	0.0266	NaN	0.0231	0.2208
106.0712	0.0900	0.0266	NaN	0.0231	0.2213
106.0939	0.0901	0.0265	NaN	0.0231	0.2216
106.1188	0.0902	0.0265	NaN	0.0230	0.2219
106.1401	0.0902	0.0264	NaN	0.0230	0.2219
106.1642	0.0901	0.0264	NaN	0.0229	0.2215
106.1862	0.0900	0.0263	NaN	0.0229	0.2216
106.2124	0.0898	0.0263	NaN	0.0228	0.2213
106.2359	0.0897	0.0262	NaN	0.0228	0.2211
106.2572	0.0896	0.0262	NaN	0.0227	0.2209
106.2814	0.0896	0.0261	NaN	0.0226	0.2209
106.3045	0.0894	0.0260	NaN	0.0225	0.2212
106.3283	0.0892	0.0259	NaN	0.0225	0.2217
106.3488	0.0891	0.0258	NaN	0.0224	0.2221
106.3696	0.0889	0.0257	NaN	0.0222	0.2225
106.3885	0.0887	0.0256	NaN	0.0222	0.2230
106.4114	0.0885	0.0255	NaN	0.0221	0.2233
106.4341	0.0882	0.0254	NaN	0.0220	0.2235
106.4578	0.0880	0.0253	NaN	0.0219	0.2236
106.4816	0.0877	0.0251	NaN	0.0217	0.2236
106.5036	0.0874	0.0250	NaN	0.0216	0.2234
106.5271	0.0870	0.0248	NaN	0.0215	0.2230
106.5503	0.0867	0.0246	NaN	0.0213	0.2227
106.5747	0.0862	0.0244	NaN	0.0211	0.2226
106.5979	0.0858	0.0243	NaN	0.0210	0.2225
106.6223	0.0854	0.0241	NaN	0.0208	0.2227
106.6438	0.0849	0.0239	NaN	0.0206	0.2229
106.6675	0.0845	0.0237	NaN	0.0204	0.2234
106.6929	0.0841	0.0234	NaN	0.0202	0.2234
106.7145	0.0837	0.0233	NaN	0.0200	0.2238
106.7402	0.0832	0.0230	NaN	0.0198	0.2242
106.7633	0.0828	0.0228	NaN	0.0196	0.2245
106.7879	0.0823	0.0226	NaN	0.0194	0.2247
106.8115	0.0818	0.0224	NaN	0.0192	0.2246
106.8342	0.0813	0.0221	NaN	0.0190	0.2243
106.8581	0.0808	0.0219	NaN	0.0188	0.2238
106.8821	0.0803	0.0216	NaN	0.0185	0.2235
106.9060	0.0797	0.0214	NaN	0.0183	0.2232
106.9267	0.0793	0.0211	NaN	0.0180	0.2232
106.9521	0.0787	0.0208	NaN	0.0178	0.2233
106.9758	0.0782	0.0206	NaN	0.0175	0.2236
106.9998	0.0777	0.0203	NaN	0.0173	0.2238
107.0209	0.0771	0.0200	NaN	0.0170	0.2239
107.0461	0.0766	0.0197	NaN	0.0167	0.2244
107.0677	0.0761	0.0194	NaN	0.0165	0.2246
107.0930	0.0757	0.0192	NaN	0.0163	0.2250
107.1159	0.0752	0.0190	NaN	0.0161	0.2250
107.1395	0.0747	0.0187	NaN	0.0158	0.2249
107.1634	0.0743	0.0185	NaN	0.0156	0.2247
107.1852	0.0737	0.0182	NaN	0.0153	0.2243
107.2114	0.0733	0.0179	NaN	0.0151	0.2239
107.2326	0.0728	0.0177	NaN	0.0148	0.2238
107.2580	0.0723	0.0174	NaN	0.0146	0.2239
107.2803	0.0719	0.0172	NaN	0.0144	0.2243
107.3045	0.0715	0.0169	NaN	0.0141	0.2245
107.3264	0.0712	0.0167	NaN	0.0139	0.2245
107.3515	0.0709	0.0165	NaN	0.0137	0.2250
107.3768	0.0705	0.0163	NaN	0.0135	0.2254
107.3990	0.0703	0.0161	NaN	0.0133	0.2259
107.4239	0.0700	0.0159	NaN	0.0131	0.2263
107.4455	0.0698	0.0157	NaN	0.0130	0.2264
107.4692	0.0696	0.0156	NaN	0.0128	0.2264
107.4918	0.0695	0.0154	NaN	0.0126	0.2262
107.5147	0.0695	0.0152	NaN	0.0125	0.2257
107.5380	0.0695	0.0151	NaN	0.0123	0.2254
107.5631	0.0696	0.0149	NaN	0.0122	0.2253
107.5864	0.0699	0.0148	NaN	0.0120	0.2253
107.6099	0.0705	0.0147	NaN	0.0119	0.2258
107.6338	0.0717	0.0146	NaN	0.0118	0.2261
107.6574	0.0740	0.0146	NaN	0.0117	0.2264
107.6810	0.0789	0.0147	NaN	0.0117	0.2267
107.7034	0.0941	0.0152	NaN	0.0116	0.2271
107.7267	0.1431	0.0169	NaN	0.0116	0.2274
107.7499	0.1150	0.0159	NaN	0.0115	0.2275
107.7743	0.0930	0.0151	NaN	0.0115	0.2276
107.7972	0.0924	0.0150	NaN	0.0115	0.2271
107.8224	0.1010	0.0154	NaN	0.0115	0.2263
107.8461	0.1210	0.0161	NaN	0.0115	0.2261
107.8683	0.1611	0.0175	NaN	0.0115	0.2262
107.8935	0.2413	0.0204	NaN	0.0116	0.2266
107.9163	0.2257	0.0200	NaN	0.0116	0.2272
107.9403	0.1613	0.0177	NaN	0.0117	0.2275
107.9636	0.1620	0.0177	NaN	0.0117	0.2278
107.9874	0.2374	0.0205	NaN	0.0118	0.2281
108.0099	0.2057	0.0195	NaN	0.0119	0.2282
108.0331	0.1426	0.0173	NaN	0.0120	0.2280
108.0552	0.1328	0.0171	NaN	0.0121	0.2278
108.0787	0.1406	0.0175	NaN	0.0122	0.2275
108.1040	0.1177	0.0168	NaN	0.0123	0.2271
108.1259	0.1116	0.0167	NaN	0.0125	0.2270
108.1516	0.1293	0.0175	NaN	0.0126	0.2270
108.1727	0.1406	0.0181	NaN	0.0128	0.2273
108.1973	0.1072	0.0171	NaN	0.0129	0.2278
108.2208	0.0964	0.0168	NaN	0.0131	0.2281
108.2437	0.0969	0.0170	NaN	0.0133	0.2285
108.2671	0.0960	0.0172	NaN	0.0135	0.2290
108.2920	0.0873	0.0171	NaN	0.0138	0.2295
108.3161	0.0843	0.0173	NaN	0.0140	0.2296
108.3391	0.0832	0.0174	NaN	0.0142	0.2295
108.3622	0.0828	0.0176	NaN	0.0145	0.2294
108.3837	0.0827	0.0179	NaN	0.0147	0.2289
108.4082	0.0830	0.0182	NaN	0.0150	0.2288
108.4315	0.0833	0.0184	NaN	0.0152	0.2288
108.4550	0.0837	0.0187	NaN	0.0155	0.2295
108.4789	0.0842	0.0190	NaN	0.0158	0.2298
108.5037	0.0848	0.0194	NaN	0.0161	0.2302
108.5248	0.0853	0.0197	NaN	0.0164	0.2306
108.5504	0.0860	0.0200	NaN	0.0167	0.2311
108.5735	0.0865	0.0203	NaN	0.0169	0.2312
108.5965	0.0870	0.0206	NaN	0.0172	0.2311
108.6219	0.0876	0.0209	NaN	0.0175	0.2308
108.6445	0.0881	0.0212	NaN	0.0178	0.2302
108.6690	0.0887	0.0215	NaN	0.0181	0.2301
108.6915	0.0893	0.0218	NaN	0.0184	0.2301
108.7146	0.0898	0.0221	NaN	0.0186	0.2303
108.7395	0.0904	0.0224	NaN	0.0189	0.2305
108.7641	0.0908	0.0227	NaN	0.0192	0.2307
108.7902	0.0913	0.0229	NaN	0.0194	0.2309
108.8093	0.0917	0.0232	NaN	0.0197	0.2311
108.8344	0.0921	0.0235	NaN	0.0199	0.2312
108.8576	0.0927	0.0238	NaN	0.0202	0.2317
108.8818	0.0932	0.0240	NaN	0.0205	0.2321
108.9056	0.0936	0.0243	NaN	0.0207	0.2321
108.9286	0.0940	0.0246	NaN	0.0210	0.2319
108.9507	0.0944	0.0248	NaN	0.0212	0.2315
108.9759	0.0948	0.0250	NaN	0.0214	0.2310
108.9974	0.0952	0.0252	NaN	0.0216	0.2309
109.0224	0.0955	0.0254	NaN	0.0218	0.2310
109.0473	0.0959	0.0256	NaN	0.0220	0.2312
109.0697	0.0961	0.0258	NaN	0.0221	0.2318
109.0938	0.0963	0.0260	NaN	0.0223	0.2323
109.1152	0.0966	0.0262	NaN	0.0225	0.2328
109.1409	0.0968	0.0264	NaN	0.0227	0.2333
109.1623	0.0971	0.0266	NaN	0.0229	0.2334
109.1870	0.0973	0.0267	NaN	0.0230	0.2334
109.2082	0.0975	0.0269	NaN	0.0231	0.2334
109.2328	0.0977	0.0270	NaN	0.0233	0.2330
109.2573	0.0977	0.0272	NaN	0.0234	0.2327
109.2803	0.0978	0.0273	NaN	0.0235	0.2326
109.3048	0.0978	0.0274	NaN	0.0236	0.2330
109.3264	0.0978	0.0275	NaN	0.0237	0.2336
109.3510	0.0979	0.0276	NaN	0.0238	0.2339
109.3740	0.0978	0.0277	NaN	0.0239	0.2345
109.3981	0.0979	0.0277	NaN	0.0240	0.2348
109.4206	0.0979	0.0278	NaN	0.0241	0.2351
109.4445	0.0979	0.0279	NaN	0.0241	0.2351
109.4685	0.0978	0.0280	NaN	0.0242	0.2347
109.4904	0.0977	0.0280	NaN	0.0242	0.2342
109.5147	0.0977	0.0280	NaN	0.0243	0.2339
109.5387	0.0976	0.0281	NaN	0.0243	0.2340
109.5624	0.0975	0.0281	NaN	0.0244	0.2342
109.5865	0.0974	0.0281	NaN	0.0244	0.2348
109.6109	0.0972	0.0281	NaN	0.0244	0.2351
109.6328	0.0970	0.0282	NaN	0.0244	0.2354
109.6572	0.0969	0.0281	NaN	0.0244	0.2357
109.6806	0.0969	0.0281	NaN	0.0244	0.2359
109.7056	0.0968	0.0281	NaN	0.0244	0.2357
109.7303	0.0966	0.0281	NaN	0.0244	0.2353
109.7529	0.0964	0.0281	NaN	0.0244	0.2349
109.7770	0.0963	0.0281	NaN	0.0244	0.2345
109.7978	0.0961	0.0280	NaN	0.0243	0.2344
109.8236	0.0960	0.0280	NaN	0.0243	0.2346
109.8456	0.0959	0.0279	NaN	0.0242	0.2349
109.8694	0.0959	0.0278	NaN	0.0242	0.2352
109.8926	0.0958	0.0278	NaN	0.0241	0.2356
109.9172	0.0957	0.0277	NaN	0.0241	0.2360
109.9424	0.0956	0.0276	NaN	0.0240	0.2363
109.9633	0.0955	0.0276	NaN	0.0239	0.2363
109.9874	0.0953	0.0275	NaN	0.0238	0.2359
110.0096	0.0951	0.0274	NaN	0.0237	0.2357
110.0337	0.0949	0.0273	NaN	0.0236	0.2354
110.0562	0.0946	0.0272	NaN	0.0236	0.2353
110.0814	0.0944	0.0271	NaN	0.0235	0.2355
110.1035	0.0942	0.0270	NaN	0.0234	0.2360
110.1285	0.0940	0.0269	NaN	0.0233	0.2365
110.1506	0.0937	0.0267	NaN	0.0232	0.2370
110.1757	0.0933	0.0266	NaN	0.0230	0.2374
110.1984	0.0930	0.0265	NaN	0.0229	0.2378
110.2216	0.0926	0.0263	NaN	0.0228	0.2378
110.2455	0.0923	0.0262	NaN	0.0227	0.2374
110.2665	0.0920	0.0261	NaN	0.0225	0.2368
110.2915	0.0916	0.0259	NaN	0.0224	0.2368
110.3135	0.0912	0.0258	NaN	0.0223	0.2373
110.3372	0.0910	0.0257	NaN	0.0222	0.2375
110.3614	0.0906	0.0256	NaN	0.0221	0.2373
110.3849	0.0904	0.0254	NaN	0.0220	0.2371
110.4082	0.0900	0.0253	NaN	0.0219	0.2372
110.4324	0.0896	0.0252	NaN	0.0217	0.2373
110.4567	0.0893	0.0251	NaN	0.0216	0.2372
110.4779	0.0890	0.0249	NaN	0.0215	0.2375
110.5016	0.0887	0.0248	NaN	0.0214	0.2376
110.5257	0.0885	0.0247	NaN	0.0213	0.2378
110.5497	0.0883	0.0245	NaN	0.0212	0.2382
110.5736	0.0881	0.0244	NaN	0.0211	0.2387
110.5982	0.0878	0.0243	NaN	0.0210	0.2391
110.6213	0.0876	0.0242	NaN	0.0209	0.2391
110.6438	0.0874	0.0241	NaN	0.0208	0.2391
110.6705	0.0873	0.0240	NaN	0.0207	0.2390
110.6915	0.0872	0.0239	NaN	0.0205	0.2387
110.7162	0.0872	0.0238	NaN	0.0205	0.2383
110.7382	0.0872	0.0237	NaN	0.0204	0.2381
110.7625	0.0874	0.0237	NaN	0.0203	0.2380
110.7852	0.0875	0.0236	NaN	0.0202	0.2379
110.8093	0.0878	0.0236	NaN	0.0202	0.2382
110.8318	0.0882	0.0235	NaN	0.0201	0.2384
110.8564	0.0889	0.0235	NaN	0.0201	0.2388
110.8797	0.0904	0.0235	NaN	0.0200	0.2392
110.9025	0.0944	0.0236	NaN	0.0200	0.2397
110.9258	0.1107	0.0241	NaN	0.0200	0.2401
110.9496	0.1308	0.0248	NaN	0.0199	0.2404
110.9749	0.1043	0.0238	NaN	0.0199	0.2406
110.9964	0.0953	0.0235	NaN	0.0199	0.2405
111.0209	0.0924	0.0234	NaN	0.0199	0.2403
111.0421	0.0914	0.0234	NaN	0.0199	0.2402
111.0682	0.0912	0.0233	NaN	0.0199	0.2398
111.0899	0.0915	0.0234	NaN	0.0199	0.2395
111.1138	0.0921	0.0234	NaN	0.0199	0.2396
111.1391	0.0929	0.0235	NaN	0.0199	0.2401
111.1617	0.0942	0.0236	NaN	0.0199	0.2409
111.1864	0.0962	0.0237	NaN	0.0200	0.2412
111.2089	0.0992	0.0238	NaN	0.0200	0.2417
111.2330	0.1043	0.0241	NaN	0.0201	0.2419
111.2564	0.1121	0.0244	NaN	0.0202	0.2419
111.2812	0.1294	0.0251	NaN	0.0202	0.2420
111.3046	0.1627	0.0264	NaN	0.0203	0.2423
111.3267	0.1931	0.0275	NaN	0.0204	0.2422
111.3513	0.1556	0.0262	NaN	0.0205	0.2413
111.3727	0.1251	0.0252	NaN	0.0205	0.2410
111.3993	0.1111	0.0248	NaN	0.0206	0.2413
111.4211	0.1057	0.0247	NaN	0.0207	0.2419
111.4476	0.1039	0.0247	NaN	0.0208	0.2423
111.4698	0.1042	0.0248	NaN	0.0209	0.2428
111.4968	0.1077	0.0251	NaN	0.0210	0.2429
111.5209	0.1052	0.0295	NaN	0.0255	0.2423
111.5469	0.1051	0.0295	NaN	0.0255	0.2426
111.5688	0.1050	0.0297	NaN	0.0257	0.2427
111.5932	0.1048	0.0298	NaN	0.0258	0.2424
111.6159	0.1047	0.0300	NaN	0.0260	0.2423
111.6394	0.1048	0.0300	NaN	0.0260	0.2420
111.6632	0.1041	0.0299	NaN	0.0259	0.2411
111.6862	0.1039	0.0299	NaN	0.0259	0.2410
111.7103	0.1041	0.0300	NaN	0.0260	0.2414
111.7344	0.1043	0.0301	NaN	0.0261	0.2420
111.7578	0.1044	0.0302	NaN	0.0262	0.2423
111.7804	0.1045	0.0302	NaN	0.0262	0.2426
111.8049	0.1047	0.0303	NaN	0.0263	0.2429
111.8276	0.1048	0.0304	NaN	0.0264	0.2433
111.8513	0.1050	0.0304	NaN	0.0264	0.2436
111.8764	0.1052	0.0305	NaN	0.0264	0.2440
111.8977	0.1053	0.0305	NaN	0.0265	0.2443
111.9225	0.1054	0.0305	NaN	0.0265	0.2442
111.9464	0.1045	0.0302	NaN	0.0262	0.2416
111.9699	0.1051	0.0303	NaN	0.0263	0.2418
111.9909	0.1054	0.0304	NaN	0.0264	0.2422
112.0151	0.1056	0.0305	NaN	0.0265	0.2426
112.0399	0.1058	0.0305	NaN	0.0265	0.2430
112.0618	0.1059	0.0306	NaN	0.0265	0.2434
112.0870	0.1061	0.0307	NaN	0.0266	0.2437
112.1112	0.1062	0.0307	NaN	0.0266	0.2441
112.1338	0.1063	0.0307	NaN	0.0267	0.2443
112.1560	0.1064	0.0308	NaN	0.0267	0.2445
112.1827	0.1062	0.0307	NaN	0.0266	0.2439
112.2035	0.1059	0.0306	NaN	0.0266	0.2435
112.2272	0.1062	0.0307	NaN	0.0266	0.2440
112.2507	0.1063	0.0308	NaN	0.0267	0.2442
112.2753	0.1064	0.0308	NaN	0.0267	0.2443
112.2992	0.1065	0.0309	NaN	0.0268	0.2445
112.3208	0.1066	0.0309	NaN	0.0268	0.2447
112.3455	0.1068	0.0309	NaN	0.0269	0.2449
112.3672	0.1070	0.0310	NaN	0.0269	0.2452
112.3924	0.1072	0.0310	NaN	0.0269	0.2455
112.4152	0.1076	0.0311	NaN	0.0269	0.2457
112.4394	0.1078	0.0311	NaN	0.0270	0.2459
112.4633	0.1079	0.0312	NaN	0.0270	0.2462
112.4882	0.1082	0.0312	NaN	0.0271	0.2467
112.5109	0.1084	0.0312	NaN	0.0271	0.2471
112.5339	0.1085	0.0313	NaN	0.0271	0.2474
112.5578	0.1086	0.0313	NaN	0.0272	0.2476
112.5798	0.1089	0.0314	NaN	0.0272	0.2478
112.6033	0.1091	0.0314	NaN	0.0273	0.2481
112.6276	0.1094	0.0315	NaN	0.0273	0.2482
112.6522	0.1095	0.0315	NaN	0.0273	0.2483
112.6742	0.1096	0.0315	NaN	0.0273	0.2485
112.6978	0.1097	0.0316	NaN	0.0274	0.2487
112.7217	0.1098	0.0316	NaN	0.0274	0.2489
112.7457	0.1102	0.0317	NaN	0.0275	0.2491
112.7701	0.1103	0.0317	NaN	0.0275	0.2495
112.7920	0.1104	0.0317	NaN	0.0275	0.2495
112.8157	0.1106	0.0318	NaN	0.0276	0.2497
112.8378	0.1108	0.0318	NaN	0.0276	0.2502
112.8621	0.1108	0.0319	NaN	0.0276	0.2506
112.8860	0.1109	0.0319	NaN	0.0277	0.2507
112.9101	0.1110	0.0319	NaN	0.0277	0.2510
112.9338	0.1110	0.0319	NaN	0.0277	0.2503
112.9567	0.1111	0.0320	NaN	0.0277	0.2497
112.9808	0.1111	0.0320	NaN	0.0278	0.2496
113.0043	0.1111	0.0320	NaN	0.0278	0.2500
113.0285	0.1111	0.0320	NaN	0.0278	0.2509
113.0518	0.1113	0.0321	NaN	0.0278	0.2517
113.0763	0.1114	0.0321	NaN	0.0278	0.2525
113.0994	0.1114	0.0321	NaN	0.0279	0.2527
113.1234	0.1111	0.0321	NaN	0.0279	0.2525
113.1471	0.1110	0.0321	NaN	0.0279	0.2518
113.1700	0.1108	0.0321	NaN	0.0279	0.2514
113.1915	0.1107	0.0321	NaN	0.0279	0.2514
113.2153	0.1107	0.0321	NaN	0.0279	0.2522
113.2398	0.1108	0.0322	NaN	0.0280	0.2532
113.2631	0.1108	0.0322	NaN	0.0280	0.2538
113.2872	0.1106	0.0322	NaN	0.0280	0.2540
113.3091	0.1106	0.0322	NaN	0.0280	0.2539
113.3335	0.1107	0.0322	NaN	0.0280	0.2529
113.3580	0.1109	0.0322	NaN	0.0280	0.2522
113.3819	0.1109	0.0323	NaN	0.0280	0.2522
113.4067	0.1112	0.0323	NaN	0.0281	0.2526
113.4295	0.1112	0.0323	NaN	0.0281	0.2528
113.4529	0.1115	0.0323	NaN	0.0281	0.2529
113.4765	0.1118	0.0323	NaN	0.0281	0.2536
113.4989	0.1120	0.0323	NaN	0.0281	0.2542
113.5205	0.1123	0.0324	NaN	0.0281	0.2544
113.5461	0.1126	0.0324	NaN	0.0281	0.2541
113.5677	0.1126	0.0324	NaN	0.0281	0.2532
113.5929	0.1124	0.0324	NaN	0.0282	0.2525
113.6153	0.1123	0.0324	NaN	0.0282	0.2528
113.6392	0.1126	0.0324	NaN	0.0282	0.2540
113.6611	0.1127	0.0325	NaN	0.0282	0.2550
113.6857	0.1126	0.0325	NaN	0.0282	0.2551
113.7097	0.1124	0.0325	NaN	0.0282	0.2543
113.7320	0.1121	0.0325	NaN	0.0283	0.2535
113.7573	0.1120	0.0325	NaN	0.0283	0.2541
113.7790	0.1120	0.0325	NaN	0.0283	0.2551
113.8038	0.1120	0.0326	NaN	0.0283	0.2562
113.8257	0.1121	0.0326	NaN	0.0283	0.2565
113.8511	0.1120	0.0326	NaN	0.0283	0.2553
113.8747	0.1120	0.0326	NaN	0.0284	0.2547
113.8994	0.1121	0.0326	NaN	0.0284	0.2547
113.9232	0.1122	0.0326	NaN	0.0284	0.2553
113.9456	0.1123	0.0326	NaN	0.0284	0.2564
113.9697	0.1125	0.0326	NaN	0.0284	0.2568
113.9916	0.1127	0.0327	NaN	0.0284	0.2560
114.0168	0.1127	0.0327	NaN	0.0284	0.2550
114.0405	0.1130	0.0327	NaN	0.0284	0.2546
114.0639	0.1132	0.0327	NaN	0.0284	0.2549
114.0870	0.1134	0.0327	NaN	0.0284	0.2555
114.1108	0.1134	0.0327	NaN	0.0285	0.2562
114.1338	0.1135	0.0327	NaN	0.0285	0.2568
114.1578	0.1135	0.0328	NaN	0.0285	0.2573
114.1837	0.1135	0.0328	NaN	0.0285	0.2571
114.2035	0.1135	0.0328	NaN	0.0285	0.2562
114.2278	0.1134	0.0328	NaN	0.0285	0.2557
114.2516	0.1134	0.0329	NaN	0.0286	0.2566
114.2746	0.1134	0.0329	NaN	0.0286	0.2579
114.2984	0.1132	0.0329	NaN	0.0286	0.2586
114.3228	0.1130	0.0329	NaN	0.0286	0.2582
114.3449	0.1130	0.0329	NaN	0.0286	0.2573
114.3684	0.1130	0.0329	NaN	0.0286	0.2570
114.3935	0.1130	0.0329	NaN	0.0286	0.2577
114.4150	0.1130	0.0329	NaN	0.0286	0.2585
114.4388	0.1131	0.0329	NaN	0.0287	0.2593
114.4615	0.1133	0.0330	NaN	0.0287	0.2593
114.4859	0.1135	0.0330	NaN	0.0287	0.2587
114.5105	0.1137	0.0330	NaN	0.0287	0.2578
114.5332	0.1139	0.0330	NaN	0.0287	0.2572
114.5544	0.1141	0.0330	NaN	0.0287	0.2573
114.5784	0.1143	0.0330	NaN	0.0287	0.2580
114.6013	0.1143	0.0330	NaN	0.0287	0.2587
114.6256	0.1144	0.0330	NaN	0.0287	0.2594
114.6498	0.1140	0.0331	NaN	0.0287	0.2590
114.6734	0.1142	0.0331	NaN	0.0288	0.2581
114.6967	0.1145	0.0331	NaN	0.0288	0.2576
114.7196	0.1145	0.0331	NaN	0.0288	0.2580
114.7448	0.1146	0.0331	NaN	0.0288	0.2586
114.7683	0.1146	0.0331	NaN	0.0288	0.2595
114.7924	0.1145	0.0332	NaN	0.0288	0.2601
114.8150	0.1143	0.0332	NaN	0.0288	0.2608
114.8403	0.1143	0.0332	NaN	0.0289	0.2603
114.8640	0.1144	0.0332	NaN	0.0289	0.2594
114.8869	0.1143	0.0332	NaN	0.0289	0.2589
114.9097	0.1142	0.0332	NaN	0.0289	0.2592
114.9313	0.1142	0.0332	NaN	0.0289	0.2600
114.9555	0.1141	0.0332	NaN	0.0289	0.2610
114.9790	0.1141	0.0332	NaN	0.0289	0.2618
115.0028	0.1141	0.0333	NaN	0.0289	0.2621
115.0256	0.1142	0.0333	NaN	0.0290	0.2618
115.0508	0.1145	0.0333	NaN	0.0290	0.2607
115.0747	0.1152	0.0333	NaN	0.0290	0.2600
115.0988	0.1153	0.0333	NaN	0.0290	0.2602
115.1226	0.1152	0.0333	NaN	0.0290	0.2608
115.1446	0.1153	0.0334	NaN	0.0290	0.2614
115.1704	0.1153	0.0334	NaN	0.0290	0.2621
115.1916	0.1155	0.0334	NaN	0.0290	0.2622
115.2162	0.1159	0.0334	NaN	0.0290	0.2617
115.2377	0.1160	0.0334	NaN	0.0290	0.2606
115.2621	0.1161	0.0334	NaN	0.0291	0.2601
115.2855	0.1161	0.0335	NaN	0.0291	0.2602
115.3105	0.1160	0.0335	NaN	0.0291	0.2611
115.3349	0.1160	0.0335	NaN	0.0291	0.2622
115.3562	0.1160	0.0335	NaN	0.0291	0.2630
115.3792	0.1157	0.0335	NaN	0.0291	0.2632
115.4023	0.1157	0.0335	NaN	0.0291	0.2631
115.4268	0.1156	0.0335	NaN	0.0292	0.2621
115.4488	0.1155	0.0335	NaN	0.0292	0.2615
115.4742	0.1154	0.0336	NaN	0.0292	0.2617
115.4955	0.1153	0.0335	NaN	0.0292	0.2620
115.5216	0.1154	0.0336	NaN	0.0292	0.2631
115.5461	0.1155	0.0336	NaN	0.0292	0.2637
115.5679	0.1155	0.0336	NaN	0.0292	0.2643
115.5918	0.1155	0.0336	NaN	0.0292	0.2643
115.6123	0.1155	0.0336	NaN	0.0292	0.2634
115.6367	0.1158	0.0336	NaN	0.0292	0.2625
115.6591	0.1160	0.0336	NaN	0.0293	0.2621
115.6843	0.1163	0.0337	NaN	0.0293	0.2624
115.7062	0.1112	0.0315	NaN	0.0273	0.2491
115.7313	0.1106	0.0314	NaN	0.0272	0.2492
115.7539	0.1106	0.0315	NaN	0.0273	0.2498
115.7784	0.1110	0.0315	NaN	0.0273	0.2488
115.8043	0.1110	0.0316	NaN	0.0273	0.2509
115.8271	0.1111	0.0316	NaN	0.0274	0.2505
115.8514	0.1108	0.0316	NaN	0.0274	0.2504
115.8742	0.1106	0.0317	NaN	0.0274	0.2526
115.8969	0.1107	0.0317	NaN	0.0275	0.2519
115.9180	0.1106	0.0317	NaN	0.0275	0.2508
115.9436	0.1105	0.0317	NaN	0.0275	0.2519
115.9657	0.1106	0.0317	NaN	0.0275	0.2528
115.9919	0.1110	0.0317	NaN	0.0275	0.2533
116.0149	0.1113	0.0318	NaN	0.0275	0.2527
116.0385	0.1113	0.0318	NaN	0.0276	0.2513
116.0630	0.1115	0.0318	NaN	0.0276	0.2517
116.0840	0.1116	0.0318	NaN	0.0276	0.2527
116.1090	0.1116	0.0319	NaN	0.0276	0.2538
116.1330	0.1117	0.0319	NaN	0.0276	0.2544
116.1562	0.1118	0.0319	NaN	0.0277	0.2544
116.1779	0.1118	0.0319	NaN	0.0277	0.2537
116.2047	0.1119	0.0319	NaN	0.0277	0.2530
116.2269	0.1120	0.0320	NaN	0.0277	0.2535
116.2506	0.1121	0.0320	NaN	0.0277	0.2546
116.2732	0.1122	0.0320	NaN	0.0277	0.2557
116.2961	0.1122	0.0320	NaN	0.0278	0.2563
116.3201	0.1122	0.0320	NaN	0.0278	0.2564
116.3420	0.1122	0.0321	NaN	0.0278	0.2558
116.3667	0.1121	0.0321	NaN	0.0278	0.2549
116.3907	0.1122	0.0321	NaN	0.0278	0.2547
116.4143	0.1123	0.0321	NaN	0.0278	0.2553
116.4359	0.1123	0.0321	NaN	0.0279	0.2562
116.4592	0.1123	0.0322	NaN	0.0279	0.2570
116.4839	0.1123	0.0322	NaN	0.0279	0.2574
116.5061	0.1122	0.0322	NaN	0.0279	0.2576
116.5302	0.1123	0.0322	NaN	0.0279	0.2571
116.5537	0.1124	0.0322	NaN	0.0279	0.2564
116.5773	0.1126	0.0322	NaN	0.0280	0.2556
116.6000	0.1128	0.0323	NaN	0.0280	0.2555
116.6234	0.1130	0.0323	NaN	0.0280	0.2561
116.6438	0.1129	0.0323	NaN	0.0280	0.2569
116.6648	0.1128	0.0323	NaN	0.0280	0.2578
116.6826	0.1127	0.0323	NaN	0.0280	0.2584
116.7029	0.1128	0.0323	NaN	0.0280	0.2586
116.7265	0.1130	0.0324	NaN	0.0281	0.2584
116.7490	0.1131	0.0324	NaN	0.0281	0.2577
116.7722	0.1132	0.0324	NaN	0.0281	0.2575
116.7945	0.1133	0.0324	NaN	0.0281	0.2570
116.8176	0.1133	0.0324	NaN	0.0281	0.2571
116.8403	0.1134	0.0325	NaN	0.0281	0.2576
116.8661	0.1134	0.0325	NaN	0.0282	0.2585
116.8886	0.1135	0.0325	NaN	0.0282	0.2595
116.9108	0.1135	0.0325	NaN	0.0282	0.2605
116.9363	0.1135	0.0325	NaN	0.0282	0.2609
116.9587	0.1136	0.0326	NaN	0.0283	0.2608
116.9832	0.1136	0.0326	NaN	0.0283	0.2605
117.0041	0.1136	0.0326	NaN	0.0283	0.2598
117.0291	0.1136	0.0326	NaN	0.0283	0.2593
117.0531	0.1135	0.0326	NaN	0.0283	0.2596
117.0770	0.1136	0.0326	NaN	0.0283	0.2604
117.0997	0.1136	0.0327	NaN	0.0284	0.2612
117.1243	0.1136	0.0327	NaN	0.0284	0.2618
117.1459	0.1137	0.0327	NaN	0.0284	0.2623
117.1700	0.1137	0.0327	NaN	0.0284	0.2621
117.1958	0.1138	0.0327	NaN	0.0284	0.2618
117.2189	0.1139	0.0327	NaN	0.0284	0.2610
117.2440	0.1142	0.0328	NaN	0.0285	0.2603
117.2659	0.1145	0.0328	NaN	0.0284	0.2600
117.2895	0.1145	0.0328	NaN	0.0285	0.2609
117.3137	0.1146	0.0328	NaN	0.0285	0.2618
117.3361	0.1146	0.0328	NaN	0.0285	0.2626
117.3600	0.1148	0.0328	NaN	0.0285	0.2629
117.3848	0.1149	0.0329	NaN	0.0285	0.2626
117.4102	0.1151	0.0329	NaN	0.0285	0.2626
117.4325	0.1151	0.0329	NaN	0.0286	0.2625
117.4565	0.1153	0.0329	NaN	0.0286	0.2617
117.4796	0.1155	0.0329	NaN	0.0286	0.2613
117.5027	0.1155	0.0329	NaN	0.0286	0.2620
117.5258	0.1155	0.0329	NaN	0.0286	0.2624
117.5493	0.1156	0.0330	NaN	0.0286	0.2632
117.5705	0.1157	0.0330	NaN	0.0286	0.2639
117.5950	0.1159	0.0330	NaN	0.0286	0.2646
117.6198	0.1160	0.0330	NaN	0.0286	0.2649
117.6422	0.1161	0.0330	NaN	0.0286	0.2647
117.6663	0.1161	0.0331	NaN	0.0287	0.2640
117.6887	0.1161	0.0330	NaN	0.0287	0.2636
117.7132	0.1161	0.0330	NaN	0.0287	0.2634
117.7351	0.1163	0.0331	NaN	0.0287	0.2638
117.7603	0.1163	0.0331	NaN	0.0287	0.2647
117.7809	0.1161	0.0331	NaN	0.0287	0.2653
117.8048	0.1160	0.0331	NaN	0.0287	0.2661
117.8277	0.1161	0.0331	NaN	0.0287	0.2667
117.8512	0.1162	0.0331	NaN	0.0287	0.2669
117.8767	0.1163	0.0331	NaN	0.0287	0.2666
117.8995	0.1163	0.0331	NaN	0.0287	0.2655
117.9232	0.1163	0.0330	NaN	0.0287	0.2649
117.9447	0.1165	0.0331	NaN	0.0287	0.2649
117.9701	0.1166	0.0330	NaN	0.0286	0.2652
117.9942	0.1167	0.0330	NaN	0.0286	0.2659
118.0170	0.1168	0.0330	NaN	0.0286	0.2668
118.0387	0.1170	0.0330	NaN	0.0286	0.2672
118.0637	0.1171	0.0330	NaN	0.0286	0.2677
118.0874	0.1172	0.0330	NaN	0.0285	0.2678
118.1098	0.1175	0.0329	NaN	0.0285	0.2672
118.1349	0.1178	0.0329	NaN	0.0285	0.2664
118.1561	0.1180	0.0329	NaN	0.0284	0.2657
118.1803	0.1181	0.0329	NaN	0.0284	0.2657
118.2062	0.1185	0.0328	NaN	0.0284	0.2663
118.2315	0.1187	0.0328	NaN	0.0283	0.2670
118.2539	0.1189	0.0328	NaN	0.0283	0.2678
118.2774	0.1193	0.0327	NaN	0.0282	0.2687
118.2994	0.1193	0.0327	NaN	0.0282	0.2692
118.3226	0.1200	0.0326	NaN	0.0281	0.2694
118.3491	0.1200	0.0326	NaN	0.0281	0.2689
118.3706	0.1204	0.0325	NaN	0.0280	0.2680
118.3950	0.1206	0.0325	NaN	0.0279	0.2677
118.4165	0.1209	0.0324	NaN	0.0279	0.2678
118.4403	0.1210	0.0324	NaN	0.0278	0.2685
118.4626	0.1212	0.0323	NaN	0.0277	0.2691
118.4875	0.1214	0.0323	NaN	0.0277	0.2699
118.5115	0.1213	0.0322	NaN	0.0276	0.2710
118.5341	0.1213	0.0321	NaN	0.0275	0.2714
118.5590	0.1214	0.0321	NaN	0.0274	0.2712
118.5810	0.1216	0.0320	NaN	0.0274	0.2705
118.6055	0.1217	0.0319	NaN	0.0273	0.2695
118.6285	0.1218	0.0318	NaN	0.0272	0.2692
118.6517	0.1218	0.0318	NaN	0.0271	0.2694
118.6751	0.1222	0.0317	NaN	0.0270	0.2705
118.7001	0.1225	0.0316	NaN	0.0270	0.2708
118.7234	0.1227	0.0315	NaN	0.0269	0.2710
118.7469	0.1230	0.0315	NaN	0.0268	0.2715
118.7693	0.1234	0.0314	NaN	0.0267	0.2721
118.7935	0.1238	0.0314	NaN	0.0267	0.2722
118.8177	0.1245	0.0313	NaN	0.0266	0.2717
118.8407	0.1253	0.0313	NaN	0.0265	0.2714
118.8641	0.1267	0.0313	NaN	0.0265	0.2709
118.8878	0.1289	0.0313	NaN	0.0264	0.2704
118.9131	0.1338	0.0314	NaN	0.0263	0.2704
118.9339	0.1428	0.0317	NaN	0.0263	0.2707
118.9593	0.1487	0.0318	NaN	0.0263	0.2715
118.9840	0.1389	0.0314	NaN	0.0262	0.2716
119.0077	0.1338	0.0312	NaN	0.0262	0.2724
119.0327	0.1323	0.0311	NaN	0.0261	0.2736
119.0553	0.1334	0.0311	NaN	0.0261	0.2741
119.0799	0.1374	0.0312	NaN	0.0261	0.2745
119.1012	0.1465	0.0315	NaN	0.0260	0.2747
119.1254	0.1676	0.0323	NaN	0.0260	0.2745
119.1469	0.1715	0.0324	NaN	0.0260	0.2743
119.1726	0.1519	0.0317	NaN	0.0260	0.2731
119.1952	0.1476	0.0315	NaN	0.0260	0.2733
119.2190	0.1500	0.0316	NaN	0.0260	0.2742
119.2402	0.1423	0.0314	NaN	0.0260	0.2751
119.2649	0.1366	0.0312	NaN	0.0260	0.2757
119.2875	0.1373	0.0312	NaN	0.0261	0.2760
119.3107	0.1438	0.0315	NaN	0.0261	0.2754
119.3356	0.1384	0.0313	NaN	0.0261	0.2748
119.3579	0.1377	0.0313	NaN	0.0262	0.2740
119.3833	0.1460	0.0317	NaN	0.0262	0.2739
119.4053	0.1462	0.0318	NaN	0.0263	0.2739
119.4302	0.1301	0.0313	NaN	0.0263	0.2743
119.4526	0.1227	0.0311	NaN	0.0264	0.2751
119.4757	0.1168	0.0309	NaN	0.0265	0.2759
119.5006	0.1192	0.0311	NaN	0.0265	0.2766
119.5237	0.1213	0.0312	NaN	0.0266	0.2768
119.5474	0.1213	0.0313	NaN	0.0267	0.2763
119.5705	0.1210	0.0314	NaN	0.0268	0.2755
119.5946	0.1207	0.0315	NaN	0.0269	0.2746
119.6184	0.1205	0.0316	NaN	0.0270	0.2747
119.6429	0.1203	0.0317	NaN	0.0271	0.2756
119.6638	0.1201	0.0318	NaN	0.0272	0.2764
119.6878	0.1200	0.0319	NaN	0.0273	0.2772
119.7094	0.1200	0.0320	NaN	0.0275	0.2778
119.7350	0.1198	0.0321	NaN	0.0276	0.2782
119.7575	0.1198	0.0322	NaN	0.0277	0.2786
119.7820	0.1198	0.0324	NaN	0.0278	0.2787
119.8058	0.1197	0.0325	NaN	0.0280	0.2783
119.8276	0.1195	0.0326	NaN	0.0281	0.2773
119.8522	0.1195	0.0327	NaN	0.0282	0.2767
119.8746	0.1194	0.0328	NaN	0.0283	0.2770
119.8991	0.1192	0.0329	NaN	0.0284	0.2779
119.9209	0.1191	0.0330	NaN	0.0285	0.2789
119.9492	0.1190	0.0331	NaN	0.0286	0.2799
119.9732	0.1189	0.0332	NaN	0.0287	0.2804
119.9968	0.1187	0.0333	NaN	0.0289	0.2804
120.0217	0.1186	0.0334	NaN	0.0289	0.2796
120.0439	0.1185	0.0335	NaN	0.0290	0.2786
120.0682	0.1186	0.0336	NaN	0.0292	0.2780
120.0899	0.1187	0.0338	NaN	0.0292	0.2782
120.1167	0.1188	0.0338	NaN	0.0293	0.2787
120.1371	0.1188	0.0340	NaN	0.0294	0.2798
120.1623	0.1189	0.0340	NaN	0.0295	0.2808
120.1828	0.1190	0.0341	NaN	0.0296	0.2811
120.2093	0.1189	0.0342	NaN	0.0297	0.2810
120.2323	0.1190	0.0343	NaN	0.0298	0.2804
120.2555	0.1192	0.0344	NaN	0.0298	0.2798
120.2802	0.1192	0.0344	NaN	0.0299	0.2794
120.3022	0.1193	0.0345	NaN	0.0300	0.2792
120.3258	0.1194	0.0346	NaN	0.0300	0.2787
120.3467	0.1196	0.0346	NaN	0.0301	0.2790
120.3718	0.1198	0.0347	NaN	0.0302	0.2800
120.3958	0.1200	0.0348	NaN	0.0302	0.2812
120.4189	0.1199	0.0348	NaN	0.0303	0.2820
120.4424	0.1198	0.0349	NaN	0.0303	0.2823
120.4648	0.1199	0.0349	NaN	0.0304	0.2815
120.4875	0.1200	0.0350	NaN	0.0304	0.2805
120.5098	0.1201	0.0350	NaN	0.0305	0.2804
120.5329	0.1202	0.0351	NaN	0.0305	0.2813
120.5565	0.1203	0.0351	NaN	0.0306	0.2828
120.5811	0.1202	0.0352	NaN	0.0306	0.2839
120.6033	0.1200	0.0352	NaN	0.0307	0.2841
120.6287	0.1200	0.0352	NaN	0.0307	0.2837
120.6522	0.1201	0.0353	NaN	0.0307	0.2827
120.6741	0.1200	0.0353	NaN	0.0307	0.2818
120.6988	0.1198	0.0353	NaN	0.0308	0.2817
120.7214	0.1198	0.0353	NaN	0.0308	0.2824
120.7451	0.1199	0.0354	NaN	0.0308	0.2836
120.7664	0.1199	0.0354	NaN	0.0309	0.2845
120.7928	0.1199	0.0354	NaN	0.0309	0.2850
120.8149	0.1200	0.0355	NaN	0.0309	0.2847
120.8390	0.1201	0.0355	NaN	0.0309	0.2839
120.8614	0.1202	0.0355	NaN	0.0309	0.2826
120.8851	0.1203	0.0355	NaN	0.0310	0.2820
120.9091	0.1203	0.0355	NaN	0.0310	0.2825
120.9346	0.1205	0.0356	NaN	0.0310	0.2835
120.9589	0.1205	0.0356	NaN	0.0310	0.2845
120.9800	0.1207	0.0356	NaN	0.0311	0.2852
121.0031	0.1209	0.0356	NaN	0.0311	0.2854
121.0248	0.1210	0.0356	NaN	0.0311	0.2852
121.0492	0.1212	0.0357	NaN	0.0311	0.2845
121.0723	0.1213	0.0357	NaN	0.0311	0.2837
121.0965	0.1215	0.0357	NaN	0.0311	0.2832
121.1195	0.1217	0.0358	NaN	0.0311	0.2834
121.1427	0.1217	0.0358	NaN	0.0312	0.2841
121.1673	0.1218	0.0358	NaN	0.0312	0.2850
121.1903	0.1219	0.0358	NaN	0.0312	0.2859
121.2142	0.1220	0.0359	NaN	0.0312	0.2869
121.2373	0.1221	0.0359	NaN	0.0312	0.2872
121.2617	0.1221	0.0359	NaN	0.0313	0.2869
121.2839	0.1221	0.0359	NaN	0.0313	0.2863
121.3100	0.1221	0.0359	NaN	0.0313	0.2853
121.3317	0.1221	0.0359	NaN	0.0313	0.2852
121.3554	0.1222	0.0360	NaN	0.0313	0.2862
121.3803	0.1221	0.0360	NaN	0.0313	0.2875
121.4010	0.1217	0.0360	NaN	0.0314	0.2883
121.4261	0.1215	0.0360	NaN	0.0314	0.2887
121.4476	0.1215	0.0360	NaN	0.0314	0.2886
121.4718	0.1216	0.0360	NaN	0.0314	0.2878
121.4948	0.1217	0.0360	NaN	0.0314	0.2862
121.5194	0.1217	0.0361	NaN	0.0315	0.2862
121.5423	0.1218	0.0361	NaN	0.0315	0.2867
121.5663	0.1219	0.0361	NaN	0.0315	0.2877
121.5916	0.1219	0.0361	NaN	0.0315	0.2885
121.6142	0.1220	0.0361	NaN	0.0315	0.2887
121.6388	0.1221	0.0361	NaN	0.0315	0.2888
121.6612	0.1222	0.0362	NaN	0.0315	0.2881
121.6845	0.1224	0.0362	NaN	0.0315	0.2873
121.7058	0.1225	0.0362	NaN	0.0316	0.2870
121.7299	0.1226	0.0362	NaN	0.0316	0.2864
121.7536	0.1227	0.0362	NaN	0.0316	0.2867
121.7817	0.1229	0.0363	NaN	0.0316	0.2877
121.8087	0.1230	0.0363	NaN	0.0316	0.2881
121.8342	0.1232	0.0363	NaN	0.0317	0.2896
121.8576	0.1233	0.0363	NaN	0.0317	0.2901
121.8804	0.1232	0.0363	NaN	0.0317	0.2902
121.9040	0.1234	0.0364	NaN	0.0317	0.2902
121.9252	0.1235	0.0364	NaN	0.0317	0.2897
121.9491	0.1237	0.0364	NaN	0.0317	0.2887
121.9706	0.1237	0.0364	NaN	0.0317	0.2883
121.9955	0.1235	0.0364	NaN	0.0318	0.2890
122.0172	0.1234	0.0365	NaN	0.0318	0.2901
122.0405	0.1234	0.0365	NaN	0.0318	0.2908
122.0653	0.1234	0.0365	NaN	0.0318	0.2916
122.0867	0.1234	0.0365	NaN	0.0318	0.2920
122.1126	0.1234	0.0365	NaN	0.0319	0.2914
122.1353	0.1234	0.0365	NaN	0.0319	0.2914
122.1604	0.1235	0.0365	NaN	0.0319	0.2906
122.1821	0.1236	0.0366	NaN	0.0319	0.2899
122.2072	0.1237	0.0366	NaN	0.0319	0.2896
122.2301	0.1238	0.0366	NaN	0.0319	0.2906
122.2570	0.1239	0.0366	NaN	0.0319	0.2917
122.2769	0.1240	0.0366	NaN	0.0319	0.2918
122.3021	0.1241	0.0366	NaN	0.0320	0.2924
122.3264	0.1243	0.0367	NaN	0.0320	0.2926
122.3485	0.1244	0.0367	NaN	0.0320	0.2919
122.3723	0.1245	0.0367	NaN	0.0320	0.2909
122.3948	0.1246	0.0367	NaN	0.0320	0.2903
122.4183	0.1246	0.0367	NaN	0.0321	0.2900
122.4436	0.1248	0.0368	NaN	0.0321	0.2900
122.4690	0.1250	0.0368	NaN	0.0321	0.2906
122.4906	0.1251	0.0368	NaN	0.0321	0.2916
122.5156	0.1253	0.0368	NaN	0.0321	0.2926
122.5407	0.1255	0.0369	NaN	0.0321	0.2935
122.5630	0.1255	0.0369	NaN	0.0321	0.2936
122.5868	0.1255	0.0369	NaN	0.0321	0.2934
122.6084	0.1256	0.0369	NaN	0.0322	0.2920
122.6323	0.1257	0.0369	NaN	0.0322	0.2916
122.6556	0.1257	0.0369	NaN	0.0322	0.2919
122.6811	0.1257	0.0370	NaN	0.0322	0.2926
122.7031	0.1256	0.0370	NaN	0.0322	0.2936
122.7289	0.1255	0.0370	NaN	0.0323	0.2949
122.7502	0.1257	0.0370	NaN	0.0323	0.2952
122.7744	0.1256	0.0370	NaN	0.0323	0.2953
122.7980	0.1255	0.0370	NaN	0.0323	0.2945
122.8228	0.1255	0.0370	NaN	0.0323	0.2945
122.8455	0.1255	0.0370	NaN	0.0323	0.2940
122.8668	0.1256	0.0370	NaN	0.0323	0.2931
122.8908	0.1256	0.0371	NaN	0.0323	0.2934
122.9129	0.1258	0.0371	NaN	0.0324	0.2939
122.9376	0.1260	0.0371	NaN	0.0324	0.2946
122.9605	0.1259	0.0371	NaN	0.0324	0.2960
122.9847	0.1260	0.0371	NaN	0.0324	0.2963
123.0079	0.1260	0.0372	NaN	0.0324	0.2962
123.0309	0.1260	0.0372	NaN	0.0324	0.2954
123.0531	0.1260	0.0372	NaN	0.0324	0.2945
123.0758	0.1261	0.0372	NaN	0.0324	0.2935
123.0988	0.1262	0.0372	NaN	0.0325	0.2936
123.1219	0.1263	0.0372	NaN	0.0324	0.2939
123.1478	0.1265	0.0372	NaN	0.0325	0.2949
123.1701	0.1266	0.0372	NaN	0.0325	0.2962
123.1940	0.1267	0.0373	NaN	0.0325	0.2965
123.2175	0.1267	0.0373	NaN	0.0325	0.2962
123.2399	0.1268	0.0373	NaN	0.0325	0.2947
123.2663	0.1270	0.0373	NaN	0.0325	0.2942
123.2888	0.1274	0.0373	NaN	0.0325	0.2948
123.3127	0.1276	0.0373	NaN	0.0325	0.2960
123.3356	0.1277	0.0373	NaN	0.0325	0.2969
123.3587	0.1278	0.0373	NaN	0.0325	0.2974
123.3819	0.1279	0.0373	NaN	0.0325	0.2980
123.4065	0.1278	0.0372	NaN	0.0324	0.2975
123.4290	0.1279	0.0372	NaN	0.0324	0.2962
123.4545	0.1279	0.0372	NaN	0.0324	0.2958
123.4796	0.1281	0.0372	NaN	0.0323	0.2960
123.5028	0.1280	0.0371	NaN	0.0323	0.2961
123.5252	0.1280	0.0371	NaN	0.0323	0.2966
123.5468	0.1280	0.0371	NaN	0.0323	0.2976
123.5720	0.1282	0.0370	NaN	0.0322	0.2989
123.5937	0.1283	0.0370	NaN	0.0322	0.2997
123.6176	0.1286	0.0369	NaN	0.0321	0.2999
123.6394	0.1288	0.0368	NaN	0.0320	0.2996
123.6633	0.1290	0.0368	NaN	0.0319	0.2983
123.6888	0.1290	0.0367	NaN	0.0318	0.2974
123.7112	0.1291	0.0366	NaN	0.0318	0.2972
123.7370	0.1291	0.0365	NaN	0.0316	0.2975
123.7608	0.1294	0.0364	NaN	0.0315	0.2982
123.7840	0.1297	0.0362	NaN	0.0314	0.2988
123.8057	0.1300	0.0361	NaN	0.0312	0.2997
123.8307	0.1304	0.0360	NaN	0.0311	0.3003
123.8527	0.1308	0.0358	NaN	0.0309	0.3003
123.8769	0.1313	0.0356	NaN	0.0307	0.3002
123.8994	0.1316	0.0355	NaN	0.0305	0.2989
123.9228	0.1320	0.0353	NaN	0.0303	0.2978
123.9471	0.1325	0.0350	NaN	0.0301	0.2976
123.9687	0.1330	0.0348	NaN	0.0298	0.2984
123.9941	0.1336	0.0346	NaN	0.0296	0.2995
124.0153	0.1340	0.0343	NaN	0.0293	0.3005
124.0408	0.1342	0.0341	NaN	0.0291	0.3012
124.0624	0.1344	0.0339	NaN	0.0289	0.3015
124.0870	0.1346	0.0336	NaN	0.0286	0.3013
124.1090	0.1349	0.0333	NaN	0.0283	0.3010
124.1355	0.1352	0.0330	NaN	0.0279	0.2998
124.1583	0.1354	0.0327	NaN	0.0276	0.2994
124.1815	0.1356	0.0324	NaN	0.0273	0.3002
124.2055	0.1359	0.0321	NaN	0.0270	0.3013
124.2280	0.1360	0.0318	NaN	0.0267	0.3021
124.2530	0.1361	0.0315	NaN	0.0264	0.3029
124.2748	0.1362	0.0313	NaN	0.0262	0.3032
124.3006	0.1364	0.0310	NaN	0.0259	0.3033
124.3235	0.1367	0.0307	NaN	0.0255	0.3027
124.3478	0.1370	0.0304	NaN	0.0252	0.3020
124.3698	0.1372	0.0301	NaN	0.0249	0.3012
124.3941	0.1373	0.0298	NaN	0.0246	0.3007
124.4179	0.1376	0.0295	NaN	0.0243	0.3009
124.4404	0.1379	0.0292	NaN	0.0240	0.3016
124.4651	0.1384	0.0290	NaN	0.0238	0.3017
124.4876	0.1391	0.0288	NaN	0.0236	0.3024
124.5110	0.1402	0.0285	NaN	0.0233	0.3032
124.5333	0.1416	0.0284	NaN	0.0231	0.3039
124.5576	0.1439	0.0282	NaN	0.0229	0.3040
124.5803	0.1472	0.0282	NaN	0.0227	0.3030
124.6037	0.1524	0.0282	NaN	0.0225	0.3017
124.6292	0.1631	0.0284	NaN	0.0223	0.3012
124.6515	0.1829	0.0290	NaN	0.0222	0.3017
124.6755	0.2153	0.0301	NaN	0.0221	0.3028
124.6992	0.2161	0.0300	NaN	0.0220	0.3039
124.7237	0.2408	0.0308	NaN	0.0220	0.3045
124.7448	0.3076	0.0332	NaN	0.0220	0.3049
124.7701	0.3203	0.0336	NaN	0.0219	0.3046
124.7913	0.2982	0.0328	NaN	0.0219	0.3039
124.8179	0.2852	0.0323	NaN	0.0219	0.3030
124.8392	0.2861	0.0324	NaN	0.0219	0.3027
124.8623	0.2565	0.0314	NaN	0.0220	0.3029
124.8864	0.1824	0.0287	NaN	0.0220	0.3038
124.9080	0.1677	0.0283	NaN	0.0220	0.3047
124.9335	0.1578	0.0280	NaN	0.0221	0.3058
124.9545	0.1503	0.0278	NaN	0.0223	0.3067
124.9790	0.1452	0.0278	NaN	0.0224	0.3070
125.0007	0.1421	0.0279	NaN	0.0226	0.3067
125.0250	0.1397	0.0280	NaN	0.0228	0.3055
125.0482	0.1380	0.0281	NaN	0.0230	0.3047
125.0725	0.1368	0.0283	NaN	0.0232	0.3046
125.0969	0.1358	0.0285	NaN	0.0234	0.3052
125.1194	0.1350	0.0287	NaN	0.0237	0.3068
125.1427	0.1344	0.0290	NaN	0.0240	0.3076
125.1660	0.1340	0.0293	NaN	0.0242	0.3081
125.1895	0.1336	0.0295	NaN	0.0245	0.3076
125.2136	0.1334	0.0298	NaN	0.0248	0.3067
125.2363	0.1331	0.0301	NaN	0.0251	0.3055
125.2613	0.1330	0.0304	NaN	0.0254	0.3051
125.2861	0.1327	0.0307	NaN	0.0257	0.3056
125.3081	0.1325	0.0310	NaN	0.0260	0.3064
125.3343	0.1325	0.0313	NaN	0.0264	0.3072
125.3581	0.1324	0.0317	NaN	0.0267	0.3079
125.3802	0.1323	0.0320	NaN	0.0271	0.3083
125.4057	0.1323	0.0324	NaN	0.0274	0.3085
125.4283	0.1323	0.0327	NaN	0.0278	0.3084
125.4511	0.1323	0.0330	NaN	0.0281	0.3083
125.4725	0.1323	0.0333	NaN	0.0284	0.3080
125.4968	0.1323	0.0337	NaN	0.0287	0.3065
125.5204	0.1321	0.0340	NaN	0.0291	0.3060
125.5441	0.1320	0.0343	NaN	0.0294	0.3067
125.5686	0.1320	0.0346	NaN	0.0297	0.3079
125.5917	0.1319	0.0349	NaN	0.0300	0.3088
125.6150	0.1318	0.0353	NaN	0.0303	0.3096
125.6380	0.1317	0.0355	NaN	0.0306	0.3103
125.6620	0.1315	0.0358	NaN	0.0309	0.3104
125.6846	0.1314	0.0361	NaN	0.0312	0.3096
125.7091	0.1313	0.0364	NaN	0.0314	0.3086
125.7311	0.1311	0.0366	NaN	0.0317	0.3082
125.7558	0.1309	0.0368	NaN	0.0319	0.3085
125.7784	0.1308	0.0371	NaN	0.0321	0.3095
125.8008	0.1306	0.0373	NaN	0.0324	0.3108
125.8265	0.1306	0.0375	NaN	0.0326	0.3117
125.8475	0.1305	0.0376	NaN	0.0327	0.3115
125.8716	0.1304	0.0378	NaN	0.0329	0.3104
125.8923	0.1305	0.0379	NaN	0.0330	0.3095
125.9195	0.1304	0.0381	NaN	0.0332	0.3088
125.9413	0.1306	0.0382	NaN	0.0333	0.3087
125.9653	0.1305	0.0384	NaN	0.0335	0.3095
125.9891	0.1306	0.0385	NaN	0.0336	0.3105
126.0112	0.1309	0.0386	NaN	0.0337	0.3112
126.0361	0.1309	0.0387	NaN	0.0338	0.3117
126.0593	0.1310	0.0388	NaN	0.0339	0.3119
126.0826	0.1312	0.0389	NaN	0.0340	0.3120
126.1062	0.1312	0.0390	NaN	0.0341	0.3114
126.1308	0.1314	0.0391	NaN	0.0342	0.3104
126.1532	0.1315	0.0391	NaN	0.0342	0.3096
126.1757	0.1316	0.0392	NaN	0.0343	0.3094
126.1991	0.1318	0.0393	NaN	0.0343	0.3096
126.2237	0.1318	0.0393	NaN	0.0344	0.3108
126.2484	0.1318	0.0394	NaN	0.0344	0.3120
126.2712	0.1318	0.0394	NaN	0.0345	0.3130
126.2959	0.1318	0.0395	NaN	0.0345	0.3133
126.3185	0.1320	0.0395	NaN	0.0346	0.3131
126.3421	0.1321	0.0396	NaN	0.0346	0.3123
126.3656	0.1321	0.0396	NaN	0.0346	0.3117
126.3892	0.1320	0.0396	NaN	0.0347	0.3112
126.4116	0.1317	0.0397	NaN	0.0347	0.3114
126.4355	0.1314	0.0396	NaN	0.0347	0.3125
126.4574	0.1315	0.0397	NaN	0.0348	0.3137
126.4826	0.1317	0.0397	NaN	0.0348	0.3146
126.5059	0.1320	0.0398	NaN	0.0348	0.3149
126.5291	0.1319	0.0398	NaN	0.0349	0.3150
126.5521	0.1317	0.0398	NaN	0.0349	0.3147
126.5753	0.1316	0.0399	NaN	0.0349	0.3136
126.6002	0.1315	0.0399	NaN	0.0349	0.3124
126.6235	0.1315	0.0399	NaN	0.0349	0.3121
126.6482	0.1308	0.0399	NaN	0.0350	0.3120
126.6707	0.1315	0.0399	NaN	0.0350	0.3122
126.6959	0.1317	0.0399	NaN	0.0350	0.3132
126.7202	0.1318	0.0400	NaN	0.0350	0.3143
126.7425	0.1319	0.0400	NaN	0.0351	0.3147
126.7673	0.1321	0.0400	NaN	0.0350	0.3143
126.7897	0.1323	0.0400	NaN	0.0351	0.3129
126.8138	0.1325	0.0401	NaN	0.0351	0.3122
126.8363	0.1327	0.0401	NaN	0.0351	0.3121
126.8602	0.1328	0.0401	NaN	0.0351	0.3121
126.8831	0.1329	0.0401	NaN	0.0351	0.3125
126.9063	0.1331	0.0401	NaN	0.0351	0.3133
126.9268	0.1333	0.0401	NaN	0.0351	0.3143
126.9483	0.1335	0.0402	NaN	0.0351	0.3151
126.9697	0.1336	0.0402	NaN	0.0352	0.3159
126.9909	0.1338	0.0402	NaN	0.0352	0.3162
127.0143	0.1341	0.0403	NaN	0.0352	0.3159
127.0379	0.1342	0.0403	NaN	0.0352	0.3149
127.0620	0.1341	0.0403	NaN	0.0352	0.3143
127.0847	0.1341	0.0403	NaN	0.0353	0.3141
127.1089	0.1340	0.0403	NaN	0.0353	0.3149
127.1310	0.1340	0.0403	NaN	0.0353	0.3158
127.1546	0.1339	0.0403	NaN	0.0353	0.3162
127.1784	0.1338	0.0403	NaN	0.0353	0.3166
127.2027	0.1338	0.0404	NaN	0.0353	0.3171
127.2269	0.1338	0.0404	NaN	0.0354	0.3177
127.2495	0.1338	0.0404	NaN	0.0354	0.3171
127.2747	0.1338	0.0404	NaN	0.0354	0.3161
127.2961	0.1338	0.0404	NaN	0.0354	0.3156
127.3205	0.1338	0.0405	NaN	0.0354	0.3150
127.3433	0.1338	0.0405	NaN	0.0354	0.3153
127.3667	0.1339	0.0405	NaN	0.0355	0.3162
127.3897	0.1341	0.0405	NaN	0.0355	0.3168
127.4150	0.1343	0.0405	NaN	0.0355	0.3174
127.4379	0.1344	0.0405	NaN	0.0355	0.3176
127.4586	0.1344	0.0406	NaN	0.0355	0.3175
127.4842	0.1345	0.0406	NaN	0.0355	0.3170
127.5051	0.1347	0.0406	NaN	0.0355	0.3164
127.5306	0.1350	0.0406	NaN	0.0355	0.3154
127.5527	0.1351	0.0406	NaN	0.0355	0.3152
127.5777	0.1352	0.0406	NaN	0.0356	0.3153
127.5998	0.1355	0.0407	NaN	0.0356	0.3157
127.6256	0.1356	0.0407	NaN	0.0356	0.3164
127.6507	0.1356	0.0407	NaN	0.0356	0.3178
127.6743	0.1356	0.0407	NaN	0.0356	0.3188
127.6985	0.1356	0.0407	NaN	0.0356	0.3187
127.7196	0.1356	0.0407	NaN	0.0356	0.3179
127.7429	0.1357	0.0407	NaN	0.0356	0.3170
127.7663	0.1358	0.0408	NaN	0.0357	0.3168
127.7911	0.1359	0.0408	NaN	0.0357	0.3172
127.8132	0.1358	0.0408	NaN	0.0357	0.3181
127.8354	0.1359	0.0408	NaN	0.0357	0.3193
127.8598	0.1357	0.0408	NaN	0.0357	0.3203
127.8853	0.1358	0.0408	NaN	0.0357	0.3204
127.9095	0.1357	0.0409	NaN	0.0358	0.3201
127.9318	0.1356	0.0409	NaN	0.0358	0.3193
127.9562	0.1356	0.0409	NaN	0.0358	0.3180
127.9787	0.1355	0.0409	NaN	0.0358	0.3180
128.0024	0.1355	0.0409	NaN	0.0358	0.3182
128.0256	0.1356	0.0409	NaN	0.0358	0.3189
128.0495	0.1357	0.0409	NaN	0.0359	0.3197
128.0715	0.1358	0.0410	NaN	0.0359	0.3204
128.0948	0.1359	0.0410	NaN	0.0359	0.3207
128.1193	0.1360	0.0410	NaN	0.0359	0.3204
128.1435	0.1360	0.0410	NaN	0.0359	0.3196
128.1678	0.1361	0.0410	NaN	0.0359	0.3183
128.1881	0.1362	0.0411	NaN	0.0360	0.3179
128.2136	0.1364	0.0411	NaN	0.0360	0.3180
128.2351	0.1365	0.0411	NaN	0.0360	0.3189
128.2601	0.1366	0.0411	NaN	0.0360	0.3198
128.2825	0.1367	0.0411	NaN	0.0360	0.3207
128.3091	0.1368	0.0411	NaN	0.0360	0.3211
128.3311	0.1368	0.0411	NaN	0.0360	0.3209
128.3554	0.1369	0.0411	NaN	0.0360	0.3203
128.3765	0.1369	0.0412	NaN	0.0360	0.3194
128.4009	0.1371	0.0412	NaN	0.0360	0.3189
128.4236	0.1372	0.0412	NaN	0.0361	0.3190
128.4467	0.1374	0.0412	NaN	0.0361	0.3196
128.4723	0.1374	0.0412	NaN	0.0361	0.3207
128.4942	0.1374	0.0413	NaN	0.0361	0.3218
128.5189	0.1375	0.0413	NaN	0.0361	0.3227
128.5426	0.1375	0.0413	NaN	0.0361	0.3230
128.5651	0.1376	0.0413	NaN	0.0361	0.3230
128.5897	0.1375	0.0413	NaN	0.0362	0.3225
128.6111	0.1374	0.0414	NaN	0.0362	0.3217
128.6365	0.1373	0.0414	NaN	0.0362	0.3209
128.6607	0.1372	0.0414	NaN	0.0362	0.3206
128.6840	0.1370	0.0414	NaN	0.0362	0.3209
128.7058	0.1369	0.0414	NaN	0.0363	0.3217
128.7309	0.1369	0.0414	NaN	0.0363	0.3225
128.7528	0.1370	0.0414	NaN	0.0363	0.3232
128.7749	0.1370	0.0415	NaN	0.0363	0.3237
128.8010	0.1372	0.0415	NaN	0.0363	0.3238
128.8238	0.1371	0.0415	NaN	0.0364	0.3234
128.8483	0.1367	0.0415	NaN	0.0364	0.3221
128.8695	0.1367	0.0415	NaN	0.0364	0.3212
128.8946	0.1370	0.0415	NaN	0.0364	0.3206
128.9171	0.1371	0.0415	NaN	0.0364	0.3207
128.9404	0.1371	0.0416	NaN	0.0364	0.3211
128.9642	0.1373	0.0416	NaN	0.0364	0.3217
128.9900	0.1374	0.0416	NaN	0.0364	0.3225
129.0115	0.1375	0.0416	NaN	0.0365	0.3234
129.0366	0.1377	0.0416	NaN	0.0365	0.3241
129.0596	0.1378	0.0417	NaN	0.0365	0.3244
129.0824	0.1379	0.0417	NaN	0.0365	0.3245
129.1061	0.1379	0.0417	NaN	0.0365	0.3242
129.1305	0.1379	0.0417	NaN	0.0365	0.3234
129.1547	0.1378	0.0417	NaN	0.0365	0.3226
129.1769	0.1378	0.0417	NaN	0.0366	0.3223
129.2007	0.1379	0.0417	NaN	0.0366	0.3226
129.2252	0.1380	0.0418	NaN	0.0366	0.3232
129.2494	0.1380	0.0418	NaN	0.0366	0.3241
129.2752	0.1379	0.0418	NaN	0.0366	0.3251
129.2951	0.1378	0.0418	NaN	0.0366	0.3260
129.3187	0.1377	0.0418	NaN	0.0366	0.3263
129.3405	0.1376	0.0418	NaN	0.0367	0.3262
129.3644	0.1376	0.0418	NaN	0.0367	0.3258
129.3854	0.1376	0.0418	NaN	0.0367	0.3248
129.4109	0.1374	0.0419	NaN	0.0367	0.3241
129.4332	0.1373	0.0419	NaN	0.0367	0.3236
129.4586	0.1373	0.0419	NaN	0.0367	0.3238
129.4819	0.1374	0.0419	NaN	0.0368	0.3245
129.5061	0.1373	0.0419	NaN	0.0368	0.3254
129.5302	0.1372	0.0419	NaN	0.0368	0.3262
129.5527	0.1371	0.0420	NaN	0.0368	0.3266
129.5785	0.1372	0.0420	NaN	0.0368	0.3263
129.5994	0.1374	0.0420	NaN	0.0368	0.3252
129.6245	0.1375	0.0420	NaN	0.0368	0.3239
129.6470	0.1376	0.0420	NaN	0.0369	0.3236
129.6712	0.1376	0.0420	NaN	0.0369	0.3244
129.6916	0.1377	0.0420	NaN	0.0369	0.3252
129.7164	0.1378	0.0421	NaN	0.0369	0.3262
129.7406	0.1378	0.0421	NaN	0.0369	0.3268
129.7623	0.1380	0.0421	NaN	0.0369	0.3267
129.7874	0.1382	0.0421	NaN	0.0369	0.3262
129.8095	0.1382	0.0421	NaN	0.0369	0.3251
129.8341	0.1382	0.0421	NaN	0.0369	0.3244
129.8578	0.1382	0.0421	NaN	0.0369	0.3244
129.8812	0.1381	0.0421	NaN	0.0369	0.3251
129.9037	0.1381	0.0420	NaN	0.0369	0.3259
129.9275	0.1380	0.0420	NaN	0.0369	0.3266
129.9491	0.1381	0.0420	NaN	0.0368	0.3273
129.9749	0.1382	0.0420	NaN	0.0369	0.3280
129.9990	0.1384	0.0420	NaN	0.0368	0.3285
130.0209	0.1387	0.0420	NaN	0.0368	0.3287
130.0469	0.1385	0.0420	NaN	0.0368	0.3285
130.0693	0.1383	0.0419	NaN	0.0368	0.3280
130.0942	0.1381	0.0419	NaN	0.0367	0.3270
130.1165	0.1380	0.0419	NaN	0.0367	0.3264
130.1408	0.1379	0.0418	NaN	0.0367	0.3266
130.1635	0.1377	0.0418	NaN	0.0366	0.3268
130.1878	0.1375	0.0417	NaN	0.0366	0.3276
130.2114	0.1373	0.0417	NaN	0.0365	0.3282
130.2350	0.1368	0.0416	NaN	0.0364	0.3289
130.2597	0.1365	0.0415	NaN	0.0364	0.3290
130.2811	0.1364	0.0414	NaN	0.0363	0.3295
130.3057	0.1361	0.0413	NaN	0.0362	0.3296
130.3287	0.1359	0.0412	NaN	0.0360	0.3290
130.3524	0.1358	0.0410	NaN	0.0359	0.3281
130.3750	0.1356	0.0409	NaN	0.0358	0.3273
130.3996	0.1354	0.0407	NaN	0.0357	0.3267
130.4221	0.1352	0.0406	NaN	0.0355	0.3266
130.4461	0.1350	0.0404	NaN	0.0354	0.3273
130.4707	0.1347	0.0403	NaN	0.0352	0.3278
130.4933	0.1346	0.0400	NaN	0.0350	0.3286
130.5186	0.1344	0.0398	NaN	0.0347	0.3292
130.5405	0.1340	0.0395	NaN	0.0345	0.3297
130.5649	0.1336	0.0393	NaN	0.0343	0.3299
130.5884	0.1331	0.0390	NaN	0.0340	0.3298
130.6115	0.1326	0.0387	NaN	0.0337	0.3293
130.6349	0.1321	0.0384	NaN	0.0334	0.3283
130.6579	0.1315	0.0381	NaN	0.0331	0.3277
130.6829	0.1310	0.0377	NaN	0.0328	0.3278
130.7048	0.1305	0.0373	NaN	0.0324	0.3283
130.7272	0.1297	0.0370	NaN	0.0321	0.3293
130.7508	0.1292	0.0366	NaN	0.0317	0.3302
130.7738	0.1286	0.0361	NaN	0.0313	0.3307
130.7951	0.1279	0.0358	NaN	0.0309	0.3312
130.8192	0.1272	0.0354	NaN	0.0306	0.3315
130.8408	0.1265	0.0350	NaN	0.0302	0.3315
130.8659	0.1259	0.0345	NaN	0.0298	0.3306
130.8868	0.1251	0.0341	NaN	0.0294	0.3293
130.9110	0.1242	0.0336	NaN	0.0289	0.3288
130.9347	0.1234	0.0332	NaN	0.0285	0.3291
130.9607	0.1226	0.0327	NaN	0.0281	0.3300
130.9808	0.1219	0.0323	NaN	0.0276	0.3310
131.0042	0.1211	0.0318	NaN	0.0273	0.3317
131.0291	0.1203	0.0314	NaN	0.0268	0.3317
131.0525	0.1197	0.0309	NaN	0.0264	0.3311
131.0763	0.1189	0.0305	NaN	0.0260	0.3298
131.1011	0.1180	0.0300	NaN	0.0255	0.3289
131.1247	0.1172	0.0295	NaN	0.0250	0.3291
131.1491	0.1166	0.0289	NaN	0.0245	0.3294
131.1709	0.1159	0.0285	NaN	0.0241	0.3299
131.1957	0.1153	0.0281	NaN	0.0237	0.3307
131.2188	0.1147	0.0276	NaN	0.0233	0.3313
131.2419	0.1142	0.0272	NaN	0.0229	0.3317
131.2636	0.1140	0.0269	NaN	0.0226	0.3318
131.2887	0.1137	0.0265	NaN	0.0222	0.3315
131.3104	0.1135	0.0262	NaN	0.0219	0.3309
131.3355	0.1135	0.0258	NaN	0.0215	0.3300
131.3576	0.1135	0.0255	NaN	0.0212	0.3292
131.3818	0.1136	0.0253	NaN	0.0210	0.3291
131.4063	0.1139	0.0250	NaN	0.0207	0.3295
131.4280	0.1142	0.0248	NaN	0.0205	0.3301
131.4536	0.1149	0.0246	NaN	0.0202	0.3308
131.4762	0.1157	0.0244	NaN	0.0201	0.3314
131.5013	0.1173	0.0243	NaN	0.0199	0.3321
131.5225	0.1199	0.0242	NaN	0.0197	0.3327
131.5467	0.1255	0.0243	NaN	0.0196	0.3330
131.5670	0.1401	0.0246	NaN	0.0194	0.3329
131.5907	0.1981	0.0266	NaN	0.0193	0.3323
131.6149	0.2149	0.0271	NaN	0.0192	0.3318
131.6391	0.1663	0.0254	NaN	0.0192	0.3312
131.6637	0.1628	0.0252	NaN	0.0192	0.3310
131.6856	0.1806	0.0259	NaN	0.0192	0.3314
131.7108	0.2269	0.0276	NaN	0.0192	0.3322
131.7341	0.3267	0.0312	NaN	0.0193	0.3332
131.7582	0.4039	0.0341	NaN	0.0195	0.3342
131.7801	0.3076	0.0307	NaN	0.0195	0.3346
131.8049	0.2802	0.0298	NaN	0.0196	0.3347
131.8297	0.3808	0.0335	NaN	0.0197	0.3344
131.8538	0.3285	0.0318	NaN	0.0199	0.3338
131.8777	0.2353	0.0286	NaN	0.0200	0.3327
131.9009	0.2270	0.0286	NaN	0.0202	0.3321
131.9260	0.2026	0.0279	NaN	0.0204	0.3320
131.9473	0.1855	0.0275	NaN	0.0206	0.3324
131.9713	0.2024	0.0283	NaN	0.0209	0.3332
131.9945	0.2218	0.0293	NaN	0.0211	0.3340
132.0184	0.1790	0.0280	NaN	0.0214	0.3346
132.0415	0.1587	0.0276	NaN	0.0217	0.3350
132.0682	0.1584	0.0279	NaN	0.0220	0.3351
132.0952	0.1492	0.0279	NaN	0.0223	0.3347
132.1183	0.1396	0.0279	NaN	0.0227	0.3343
132.1424	0.1356	0.0282	NaN	0.0231	0.3336
132.1647	0.1340	0.0285	NaN	0.0234	0.3330
132.1888	0.1333	0.0288	NaN	0.0237	0.3328
132.2116	0.1330	0.0291	NaN	0.0241	0.3332
132.2352	0.1331	0.0295	NaN	0.0246	0.3338
132.2573	0.1334	0.0300	NaN	0.0250	0.3344
132.2809	0.1340	0.0304	NaN	0.0254	0.3352
132.3061	0.1346	0.0309	NaN	0.0258	0.3359
132.3292	0.1354	0.0313	NaN	0.0263	0.3369
132.3537	0.1362	0.0318	NaN	0.0267	0.3374
132.3756	0.1369	0.0323	NaN	0.0272	0.3373
132.4007	0.1377	0.0329	NaN	0.0277	0.3366
132.4245	0.1384	0.0334	NaN	0.0282	0.3357
132.4483	0.1390	0.0339	NaN	0.0287	0.3354
132.4714	0.1396	0.0344	NaN	0.0292	0.3357
132.4953	0.1402	0.0349	NaN	0.0296	0.3364
132.5186	0.1408	0.0353	NaN	0.0301	0.3374
132.5427	0.1414	0.0358	NaN	0.0305	0.3382
132.5685	0.1419	0.0362	NaN	0.0309	0.3391
132.5895	0.1422	0.0366	NaN	0.0313	0.3394
132.6131	0.1426	0.0370	NaN	0.0317	0.3391
132.6369	0.1430	0.0374	NaN	0.0321	0.3385
132.6609	0.1432	0.0378	NaN	0.0325	0.3375
132.6838	0.1434	0.0382	NaN	0.0329	0.3371
132.7085	0.1437	0.0386	NaN	0.0332	0.3374
132.7300	0.1440	0.0390	NaN	0.0336	0.3382
132.7557	0.1441	0.0393	NaN	0.0339	0.3389
132.7783	0.1445	0.0396	NaN	0.0342	0.3397
132.7995	0.1445	0.0399	NaN	0.0345	0.3403
132.8261	0.1447	0.0402	NaN	0.0348	0.3405
132.8498	0.1449	0.0405	NaN	0.0351	0.3401
132.8735	0.1448	0.0407	NaN	0.0353	0.3394
132.8942	0.1448	0.0409	NaN	0.0355	0.3384
132.9186	0.1449	0.0412	NaN	0.0358	0.3378
132.9400	0.1451	0.0414	NaN	0.0360	0.3378
132.9646	0.1452	0.0416	NaN	0.0362	0.3383
132.9887	0.1453	0.0418	NaN	0.0364	0.3389
133.0129	0.1454	0.0420	NaN	0.0366	0.3398
133.0376	0.1453	0.0422	NaN	0.0367	0.3406
133.0587	0.1453	0.0423	NaN	0.0368	0.3410
133.0852	0.1453	0.0424	NaN	0.0370	0.3408
133.1051	0.1453	0.0425	NaN	0.0371	0.3404
133.1290	0.1453	0.0426	NaN	0.0372	0.3397
133.1521	0.1453	0.0427	NaN	0.0373	0.3390
133.1760	0.1453	0.0428	NaN	0.0374	0.3389
133.1996	0.1453	0.0429	NaN	0.0374	0.3395
133.2225	0.1453	0.0429	NaN	0.0375	0.3403
133.2473	0.1453	0.0429	NaN	0.0375	0.3411
133.2698	0.1453	0.0430	NaN	0.0376	0.3419
133.2936	0.1453	0.0430	NaN	0.0376	0.3426
133.3158	0.1453	0.0430	NaN	0.0376	0.3430
133.3402	0.1453	0.0430	NaN	0.0376	0.3431
133.3609	0.1453	0.0430	NaN	0.0376	0.3428
133.3856	0.1449	0.0430	NaN	0.0376	0.3425
133.4073	0.1445	0.0429	NaN	0.0375	0.3418
133.4331	0.1442	0.0429	NaN	0.0375	0.3413
133.4578	0.1439	0.0428	NaN	0.0374	0.3415
133.4829	0.1436	0.0427	NaN	0.0374	0.3424
133.5078	0.1435	0.0426	NaN	0.0373	0.3433
133.5301	0.1432	0.0425	NaN	0.0372	0.3442
133.5539	0.1429	0.0424	NaN	0.0371	0.3448
133.5756	0.1425	0.0423	NaN	0.0370	0.3447
133.6009	0.1419	0.0422	NaN	0.0369	0.3441
133.6228	0.1413	0.0420	NaN	0.0367	0.3429
133.6459	0.1408	0.0419	NaN	0.0366	0.3422
133.6686	0.1404	0.0417	NaN	0.0365	0.3422
133.6940	0.1401	0.0416	NaN	0.0363	0.3424
133.7185	0.1397	0.0414	NaN	0.0362	0.3428
133.7415	0.1394	0.0413	NaN	0.0360	0.3433
133.7641	0.1392	0.0411	NaN	0.0359	0.3439
133.7870	0.1389	0.0409	NaN	0.0357	0.3445
133.8107	0.1386	0.0407	NaN	0.0355	0.3449
133.8327	0.1381	0.0405	NaN	0.0353	0.3448
133.8573	0.1376	0.0403	NaN	0.0351	0.3442
133.8796	0.1375	0.0401	NaN	0.0349	0.3434
133.9039	0.1372	0.0399	NaN	0.0347	0.3428
133.9253	0.1370	0.0397	NaN	0.0346	0.3426
133.9501	0.1367	0.0395	NaN	0.0344	0.3431
133.9745	0.1364	0.0392	NaN	0.0342	0.3440
133.9972	0.1360	0.0391	NaN	0.0340	0.3449
134.0223	0.1357	0.0388	NaN	0.0338	0.3457
134.0439	0.1354	0.0386	NaN	0.0336	0.3464
134.0686	0.1351	0.0385	NaN	0.0334	0.3465
134.0909	0.1349	0.0383	NaN	0.0332	0.3464
134.1153	0.1347	0.0381	NaN	0.0330	0.3459
134.1384	0.1343	0.0379	NaN	0.0329	0.3452
134.1636	0.1341	0.0377	NaN	0.0327	0.3446
134.1869	0.1337	0.0375	NaN	0.0325	0.3447
134.2096	0.1334	0.0374	NaN	0.0324	0.3453
134.2332	0.1332	0.0372	NaN	0.0322	0.3459
134.2560	0.1329	0.0370	NaN	0.0321	0.3467
134.2797	0.1326	0.0369	NaN	0.0319	0.3477
134.3028	0.1325	0.0368	NaN	0.0318	0.3483
134.3277	0.1324	0.0366	NaN	0.0317	0.3479
134.3500	0.1325	0.0365	NaN	0.0316	0.3472
134.3762	0.1326	0.0364	NaN	0.0314	0.3461
134.4003	0.1328	0.0363	NaN	0.0314	0.3458
134.4217	0.1333	0.0363	NaN	0.0313	0.3462
134.4468	0.1345	0.0362	NaN	0.0312	0.3467
134.4699	0.1370	0.0363	NaN	0.0311	0.3473
134.4937	0.1433	0.0364	NaN	0.0311	0.3475
134.5160	0.1636	0.0371	NaN	0.0310	0.3479
134.5409	0.2007	0.0384	NaN	0.0310	0.3486
134.5638	0.1635	0.0370	NaN	0.0309	0.3489
134.5874	0.1466	0.0364	NaN	0.0309	0.3486
134.6087	0.1417	0.0362	NaN	0.0309	0.3479
134.6349	0.1403	0.0362	NaN	0.0309	0.3472
134.6600	0.1403	0.0362	NaN	0.0309	0.3467
134.6799	0.1411	0.0362	NaN	0.0310	0.3465
134.7061	0.1427	0.0363	NaN	0.0310	0.3466
134.7277	0.1449	0.0365	NaN	0.0311	0.3471
134.7513	0.1481	0.0366	NaN	0.0311	0.3480
134.7756	0.1524	0.0368	NaN	0.0312	0.3488
134.7999	0.1594	0.0372	NaN	0.0313	0.3495
134.8205	0.1706	0.0377	NaN	0.0313	0.3501
134.8459	0.1925	0.0386	NaN	0.0314	0.3505
134.8693	0.2364	0.0403	NaN	0.0316	0.3506
134.8942	0.2892	0.0423	NaN	0.0318	0.3502
134.9197	0.2490	0.0410	NaN	0.0318	0.3493
134.9396	0.2022	0.0394	NaN	0.0319	0.3487
134.9637	0.1777	0.0386	NaN	0.0320	0.3487
134.9868	0.1672	0.0384	NaN	0.0322	0.3490
135.0108	0.1630	0.0384	NaN	0.0323	0.3496
135.0321	0.1639	0.0385	NaN	0.0325	0.3506
135.0582	0.1721	0.0390	NaN	0.0326	0.3515
135.0796	0.1991	0.0401	NaN	0.0328	0.3522
135.1024	0.2496	0.0421	NaN	0.0330	0.3529
135.1273	0.1992	0.0405	NaN	0.0331	0.3532
135.1488	0.1720	0.0397	NaN	0.0333	0.3530
135.1733	0.1642	0.0396	NaN	0.0335	0.3524
135.1958	0.1643	0.0397	NaN	0.0336	0.3517
135.2205	0.1701	0.0401	NaN	0.0338	0.3510
135.2439	0.1815	0.0407	NaN	0.0340	0.3507
135.2687	0.1720	0.0406	NaN	0.0342	0.3510
135.2920	0.1618	0.0404	NaN	0.0344	0.3517
135.3168	0.1570	0.0404	NaN	0.0345	0.3525
135.3402	0.1554	0.0405	NaN	0.0347	0.3534
135.3634	0.1556	0.0407	NaN	0.0349	0.3538
135.3890	0.1575	0.0410	NaN	0.0351	0.3535
135.4115	0.1631	0.0414	NaN	0.0353	0.3527
135.4345	0.1762	0.0420	NaN	0.0355	0.3519
135.4567	0.1847	0.0425	NaN	0.0357	0.3514
135.4811	0.1663	0.0420	NaN	0.0358	0.3516
135.5036	0.1591	0.0419	NaN	0.0360	0.3525
135.5262	0.1559	0.0420	NaN	0.0362	0.3532
135.5489	0.1547	0.0421	NaN	0.0363	0.3539
135.5735	0.1541	0.0422	NaN	0.0365	0.3544
135.5977	0.1542	0.0424	NaN	0.0366	0.3548
135.6208	0.1549	0.0426	NaN	0.0368	0.3550
135.6436	0.1574	0.0428	NaN	0.0369	0.3548
135.6672	0.1611	0.0431	NaN	0.0371	0.3544
135.6910	0.1568	0.0431	NaN	0.0372	0.3545
135.7147	0.1547	0.0431	NaN	0.0374	0.3540
135.7387	0.1539	0.0432	NaN	0.0375	0.3539
135.7620	0.1536	0.0434	NaN	0.0376	0.3535
135.7851	0.1534	0.0435	NaN	0.0378	0.3536
135.8084	0.1532	0.0436	NaN	0.0379	0.3541
135.8310	0.1531	0.0438	NaN	0.0381	0.3550
135.8553	0.1530	0.0439	NaN	0.0382	0.3556
135.8789	0.1529	0.0440	NaN	0.0383	0.3567
135.9021	0.1527	0.0442	NaN	0.0384	0.3575
135.9241	0.1525	0.0442	NaN	0.0385	0.3576
135.9479	0.1523	0.0444	NaN	0.0387	0.3567
135.9705	0.1521	0.0445	NaN	0.0388	0.3560
135.9939	0.1519	0.0446	NaN	0.0389	0.3552
136.0178	0.1520	0.0447	NaN	0.0390	0.3553
136.0399	0.1520	0.0448	NaN	0.0391	0.3555
136.0654	0.1519	0.0449	NaN	0.0392	0.3562
136.0875	0.1515	0.0450	NaN	0.0393	0.3567
136.1103	0.1512	0.0451	NaN	0.0394	0.3574
136.1328	0.1512	0.0451	NaN	0.0395	0.3576
136.1556	0.1511	0.0452	NaN	0.0395	0.3579
136.1785	0.1510	0.0453	NaN	0.0396	0.3581
136.2049	0.1508	0.0454	NaN	0.0397	0.3581
136.2271	0.1508	0.0454	NaN	0.0398	0.3576
136.2526	0.1509	0.0455	NaN	0.0399	0.3578
136.2785	0.1510	0.0456	NaN	0.0399	0.3573
136.3026	0.1511	0.0457	NaN	0.0400	0.3563
136.3275	0.1513	0.0457	NaN	0.0401	0.3557
136.3488	0.1514	0.0458	NaN	0.0401	0.3556
136.3713	0.1516	0.0459	NaN	0.0402	0.3562
136.3954	0.1516	0.0459	NaN	0.0402	0.3570
136.4188	0.1517	0.0459	NaN	0.0403	0.3580
136.4412	0.1518	0.0460	NaN	0.0403	0.3588
136.4646	0.1519	0.0460	NaN	0.0403	0.3594
136.4870	0.1521	0.0461	NaN	0.0404	0.3592
136.5103	0.1522	0.0461	NaN	0.0404	0.3586
136.5353	0.1522	0.0462	NaN	0.0405	0.3579
136.5598	0.1521	0.0462	NaN	0.0405	0.3577
136.5841	0.1522	0.0463	NaN	0.0405	0.3577
136.6063	0.1521	0.0463	NaN	0.0406	0.3582
136.6305	0.1518	0.0463	NaN	0.0406	0.3588
136.6531	0.1517	0.0464	NaN	0.0406	0.3597
136.6779	0.1517	0.0464	NaN	0.0407	0.3606
136.7014	0.1518	0.0464	NaN	0.0407	0.3611
136.7244	0.1516	0.0464	NaN	0.0408	0.3612
136.7493	0.1512	0.0465	NaN	0.0408	0.3606
136.7727	0.1510	0.0465	NaN	0.0408	0.3603
136.7951	0.1510	0.0466	NaN	0.0408	0.3593
136.8174	0.1510	0.0465	NaN	0.0409	0.3589
136.8413	0.1511	0.0466	NaN	0.0409	0.3589
136.8639	0.1511	0.0466	NaN	0.0409	0.3588
136.8893	0.1511	0.0466	NaN	0.0409	0.3591
136.9106	0.1511	0.0466	NaN	0.0409	0.3599
136.9359	0.1513	0.0466	NaN	0.0410	0.3607
136.9576	0.1513	0.0467	NaN	0.0410	0.3613
136.9824	0.1513	0.0467	NaN	0.0410	0.3606
137.0066	0.1514	0.0467	NaN	0.0410	0.3598
137.0281	0.1517	0.0467	NaN	0.0410	0.3596
137.0507	0.1518	0.0467	NaN	0.0411	0.3587
137.0727	0.1518	0.0468	NaN	0.0410	0.3588
137.0993	0.1519	0.0468	NaN	0.0411	0.3589
137.1216	0.1519	0.0468	NaN	0.0411	0.3596
137.1465	0.1520	0.0468	NaN	0.0411	0.3603
137.1704	0.1521	0.0468	NaN	0.0411	0.3613
137.1929	0.1523	0.0468	NaN	0.0411	0.3616
137.2156	0.1524	0.0469	NaN	0.0411	0.3620
137.2373	0.1525	0.0469	NaN	0.0411	0.3623
137.2618	0.1526	0.0469	NaN	0.0412	0.3624
137.2818	0.1528	0.0469	NaN	0.0412	0.3614
137.3089	0.1530	0.0469	NaN	0.0412	0.3610
137.3300	0.1531	0.0469	NaN	0.0412	0.3608
137.3556	0.1531	0.0470	NaN	0.0412	0.3605
137.3770	0.1532	0.0470	NaN	0.0412	0.3609
137.4029	0.1532	0.0470	NaN	0.0412	0.3616
137.4264	0.1531	0.0470	NaN	0.0412	0.3623
137.4489	0.1532	0.0470	NaN	0.0412	0.3633
137.4718	0.1532	0.0470	NaN	0.0412	0.3639
137.4952	0.1532	0.0470	NaN	0.0413	0.3641
137.5204	0.1533	0.0470	NaN	0.0413	0.3640
137.5422	0.1533	0.0470	NaN	0.0413	0.3635
137.5665	0.1533	0.0470	NaN	0.0413	0.3621
137.5887	0.1534	0.0470	NaN	0.0413	0.3621
137.6130	0.1535	0.0471	NaN	0.0413	0.3619
137.6353	0.1536	0.0471	NaN	0.0413	0.3623
137.6598	0.1536	0.0471	NaN	0.0413	0.3629
137.6836	0.1535	0.0471	NaN	0.0413	0.3631
137.7075	0.1533	0.0471	NaN	0.0414	0.3637
137.7312	0.1532	0.0471	NaN	0.0414	0.3643
137.7541	0.1532	0.0471	NaN	0.0414	0.3646
137.7776	0.1533	0.0471	NaN	0.0414	0.3644
137.7999	0.1533	0.0471	NaN	0.0414	0.3642
137.8236	0.1533	0.0472	NaN	0.0414	0.3633
137.8469	0.1533	0.0472	NaN	0.0414	0.3623
137.8720	0.1535	0.0472	NaN	0.0414	0.3624
137.8962	0.1534	0.0472	NaN	0.0414	0.3619
137.9185	0.1538	0.0472	NaN	0.0414	0.3620
137.9424	0.1537	0.0472	NaN	0.0414	0.3628
137.9653	0.1592	0.0474	NaN	0.0414	0.3590
137.9895	0.1596	0.0472	NaN	0.0412	0.3575
138.0110	0.1600	0.0473	NaN	0.0412	0.3581
138.0371	0.1601	0.0474	NaN	0.0414	0.3589
138.0594	0.1604	0.0474	NaN	0.0414	0.3595
138.0818	0.1602	0.0474	NaN	0.0414	0.3599
138.1035	0.1599	0.0474	NaN	0.0415	0.3601
138.1270	0.1600	0.0474	NaN	0.0415	0.3603
138.1529	0.1603	0.0472	NaN	0.0412	0.3572
138.1759	0.1595	0.0469	NaN	0.0409	0.3558
138.2028	0.1601	0.0471	NaN	0.0411	0.3569
138.2236	0.1604	0.0472	NaN	0.0412	0.3577
138.2496	0.1605	0.0473	NaN	0.0412	0.3583
138.2709	0.1608	0.0473	NaN	0.0413	0.3588
138.2941	0.1610	0.0474	NaN	0.0413	0.3592
138.3167	0.1611	0.0474	NaN	0.0414	0.3594
138.3399	0.1610	0.0474	NaN	0.0414	0.3593
138.3663	0.1594	0.0468	NaN	0.0408	0.3550
138.3901	0.1600	0.0469	NaN	0.0409	0.3559
138.4126	0.1601	0.0471	NaN	0.0410	0.3567
138.4344	0.1602	0.0471	NaN	0.0411	0.3571
138.4593	0.1603	0.0471	NaN	0.0411	0.3574
138.4797	0.1586	0.0466	NaN	0.0407	0.3542
138.5056	0.1589	0.0468	NaN	0.0408	0.3553
138.5277	0.1591	0.0469	NaN	0.0409	0.3558
138.5527	0.1585	0.0467	NaN	0.0407	0.3545
138.5757	0.1583	0.0466	NaN	0.0407	0.3540
138.6010	0.1586	0.0467	NaN	0.0407	0.3544
138.6251	0.1582	0.0465	NaN	0.0406	0.3537
138.6455	0.1584	0.0465	NaN	0.0406	0.3539
138.6706	0.1586	0.0465	NaN	0.0406	0.3540
138.6916	0.1590	0.0465	NaN	0.0405	0.3538
138.7170	0.1588	0.0465	NaN	0.0405	0.3538
138.7378	0.1586	0.0465	NaN	0.0405	0.3536
138.7630	0.1585	0.0465	NaN	0.0405	0.3535
138.7845	0.1586	0.0464	NaN	0.0405	0.3534
138.8108	0.1587	0.0464	NaN	0.0405	0.3533
138.8357	0.1586	0.0464	NaN	0.0405	0.3532
138.8578	0.1587	0.0464	NaN	0.0404	0.3532
138.8812	0.1586	0.0464	NaN	0.0404	0.3534
138.9016	0.1585	0.0463	NaN	0.0404	0.3533
138.9262	0.1586	0.0463	NaN	0.0404	0.3531
138.9498	0.1588	0.0463	NaN	0.0403	0.3531
138.9757	0.1584	0.0462	NaN	0.0403	0.3535
138.9962	0.1580	0.0462	NaN	0.0403	0.3528
139.0221	0.1579	0.0461	NaN	0.0402	0.3520
139.0439	0.1575	0.0460	NaN	0.0402	0.3526
139.0686	0.1571	0.0460	NaN	0.0401	0.3510
139.0924	0.1568	0.0458	NaN	0.0399	0.3507
139.1144	0.1566	0.0457	NaN	0.0398	0.3494
139.1390	0.1566	0.0457	NaN	0.0398	0.3508
139.1618	0.1566	0.0457	NaN	0.0398	0.3531
139.1865	0.1566	0.0457	NaN	0.0398	0.3518
139.2089	0.1565	0.0457	NaN	0.0399	0.3505
139.2336	0.1564	0.0458	NaN	0.0399	0.3505
139.2559	0.1563	0.0458	NaN	0.0399	0.3521
139.2790	0.1563	0.0458	NaN	0.0399	0.3531
139.3035	0.1562	0.0458	NaN	0.0400	0.3538
139.3257	0.1563	0.0458	NaN	0.0400	0.3526
139.3510	0.1565	0.0459	NaN	0.0400	0.3519
139.3726	0.1565	0.0459	NaN	0.0400	0.3515
139.3977	0.1569	0.0459	NaN	0.0400	0.3508
139.4204	0.1570	0.0459	NaN	0.0400	0.3508
139.4452	0.1574	0.0459	NaN	0.0401	0.3522
139.4662	0.1577	0.0460	NaN	0.0401	0.3536
139.4906	0.1578	0.0460	NaN	0.0401	0.3547
139.5136	0.1578	0.0460	NaN	0.0401	0.3551
139.5380	0.1577	0.0460	NaN	0.0401	0.3551
139.5607	0.1579	0.0460	NaN	0.0401	0.3541
139.5829	0.1582	0.0460	NaN	0.0401	0.3526
139.6077	0.1584	0.0461	NaN	0.0401	0.3530
139.6306	0.1584	0.0461	NaN	0.0401	0.3533
139.6564	0.1584	0.0461	NaN	0.0402	0.3540
139.6795	0.1583	0.0461	NaN	0.0402	0.3553
139.7028	0.1583	0.0461	NaN	0.0402	0.3557
139.7267	0.1585	0.0461	NaN	0.0402	0.3567
139.7507	0.1587	0.0461	NaN	0.0402	0.3574
139.7744	0.1587	0.0462	NaN	0.0402	0.3577
139.7977	0.1588	0.0462	NaN	0.0402	0.3569
139.8217	0.1588	0.0462	NaN	0.0402	0.3558
139.8443	0.1588	0.0462	NaN	0.0403	0.3552
139.8679	0.1585	0.0462	NaN	0.0403	0.3551
139.8908	0.1585	0.0463	NaN	0.0403	0.3555
139.9145	0.1585	0.0463	NaN	0.0403	0.3569
139.9381	0.1585	0.0463	NaN	0.0403	0.3580
139.9619	0.1585	0.0463	NaN	0.0403	0.3587
139.9863	0.1587	0.0463	NaN	0.0403	0.3588
140.0086	0.1590	0.0463	NaN	0.0404	0.3581
140.0332	0.1589	0.0463	NaN	0.0404	0.3569
140.0561	0.1588	0.0463	NaN	0.0404	0.3557
140.0796	0.1589	0.0464	NaN	0.0404	0.3552
140.1041	0.1591	0.0464	NaN	0.0404	0.3561
140.1288	0.1593	0.0464	NaN	0.0404	0.3576
140.1509	0.1596	0.0464	NaN	0.0404	0.3586
140.1779	0.1601	0.0464	NaN	0.0404	0.3595
140.1983	0.1603	0.0464	NaN	0.0404	0.3594
140.2227	0.1602	0.0464	NaN	0.0404	0.3584
140.2452	0.1607	0.0464	NaN	0.0404	0.3583
140.2689	0.1607	0.0464	NaN	0.0404	0.3575
140.2927	0.1607	0.0464	NaN	0.0404	0.3575
140.3148	0.1607	0.0464	NaN	0.0404	0.3585
140.3397	0.1607	0.0464	NaN	0.0404	0.3596
140.3614	0.1609	0.0464	NaN	0.0403	0.3608
140.3868	0.1611	0.0464	NaN	0.0403	0.3617
140.4084	0.1612	0.0464	NaN	0.0403	0.3620
140.4338	0.1612	0.0463	NaN	0.0403	0.3615
140.4571	0.1614	0.0463	NaN	0.0403	0.3605
140.4795	0.1617	0.0463	NaN	0.0403	0.3595
140.5036	0.1618	0.0463	NaN	0.0403	0.3592
140.5284	0.1618	0.0463	NaN	0.0402	0.3604
140.5531	0.1619	0.0462	NaN	0.0402	0.3614
140.5754	0.1622	0.0463	NaN	0.0402	0.3622
140.5980	0.1625	0.0462	NaN	0.0401	0.3625
140.6192	0.1625	0.0462	NaN	0.0401	0.3625
140.6429	0.1626	0.0461	NaN	0.0400	0.3624
140.6670	0.1629	0.0461	NaN	0.0400	0.3614
140.6918	0.1632	0.0460	NaN	0.0399	0.3600
140.7150	0.1637	0.0460	NaN	0.0399	0.3595
140.7364	0.1639	0.0459	NaN	0.0398	0.3601
140.7621	0.1640	0.0459	NaN	0.0397	0.3616
140.7841	0.1643	0.0458	NaN	0.0396	0.3626
140.8071	0.1647	0.0457	NaN	0.0396	0.3633
140.8279	0.1651	0.0457	NaN	0.0395	0.3635
140.8539	0.1651	0.0456	NaN	0.0394	0.3631
140.8755	0.1655	0.0455	NaN	0.0393	0.3624
140.9016	0.1656	0.0454	NaN	0.0392	0.3611
140.9242	0.1659	0.0453	NaN	0.0391	0.3608
140.9476	0.1664	0.0453	NaN	0.0391	0.3615
140.9712	0.1667	0.0452	NaN	0.0389	0.3626
140.9946	0.1669	0.0451	NaN	0.0389	0.3638
141.0209	0.1673	0.0450	NaN	0.0387	0.3649
141.0423	0.1679	0.0449	NaN	0.0386	0.3655
141.0658	0.1681	0.0448	NaN	0.0385	0.3657
141.0882	0.1686	0.0447	NaN	0.0384	0.3653
141.1133	0.1690	0.0446	NaN	0.0383	0.3645
141.1359	0.1694	0.0445	NaN	0.0382	0.3636
141.1586	0.1696	0.0444	NaN	0.0381	0.3631
141.1819	0.1700	0.0443	NaN	0.0380	0.3637
141.2039	0.1703	0.0442	NaN	0.0379	0.3647
141.2270	0.1710	0.0441	NaN	0.0377	0.3658
141.2510	0.1719	0.0441	NaN	0.0377	0.3667
141.2751	0.1731	0.0440	NaN	0.0376	0.3672
141.2974	0.1749	0.0440	NaN	0.0375	0.3673
141.3225	0.1779	0.0440	NaN	0.0374	0.3670
141.3452	0.1832	0.0441	NaN	0.0373	0.3662
141.3698	0.1944	0.0444	NaN	0.0372	0.3659
141.3928	0.2014	0.0446	NaN	0.0371	0.3644
141.4146	0.1896	0.0441	NaN	0.0371	0.3639
141.4394	0.1839	0.0438	NaN	0.0370	0.3640
141.4623	0.1835	0.0437	NaN	0.0369	0.3652
141.4868	0.1865	0.0438	NaN	0.0369	0.3663
141.5089	0.1942	0.0440	NaN	0.0368	0.3674
141.5342	0.2116	0.0446	NaN	0.0368	0.3680
141.5564	0.2357	0.0455	NaN	0.0368	0.3680
141.5804	0.2206	0.0449	NaN	0.0368	0.3672
141.6019	0.2069	0.0444	NaN	0.0367	0.3659
141.6277	0.2075	0.0444	NaN	0.0367	0.3652
141.6509	0.2028	0.0442	NaN	0.0367	0.3663
141.6743	0.1930	0.0439	NaN	0.0367	0.3678
141.6974	0.1904	0.0438	NaN	0.0368	0.3691
141.7210	0.1975	0.0441	NaN	0.0368	0.3700
141.7460	0.1938	0.0440	NaN	0.0368	0.3702
141.7676	0.1936	0.0441	NaN	0.0369	0.3696
141.7930	0.2043	0.0445	NaN	0.0369	0.3685
141.8148	0.2009	0.0445	NaN	0.0370	0.3676
141.8390	0.1801	0.0438	NaN	0.0371	0.3675
141.8631	0.1681	0.0434	NaN	0.0372	0.3686
141.8847	0.1614	0.0433	NaN	0.0373	0.3700
141.9089	0.1663	0.0436	NaN	0.0374	0.3711
141.9308	0.1676	0.0437	NaN	0.0375	0.3716
141.9555	0.1670	0.0438	NaN	0.0376	0.3716
141.9805	0.1663	0.0439	NaN	0.0377	0.3713
142.0049	0.1658	0.0440	NaN	0.0378	0.3705
142.0275	0.1653	0.0441	NaN	0.0379	0.3692
142.0513	0.1649	0.0443	NaN	0.0381	0.3681
142.0749	0.1647	0.0444	NaN	0.0382	0.3686
142.0995	0.1644	0.0446	NaN	0.0384	0.3701
142.1225	0.1642	0.0447	NaN	0.0385	0.3716
142.1452	0.1641	0.0448	NaN	0.0387	0.3722
142.1691	0.1639	0.0450	NaN	0.0388	0.3721
142.1923	0.1637	0.0451	NaN	0.0390	0.3713
142.2156	0.1635	0.0452	NaN	0.0391	0.3698
142.2376	0.1634	0.0454	NaN	0.0393	0.3688
142.2619	0.1633	0.0455	NaN	0.0394	0.3689
142.2848	0.1632	0.0456	NaN	0.0395	0.3697
142.3092	0.1631	0.0458	NaN	0.0397	0.3711
142.3341	0.1631	0.0459	NaN	0.0398	0.3726
142.3586	0.1630	0.0460	NaN	0.0399	0.3732
142.3848	0.1630	0.0462	NaN	0.0401	0.3737
142.4059	0.1630	0.0463	NaN	0.0402	0.3733
142.4302	0.1629	0.0465	NaN	0.0404	0.3723
142.4547	0.1630	0.0466	NaN	0.0405	0.3713
142.4793	0.1630	0.0467	NaN	0.0406	0.3710
142.5016	0.1628	0.0469	NaN	0.0408	0.3715
142.5257	0.1627	0.0470	NaN	0.0409	0.3726
142.5486	0.1627	0.0471	NaN	0.0410	0.3740
142.5724	0.1627	0.0472	NaN	0.0411	0.3753
142.5981	0.1628	0.0473	NaN	0.0412	0.3759
142.6206	0.1628	0.0474	NaN	0.0413	0.3760
142.6457	0.1628	0.0475	NaN	0.0414	0.3756
142.6684	0.1627	0.0476	NaN	0.0415	0.3746
142.6914	0.1626	0.0476	NaN	0.0416	0.3732
142.7146	0.1623	0.0477	NaN	0.0416	0.3725
142.7373	0.1622	0.0478	NaN	0.0417	0.3725
142.7605	0.1621	0.0479	NaN	0.0418	0.3732
142.7826	0.1621	0.0479	NaN	0.0418	0.3748
142.8079	0.1621	0.0480	NaN	0.0419	0.3760
142.8324	0.1621	0.0480	NaN	0.0420	0.3765
142.8536	0.1620	0.0481	NaN	0.0420	0.3761
142.8768	0.1621	0.0481	NaN	0.0421	0.3749
142.9010	0.1622	0.0482	NaN	0.0421	0.3731
142.9206	0.1623	0.0483	NaN	0.0422	0.3727
142.9481	0.1624	0.0483	NaN	0.0422	0.3735
142.9705	0.1625	0.0483	NaN	0.0422	0.3748
142.9943	0.1627	0.0484	NaN	0.0423	0.3763
143.0191	0.1629	0.0484	NaN	0.0423	0.3771
143.0413	0.1631	0.0484	NaN	0.0423	0.3773
143.0663	0.1633	0.0485	NaN	0.0424	0.3775
143.0887	0.1633	0.0485	NaN	0.0424	0.3775
143.1129	0.1635	0.0485	NaN	0.0424	0.3765
143.1350	0.1637	0.0486	NaN	0.0424	0.3750
143.1598	0.1638	0.0486	NaN	0.0424	0.3744
143.1820	0.1641	0.0486	NaN	0.0425	0.3753
143.2068	0.1643	0.0486	NaN	0.0425	0.3771
143.2280	0.1645	0.0487	NaN	0.0425	0.3787
143.2549	0.1647	0.0487	NaN	0.0426	0.3794
143.2776	0.1647	0.0488	NaN	0.0426	0.3789
143.3010	0.1648	0.0488	NaN	0.0426	0.3778
143.3250	0.1647	0.0488	NaN	0.0426	0.3766
143.3475	0.1646	0.0488	NaN	0.0427	0.3762
143.3712	0.1643	0.0488	NaN	0.0427	0.3766
143.3947	0.1639	0.0488	NaN	0.0427	0.3777
143.4203	0.1637	0.0489	NaN	0.0427	0.3788
143.4436	0.1635	0.0489	NaN	0.0428	0.3796
143.4682	0.1634	0.0489	NaN	0.0428	0.3797
143.4930	0.1635	0.0489	NaN	0.0428	0.3792
143.5157	0.1634	0.0489	NaN	0.0428	0.3782
143.5392	0.1635	0.0489	NaN	0.0428	0.3771
143.5613	0.1637	0.0489	NaN	0.0428	0.3764
143.5844	0.1638	0.0490	NaN	0.0429	0.3770
143.6066	0.1641	0.0490	NaN	0.0429	0.3779
143.6313	0.1642	0.0490	NaN	0.0429	0.3790
143.6539	0.1642	0.0490	NaN	0.0429	0.3799
143.6782	0.1643	0.0490	NaN	0.0429	0.3804
143.7002	0.1644	0.0490	NaN	0.0429	0.3798
143.7244	0.1645	0.0491	NaN	0.0429	0.3783
143.7477	0.1646	0.0491	NaN	0.0429	0.3771
143.7695	0.1648	0.0491	NaN	0.0429	0.3774
143.7948	0.1650	0.0491	NaN	0.0430	0.3787
143.8172	0.1651	0.0492	NaN	0.0430	0.3803
143.8410	0.1653	0.0492	NaN	0.0430	0.3815
143.8638	0.1654	0.0492	NaN	0.0430	0.3818
143.8879	0.1655	0.0492	NaN	0.0430	0.3811
143.9099	0.1657	0.0492	NaN	0.0431	0.3798
143.9347	0.1658	0.0492	NaN	0.0431	0.3789
143.9583	0.1658	0.0493	NaN	0.0431	0.3793
143.9833	0.1658	0.0493	NaN	0.0431	0.3808
144.0071	0.1658	0.0493	NaN	0.0431	0.3824
144.0291	0.1658	0.0493	NaN	0.0431	0.3833
144.0524	0.1659	0.0493	NaN	0.0432	0.3835
144.0759	0.1659	0.0493	NaN	0.0432	0.3832
144.0983	0.1658	0.0494	NaN	0.0432	0.3822
144.1202	0.1657	0.0494	NaN	0.0432	0.3808
144.1443	0.1657	0.0494	NaN	0.0432	0.3798
144.1670	0.1657	0.0494	NaN	0.0432	0.3805
144.1933	0.1658	0.0494	NaN	0.0433	0.3817
144.2173	0.1659	0.0494	NaN	0.0433	0.3830
144.2401	0.1660	0.0495	NaN	0.0433	0.3835
144.2647	0.1660	0.0495	NaN	0.0433	0.3831
144.2871	0.1661	0.0495	NaN	0.0433	0.3820
144.3113	0.1663	0.0495	NaN	0.0433	0.3805
144.3330	0.1665	0.0495	NaN	0.0433	0.3798
144.3593	0.1668	0.0495	NaN	0.0433	0.3804
144.3821	0.1668	0.0496	NaN	0.0434	0.3815
144.4085	0.1669	0.0496	NaN	0.0433	0.3832
144.4308	0.1671	0.0496	NaN	0.0434	0.3844
144.4528	0.1671	0.0496	NaN	0.0434	0.3847
144.4778	0.1673	0.0496	NaN	0.0434	0.3844
144.4994	0.1675	0.0496	NaN	0.0434	0.3839
144.5246	0.1676	0.0497	NaN	0.0434	0.3827
144.5463	0.1676	0.0497	NaN	0.0434	0.3816
144.5708	0.1677	0.0497	NaN	0.0435	0.3818
144.5930	0.1677	0.0497	NaN	0.0435	0.3832
144.6188	0.1679	0.0497	NaN	0.0435	0.3851
144.6408	0.1679	0.0497	NaN	0.0435	0.3865
144.6651	0.1679	0.0497	NaN	0.0435	0.3863
144.6903	0.1678	0.0498	NaN	0.0435	0.3851
144.7125	0.1679	0.0498	NaN	0.0436	0.3834
144.7371	0.1679	0.0498	NaN	0.0436	0.3828
144.7597	0.1678	0.0498	NaN	0.0436	0.3833
144.7829	0.1677	0.0498	NaN	0.0436	0.3845
144.8039	0.1677	0.0498	NaN	0.0437	0.3855
144.8285	0.1674	0.0498	NaN	0.0437	0.3861
144.8522	0.1676	0.0499	NaN	0.0437	0.3865
144.8771	0.1674	0.0499	NaN	0.0437	0.3865
144.9001	0.1675	0.0499	NaN	0.0437	0.3854
144.9233	0.1680	0.0499	NaN	0.0437	0.3830
144.9496	0.1681	0.0499	NaN	0.0437	0.3827
144.9707	0.1683	0.0499	NaN	0.0437	0.3845
144.9959	0.1683	0.0499	NaN	0.0437	0.3859
145.0169	0.1684	0.0499	NaN	0.0438	0.3863
145.0422	0.1687	0.0500	NaN	0.0437	0.3871
145.0640	0.1691	0.0500	NaN	0.0437	0.3865
145.0879	0.1693	0.0500	NaN	0.0438	0.3856
145.1089	0.1694	0.0500	NaN	0.0438	0.3850
145.1345	0.1693	0.0500	NaN	0.0438	0.3841
145.1585	0.1694	0.0500	NaN	0.0438	0.3843
145.1808	0.1694	0.0500	NaN	0.0438	0.3850
145.2054	0.1695	0.0501	NaN	0.0438	0.3865
145.2281	0.1695	0.0501	NaN	0.0439	0.3878
145.2520	0.1696	0.0501	NaN	0.0439	0.3890
145.2737	0.1696	0.0501	NaN	0.0439	0.3894
145.3007	0.1695	0.0501	NaN	0.0439	0.3889
145.3236	0.1694	0.0501	NaN	0.0439	0.3878
145.3477	0.1693	0.0501	NaN	0.0439	0.3868
145.3719	0.1691	0.0501	NaN	0.0439	0.3862
145.3953	0.1691	0.0501	NaN	0.0439	0.3859
145.4188	0.1691	0.0501	NaN	0.0439	0.3865
145.4409	0.1692	0.0501	NaN	0.0439	0.3880
145.4665	0.1692	0.0501	NaN	0.0439	0.3893
145.4874	0.1694	0.0501	NaN	0.0438	0.3896
145.5122	0.1695	0.0500	NaN	0.0438	0.3888
145.5352	0.1696	0.0500	NaN	0.0438	0.3871
145.5599	0.1697	0.0500	NaN	0.0438	0.3860
145.5832	0.1698	0.0500	NaN	0.0437	0.3856
145.6051	0.1701	0.0499	NaN	0.0437	0.3863
145.6303	0.1705	0.0499	NaN	0.0436	0.3881
145.6522	0.1707	0.0498	NaN	0.0435	0.3895
145.6767	0.1708	0.0498	NaN	0.0435	0.3900
145.7000	0.1711	0.0497	NaN	0.0434	0.3896
145.7241	0.1716	0.0497	NaN	0.0433	0.3883
145.7460	0.1720	0.0496	NaN	0.0432	0.3869
145.7709	0.1725	0.0495	NaN	0.0431	0.3870
145.7928	0.1728	0.0494	NaN	0.0430	0.3884
145.8166	0.1732	0.0493	NaN	0.0428	0.3901
145.8411	0.1739	0.0492	NaN	0.0427	0.3914
145.8623	0.1746	0.0490	NaN	0.0425	0.3919
145.8886	0.1750	0.0488	NaN	0.0423	0.3915
145.9126	0.1755	0.0487	NaN	0.0421	0.3906
145.9343	0.1760	0.0485	NaN	0.0419	0.3894
145.9563	0.1765	0.0482	NaN	0.0417	0.3888
145.9824	0.1768	0.0480	NaN	0.0414	0.3888
146.0029	0.1772	0.0478	NaN	0.0411	0.3898
146.0278	0.1777	0.0475	NaN	0.0409	0.3914
146.0535	0.1782	0.0472	NaN	0.0405	0.3927
146.0758	0.1786	0.0469	NaN	0.0402	0.3932
146.0999	0.1792	0.0466	NaN	0.0399	0.3926
146.1229	0.1798	0.0462	NaN	0.0395	0.3910
146.1472	0.1802	0.0458	NaN	0.0391	0.3894
146.1687	0.1808	0.0455	NaN	0.0387	0.3889
146.1934	0.1813	0.0451	NaN	0.0383	0.3898
146.2139	0.1820	0.0447	NaN	0.0379	0.3910
146.2382	0.1826	0.0443	NaN	0.0375	0.3924
146.2599	0.1831	0.0439	NaN	0.0371	0.3931
146.2851	0.1838	0.0435	NaN	0.0367	0.3928
146.3097	0.1845	0.0431	NaN	0.0363	0.3924
146.3322	0.1851	0.0427	NaN	0.0358	0.3914
146.3560	0.1857	0.0423	NaN	0.0354	0.3899
146.3769	0.1862	0.0419	NaN	0.0350	0.3897
146.4041	0.1870	0.0415	NaN	0.0346	0.3912
146.4240	0.1877	0.0411	NaN	0.0342	0.3927
146.4480	0.1885	0.0407	NaN	0.0338	0.3941
146.4726	0.1894	0.0404	NaN	0.0334	0.3946
146.4970	0.1905	0.0401	NaN	0.0331	0.3941
146.5203	0.1916	0.0398	NaN	0.0327	0.3927
146.5427	0.1932	0.0395	NaN	0.0324	0.3913
146.5675	0.1955	0.0393	NaN	0.0321	0.3913
146.5880	0.1986	0.0391	NaN	0.0318	0.3926
146.6127	0.2039	0.0390	NaN	0.0315	0.3941
146.6359	0.2124	0.0391	NaN	0.0313	0.3955
146.6599	0.2270	0.0394	NaN	0.0311	0.3963
146.6817	0.2549	0.0403	NaN	0.0309	0.3960
146.7059	0.2932	0.0415	NaN	0.0308	0.3950
146.7298	0.3002	0.0416	NaN	0.0307	0.3935
146.7534	0.3568	0.0435	NaN	0.0306	0.3926
146.7765	0.4323	0.0463	NaN	0.0306	0.3927
146.7996	0.4124	0.0456	NaN	0.0305	0.3933
146.8228	0.3814	0.0444	NaN	0.0305	0.3946
146.8469	0.3828	0.0444	NaN	0.0305	0.3961
146.8702	0.3527	0.0434	NaN	0.0306	0.3966
146.8926	0.2574	0.0400	NaN	0.0306	0.3960
146.9180	0.2316	0.0392	NaN	0.0307	0.3944
146.9405	0.2181	0.0388	NaN	0.0308	0.3930
146.9645	0.2066	0.0386	NaN	0.0309	0.3925
146.9884	0.1991	0.0385	NaN	0.0312	0.3940
147.0105	0.1944	0.0385	NaN	0.0314	0.3957
147.0353	0.1909	0.0387	NaN	0.0317	0.3969
147.0580	0.1887	0.0389	NaN	0.0319	0.3974
147.0818	0.1867	0.0392	NaN	0.0323	0.3971
147.1041	0.1856	0.0395	NaN	0.0327	0.3955
147.1286	0.1845	0.0399	NaN	0.0330	0.3942
147.1508	0.1836	0.0402	NaN	0.0334	0.3946
147.1756	0.1827	0.0406	NaN	0.0339	0.3962
147.1979	0.1820	0.0410	NaN	0.0343	0.3980
147.2223	0.1814	0.0414	NaN	0.0347	0.3993
147.2488	0.1809	0.0418	NaN	0.0352	0.3996
147.2719	0.1802	0.0423	NaN	0.0357	0.3994
147.2958	0.1795	0.0428	NaN	0.0361	0.3985
147.3178	0.1791	0.0432	NaN	0.0366	0.3971
147.3432	0.1785	0.0436	NaN	0.0370	0.3958
147.3660	0.1781	0.0441	NaN	0.0374	0.3959
147.3874	0.1776	0.0445	NaN	0.0379	0.3971
147.4105	0.1771	0.0449	NaN	0.0383	0.3982
147.4347	0.1766	0.0453	NaN	0.0388	0.3995
147.4588	0.1763	0.0458	NaN	0.0392	0.4000
147.4797	0.1759	0.0462	NaN	0.0397	0.3999
147.5033	0.1755	0.0466	NaN	0.0401	0.3988
147.5234	0.1751	0.0470	NaN	0.0405	0.3973
147.5449	0.1747	0.0474	NaN	0.0408	0.3960
147.5666	0.1745	0.0477	NaN	0.0412	0.3957
147.5891	0.1743	0.0481	NaN	0.0416	0.3966
147.6123	0.1741	0.0484	NaN	0.0419	0.3982
147.6375	0.1738	0.0487	NaN	0.0422	0.3997
147.6581	0.1736	0.0490	NaN	0.0425	0.4005
147.6833	0.1737	0.0493	NaN	0.0428	0.4000
147.7082	0.1736	0.0496	NaN	0.0431	0.3980
147.7292	0.1736	0.0498	NaN	0.0434	0.3969
147.7542	0.1736	0.0500	NaN	0.0436	0.3973
147.7760	0.1734	0.0502	NaN	0.0439	0.3991
147.8011	0.1733	0.0504	NaN	0.0441	0.4010
147.8240	0.1732	0.0505	NaN	0.0443	0.4021
147.8479	0.1730	0.0507	NaN	0.0444	0.4019
147.8697	0.1727	0.0508	NaN	0.0446	0.4005
147.8954	0.1724	0.0510	NaN	0.0448	0.3991
147.9193	0.1723	0.0511	NaN	0.0449	0.3985
147.9413	0.1725	0.0512	NaN	0.0450	0.3992
147.9645	0.1724	0.0513	NaN	0.0451	0.4010
147.9873	0.1723	0.0514	NaN	0.0452	0.4027
148.0110	0.1722	0.0515	NaN	0.0453	0.4034
148.0346	0.1722	0.0516	NaN	0.0454	0.4035
148.0593	0.1720	0.0516	NaN	0.0454	0.4035
148.0810	0.1719	0.0517	NaN	0.0455	0.4025
148.1045	0.1717	0.0517	NaN	0.0456	0.4005
148.1281	0.1716	0.0518	NaN	0.0456	0.3991
148.1519	0.1716	0.0518	NaN	0.0457	0.4000
148.1764	0.1715	0.0519	NaN	0.0457	0.4014
148.2009	0.1713	0.0519	NaN	0.0458	0.4026
148.2240	0.1713	0.0520	NaN	0.0458	0.4033
148.2477	0.1714	0.0520	NaN	0.0458	0.4025
148.2726	0.1715	0.0520	NaN	0.0459	0.4012
148.2953	0.1717	0.0521	NaN	0.0459	0.4003
148.3190	0.1719	0.0521	NaN	0.0459	0.3989
148.3422	0.1720	0.0521	NaN	0.0459	0.3990
148.3652	0.1722	0.0522	NaN	0.0460	0.4000
148.3901	0.1725	0.0522	NaN	0.0460	0.4017
148.4131	0.1727	0.0522	NaN	0.0460	0.4031
148.4377	0.1730	0.0523	NaN	0.0461	0.4038
148.4600	0.1734	0.0523	NaN	0.0461	0.4038
148.4822	0.1735	0.0524	NaN	0.0461	0.4031
148.5050	0.1736	0.0524	NaN	0.0461	0.4016
148.5292	0.1737	0.0524	NaN	0.0461	0.4004
148.5516	0.1738	0.0525	NaN	0.0462	0.4007
148.5779	0.1739	0.0524	NaN	0.0462	0.4021
148.6001	0.1739	0.0524	NaN	0.0462	0.4040
148.6230	0.1740	0.0524	NaN	0.0462	0.4053
148.6474	0.1740	0.0525	NaN	0.0462	0.4053
148.6682	0.1740	0.0525	NaN	0.0462	0.4037
148.6942	0.1739	0.0525	NaN	0.0462	0.4018
148.7152	0.1738	0.0525	NaN	0.0462	0.4017
148.7388	0.1736	0.0525	NaN	0.0463	0.4028
148.7617	0.1735	0.0525	NaN	0.0463	0.4040
148.7865	0.1735	0.0525	NaN	0.0463	0.4051
148.8088	0.1736	0.0526	NaN	0.0463	0.4057
148.8324	0.1737	0.0526	NaN	0.0463	0.4052
148.8567	0.1739	0.0526	NaN	0.0463	0.4039
148.8804	0.1739	0.0526	NaN	0.0464	0.4022
148.9044	0.1740	0.0526	NaN	0.0464	0.4012
148.9253	0.1742	0.0526	NaN	0.0464	0.4012
148.9500	0.1743	0.0527	NaN	0.0464	0.4017
148.9729	0.1745	0.0527	NaN	0.0464	0.4028
148.9970	0.1747	0.0527	NaN	0.0464	0.4037
149.0207	0.1748	0.0527	NaN	0.0464	0.4051
149.0426	0.1750	0.0527	NaN	0.0464	0.4055
149.0678	0.1752	0.0528	NaN	0.0465	0.4050
149.0887	0.1755	0.0528	NaN	0.0465	0.4034
149.1142	0.1757	0.0528	NaN	0.0465	0.4024
149.1385	0.1760	0.0528	NaN	0.0465	0.4022
149.1608	0.1760	0.0528	NaN	0.0465	0.4028
149.1835	0.1760	0.0528	NaN	0.0465	0.4041
149.2080	0.1760	0.0529	NaN	0.0465	0.4055
149.2311	0.1759	0.0529	NaN	0.0465	0.4067
149.2565	0.1758	0.0529	NaN	0.0465	0.4074
149.2797	0.1758	0.0529	NaN	0.0466	0.4067
149.3030	0.1758	0.0529	NaN	0.0466	0.4058
149.3263	0.1758	0.0529	NaN	0.0466	0.4048
149.3503	0.1756	0.0529	NaN	0.0466	0.4039
149.3738	0.1754	0.0529	NaN	0.0466	0.4037
149.3954	0.1754	0.0529	NaN	0.0467	0.4047
149.4202	0.1753	0.0530	NaN	0.0466	0.4061
149.4435	0.1753	0.0530	NaN	0.0467	0.4071
149.4672	0.1754	0.0530	NaN	0.0467	0.4077
149.4913	0.1755	0.0530	NaN	0.0467	0.4076
149.5159	0.1757	0.0530	NaN	0.0467	0.4067
149.5386	0.1758	0.0530	NaN	0.0467	0.4051
149.5606	0.1756	0.0530	NaN	0.0467	0.4036
149.5861	0.1755	0.0531	NaN	0.0467	0.4035
149.6081	0.1754	0.0531	NaN	0.0468	0.4045
149.6334	0.1755	0.0531	NaN	0.0468	0.4059
149.6551	0.1756	0.0531	NaN	0.0468	0.4068
149.6793	0.1759	0.0531	NaN	0.0468	0.4075
149.7023	0.1760	0.0532	NaN	0.0468	0.4073
149.7262	0.1762	0.0532	NaN	0.0468	0.4063
149.7491	0.1765	0.0532	NaN	0.0468	0.4051
149.7737	0.1767	0.0532	NaN	0.0469	0.4041
149.7968	0.1770	0.0532	NaN	0.0469	0.4039
149.8198	0.1771	0.0532	NaN	0.0469	0.4048
149.8436	0.1773	0.0533	NaN	0.0469	0.4064
149.8643	0.1774	0.0533	NaN	0.0469	0.4079
149.8899	0.1774	0.0533	NaN	0.0469	0.4088
149.9126	0.1774	0.0533	NaN	0.0469	0.4089
149.9379	0.1774	0.0533	NaN	0.0469	0.4080
149.9588	0.1774	0.0533	NaN	0.0469	0.4068
149.9864	0.1775	0.0533	NaN	0.0470	0.4057
150.0085	0.1774	0.0533	NaN	0.0470	0.4056
150.0299	0.1775	0.0534	NaN	0.0470	0.4062
150.0561	0.1774	0.0534	NaN	0.0470	0.4075
150.0778	0.1774	0.0534	NaN	0.0470	0.4085
150.1018	0.1775	0.0534	NaN	0.0470	0.4095
150.1255	0.1776	0.0534	NaN	0.0470	0.4102
150.1499	0.1775	0.0534	NaN	0.0471	0.4105
150.1737	0.1775	0.0534	NaN	0.0471	0.4100
150.1987	0.1770	0.0535	NaN	0.0471	0.4086
150.2196	0.1768	0.0535	NaN	0.0471	0.4069
150.2439	0.1766	0.0535	NaN	0.0471	0.4064
150.2689	0.1770	0.0535	NaN	0.0471	0.4079
150.2904	0.1767	0.0535	NaN	0.0472	0.4095
150.3142	0.1766	0.0535	NaN	0.0472	0.4106
150.3376	0.1765	0.0535	NaN	0.0472	0.4104
150.3612	0.1765	0.0536	NaN	0.0472	0.4086
150.3834	0.1769	0.0536	NaN	0.0472	0.4066
150.4090	0.1771	0.0536	NaN	0.0473	0.4058
150.4322	0.1772	0.0536	NaN	0.0472	0.4060
150.4556	0.1771	0.0536	NaN	0.0473	0.4070
150.4795	0.1770	0.0536	NaN	0.0473	0.4083
150.5024	0.1773	0.0537	NaN	0.0473	0.4098
150.5249	0.1775	0.0537	NaN	0.0473	0.4104
150.5485	0.1775	0.0537	NaN	0.0473	0.4099
150.5731	0.1775	0.0537	NaN	0.0473	0.4088
