122	0.1234	0.0365	NaN	0.0318	0.2901	-3.69E-05	780.2456192
122	0.1234	0.0365	NaN	0.0318	0.2908	-5.26E-05	780.2456397
122	0.1234	0.0365	NaN	0.0318	0.2916	-6.92E-05	780.2456616
122	0.1234	0.0365	NaN	0.0318	0.292	-8.35E-05	780.2456805
122	0.1234	0.0365	NaN	0.0319	0.2914	-9.21E-07	780.2457033
122	0.1234	0.0365	NaN	0.0319	0.2914	-1.61E-05	780.2457233
122	0.1235	0.0365	NaN	0.0319	0.2906	-3.30E-05	780.2457455
122	0.1236	0.0366	NaN	0.0319	0.2899	-4.75E-05	780.2457646
122	0.1237	0.0366	NaN	0.0319	0.2896	-6.44E-05	780.2457868
122	0.1238	0.0366	NaN	0.0319	0.2906	-7.97E-05	780.2458069
122	0.1239	0.0366	NaN	0.0319	0.2917	-9.78E-05	780.2458307
122	0.124	0.0366	NaN	0.0319	0.2918	-0.000111117	780.2458482
122	0.1241	0.0366	NaN	0.032	0.2924	-2.80E-05	780.2458705
122	0.1243	0.0367	NaN	0.032	0.2926	-4.43E-05	780.2458919
122	0.1244	0.0367	NaN	0.032	0.2919	-5.91E-05	780.2459114
122	0.1245	0.0367	NaN	0.032	0.2909	-7.51E-05	780.2459324
122	0.1246	0.0367	NaN	0.032	0.2903	-9.02E-05	780.2459522
122	0.1246	0.0367	NaN	0.0321	0.29	-5.95E-06	780.2459729
122	0.1248	0.0368	NaN	0.0321	0.29	-2.29E-05	780.2459953
122	0.125	0.0368	NaN	0.0321	0.2906	-4.00E-05	780.2460177
122	0.1251	0.0368	NaN	0.0321	0.2916	-5.44E-05	780.2460367
123	0.1253	0.0368	NaN	0.0321	0.2926	-7.12E-05	780.2460588
123	0.1255	0.0369	NaN	0.0321	0.2935	-8.80E-05	780.2460809
123	0.1255	0.0369	NaN	0.0321	0.2936	-0.000103004	780.2461006
123	0.1255	0.0369	NaN	0.0321	0.2934	-0.000118967	780.2461216
123	0.1256	0.0369	NaN	0.0322	0.292	-3.35E-05	780.2461406
123	0.1257	0.0369	NaN	0.0322	0.2916	-4.95E-05	780.2461617
123	0.1257	0.0369	NaN	0.0322	0.2919	-6.51E-05	780.2461822
123	0.1257	0.037	NaN	0.0322	0.2926	-8.22E-05	780.2462047
123	0.1256	0.037	NaN	0.0322	0.2936	-9.70E-05	780.2462241
123	0.1255	0.037	NaN	0.0323	0.2949	-1.43E-05	780.2462469
123	0.1257	0.037	NaN	0.0323	0.2952	-2.86E-05	780.2462657
123	0.1256	0.037	NaN	0.0323	0.2953	-4.48E-05	780.246287
123	0.1255	0.037	NaN	0.0323	0.2945	-6.06E-05	780.2463078
123	0.1255	0.037	NaN	0.0323	0.2945	-7.73E-05	780.2463297
123	0.1255	0.037	NaN	0.0323	0.294	-9.25E-05	780.2463497
123	0.1256	0.037	NaN	0.0323	0.2931	-0.000106763	780.2463685
123	0.1256	0.0371	NaN	0.0323	0.2934	-0.00012286	780.2463897
123	0.1258	0.0371	NaN	0.0324	0.2939	-3.77E-05	780.2464092
123	0.126	0.0371	NaN	0.0324	0.2946	-5.42E-05	780.246431
123	0.1259	0.0371	NaN	0.0324	0.296	-6.96E-05	780.2464512
123	0.126	0.0371	NaN	0.0324	0.2963	-8.58E-05	780.2464725
123	0.126	0.0372	NaN	0.0324	0.2962	-0.000101399	780.246493
123	0.126	0.0372	NaN	0.0324	0.2954	-0.000116825	780.2465133
123	0.126	0.0372	NaN	0.0324	0.2945	-0.000131714	780.2465328
123	0.1261	0.0372	NaN	0.0324	0.2935	-0.000146939	780.2465529
123	0.1262	0.0372	NaN	0.0325	0.2936	-6.24E-05	780.2465731
123	0.1263	0.0372	NaN	0.0324	0.2939	-0.000177858	780.2465935
123	0.1265	0.0372	NaN	0.0325	0.2949	-9.52E-05	780.2466164
123	0.1266	0.0372	NaN	0.0325	0.2962	-0.000110186	780.246636
123	0.1267	0.0373	NaN	0.0325	0.2965	-0.000126216	780.2466571
123	0.1267	0.0373	NaN	0.0325	0.2962	-0.000141977	780.2466778
123	0.1268	0.0373	NaN	0.0325	0.2947	-0.000157001	780.2466976
123	0.127	0.0373	NaN	0.0325	0.2942	-0.000174707	780.2467209
123	0.1274	0.0373	NaN	0.0325	0.2948	-0.000189798	780.2467407
123	0.1276	0.0373	NaN	0.0325	0.296	-0.000205828	780.2467618
123	0.1277	0.0373	NaN	0.0325	0.2969	-0.000221187	780.246782
123	0.1278	0.0373	NaN	0.0325	0.2974	-0.00023668	780.2468024
123	0.1279	0.0373	NaN	0.0325	0.298	-0.00025224	780.2468228
123	0.1278	0.0372	NaN	0.0324	0.2975	-0.00036874	780.2468445
123	0.1279	0.0372	NaN	0.0324	0.2962	-0.00038383	780.2468644
123	0.1279	0.0372	NaN	0.0324	0.2958	-0.000400933	780.2468869
123	0.1281	0.0372	NaN	0.0323	0.296	-0.000517768	780.246909
124	0.128	0.0371	NaN	0.0323	0.2961	-0.000533328	780.2469295
124	0.128	0.0371	NaN	0.0323	0.2966	-0.000548352	780.2469492
124	0.128	0.0371	NaN	0.0323	0.2976	-0.000562839	780.2469683
124	0.1282	0.037	NaN	0.0322	0.2989	-0.00067974	780.2469905
124	0.1283	0.037	NaN	0.0322	0.2997	-0.000694295	780.2470096
124	0.1286	0.0369	NaN	0.0321	0.2999	-0.000810324	780.2470307
124	0.1288	0.0368	NaN	0.032	0.2996	-0.000924946	780.24705
124	0.129	0.0368	NaN	0.0319	0.2983	-0.001040975	780.247071
124	0.129	0.0367	NaN	0.0318	0.2974	-0.001158078	780.2470935
124	0.1291	0.0366	NaN	0.0318	0.2972	-0.001173102	780.2471133
124	0.1291	0.0365	NaN	0.0316	0.2975	-0.001390406	780.247136
124	0.1294	0.0364	NaN	0.0315	0.2982	-0.001506369	780.247157
124	0.1297	0.0362	NaN	0.0314	0.2988	-0.001621929	780.2471775
124	0.13	0.0361	NaN	0.0312	0.2997	-0.001836483	780.2471966
124	0.1304	0.036	NaN	0.0311	0.3003	-0.00195325	780.2472187
124	0.1308	0.0358	NaN	0.0309	0.3003	-0.002168006	780.2472381
124	0.1313	0.0356	NaN	0.0307	0.3002	-0.002384237	780.2472594
124	0.1316	0.0355	NaN	0.0305	0.2989	-0.002599328	780.2472793
124	0.132	0.0353	NaN	0.0303	0.2978	-0.002815022	780.2472999
124	0.1325	0.035	NaN	0.0301	0.2976	-0.00303132	780.2473213
124	0.133	0.0348	NaN	0.0298	0.2984	-0.003345807	780.2473404
124	0.1336	0.0346	NaN	0.0296	0.2995	-0.003562843	780.2473628
124	0.134	0.0343	NaN	0.0293	0.3005	-0.003877062	780.2473815
124	0.1342	0.0341	NaN	0.0291	0.3012	-0.004094165	780.247404
124	0.1344	0.0339	NaN	0.0289	0.3015	-0.004308652	780.247423
124	0.1346	0.0336	NaN	0.0286	0.3013	-0.004625151	780.2474447
124	0.1349	0.0333	NaN	0.0283	0.301	-0.004939906	780.2474641
124	0.1352	0.033	NaN	0.0279	0.2998	-0.00535768	780.2474875
124	0.1354	0.0327	NaN	0.0276	0.2994	-0.005672972	780.2475076
124	0.1356	0.0324	NaN	0.0273	0.3002	-0.005988532	780.2475281
124	0.1359	0.0321	NaN	0.027	0.3013	-0.006304629	780.2475493
124	0.136	0.0318	NaN	0.0267	0.3021	-0.00661972	780.2475691
124	0.1361	0.0315	NaN	0.0264	0.3029	-0.006936487	780.2475911
124	0.1362	0.0313	NaN	0.0262	0.3032	-0.007151108	780.2476104
124	0.1364	0.031	NaN	0.0259	0.3033	-0.007468412	780.2476331
124	0.1367	0.0307	NaN	0.0255	0.3027	-0.007883771	780.2476533
124	0.137	0.0304	NaN	0.0252	0.302	-0.008200069	780.2476748
124	0.1372	0.0301	NaN	0.0249	0.3012	-0.008514825	780.2476942
124	0.1373	0.0298	NaN	0.0246	0.3007	-0.008831123	780.2477156
124	0.1376	0.0295	NaN	0.0243	0.3009	-0.009147086	780.2477366
124	0.1379	0.0292	NaN	0.024	0.3016	-0.009462176	780.2477564
124	0.1384	0.029	NaN	0.0238	0.3017	-0.009678743	780.2477782
124	0.1391	0.0288	NaN	0.0236	0.3024	-0.009893833	780.2477981
125	0.1402	0.0285	NaN	0.0233	0.3032	-0.010209528	780.2478187
125	0.1416	0.0284	NaN	0.0231	0.3039	-0.010424484	780.2478384
125	0.1439	0.0282	NaN	0.0229	0.304	-0.010640782	780.2478598
125	0.1472	0.0282	NaN	0.0227	0.303	-0.010856007	780.2478798
125	0.1524	0.0282	NaN	0.0225	0.3017	-0.011071702	780.2479005
125	0.1631	0.0284	NaN	0.0223	0.3012	-0.011288804	780.247923
125	0.1829	0.029	NaN	0.0222	0.3017	-0.011403761	780.2479426
125	0.2153	0.0301	NaN	0.0221	0.3028	-0.011519858	780.2479638
125	0.2161	0.03	NaN	0.022	0.3039	-0.011635753	780.2479847
125	0.2408	0.0308	NaN	0.022	0.3045	-0.011652186	780.2480063
125	0.3076	0.0332	NaN	0.022	0.3049	-0.011666337	780.2480249
125	0.3203	0.0336	NaN	0.0219	0.3046	-0.011783306	780.2480472
125	0.2982	0.0328	NaN	0.0219	0.3039	-0.011797525	780.2480659
125	0.2852	0.0323	NaN	0.0219	0.303	-0.011815366	780.2480894
125	0.2861	0.0324	NaN	0.0219	0.3027	-0.011829651	780.2481082
125	0.2565	0.0314	NaN	0.022	0.3029	-0.011745145	780.2481285
125	0.1824	0.0287	NaN	0.022	0.3038	-0.011761308	780.2481498
125	0.1677	0.0283	NaN	0.022	0.3047	-0.011775796	780.2481689
125	0.1578	0.028	NaN	0.0221	0.3058	-0.011692898	780.2481913
125	0.1503	0.0278	NaN	0.0223	0.3067	-0.011506983	780.2482099
125	0.1452	0.0278	NaN	0.0224	0.307	-0.011423415	780.2482315
125	0.1421	0.0279	NaN	0.0226	0.3067	-0.011237969	780.2482506
125	0.1397	0.028	NaN	0.0228	0.3055	-0.011054268	780.2482721
125	0.138	0.0281	NaN	0.023	0.3047	-0.010869828	780.2482925
125	0.1368	0.0283	NaN	0.0232	0.3046	-0.010686126	780.2483139
125	0.1358	0.0285	NaN	0.0234	0.3052	-0.010502491	780.2483355
125	0.135	0.0287	NaN	0.0237	0.3068	-0.010217582	780.2483553
125	0.1344	0.029	NaN	0.024	0.3076	-0.009933209	780.2483759
125	0.134	0.0293	NaN	0.0242	0.3081	-0.009748836	780.2483964
125	0.1336	0.0295	NaN	0.0245	0.3076	-0.009464598	780.2484171
125	0.1334	0.0298	NaN	0.0248	0.3067	-0.009180762	780.2484384
125	0.1331	0.0301	NaN	0.0251	0.3055	-0.008895986	780.2484584
125	0.133	0.0304	NaN	0.0254	0.3051	-0.008612754	780.2484805
125	0.1327	0.0307	NaN	0.0257	0.3056	-0.008329387	780.2485023
125	0.1325	0.031	NaN	0.026	0.3064	-0.008044143	780.2485217
125	0.1325	0.0313	NaN	0.0264	0.3072	-0.007661715	780.2485449
125	0.1324	0.0317	NaN	0.0267	0.3079	-0.007377678	780.2485658
125	0.1323	0.032	NaN	0.0271	0.3083	-0.0069925	780.2485853
125	0.1323	0.0324	NaN	0.0274	0.3085	-0.006709603	780.2486078
125	0.1323	0.0327	NaN	0.0278	0.3084	-0.006324761	780.2486278
125	0.1323	0.033	NaN	0.0281	0.3083	-0.006040053	780.2486479
125	0.1323	0.0333	NaN	0.0284	0.308	-0.005754406	780.2486667
125	0.1323	0.0337	NaN	0.0287	0.3065	-0.005470704	780.2486882
126	0.1321	0.034	NaN	0.0291	0.306	-0.005086532	780.248709
126	0.132	0.0343	NaN	0.0294	0.3067	-0.004802428	780.2487299
126	0.132	0.0346	NaN	0.0297	0.3079	-0.00451886	780.2487515
126	0.1319	0.0349	NaN	0.03	0.3088	-0.004234353	780.2487719
126	0.1318	0.0353	NaN	0.0303	0.3096	-0.00394998	780.2487924
126	0.1317	0.0355	NaN	0.0306	0.3103	-0.003665407	780.2488127
126	0.1315	0.0358	NaN	0.0309	0.3104	-0.003381503	780.2488339
126	0.1314	0.0361	NaN	0.0312	0.3096	-0.003096661	780.2488538
126	0.1313	0.0364	NaN	0.0314	0.3086	-0.002913093	780.2488754
126	0.1311	0.0366	NaN	0.0317	0.3082	-0.002627849	780.2488948
126	0.1309	0.0368	NaN	0.0319	0.3085	-0.002444415	780.2489166
126	0.1308	0.0371	NaN	0.0321	0.3095	-0.002259573	780.2489365
126	0.1306	0.0373	NaN	0.0324	0.3108	-0.001974597	780.2489563
126	0.1306	0.0375	NaN	0.0326	0.3117	-0.001791834	780.248979
126	0.1305	0.0376	NaN	0.0327	0.3115	-0.001705918	780.2489975
126	0.1304	0.0378	NaN	0.0329	0.3104	-0.001522082	780.2490188
126	0.1305	0.0379	NaN	0.033	0.3095	-0.001435966	780.249037
126	0.1304	0.0381	NaN	0.0332	0.3088	-0.001254209	780.249061
126	0.1306	0.0382	NaN	0.0333	0.3087	-0.00116883	780.2490802
126	0.1305	0.0384	NaN	0.0335	0.3095	-0.000984927	780.2491014
126	0.1306	0.0385	NaN	0.0336	0.3105	-0.000900889	780.2491224
126	0.1309	0.0386	NaN	0.0337	0.3112	-0.000815712	780.2491419
126	0.1309	0.0387	NaN	0.0338	0.3117	-0.000732412	780.2491638
126	0.131	0.0388	NaN	0.0339	0.3119	-0.000647973	780.2491843
126	0.1312	0.0389	NaN	0.034	0.312	-0.0005636	780.2492049
126	0.1312	0.039	NaN	0.0341	0.3114	-0.000479428	780.2492257
126	0.1314	0.0391	NaN	0.0342	0.3104	-0.000395928	780.2492474
126	0.1315	0.0391	NaN	0.0342	0.3096	-0.000410951	780.2492671
126	0.1316	0.0392	NaN	0.0343	0.3094	-0.000326042	780.249287
126	0.1318	0.0393	NaN	0.0343	0.3096	-0.000341736	780.2493076
126	0.1318	0.0393	NaN	0.0344	0.3108	-0.000258236	780.2493293
126	0.1318	0.0394	NaN	0.0344	0.312	-0.000274802	780.2493511
126	0.1318	0.0394	NaN	0.0345	0.313	-0.000190094	780.2493712
126	0.1318	0.0395	NaN	0.0345	0.3133	-0.00020666	780.249393
126	0.132	0.0395	NaN	0.0346	0.3131	-0.000121818	780.2494129
126	0.1321	0.0396	NaN	0.0346	0.3123	-0.000137646	780.2494337
126	0.1321	0.0396	NaN	0.0346	0.3117	-0.000153408	780.2494545
126	0.132	0.0396	NaN	0.0347	0.3112	-6.92E-05	780.2494753
126	0.1317	0.0397	NaN	0.0347	0.3114	-8.43E-05	780.249495
126	0.1314	0.0396	NaN	0.0347	0.3125	-0.00010029	780.2495161
126	0.1315	0.0397	NaN	0.0348	0.3137	-1.50E-05	780.2495354
126	0.1317	0.0397	NaN	0.0348	0.3146	-3.19E-05	780.2495577
127	0.132	0.0398	NaN	0.0348	0.3149	-4.75E-05	780.2495782
127	0.1319	0.0398	NaN	0.0349	0.315	3.69E-05	780.2495987
127	0.1317	0.0398	NaN	0.0349	0.3147	2.15E-05	780.249619
127	0.1316	0.0399	NaN	0.0349	0.3136	5.95E-06	780.2496394
127	0.1315	0.0399	NaN	0.0349	0.3124	-1.08E-05	780.2496614
127	0.1315	0.0399	NaN	0.0349	0.3121	-2.64E-05	780.2496819
127	0.1308	0.0399	NaN	0.035	0.312	5.71E-05	780.2497037
127	0.1315	0.0399	NaN	0.035	0.3122	4.20E-05	780.2497236
127	0.1317	0.0399	NaN	0.035	0.3132	2.51E-05	780.2497458
127	0.1318	0.04	NaN	0.035	0.3143	8.76E-06	780.2497672
127	0.1319	0.04	NaN	0.0351	0.3147	9.38E-05	780.2497869
127	0.1321	0.04	NaN	0.035	0.3143	-2.28E-05	780.2498088
127	0.1323	0.04	NaN	0.0351	0.3129	6.21E-05	780.2498285
127	0.1325	0.0401	NaN	0.0351	0.3122	4.60E-05	780.2498498
127	0.1327	0.0401	NaN	0.0351	0.3121	3.09E-05	780.2498696
127	0.1328	0.0401	NaN	0.0351	0.3121	1.49E-05	780.2498907
127	0.1329	0.0401	NaN	0.0351	0.3125	-4.95E-07	780.2499109
127	0.1331	0.0401	NaN	0.0351	0.3133	-1.61E-05	780.2499314
127	0.1333	0.0401	NaN	0.0351	0.3143	-2.98E-05	780.2499494
127	0.1335	0.0402	NaN	0.0351	0.3151	-4.42E-05	780.2499684
127	0.1336	0.0402	NaN	0.0352	0.3159	4.14E-05	780.2499873
127	0.1338	0.0402	NaN	0.0352	0.3162	2.72E-05	780.250006
