# 21092021_12_25_38_group11_Mes1_Temp24_allPeak.dat
# Measuring of the Zeemann splitting 
# modus: scanning laser current/frequency via I/P MOD
# 
x(A/Hz/V/nm) yai0(V) yai1(V) yai2(V) yai3(V) yai4(V)
115.7269	0.1402	0.0493	NaN	0.0440	0.2588
115.7381	0.1220	0.0508	NaN	0.0463	0.2581
115.7512	0.1170	0.0519	NaN	0.0477	0.2575
115.7639	0.1133	0.0523	NaN	0.0481	0.2572
115.7761	0.1128	0.0524	NaN	0.0483	0.2568
115.7876	0.1122	0.0524	NaN	0.0483	0.2567
115.8007	0.1114	0.0524	NaN	0.0483	0.2564
115.8105	0.1107	0.0523	NaN	0.0483	0.2559
115.8231	0.1110	0.0523	NaN	0.0483	0.2564
115.8345	0.1116	0.0524	NaN	0.0483	0.2555
115.8469	0.1121	0.0524	NaN	0.0483	0.2556
115.8583	0.1119	0.0524	NaN	0.0483	0.2561
115.8708	0.1111	0.0524	NaN	0.0483	0.2549
115.8837	0.1116	0.0524	NaN	0.0483	0.2551
115.8931	0.1114	0.0524	NaN	0.0483	0.2559
115.9058	0.1114	0.0524	NaN	0.0483	0.2559
115.9155	0.1115	0.0524	NaN	0.0483	0.2553
115.9277	0.1119	0.0524	NaN	0.0483	0.2546
115.9399	0.1124	0.0524	NaN	0.0483	0.2544
115.9494	0.1125	0.0524	NaN	0.0483	0.2546
115.9636	0.1125	0.0524	NaN	0.0483	0.2549
115.9735	0.1128	0.0524	NaN	0.0483	0.2555
115.9863	0.1130	0.0525	NaN	0.0483	0.2559
115.9973	0.1131	0.0525	NaN	0.0483	0.2560
116.0106	0.1129	0.0525	NaN	0.0483	0.2561
116.0220	0.1125	0.0525	NaN	0.0484	0.2562
116.0341	0.1128	0.0525	NaN	0.0484	0.2563
116.0453	0.1133	0.0525	NaN	0.0484	0.2564
116.0593	0.1134	0.0525	NaN	0.0484	0.2564
116.0683	0.1130	0.0526	NaN	0.0484	0.2564
116.0811	0.1118	0.0526	NaN	0.0485	0.2565
116.0921	0.1115	0.0525	NaN	0.0485	0.2566
116.1026	0.1127	0.0526	NaN	0.0485	0.2566
116.1150	0.1124	0.0526	NaN	0.0485	0.2567
116.1265	0.1120	0.0526	NaN	0.0485	0.2567
116.1364	0.1124	0.0526	NaN	0.0485	0.2569
116.1483	0.1126	0.0526	NaN	0.0485	0.2569
116.1608	0.1128	0.0526	NaN	0.0485	0.2571
116.1727	0.1123	0.0526	NaN	0.0485	0.2571
116.1834	0.1122	0.0527	NaN	0.0486	0.2572
116.1950	0.1120	0.0527	NaN	0.0486	0.2571
116.2089	0.1120	0.0527	NaN	0.0486	0.2571
116.2191	0.1122	0.0527	NaN	0.0486	0.2570
116.2318	0.1126	0.0527	NaN	0.0486	0.2569
116.2409	0.1130	0.0527	NaN	0.0486	0.2567
116.2523	0.1127	0.0527	NaN	0.0486	0.2564
116.2665	0.1126	0.0528	NaN	0.0486	0.2564
116.2784	0.1130	0.0528	NaN	0.0486	0.2563
116.2891	0.1134	0.0528	NaN	0.0487	0.2562
116.3006	0.1135	0.0528	NaN	0.0487	0.2564
116.3112	0.1124	0.0528	NaN	0.0487	0.2564
116.3243	0.1116	0.0528	NaN	0.0487	0.2564
116.3357	0.1116	0.0528	NaN	0.0488	0.2564
116.3486	0.1118	0.0529	NaN	0.0488	0.2566
116.3613	0.1122	0.0529	NaN	0.0488	0.2568
116.3711	0.1118	0.0529	NaN	0.0488	0.2568
116.3824	0.1116	0.0529	NaN	0.0488	0.2568
116.3940	0.1122	0.0529	NaN	0.0488	0.2569
116.4054	0.1129	0.0529	NaN	0.0488	0.2570
116.4181	0.1128	0.0529	NaN	0.0488	0.2571
116.4295	0.1127	0.0530	NaN	0.0489	0.2572
116.4418	0.1120	0.0530	NaN	0.0489	0.2576
116.4517	0.1113	0.0530	NaN	0.0489	0.2582
116.4646	0.1116	0.0530	NaN	0.0489	0.2582
116.4758	0.1116	0.0530	NaN	0.0490	0.2584
116.4873	0.1117	0.0530	NaN	0.0490	0.2587
116.4993	0.1116	0.0530	NaN	0.0490	0.2587
116.5084	0.1116	0.0531	NaN	0.0490	0.2587
116.5224	0.1116	0.0531	NaN	0.0490	0.2590
116.5338	0.1118	0.0531	NaN	0.0490	0.2592
116.5437	0.1121	0.0531	NaN	0.0490	0.2594
116.5545	0.1126	0.0532	NaN	0.0490	0.2596
116.5685	0.1122	0.0531	NaN	0.0490	0.2596
116.5838	0.1120	0.0532	NaN	0.0491	0.2597
116.5918	0.1118	0.0532	NaN	0.0491	0.2598
116.6009	0.1117	0.0532	NaN	0.0491	0.2598
116.6146	0.1118	0.0532	NaN	0.0491	0.2598
116.6241	0.1119	0.0532	NaN	0.0491	0.2598
116.6347	0.1120	0.0532	NaN	0.0492	0.2599
116.6450	0.1128	0.0533	NaN	0.0491	0.2601
116.6551	0.1141	0.0533	NaN	0.0491	0.2599
116.6657	0.1141	0.0533	NaN	0.0491	0.2598
116.6754	0.1133	0.0533	NaN	0.0491	0.2597
116.6854	0.1140	0.0533	NaN	0.0492	0.2595
116.6945	0.1141	0.0533	NaN	0.0492	0.2593
116.7047	0.1130	0.0533	NaN	0.0492	0.2590
116.7162	0.1123	0.0534	NaN	0.0492	0.2590
116.7271	0.1126	0.0533	NaN	0.0493	0.2591
116.7389	0.1131	0.0534	NaN	0.0492	0.2592
116.7509	0.1133	0.0534	NaN	0.0493	0.2593
116.7615	0.1134	0.0534	NaN	0.0493	0.2593
116.7731	0.1139	0.0534	NaN	0.0493	0.2594
116.7841	0.1134	0.0534	NaN	0.0493	0.2595
116.7946	0.1131	0.0534	NaN	0.0493	0.2595
116.8099	0.1132	0.0535	NaN	0.0493	0.2596
116.8199	0.1143	0.0535	NaN	0.0493	0.2599
116.8314	0.1131	0.0535	NaN	0.0493	0.2599
116.8419	0.1135	0.0535	NaN	0.0494	0.2602
116.8551	0.1141	0.0535	NaN	0.0494	0.2607
116.8670	0.1144	0.0535	NaN	0.0494	0.2610
116.8779	0.1145	0.0535	NaN	0.0494	0.2615
116.8882	0.1141	0.0536	NaN	0.0494	0.2618
116.8991	0.1136	0.0536	NaN	0.0494	0.2618
116.9146	0.1137	0.0536	NaN	0.0494	0.2621
116.9230	0.1134	0.0536	NaN	0.0494	0.2621
116.9360	0.1127	0.0536	NaN	0.0495	0.2622
116.9471	0.1127	0.0536	NaN	0.0495	0.2623
116.9601	0.1132	0.0536	NaN	0.0495	0.2623
116.9728	0.1133	0.0536	NaN	0.0495	0.2623
116.9844	0.1138	0.0537	NaN	0.0495	0.2624
116.9955	0.1142	0.0537	NaN	0.0495	0.2626
117.0085	0.1143	0.0537	NaN	0.0495	0.2627
117.0204	0.1139	0.0537	NaN	0.0495	0.2628
117.0315	0.1139	0.0537	NaN	0.0495	0.2629
117.0427	0.1135	0.0538	NaN	0.0496	0.2630
117.0557	0.1132	0.0538	NaN	0.0496	0.2630
117.0667	0.1138	0.0538	NaN	0.0496	0.2626
117.0782	0.1136	0.0538	NaN	0.0496	0.2621
117.0879	0.1133	0.0538	NaN	0.0496	0.2622
117.0986	0.1138	0.0538	NaN	0.0496	0.2622
117.1110	0.1136	0.0538	NaN	0.0496	0.2620
117.1239	0.1135	0.0538	NaN	0.0496	0.2619
117.1344	0.1133	0.0539	NaN	0.0497	0.2620
117.1449	0.1135	0.0539	NaN	0.0497	0.2621
117.1588	0.1130	0.0539	NaN	0.0497	0.2621
117.1681	0.1132	0.0539	NaN	0.0497	0.2622
117.1809	0.1130	0.0539	NaN	0.0497	0.2622
117.1918	0.1126	0.0539	NaN	0.0498	0.2623
117.2030	0.1126	0.0539	NaN	0.0498	0.2628
117.2155	0.1130	0.0540	NaN	0.0498	0.2634
117.2272	0.1136	0.0540	NaN	0.0498	0.2637
117.2391	0.1137	0.0540	NaN	0.0498	0.2640
117.2515	0.1131	0.0540	NaN	0.0498	0.2642
117.2665	0.1132	0.0540	NaN	0.0498	0.2644
117.2754	0.1138	0.0540	NaN	0.0498	0.2645
117.2858	0.1149	0.0541	NaN	0.0498	0.2645
117.2978	0.1148	0.0541	NaN	0.0498	0.2644
117.3097	0.1147	0.0541	NaN	0.0498	0.2643
117.3229	0.1145	0.0541	NaN	0.0499	0.2639
117.3340	0.1140	0.0541	NaN	0.0499	0.2636
117.3466	0.1142	0.0541	NaN	0.0499	0.2634
117.3580	0.1147	0.0542	NaN	0.0499	0.2634
117.3718	0.1149	0.0542	NaN	0.0499	0.2635
117.3829	0.1146	0.0542	NaN	0.0499	0.2637
117.3939	0.1146	0.0542	NaN	0.0499	0.2640
117.4052	0.1140	0.0542	NaN	0.0500	0.2643
117.4179	0.1140	0.0542	NaN	0.0500	0.2646
117.4288	0.1153	0.0542	NaN	0.0499	0.2648
117.4394	0.1149	0.0543	NaN	0.0500	0.2650
117.4508	0.1153	0.0543	NaN	0.0500	0.2653
117.4615	0.1156	0.0543	NaN	0.0500	0.2656
117.4731	0.1153	0.0543	NaN	0.0500	0.2658
117.4853	0.1155	0.0543	NaN	0.0500	0.2659
117.4957	0.1160	0.0543	NaN	0.0500	0.2660
117.5086	0.1156	0.0543	NaN	0.0500	0.2661
117.5221	0.1150	0.0543	NaN	0.0500	0.2660
117.5331	0.1140	0.0543	NaN	0.0501	0.2659
117.5436	0.1141	0.0543	NaN	0.0501	0.2657
117.5551	0.1145	0.0544	NaN	0.0500	0.2654
117.5672	0.1151	0.0544	NaN	0.0500	0.2651
117.5789	0.1149	0.0544	NaN	0.0501	0.2649
117.5894	0.1147	0.0544	NaN	0.0501	0.2648
117.6001	0.1147	0.0544	NaN	0.0501	0.2649
117.6140	0.1150	0.0544	NaN	0.0501	0.2651
117.6244	0.1154	0.0544	NaN	0.0501	0.2654
117.6364	0.1154	0.0544	NaN	0.0501	0.2659
117.6487	0.1149	0.0544	NaN	0.0501	0.2663
117.6591	0.1147	0.0545	NaN	0.0501	0.2666
117.6723	0.1145	0.0545	NaN	0.0502	0.2670
117.6837	0.1148	0.0545	NaN	0.0502	0.2672
117.6939	0.1150	0.0545	NaN	0.0502	0.2673
117.7065	0.1151	0.0545	NaN	0.0502	0.2672
117.7167	0.1153	0.0545	NaN	0.0502	0.2671
117.7304	0.1154	0.0545	NaN	0.0502	0.2668
117.7413	0.1151	0.0545	NaN	0.0502	0.2665
117.7520	0.1157	0.0546	NaN	0.0502	0.2663
117.7632	0.1151	0.0546	NaN	0.0502	0.2662
117.7761	0.1156	0.0546	NaN	0.0502	0.2662
117.7883	0.1160	0.0546	NaN	0.0502	0.2663
117.8005	0.1158	0.0546	NaN	0.0503	0.2665
117.8112	0.1155	0.0546	NaN	0.0503	0.2667
117.8241	0.1161	0.0546	NaN	0.0503	0.2670
117.8357	0.1164	0.0547	NaN	0.0503	0.2675
117.8469	0.1163	0.0547	NaN	0.0503	0.2679
117.8589	0.1168	0.0547	NaN	0.0503	0.2683
117.8699	0.1173	0.0547	NaN	0.0503	0.2685
117.8818	0.1172	0.0547	NaN	0.0503	0.2686
117.8940	0.1174	0.0547	NaN	0.0503	0.2685
117.9039	0.1178	0.0547	NaN	0.0503	0.2686
117.9156	0.1174	0.0547	NaN	0.0503	0.2686
117.9280	0.1175	0.0547	NaN	0.0503	0.2685
117.9391	0.1183	0.0548	NaN	0.0503	0.2685
117.9507	0.1178	0.0548	NaN	0.0503	0.2683
117.9634	0.1179	0.0548	NaN	0.0503	0.2681
117.9741	0.1177	0.0548	NaN	0.0503	0.2678
117.9864	0.1181	0.0548	NaN	0.0503	0.2678
117.9971	0.1186	0.0548	NaN	0.0503	0.2680
118.0086	0.1184	0.0548	NaN	0.0503	0.2679
118.0201	0.1178	0.0548	NaN	0.0503	0.2682
118.0330	0.1182	0.0548	NaN	0.0503	0.2684
118.0439	0.1187	0.0548	NaN	0.0503	0.2687
118.0548	0.1191	0.0548	NaN	0.0503	0.2690
118.0659	0.1186	0.0548	NaN	0.0503	0.2693
118.0770	0.1191	0.0548	NaN	0.0503	0.2696
118.0897	0.1194	0.0548	NaN	0.0503	0.2698
118.1001	0.1192	0.0548	NaN	0.0503	0.2699
118.1112	0.1198	0.0548	NaN	0.0503	0.2698
118.1223	0.1208	0.0548	NaN	0.0503	0.2700
118.1372	0.1217	0.0548	NaN	0.0502	0.2700
118.1492	0.1213	0.0548	NaN	0.0503	0.2699
118.1581	0.1214	0.0548	NaN	0.0502	0.2698
118.1708	0.1209	0.0548	NaN	0.0503	0.2697
118.1857	0.1207	0.0548	NaN	0.0502	0.2696
118.1966	0.1208	0.0548	NaN	0.0502	0.2696
118.2090	0.1209	0.0548	NaN	0.0502	0.2694
118.2203	0.1214	0.0548	NaN	0.0502	0.2693
118.2331	0.1222	0.0548	NaN	0.0502	0.2693
118.2447	0.1224	0.0548	NaN	0.0502	0.2694
118.2555	0.1225	0.0548	NaN	0.0502	0.2697
118.2664	0.1219	0.0547	NaN	0.0502	0.2696
118.2777	0.1215	0.0547	NaN	0.0502	0.2698
118.2917	0.1211	0.0547	NaN	0.0502	0.2697
118.3022	0.1217	0.0547	NaN	0.0501	0.2697
118.3143	0.1220	0.0547	NaN	0.0501	0.2700
118.3247	0.1222	0.0547	NaN	0.0501	0.2698
118.3378	0.1222	0.0547	NaN	0.0501	0.2699
118.3492	0.1223	0.0547	NaN	0.0501	0.2702
118.3599	0.1228	0.0546	NaN	0.0501	0.2702
118.3702	0.1226	0.0546	NaN	0.0500	0.2700
118.3842	0.1223	0.0546	NaN	0.0500	0.2701
118.3949	0.1228	0.0545	NaN	0.0500	0.2703
118.4050	0.1227	0.0545	NaN	0.0500	0.2707
118.4162	0.1234	0.0545	NaN	0.0499	0.2712
118.4272	0.1238	0.0545	NaN	0.0499	0.2717
118.4397	0.1251	0.0545	NaN	0.0499	0.2720
118.4515	0.1243	0.0545	NaN	0.0498	0.2720
118.4616	0.1245	0.0544	NaN	0.0498	0.2722
118.4730	0.1242	0.0544	NaN	0.0498	0.2722
118.4867	0.1242	0.0544	NaN	0.0498	0.2723
118.4981	0.1242	0.0543	NaN	0.0498	0.2724
118.5101	0.1246	0.0543	NaN	0.0497	0.2725
118.5215	0.1251	0.0543	NaN	0.0497	0.2725
118.5349	0.1253	0.0543	NaN	0.0497	0.2726
118.5461	0.1256	0.0542	NaN	0.0496	0.2727
118.5578	0.1261	0.0542	NaN	0.0496	0.2728
118.5686	0.1262	0.0542	NaN	0.0496	0.2728
118.5810	0.1268	0.0542	NaN	0.0495	0.2724
118.5944	0.1271	0.0541	NaN	0.0495	0.2720
118.6051	0.1270	0.0541	NaN	0.0494	0.2718
118.6163	0.1270	0.0541	NaN	0.0494	0.2718
118.6271	0.1277	0.0540	NaN	0.0494	0.2717
118.6406	0.1288	0.0540	NaN	0.0493	0.2719
118.6516	0.1282	0.0540	NaN	0.0493	0.2719
118.6656	0.1291	0.0540	NaN	0.0492	0.2725
118.6755	0.1298	0.0539	NaN	0.0492	0.2732
118.6855	0.1299	0.0539	NaN	0.0492	0.2736
118.6987	0.1298	0.0538	NaN	0.0491	0.2737
118.7104	0.1296	0.0538	NaN	0.0491	0.2738
118.7223	0.1303	0.0537	NaN	0.0490	0.2738
118.7336	0.1309	0.0536	NaN	0.0489	0.2738
118.7467	0.1311	0.0536	NaN	0.0488	0.2737
118.7566	0.1312	0.0536	NaN	0.0488	0.2733
118.7675	0.1319	0.0535	NaN	0.0488	0.2730
118.7777	0.1319	0.0535	NaN	0.0487	0.2730
118.7903	0.1322	0.0535	NaN	0.0487	0.2731
118.8023	0.1319	0.0534	NaN	0.0486	0.2728
118.8136	0.1322	0.0534	NaN	0.0486	0.2727
118.8248	0.1325	0.0533	NaN	0.0485	0.2728
118.8353	0.1334	0.0533	NaN	0.0484	0.2732
118.8489	0.1341	0.0532	NaN	0.0483	0.2736
118.8605	0.1337	0.0531	NaN	0.0483	0.2741
118.8718	0.1343	0.0531	NaN	0.0482	0.2744
118.8820	0.1342	0.0531	NaN	0.0482	0.2747
118.8959	0.1346	0.0530	NaN	0.0481	0.2749
118.9071	0.1346	0.0529	NaN	0.0481	0.2748
118.9178	0.1345	0.0529	NaN	0.0480	0.2747
118.9304	0.1352	0.0529	NaN	0.0480	0.2744
118.9435	0.1354	0.0528	NaN	0.0479	0.2744
118.9535	0.1358	0.0528	NaN	0.0478	0.2745
118.9672	0.1362	0.0528	NaN	0.0478	0.2746
118.9774	0.1362	0.0527	NaN	0.0478	0.2746
118.9880	0.1371	0.0527	NaN	0.0477	0.2742
119.0011	0.1374	0.0527	NaN	0.0477	0.2740
119.0150	0.1380	0.0526	NaN	0.0476	0.2739
119.0247	0.1380	0.0526	NaN	0.0476	0.2738
119.0375	0.1395	0.0526	NaN	0.0475	0.2741
119.0496	0.1409	0.0526	NaN	0.0475	0.2745
119.0607	0.1417	0.0526	NaN	0.0474	0.2750
119.0718	0.1440	0.0526	NaN	0.0474	0.2755
119.0836	0.1464	0.0527	NaN	0.0473	0.2755
119.0948	0.1503	0.0527	NaN	0.0473	0.2757
119.1081	0.1573	0.0530	NaN	0.0473	0.2762
119.1197	0.1607	0.0531	NaN	0.0473	0.2762
119.1312	0.1568	0.0529	NaN	0.0472	0.2762
119.1418	0.1516	0.0527	NaN	0.0472	0.2762
119.1556	0.1490	0.0525	NaN	0.0471	0.2763
119.1670	0.1475	0.0525	NaN	0.0471	0.2761
119.1780	0.1452	0.0524	NaN	0.0471	0.2758
119.1893	0.1448	0.0523	NaN	0.0471	0.2754
119.2014	0.1445	0.0523	NaN	0.0470	0.2752
119.2129	0.1448	0.0523	NaN	0.0470	0.2753
119.2252	0.1453	0.0523	NaN	0.0470	0.2753
119.2358	0.1472	0.0523	NaN	0.0470	0.2757
119.2465	0.1495	0.0524	NaN	0.0469	0.2759
119.2593	0.1526	0.0524	NaN	0.0469	0.2765
119.2697	0.1580	0.0526	NaN	0.0469	0.2768
119.2822	0.1662	0.0529	NaN	0.0469	0.2770
119.2928	0.1780	0.0533	NaN	0.0469	0.2772
119.3058	0.1893	0.0538	NaN	0.0469	0.2772
119.3172	0.1762	0.0533	NaN	0.0469	0.2772
119.3289	0.1660	0.0529	NaN	0.0469	0.2770
119.3399	0.1617	0.0527	NaN	0.0469	0.2767
119.3519	0.1605	0.0527	NaN	0.0469	0.2764
119.3655	0.1627	0.0527	NaN	0.0469	0.2762
119.3761	0.1664	0.0529	NaN	0.0469	0.2762
119.3863	0.1699	0.0530	NaN	0.0469	0.2763
119.3977	0.1654	0.0529	NaN	0.0469	0.2764
119.4110	0.1590	0.0527	NaN	0.0469	0.2767
119.4216	0.1545	0.0525	NaN	0.0469	0.2771
119.4315	0.1521	0.0524	NaN	0.0469	0.2777
119.4429	0.1505	0.0524	NaN	0.0469	0.2780
119.4571	0.1507	0.0524	NaN	0.0470	0.2782
119.4672	0.1539	0.0525	NaN	0.0470	0.2784
119.4792	0.1598	0.0528	NaN	0.0470	0.2785
119.4900	0.1605	0.0528	NaN	0.0470	0.2786
119.5007	0.1558	0.0527	NaN	0.0470	0.2787
119.5152	0.1525	0.0526	NaN	0.0471	0.2786
119.5259	0.1518	0.0526	NaN	0.0471	0.2785
119.5372	0.1526	0.0526	NaN	0.0471	0.2785
119.5485	0.1561	0.0528	NaN	0.0471	0.2783
119.5626	0.1630	0.0531	NaN	0.0472	0.2779
119.5734	0.1649	0.0532	NaN	0.0472	0.2777
119.5845	0.1549	0.0529	NaN	0.0473	0.2776
119.5965	0.1481	0.0527	NaN	0.0473	0.2776
119.6082	0.1434	0.0526	NaN	0.0474	0.2776
119.6204	0.1405	0.0525	NaN	0.0474	0.2779
119.6312	0.1381	0.0525	NaN	0.0475	0.2783
119.6419	0.1361	0.0524	NaN	0.0475	0.2785
119.6541	0.1343	0.0524	NaN	0.0476	0.2790
119.6656	0.1356	0.0525	NaN	0.0476	0.2794
119.6775	0.1367	0.0526	NaN	0.0477	0.2796
119.6889	0.1374	0.0527	NaN	0.0477	0.2797
119.6994	0.1381	0.0528	NaN	0.0478	0.2799
119.7154	0.1385	0.0529	NaN	0.0478	0.2800
119.7254	0.1384	0.0529	NaN	0.0479	0.2799
119.7371	0.1377	0.0529	NaN	0.0480	0.2795
119.7485	0.1369	0.0530	NaN	0.0480	0.2792
119.7588	0.1363	0.0531	NaN	0.0481	0.2790
119.7707	0.1360	0.0531	NaN	0.0482	0.2790
119.7812	0.1359	0.0532	NaN	0.0482	0.2793
119.7922	0.1358	0.0532	NaN	0.0483	0.2791
119.8046	0.1357	0.0533	NaN	0.0484	0.2794
119.8170	0.1357	0.0534	NaN	0.0485	0.2798
119.8275	0.1355	0.0535	NaN	0.0486	0.2801
119.8400	0.1350	0.0536	NaN	0.0487	0.2804
119.8520	0.1342	0.0536	NaN	0.0488	0.2808
119.8629	0.1340	0.0537	NaN	0.0489	0.2809
119.8753	0.1350	0.0538	NaN	0.0489	0.2807
119.8858	0.1340	0.0539	NaN	0.0490	0.2807
119.8983	0.1340	0.0540	NaN	0.0491	0.2805
119.9100	0.1339	0.0540	NaN	0.0492	0.2806
119.9232	0.1336	0.0541	NaN	0.0493	0.2804
119.9358	0.1331	0.0542	NaN	0.0494	0.2802
119.9473	0.1340	0.0543	NaN	0.0494	0.2800
119.9592	0.1339	0.0544	NaN	0.0495	0.2799
119.9731	0.1337	0.0545	NaN	0.0496	0.2800
119.9848	0.1329	0.0545	NaN	0.0497	0.2801
119.9954	0.1322	0.0546	NaN	0.0498	0.2800
120.0076	0.1325	0.0547	NaN	0.0498	0.2801
120.0213	0.1321	0.0548	NaN	0.0499	0.2802
120.0312	0.1318	0.0549	NaN	0.0500	0.2807
120.0436	0.1313	0.0549	NaN	0.0501	0.2810
120.0540	0.1314	0.0550	NaN	0.0501	0.2814
120.0674	0.1312	0.0551	NaN	0.0502	0.2817
120.0781	0.1317	0.0552	NaN	0.0503	0.2819
120.0895	0.1323	0.0553	NaN	0.0503	0.2822
120.1002	0.1324	0.0554	NaN	0.0504	0.2824
120.1116	0.1331	0.0555	NaN	0.0504	0.2825
120.1251	0.1332	0.0555	NaN	0.0505	0.2825
120.1363	0.1325	0.0556	NaN	0.0506	0.2822
120.1481	0.1336	0.0557	NaN	0.0507	0.2822
120.1593	0.1337	0.0558	NaN	0.0507	0.2819
120.1714	0.1327	0.0559	NaN	0.0508	0.2818
120.1845	0.1327	0.0559	NaN	0.0509	0.2819
120.1951	0.1330	0.0560	NaN	0.0510	0.2821
120.2056	0.1324	0.0561	NaN	0.0511	0.2821
120.2170	0.1327	0.0562	NaN	0.0511	0.2818
120.2309	0.1325	0.0563	NaN	0.0512	0.2817
120.2421	0.1325	0.0563	NaN	0.0513	0.2819
120.2522	0.1326	0.0564	NaN	0.0514	0.2816
120.2626	0.1325	0.0565	NaN	0.0514	0.2818
120.2770	0.1318	0.0565	NaN	0.0515	0.2823
120.2872	0.1315	0.0566	NaN	0.0516	0.2827
120.2991	0.1315	0.0566	NaN	0.0517	0.2831
120.3094	0.1317	0.0567	NaN	0.0517	0.2834
120.3204	0.1320	0.0568	NaN	0.0518	0.2837
120.3338	0.1319	0.0568	NaN	0.0518	0.2838
120.3451	0.1317	0.0569	NaN	0.0519	0.2836
120.3563	0.1320	0.0569	NaN	0.0519	0.2834
120.3666	0.1320	0.0570	NaN	0.0520	0.2828
120.3802	0.1315	0.0571	NaN	0.0521	0.2825
120.3915	0.1312	0.0571	NaN	0.0521	0.2825
120.4011	0.1312	0.0572	NaN	0.0522	0.2827
120.4147	0.1313	0.0573	NaN	0.0523	0.2830
120.4258	0.1313	0.0573	NaN	0.0523	0.2833
120.4388	0.1311	0.0574	NaN	0.0524	0.2837
120.4499	0.1308	0.0574	NaN	0.0525	0.2839
120.4606	0.1310	0.0575	NaN	0.0525	0.2841
120.4718	0.1307	0.0575	NaN	0.0526	0.2841
120.4851	0.1301	0.0576	NaN	0.0527	0.2842
120.4953	0.1301	0.0576	NaN	0.0527	0.2845
120.5074	0.1302	0.0577	NaN	0.0527	0.2847
120.5175	0.1301	0.0577	NaN	0.0528	0.2849
120.5301	0.1300	0.0578	NaN	0.0528	0.2848
120.5421	0.1298	0.0578	NaN	0.0528	0.2847
120.5535	0.1296	0.0578	NaN	0.0529	0.2845
120.5638	0.1294	0.0579	NaN	0.0529	0.2844
120.5780	0.1292	0.0579	NaN	0.0530	0.2842
120.5881	0.1288	0.0579	NaN	0.0530	0.2840
120.6010	0.1290	0.0580	NaN	0.0530	0.2839
120.6115	0.1294	0.0580	NaN	0.0531	0.2838
120.6216	0.1298	0.0580	NaN	0.0531	0.2838
120.6350	0.1305	0.0581	NaN	0.0532	0.2843
120.6457	0.1306	0.0581	NaN	0.0532	0.2847
120.6561	0.1300	0.0582	NaN	0.0532	0.2850
120.6695	0.1301	0.0582	NaN	0.0533	0.2852
120.6813	0.1300	0.0582	NaN	0.0533	0.2853
120.6922	0.1302	0.0583	NaN	0.0533	0.2855
120.7038	0.1302	0.0583	NaN	0.0533	0.2857
120.7148	0.1306	0.0583	NaN	0.0534	0.2858
120.7292	0.1306	0.0584	NaN	0.0534	0.2860
120.7385	0.1302	0.0584	NaN	0.0534	0.2860
120.7509	0.1300	0.0584	NaN	0.0535	0.2859
120.7628	0.1299	0.0584	NaN	0.0535	0.2856
120.7724	0.1298	0.0585	NaN	0.0535	0.2854
120.7866	0.1299	0.0585	NaN	0.0536	0.2852
120.7982	0.1302	0.0585	NaN	0.0536	0.2851
120.8085	0.1297	0.0585	NaN	0.0536	0.2851
120.8201	0.1306	0.0586	NaN	0.0536	0.2850
120.8328	0.1311	0.0586	NaN	0.0536	0.2851
120.8443	0.1312	0.0587	NaN	0.0537	0.2852
120.8554	0.1311	0.0587	NaN	0.0537	0.2855
120.8675	0.1316	0.0587	NaN	0.0537	0.2858
120.8776	0.1320	0.0587	NaN	0.0537	0.2862
120.8906	0.1321	0.0587	NaN	0.0537	0.2866
120.9026	0.1321	0.0588	NaN	0.0538	0.2869
120.9136	0.1318	0.0588	NaN	0.0538	0.2869
120.9246	0.1316	0.0588	NaN	0.0538	0.2871
120.9394	0.1314	0.0588	NaN	0.0538	0.2873
120.9506	0.1311	0.0588	NaN	0.0539	0.2874
120.9610	0.1309	0.0588	NaN	0.0539	0.2874
120.9717	0.1308	0.0589	NaN	0.0539	0.2873
120.9854	0.1309	0.0589	NaN	0.0539	0.2872
120.9965	0.1311	0.0589	NaN	0.0539	0.2869
121.0082	0.1308	0.0589	NaN	0.0539	0.2865
121.0202	0.1305	0.0589	NaN	0.0540	0.2863
121.0306	0.1300	0.0589	NaN	0.0540	0.2862
121.0424	0.1296	0.0590	NaN	0.0540	0.2863
121.0534	0.1298	0.0590	NaN	0.0540	0.2865
121.0655	0.1305	0.0590	NaN	0.0541	0.2871
121.0774	0.1308	0.0590	NaN	0.0541	0.2875
121.0917	0.1303	0.0591	NaN	0.0541	0.2878
121.1017	0.1305	0.0591	NaN	0.0541	0.2879
121.1153	0.1312	0.0591	NaN	0.0541	0.2883
121.1238	0.1314	0.0591	NaN	0.0541	0.2883
121.1366	0.1309	0.0591	NaN	0.0542	0.2884
121.1483	0.1311	0.0591	NaN	0.0542	0.2884
121.1592	0.1313	0.0592	NaN	0.0542	0.2882
121.1704	0.1307	0.0592	NaN	0.0542	0.2879
121.1817	0.1306	0.0592	NaN	0.0542	0.2875
121.1953	0.1303	0.0592	NaN	0.0542	0.2872
121.2072	0.1312	0.0592	NaN	0.0543	0.2872
121.2184	0.1303	0.0592	NaN	0.0543	0.2871
121.2298	0.1295	0.0592	NaN	0.0543	0.2872
121.2412	0.1292	0.0592	NaN	0.0543	0.2874
121.2522	0.1298	0.0593	NaN	0.0543	0.2875
121.2647	0.1294	0.0592	NaN	0.0543	0.2878
121.2757	0.1292	0.0593	NaN	0.0544	0.2880
121.2882	0.1292	0.0593	NaN	0.0544	0.2883
121.3000	0.1291	0.0593	NaN	0.0544	0.2887
121.3101	0.1293	0.0593	NaN	0.0544	0.2892
121.3231	0.1292	0.0593	NaN	0.0544	0.2891
121.3333	0.1292	0.0593	NaN	0.0544	0.2894
121.3458	0.1288	0.0593	NaN	0.0544	0.2893
121.3584	0.1280	0.0593	NaN	0.0545	0.2894
121.3691	0.1280	0.0594	NaN	0.0545	0.2895
121.3791	0.1284	0.0594	NaN	0.0545	0.2894
121.3918	0.1284	0.0594	NaN	0.0545	0.2893
121.4050	0.1286	0.0594	NaN	0.0545	0.2891
121.4158	0.1283	0.0594	NaN	0.0546	0.2889
121.4274	0.1280	0.0594	NaN	0.0546	0.2887
121.4390	0.1293	0.0595	NaN	0.0545	0.2887
121.4528	0.1285	0.0595	NaN	0.0546	0.2887
121.4651	0.1293	0.0595	NaN	0.0546	0.2887
121.4746	0.1293	0.0595	NaN	0.0546	0.2887
121.4866	0.1294	0.0595	NaN	0.0546	0.2889
121.5004	0.1294	0.0595	NaN	0.0546	0.2893
121.5105	0.1296	0.0596	NaN	0.0546	0.2898
121.5216	0.1293	0.0596	NaN	0.0546	0.2902
121.5337	0.1291	0.0596	NaN	0.0547	0.2905
121.5458	0.1291	0.0596	NaN	0.0547	0.2906
121.5577	0.1292	0.0596	NaN	0.0547	0.2906
121.5695	0.1286	0.0596	NaN	0.0547	0.2905
121.5813	0.1282	0.0596	NaN	0.0547	0.2906
121.5914	0.1284	0.0596	NaN	0.0548	0.2903
121.6052	0.1284	0.0597	NaN	0.0548	0.2899
121.6157	0.1282	0.0597	NaN	0.0548	0.2896
121.6257	0.1283	0.0597	NaN	0.0548	0.2896
121.6387	0.1288	0.0597	NaN	0.0548	0.2897
121.6510	0.1291	0.0597	NaN	0.0548	0.2896
121.6615	0.1288	0.0597	NaN	0.0548	0.2896
121.6749	0.1282	0.0597	NaN	0.0548	0.2898
121.6852	0.1281	0.0597	NaN	0.0549	0.2900
121.6947	0.1279	0.0597	NaN	0.0549	0.2902
121.7092	0.1278	0.0598	NaN	0.0549	0.2907
121.7205	0.1282	0.0598	NaN	0.0549	0.2913
121.7302	0.1285	0.0598	NaN	0.0549	0.2916
121.7411	0.1287	0.0598	NaN	0.0549	0.2918
121.7539	0.1282	0.0598	NaN	0.0549	0.2919
121.7676	0.1282	0.0598	NaN	0.0549	0.2919
121.7785	0.1286	0.0598	NaN	0.0549	0.2919
121.7937	0.1286	0.0598	NaN	0.0549	0.2919
121.8074	0.1285	0.0598	NaN	0.0550	0.2917
121.8202	0.1276	0.0599	NaN	0.0550	0.2920
121.8314	0.1275	0.0599	NaN	0.0550	0.2921
121.8419	0.1272	0.0599	NaN	0.0551	0.2920
121.8541	0.1268	0.0599	NaN	0.0551	0.2920
121.8661	0.1268	0.0599	NaN	0.0551	0.2920
121.8771	0.1270	0.0599	NaN	0.0551	0.2918
121.8890	0.1272	0.0600	NaN	0.0551	0.2914
121.9004	0.1272	0.0600	NaN	0.0551	0.2911
121.9130	0.1269	0.0600	NaN	0.0552	0.2910
121.9242	0.1266	0.0600	NaN	0.0552	0.2910
121.9357	0.1267	0.0600	NaN	0.0552	0.2912
121.9464	0.1269	0.0600	NaN	0.0552	0.2912
121.9586	0.1270	0.0600	NaN	0.0552	0.2916
121.9692	0.1270	0.0600	NaN	0.0552	0.2919
121.9802	0.1268	0.0601	NaN	0.0552	0.2921
121.9909	0.1263	0.0601	NaN	0.0553	0.2925
122.0036	0.1263	0.0601	NaN	0.0553	0.2928
122.0165	0.1268	0.0601	NaN	0.0553	0.2929
122.0287	0.1271	0.0601	NaN	0.0553	0.2931
122.0390	0.1272	0.0601	NaN	0.0553	0.2932
122.0508	0.1270	0.0602	NaN	0.0553	0.2933
122.0635	0.1271	0.0602	NaN	0.0553	0.2933
122.0743	0.1274	0.0602	NaN	0.0553	0.2933
122.0842	0.1275	0.0602	NaN	0.0553	0.2929
122.0949	0.1276	0.0602	NaN	0.0553	0.2928
122.1065	0.1275	0.0602	NaN	0.0554	0.2923
122.1201	0.1274	0.0602	NaN	0.0554	0.2921
122.1314	0.1274	0.0602	NaN	0.0554	0.2921
122.1432	0.1278	0.0603	NaN	0.0554	0.2925
122.1539	0.1282	0.0603	NaN	0.0554	0.2924
122.1693	0.1284	0.0603	NaN	0.0554	0.2925
122.1790	0.1283	0.0603	NaN	0.0554	0.2927
122.1915	0.1279	0.0603	NaN	0.0554	0.2933
122.2018	0.1280	0.0603	NaN	0.0554	0.2935
122.2162	0.1277	0.0603	NaN	0.0555	0.2932
122.2279	0.1275	0.0603	NaN	0.0555	0.2930
122.2386	0.1276	0.0604	NaN	0.0555	0.2928
122.2498	0.1272	0.0604	NaN	0.0555	0.2931
122.2606	0.1272	0.0604	NaN	0.0555	0.2934
122.2726	0.1271	0.0604	NaN	0.0555	0.2940
122.2840	0.1271	0.0604	NaN	0.0555	0.2943
122.2943	0.1269	0.0604	NaN	0.0555	0.2945
122.3056	0.1272	0.0604	NaN	0.0556	0.2944
122.3195	0.1273	0.0604	NaN	0.0556	0.2940
122.3301	0.1272	0.0605	NaN	0.0556	0.2939
122.3411	0.1272	0.0605	NaN	0.0556	0.2936
122.3517	0.1274	0.0605	NaN	0.0556	0.2934
122.3646	0.1275	0.0605	NaN	0.0556	0.2934
122.3776	0.1273	0.0605	NaN	0.0556	0.2936
122.3874	0.1271	0.0605	NaN	0.0557	0.2942
122.4004	0.1274	0.0605	NaN	0.0557	0.2943
122.4119	0.1276	0.0606	NaN	0.0557	0.2943
122.4249	0.1278	0.0606	NaN	0.0557	0.2946
122.4367	0.1278	0.0606	NaN	0.0557	0.2949
122.4469	0.1277	0.0606	NaN	0.0557	0.2954
122.4607	0.1280	0.0606	NaN	0.0557	0.2955
122.4728	0.1280	0.0606	NaN	0.0557	0.2955
122.4842	0.1281	0.0606	NaN	0.0558	0.2954
122.4952	0.1279	0.0607	NaN	0.0558	0.2951
122.5073	0.1274	0.0607	NaN	0.0558	0.2949
122.5216	0.1272	0.0607	NaN	0.0558	0.2948
122.5313	0.1273	0.0607	NaN	0.0558	0.2944
122.5419	0.1274	0.0607	NaN	0.0558	0.2942
122.5548	0.1277	0.0607	NaN	0.0558	0.2943
122.5639	0.1272	0.0607	NaN	0.0559	0.2941
122.5777	0.1268	0.0607	NaN	0.0559	0.2941
122.5881	0.1274	0.0608	NaN	0.0559	0.2945
122.5985	0.1277	0.0608	NaN	0.0559	0.2948
122.6093	0.1272	0.0608	NaN	0.0559	0.2950
122.6234	0.1269	0.0608	NaN	0.0559	0.2956
122.6348	0.1270	0.0608	NaN	0.0560	0.2960
122.6465	0.1270	0.0608	NaN	0.0560	0.2963
122.6582	0.1270	0.0609	NaN	0.0560	0.2964
122.6685	0.1272	0.0609	NaN	0.0560	0.2963
122.6806	0.1271	0.0609	NaN	0.0560	0.2960
122.6939	0.1272	0.0609	NaN	0.0560	0.2959
122.7044	0.1274	0.0609	NaN	0.0560	0.2957
122.7157	0.1278	0.0609	NaN	0.0560	0.2955
122.7284	0.1277	0.0609	NaN	0.0560	0.2952
122.7400	0.1279	0.0610	NaN	0.0560	0.2950
122.7523	0.1280	0.0610	NaN	0.0561	0.2951
122.7638	0.1275	0.0610	NaN	0.0561	0.2951
122.7757	0.1272	0.0610	NaN	0.0561	0.2954
122.7880	0.1278	0.0610	NaN	0.0561	0.2958
122.8004	0.1279	0.0610	NaN	0.0561	0.2963
122.8114	0.1273	0.0610	NaN	0.0561	0.2967
122.8221	0.1262	0.0610	NaN	0.0562	0.2969
122.8337	0.1259	0.0610	NaN	0.0562	0.2972
122.8450	0.1263	0.0611	NaN	0.0562	0.2974
122.8570	0.1268	0.0611	NaN	0.0562	0.2976
122.8699	0.1267	0.0611	NaN	0.0562	0.2975
122.8811	0.1264	0.0611	NaN	0.0562	0.2972
122.8933	0.1266	0.0611	NaN	0.0563	0.2971
122.9029	0.1265	0.0611	NaN	0.0563	0.2969
122.9144	0.1271	0.0611	NaN	0.0563	0.2967
122.9270	0.1272	0.0611	NaN	0.0563	0.2966
122.9387	0.1274	0.0612	NaN	0.0563	0.2967
122.9500	0.1273	0.0612	NaN	0.0563	0.2968
122.9623	0.1273	0.0612	NaN	0.0563	0.2966
122.9726	0.1274	0.0612	NaN	0.0563	0.2963
122.9859	0.1274	0.0612	NaN	0.0563	0.2963
122.9971	0.1271	0.0612	NaN	0.0563	0.2963
123.0085	0.1266	0.0612	NaN	0.0564	0.2966
123.0197	0.1265	0.0612	NaN	0.0564	0.2966
123.0321	0.1265	0.0612	NaN	0.0564	0.2965
123.0433	0.1267	0.0612	NaN	0.0564	0.2965
123.0555	0.1267	0.0613	NaN	0.0564	0.2967
123.0664	0.1268	0.0613	NaN	0.0564	0.2970
123.0766	0.1271	0.0613	NaN	0.0564	0.2974
123.0907	0.1271	0.0613	NaN	0.0565	0.2977
123.1022	0.1272	0.0613	NaN	0.0565	0.2979
123.1138	0.1274	0.0614	NaN	0.0565	0.2984
123.1241	0.1276	0.0614	NaN	0.0565	0.2988
123.1379	0.1281	0.0614	NaN	0.0565	0.2990
123.1495	0.1283	0.0614	NaN	0.0565	0.2985
123.1608	0.1279	0.0614	NaN	0.0565	0.2984
123.1713	0.1283	0.0614	NaN	0.0565	0.2982
123.1844	0.1286	0.0615	NaN	0.0565	0.2981
123.1953	0.1282	0.0614	NaN	0.0565	0.2979
123.2063	0.1281	0.0615	NaN	0.0565	0.2978
123.2185	0.1282	0.0615	NaN	0.0566	0.2976
123.2284	0.1283	0.0615	NaN	0.0566	0.2976
123.2415	0.1283	0.0615	NaN	0.0566	0.2980
123.2523	0.1282	0.0615	NaN	0.0566	0.2985
123.2632	0.1282	0.0615	NaN	0.0566	0.2989
123.2764	0.1281	0.0615	NaN	0.0566	0.2992
123.2896	0.1281	0.0616	NaN	0.0567	0.2995
123.3001	0.1279	0.0616	NaN	0.0567	0.2998
123.3120	0.1282	0.0616	NaN	0.0567	0.2998
123.3219	0.1287	0.0616	NaN	0.0567	0.2999
123.3342	0.1289	0.0616	NaN	0.0567	0.2997
123.3454	0.1290	0.0616	NaN	0.0567	0.2996
123.3570	0.1290	0.0616	NaN	0.0567	0.2995
123.3676	0.1291	0.0616	NaN	0.0567	0.2993
123.3806	0.1293	0.0616	NaN	0.0567	0.2990
123.3920	0.1294	0.0616	NaN	0.0567	0.2988
123.4038	0.1293	0.0617	NaN	0.0567	0.2986
123.4175	0.1293	0.0617	NaN	0.0567	0.2987
123.4278	0.1294	0.0617	NaN	0.0567	0.2986
123.4416	0.1297	0.0617	NaN	0.0567	0.2988
123.4529	0.1294	0.0617	NaN	0.0567	0.2991
123.4636	0.1291	0.0617	NaN	0.0567	0.2994
123.4757	0.1290	0.0617	NaN	0.0567	0.2997
123.4847	0.1297	0.0617	NaN	0.0567	0.3000
123.4990	0.1295	0.0617	NaN	0.0567	0.3004
123.5104	0.1293	0.0617	NaN	0.0567	0.3007
123.5216	0.1297	0.0617	NaN	0.0567	0.3009
123.5335	0.1298	0.0617	NaN	0.0567	0.3010
123.5449	0.1298	0.0617	NaN	0.0567	0.3008
123.5564	0.1298	0.0616	NaN	0.0567	0.3004
123.5678	0.1297	0.0616	NaN	0.0567	0.3002
123.5798	0.1294	0.0616	NaN	0.0567	0.3000
123.5928	0.1298	0.0616	NaN	0.0567	0.2998
123.6044	0.1304	0.0616	NaN	0.0566	0.2998
123.6164	0.1308	0.0616	NaN	0.0566	0.2998
123.6274	0.1307	0.0616	NaN	0.0566	0.2996
123.6378	0.1307	0.0616	NaN	0.0566	0.2997
123.6516	0.1307	0.0616	NaN	0.0566	0.3000
123.6622	0.1307	0.0615	NaN	0.0565	0.3002
123.6724	0.1307	0.0615	NaN	0.0565	0.3005
123.6844	0.1309	0.0615	NaN	0.0565	0.3009
123.6978	0.1312	0.0615	NaN	0.0565	0.3013
123.7100	0.1315	0.0615	NaN	0.0564	0.3016
123.7210	0.1315	0.0615	NaN	0.0564	0.3017
123.7322	0.1316	0.0614	NaN	0.0564	0.3019
123.7461	0.1321	0.0614	NaN	0.0563	0.3020
123.7559	0.1323	0.0614	NaN	0.0563	0.3021
123.7678	0.1326	0.0613	NaN	0.0562	0.3021
123.7780	0.1330	0.0613	NaN	0.0562	0.3019
123.7894	0.1334	0.0612	NaN	0.0562	0.3017
123.8029	0.1340	0.0612	NaN	0.0561	0.3015
123.8136	0.1346	0.0612	NaN	0.0560	0.3013
123.8250	0.1346	0.0612	NaN	0.0560	0.3011
123.8361	0.1347	0.0611	NaN	0.0560	0.3009
123.8484	0.1344	0.0610	NaN	0.0559	0.3008
123.8601	0.1348	0.0610	NaN	0.0559	0.3011
123.8727	0.1348	0.0609	NaN	0.0558	0.3014
123.8818	0.1355	0.0609	NaN	0.0557	0.3014
123.8926	0.1358	0.0608	NaN	0.0556	0.3015
123.9060	0.1367	0.0607	NaN	0.0555	0.3018
123.9198	0.1371	0.0607	NaN	0.0555	0.3021
123.9291	0.1376	0.0606	NaN	0.0554	0.3025
123.9401	0.1376	0.0605	NaN	0.0553	0.3028
123.9528	0.1379	0.0604	NaN	0.0552	0.3030
123.9645	0.1385	0.0603	NaN	0.0550	0.3032
123.9748	0.1385	0.0602	NaN	0.0550	0.3031
123.9862	0.1392	0.0601	NaN	0.0548	0.3030
123.9994	0.1397	0.0600	NaN	0.0547	0.3028
124.0112	0.1400	0.0599	NaN	0.0546	0.3026
124.0224	0.1403	0.0598	NaN	0.0545	0.3024
124.0328	0.1407	0.0597	NaN	0.0544	0.3024
124.0458	0.1400	0.0596	NaN	0.0543	0.3022
124.0578	0.1402	0.0595	NaN	0.0542	0.3021
124.0688	0.1417	0.0594	NaN	0.0540	0.3023
124.0802	0.1425	0.0593	NaN	0.0539	0.3022
124.0920	0.1419	0.0592	NaN	0.0538	0.3021
124.1042	0.1417	0.0590	NaN	0.0537	0.3020
124.1153	0.1426	0.0589	NaN	0.0535	0.3021
124.1270	0.1428	0.0587	NaN	0.0534	0.3023
124.1370	0.1427	0.0586	NaN	0.0532	0.3024
124.1496	0.1431	0.0584	NaN	0.0530	0.3025
124.1621	0.1438	0.0583	NaN	0.0529	0.3027
124.1721	0.1442	0.0582	NaN	0.0528	0.3028
124.1841	0.1448	0.0580	NaN	0.0526	0.3029
124.1950	0.1454	0.0579	NaN	0.0524	0.3032
124.2090	0.1458	0.0577	NaN	0.0522	0.3036
124.2189	0.1460	0.0576	NaN	0.0521	0.3040
124.2310	0.1460	0.0574	NaN	0.0519	0.3043
124.2416	0.1462	0.0573	NaN	0.0518	0.3042
124.2546	0.1466	0.0571	NaN	0.0516	0.3045
124.2674	0.1471	0.0569	NaN	0.0514	0.3047
124.2774	0.1478	0.0568	NaN	0.0512	0.3044
124.2904	0.1483	0.0566	NaN	0.0510	0.3043
124.3028	0.1485	0.0564	NaN	0.0508	0.3040
124.3168	0.1488	0.0562	NaN	0.0506	0.3039
124.3264	0.1492	0.0560	NaN	0.0504	0.3037
124.3375	0.1495	0.0558	NaN	0.0503	0.3032
124.3470	0.1502	0.0556	NaN	0.0501	0.3033
124.3613	0.1507	0.0554	NaN	0.0498	0.3036
124.3716	0.1514	0.0551	NaN	0.0496	0.3040
124.3837	0.1518	0.0549	NaN	0.0494	0.3047
124.3961	0.1525	0.0547	NaN	0.0491	0.3046
124.4088	0.1530	0.0544	NaN	0.0489	0.3051
124.4197	0.1536	0.0542	NaN	0.0486	0.3054
124.4315	0.1535	0.0540	NaN	0.0485	0.3055
124.4437	0.1540	0.0538	NaN	0.0482	0.3054
124.4545	0.1543	0.0536	NaN	0.0481	0.3052
124.4671	0.1548	0.0535	NaN	0.0479	0.3052
124.4783	0.1554	0.0532	NaN	0.0476	0.3049
124.4895	0.1558	0.0530	NaN	0.0474	0.3046
124.5005	0.1563	0.0528	NaN	0.0472	0.3043
124.5133	0.1572	0.0526	NaN	0.0470	0.3042
124.5242	0.1578	0.0525	NaN	0.0468	0.3045
124.5352	0.1580	0.0522	NaN	0.0465	0.3045
124.5448	0.1586	0.0520	NaN	0.0463	0.3051
124.5583	0.1592	0.0518	NaN	0.0460	0.3056
124.5692	0.1598	0.0516	NaN	0.0458	0.3061
124.5797	0.1601	0.0514	NaN	0.0456	0.3063
124.5924	0.1605	0.0513	NaN	0.0454	0.3064
124.6031	0.1611	0.0511	NaN	0.0452	0.3064
124.6183	0.1616	0.0509	NaN	0.0450	0.3066
124.6284	0.1622	0.0507	NaN	0.0448	0.3066
124.6400	0.1627	0.0505	NaN	0.0446	0.3064
124.6517	0.1632	0.0503	NaN	0.0444	0.3063
124.6648	0.1641	0.0502	NaN	0.0441	0.3060
124.6763	0.1648	0.0500	NaN	0.0439	0.3058
124.6866	0.1655	0.0499	NaN	0.0437	0.3058
124.6979	0.1662	0.0497	NaN	0.0436	0.3055
124.7104	0.1671	0.0496	NaN	0.0434	0.3053
124.7231	0.1680	0.0495	NaN	0.0432	0.3053
124.7332	0.1689	0.0494	NaN	0.0431	0.3054
124.7460	0.1698	0.0493	NaN	0.0430	0.3054
124.7561	0.1706	0.0493	NaN	0.0429	0.3056
124.7690	0.1720	0.0492	NaN	0.0428	0.3058
124.7796	0.1740	0.0491	NaN	0.0426	0.3062
124.7913	0.1762	0.0491	NaN	0.0425	0.3066
124.8022	0.1794	0.0491	NaN	0.0424	0.3069
124.8160	0.1840	0.0491	NaN	0.0422	0.3074
124.8264	0.1893	0.0492	NaN	0.0421	0.3077
124.8388	0.1965	0.0493	NaN	0.0420	0.3078
124.8496	0.2075	0.0496	NaN	0.0420	0.3077
124.8617	0.2231	0.0501	NaN	0.0419	0.3077
124.8737	0.2380	0.0504	NaN	0.0418	0.3077
124.8845	0.2336	0.0503	NaN	0.0417	0.3075
124.8956	0.2322	0.0502	NaN	0.0417	0.3070
124.9069	0.2395	0.0503	NaN	0.0416	0.3068
124.9199	0.2625	0.0511	NaN	0.0416	0.3067
124.9312	0.3016	0.0524	NaN	0.0415	0.3067
124.9431	0.3420	0.0539	NaN	0.0416	0.3067
124.9552	0.3361	0.0536	NaN	0.0416	0.3065
124.9696	0.3469	0.0540	NaN	0.0416	0.3065
124.9791	0.3383	0.0537	NaN	0.0416	0.3067
124.9913	0.3035	0.0524	NaN	0.0415	0.3072
125.0013	0.2990	0.0523	NaN	0.0415	0.3079
125.0123	0.3041	0.0525	NaN	0.0415	0.3084
125.0267	0.2977	0.0522	NaN	0.0415	0.3088
125.0359	0.3086	0.0527	NaN	0.0416	0.3089
125.0472	0.3086	0.0527	NaN	0.0416	0.3090
125.0582	0.2706	0.0514	NaN	0.0416	0.3089
125.0732	0.2297	0.0500	NaN	0.0416	0.3091
125.0818	0.2008	0.0491	NaN	0.0417	0.3091
125.0940	0.1971	0.0490	NaN	0.0417	0.3091
125.1048	0.1923	0.0489	NaN	0.0418	0.3088
125.1180	0.1855	0.0488	NaN	0.0418	0.3090
125.1284	0.1811	0.0487	NaN	0.0419	0.3088
125.1401	0.1778	0.0486	NaN	0.0420	0.3085
125.1509	0.1752	0.0486	NaN	0.0420	0.3083
125.1624	0.1726	0.0486	NaN	0.0422	0.3085
125.1754	0.1696	0.0486	NaN	0.0423	0.3085
125.1871	0.1675	0.0487	NaN	0.0425	0.3082
125.1980	0.1657	0.0488	NaN	0.0426	0.3082
125.2093	0.1649	0.0489	NaN	0.0427	0.3081
125.2231	0.1642	0.0490	NaN	0.0429	0.3082
125.2330	0.1628	0.0491	NaN	0.0430	0.3083
125.2469	0.1618	0.0492	NaN	0.0432	0.3083
125.2580	0.1611	0.0494	NaN	0.0434	0.3087
125.2698	0.1602	0.0495	NaN	0.0436	0.3091
125.2830	0.1596	0.0497	NaN	0.0438	0.3098
125.2951	0.1589	0.0499	NaN	0.0440	0.3100
125.3062	0.1582	0.0500	NaN	0.0442	0.3102
125.3179	0.1577	0.0502	NaN	0.0444	0.3105
125.3303	0.1572	0.0503	NaN	0.0446	0.3105
125.3429	0.1566	0.0505	NaN	0.0448	0.3103
125.3535	0.1560	0.0507	NaN	0.0450	0.3098
125.3649	0.1556	0.0508	NaN	0.0452	0.3093
125.3781	0.1557	0.0510	NaN	0.0454	0.3092
125.3893	0.1556	0.0512	NaN	0.0456	0.3091
125.3988	0.1553	0.0514	NaN	0.0458	0.3091
125.4120	0.1549	0.0516	NaN	0.0460	0.3092
125.4233	0.1538	0.0518	NaN	0.0462	0.3093
125.4363	0.1529	0.0520	NaN	0.0465	0.3096
125.4474	0.1525	0.0523	NaN	0.0468	0.3103
125.4592	0.1522	0.0525	NaN	0.0470	0.3107
125.4711	0.1520	0.0527	NaN	0.0472	0.3111
125.4834	0.1519	0.0530	NaN	0.0475	0.3112
125.4931	0.1520	0.0533	NaN	0.0478	0.3108
125.5048	0.1519	0.0534	NaN	0.0480	0.3109
125.5165	0.1514	0.0537	NaN	0.0482	0.3112
125.5287	0.1509	0.0539	NaN	0.0484	0.3114
125.5397	0.1505	0.0541	NaN	0.0487	0.3115
125.5509	0.1505	0.0544	NaN	0.0489	0.3117
125.5622	0.1502	0.0546	NaN	0.0492	0.3120
125.5742	0.1496	0.0548	NaN	0.0494	0.3121
125.5868	0.1492	0.0550	NaN	0.0496	0.3121
125.5984	0.1484	0.0552	NaN	0.0498	0.3120
125.6102	0.1486	0.0555	NaN	0.0500	0.3122
125.6208	0.1484	0.0557	NaN	0.0502	0.3121
125.6331	0.1471	0.0560	NaN	0.0504	0.3118
125.6435	0.1464	0.0562	NaN	0.0507	0.3115
125.6549	0.1460	0.0564	NaN	0.0509	0.3116
125.6686	0.1458	0.0566	NaN	0.0512	0.3118
125.6760	0.1455	0.0569	NaN	0.0514	0.3115
125.6906	0.1442	0.0571	NaN	0.0517	0.3116
125.7005	0.1437	0.0574	NaN	0.0520	0.3118
125.7118	0.1437	0.0576	NaN	0.0522	0.3122
125.7223	0.1430	0.0578	NaN	0.0524	0.3122
125.7360	0.1421	0.0580	NaN	0.0527	0.3118
125.7478	0.1417	0.0582	NaN	0.0529	0.3116
125.7590	0.1414	0.0584	NaN	0.0531	0.3113
125.7702	0.1415	0.0587	NaN	0.0533	0.3113
125.7831	0.1411	0.0589	NaN	0.0536	0.3114
125.7939	0.1405	0.0591	NaN	0.0538	0.3115
125.8056	0.1401	0.0593	NaN	0.0540	0.3116
125.8166	0.1398	0.0595	NaN	0.0542	0.3119
125.8277	0.1389	0.0596	NaN	0.0544	0.3123
125.8414	0.1381	0.0598	NaN	0.0546	0.3128
125.8524	0.1375	0.0600	NaN	0.0548	0.3132
125.8634	0.1372	0.0602	NaN	0.0550	0.3135
125.8751	0.1366	0.0604	NaN	0.0552	0.3137
125.8876	0.1363	0.0606	NaN	0.0554	0.3137
125.8981	0.1359	0.0608	NaN	0.0556	0.3135
125.9105	0.1360	0.0610	NaN	0.0558	0.3134
125.9222	0.1356	0.0611	NaN	0.0560	0.3129
125.9353	0.1352	0.0613	NaN	0.0561	0.3128
125.9460	0.1353	0.0614	NaN	0.0563	0.3128
125.9579	0.1345	0.0616	NaN	0.0564	0.3126
125.9680	0.1342	0.0617	NaN	0.0566	0.3125
125.9784	0.1339	0.0618	NaN	0.0567	0.3124
125.9917	0.1343	0.0619	NaN	0.0568	0.3125
126.0025	0.1345	0.0621	NaN	0.0570	0.3127
126.0159	0.1337	0.0622	NaN	0.0571	0.3130
126.0263	0.1338	0.0623	NaN	0.0572	0.3135
126.0378	0.1338	0.0625	NaN	0.0574	0.3139
126.0494	0.1340	0.0626	NaN	0.0575	0.3145
126.0612	0.1331	0.0628	NaN	0.0576	0.3147
126.0737	0.1327	0.0629	NaN	0.0578	0.3147
126.0847	0.1331	0.0630	NaN	0.0579	0.3146
126.0963	0.1327	0.0631	NaN	0.0580	0.3142
126.1078	0.1323	0.0632	NaN	0.0582	0.3138
126.1195	0.1327	0.0633	NaN	0.0583	0.3136
126.1299	0.1326	0.0634	NaN	0.0583	0.3134
126.1429	0.1321	0.0635	NaN	0.0585	0.3134
126.1529	0.1323	0.0636	NaN	0.0585	0.3135
126.1638	0.1320	0.0637	NaN	0.0586	0.3136
126.1742	0.1314	0.0637	NaN	0.0587	0.3138
126.1888	0.1308	0.0638	NaN	0.0588	0.3145
126.2011	0.1301	0.0639	NaN	0.0589	0.3146
126.2128	0.1305	0.0640	NaN	0.0590	0.3149
126.2251	0.1301	0.0640	NaN	0.0591	0.3152
126.2356	0.1300	0.0641	NaN	0.0591	0.3153
126.2493	0.1302	0.0642	NaN	0.0592	0.3155
126.2613	0.1301	0.0642	NaN	0.0592	0.3154
126.2735	0.1298	0.0643	NaN	0.0593	0.3151
126.2828	0.1290	0.0643	NaN	0.0594	0.3146
126.2956	0.1289	0.0644	NaN	0.0594	0.3145
126.3084	0.1287	0.0644	NaN	0.0595	0.3144
126.3192	0.1285	0.0645	NaN	0.0595	0.3143
126.3299	0.1281	0.0645	NaN	0.0596	0.3143
126.3434	0.1281	0.0646	NaN	0.0596	0.3145
126.3551	0.1278	0.0646	NaN	0.0597	0.3151
126.3665	0.1273	0.0647	NaN	0.0598	0.3154
126.3759	0.1268	0.0647	NaN	0.0598	0.3157
126.3874	0.1267	0.0647	NaN	0.0599	0.3159
126.4024	0.1266	0.0648	NaN	0.0599	0.3162
126.4132	0.1263	0.0648	NaN	0.0600	0.3163
126.4254	0.1260	0.0648	NaN	0.0600	0.3164
126.4341	0.1260	0.0649	NaN	0.0600	0.3165
126.4481	0.1261	0.0649	NaN	0.0601	0.3164
126.4593	0.1259	0.0649	NaN	0.0601	0.3161
126.4705	0.1258	0.0650	NaN	0.0601	0.3156
126.4824	0.1255	0.0650	NaN	0.0602	0.3154
126.4919	0.1252	0.0650	NaN	0.0602	0.3152
126.5057	0.1251	0.0651	NaN	0.0603	0.3151
126.5172	0.1252	0.0651	NaN	0.0603	0.3152
126.5295	0.1253	0.0651	NaN	0.0603	0.3157
126.5403	0.1252	0.0652	NaN	0.0604	0.3158
126.5520	0.1253	0.0652	NaN	0.0604	0.3163
126.5629	0.1255	0.0652	NaN	0.0604	0.3167
126.5761	0.1255	0.0652	NaN	0.0604	0.3169
126.5863	0.1256	0.0653	NaN	0.0605	0.3171
126.5999	0.1256	0.0653	NaN	0.0605	0.3173
126.6110	0.1256	0.0653	NaN	0.0605	0.3172
126.6217	0.1254	0.0653	NaN	0.0606	0.3170
126.6327	0.1248	0.0654	NaN	0.0606	0.3169
126.6449	0.1250	0.0654	NaN	0.0606	0.3168
126.6572	0.1252	0.0654	NaN	0.0606	0.3166
126.6691	0.1255	0.0654	NaN	0.0607	0.3165
126.6797	0.1259	0.0655	NaN	0.0607	0.3166
126.6900	0.1264	0.0655	NaN	0.0607	0.3167
126.7039	0.1266	0.0655	NaN	0.0607	0.3165
126.7155	0.1262	0.0656	NaN	0.0608	0.3161
126.7256	0.1261	0.0656	NaN	0.0607	0.3161
126.7364	0.1263	0.0656	NaN	0.0608	0.3162
126.7499	0.1263	0.0656	NaN	0.0608	0.3166
126.7621	0.1261	0.0656	NaN	0.0608	0.3169
126.7721	0.1262	0.0656	NaN	0.0608	0.3171
126.7840	0.1266	0.0656	NaN	0.0608	0.3173
126.7946	0.1266	0.0657	NaN	0.0608	0.3174
126.8073	0.1261	0.0657	NaN	0.0609	0.3178
126.8181	0.1258	0.0657	NaN	0.0609	0.3178
126.8289	0.1256	0.0657	NaN	0.0609	0.3179
126.8398	0.1258	0.0657	NaN	0.0609	0.3181
126.8543	0.1255	0.0657	NaN	0.0609	0.3182
126.8671	0.1255	0.0657	NaN	0.0609	0.3185
126.8771	0.1253	0.0658	NaN	0.0610	0.3185
126.8880	0.1252	0.0657	NaN	0.0610	0.3183
126.9007	0.1255	0.0658	NaN	0.0610	0.3181
126.9120	0.1257	0.0658	NaN	0.0610	0.3178
126.9228	0.1255	0.0658	NaN	0.0610	0.3175
126.9324	0.1248	0.0658	NaN	0.0610	0.3171
126.9429	0.1245	0.0658	NaN	0.0611	0.3170
126.9548	0.1242	0.0658	NaN	0.0611	0.3172
126.9646	0.1236	0.0658	NaN	0.0611	0.3175
126.9736	0.1232	0.0658	NaN	0.0611	0.3182
126.9847	0.1229	0.0658	NaN	0.0611	0.3186
126.9977	0.1230	0.0659	NaN	0.0612	0.3189
127.0095	0.1239	0.0659	NaN	0.0611	0.3191
127.0214	0.1246	0.0659	NaN	0.0612	0.3192
127.0313	0.1240	0.0659	NaN	0.0612	0.3192
127.0435	0.1234	0.0659	NaN	0.0612	0.3191
127.0575	0.1232	0.0659	NaN	0.0612	0.3191
127.0683	0.1229	0.0659	NaN	0.0612	0.3193
127.0783	0.1229	0.0659	NaN	0.0613	0.3193
127.0890	0.1229	0.0659	NaN	0.0613	0.3189
127.1025	0.1230	0.0660	NaN	0.0613	0.3184
127.1123	0.1230	0.0660	NaN	0.0613	0.3181
127.1248	0.1228	0.0660	NaN	0.0613	0.3179
127.1355	0.1226	0.0660	NaN	0.0613	0.3181
127.1497	0.1226	0.0660	NaN	0.0613	0.3185
127.1596	0.1224	0.0660	NaN	0.0614	0.3189
127.1714	0.1226	0.0661	NaN	0.0614	0.3192
127.1816	0.1226	0.0661	NaN	0.0614	0.3196
127.1944	0.1226	0.0661	NaN	0.0614	0.3198
127.2064	0.1228	0.0661	NaN	0.0614	0.3200
127.2183	0.1228	0.0661	NaN	0.0614	0.3202
127.2288	0.1223	0.0661	NaN	0.0614	0.3202
127.2405	0.1217	0.0661	NaN	0.0615	0.3201
127.2536	0.1214	0.0662	NaN	0.0615	0.3199
127.2663	0.1221	0.0662	NaN	0.0615	0.3196
127.2770	0.1225	0.0662	NaN	0.0615	0.3194
127.2885	0.1223	0.0662	NaN	0.0615	0.3192
127.3013	0.1224	0.0662	NaN	0.0615	0.3190
127.3164	0.1224	0.0662	NaN	0.0615	0.3188
127.3259	0.1226	0.0662	NaN	0.0616	0.3188
127.3367	0.1228	0.0663	NaN	0.0616	0.3191
127.3475	0.1225	0.0663	NaN	0.0616	0.3193
127.3591	0.1220	0.0663	NaN	0.0616	0.3196
127.3713	0.1224	0.0663	NaN	0.0616	0.3200
127.3825	0.1226	0.0663	NaN	0.0616	0.3204
127.3933	0.1226	0.0663	NaN	0.0616	0.3208
127.4082	0.1224	0.0663	NaN	0.0617	0.3210
127.4180	0.1222	0.0663	NaN	0.0617	0.3211
127.4294	0.1221	0.0663	NaN	0.0617	0.3211
127.4414	0.1226	0.0664	NaN	0.0617	0.3211
127.4531	0.1227	0.0664	NaN	0.0617	0.3210
127.4653	0.1229	0.0664	NaN	0.0617	0.3206
127.4760	0.1229	0.0664	NaN	0.0617	0.3203
127.4872	0.1230	0.0665	NaN	0.0617	0.3200
127.4989	0.1231	0.0664	NaN	0.0617	0.3198
127.5129	0.1238	0.0665	NaN	0.0618	0.3197
127.5243	0.1235	0.0665	NaN	0.0618	0.3198
127.5347	0.1234	0.0665	NaN	0.0618	0.3199
127.5458	0.1232	0.0665	NaN	0.0618	0.3201
127.5594	0.1235	0.0665	NaN	0.0618	0.3205
127.5705	0.1239	0.0665	NaN	0.0618	0.3209
127.5810	0.1233	0.0665	NaN	0.0618	0.3212
127.5911	0.1235	0.0665	NaN	0.0618	0.3215
127.6027	0.1235	0.0665	NaN	0.0618	0.3218
127.6161	0.1231	0.0665	NaN	0.0618	0.3220
127.6275	0.1232	0.0666	NaN	0.0619	0.3220
127.6385	0.1239	0.0666	NaN	0.0618	0.3219
127.6503	0.1241	0.0666	NaN	0.0619	0.3219
127.6626	0.1244	0.0666	NaN	0.0619	0.3219
127.6745	0.1244	0.0666	NaN	0.0618	0.3219
127.6851	0.1241	0.0666	NaN	0.0619	0.3216
127.6943	0.1232	0.0666	NaN	0.0619	0.3213
127.7090	0.1228	0.0666	NaN	0.0619	0.3209
127.7198	0.1228	0.0666	NaN	0.0620	0.3208
127.7312	0.1225	0.0666	NaN	0.0620	0.3207
127.7426	0.1227	0.0667	NaN	0.0620	0.3206
127.7563	0.1230	0.0667	NaN	0.0620	0.3206
127.7644	0.1226	0.0667	NaN	0.0620	0.3207
127.7760	0.1226	0.0667	NaN	0.0620	0.3210
127.7888	0.1227	0.0667	NaN	0.0620	0.3213
127.7992	0.1227	0.0667	NaN	0.0620	0.3214
127.8116	0.1229	0.0667	NaN	0.0620	0.3214
127.8246	0.1229	0.0668	NaN	0.0620	0.3219
127.8353	0.1230	0.0668	NaN	0.0621	0.3222
127.8467	0.1228	0.0668	NaN	0.0621	0.3225
127.8585	0.1227	0.0668	NaN	0.0621	0.3230
127.8716	0.1228	0.0668	NaN	0.0621	0.3231
127.8832	0.1225	0.0668	NaN	0.0621	0.3231
127.8937	0.1224	0.0668	NaN	0.0622	0.3230
127.9065	0.1233	0.0669	NaN	0.0622	0.3228
127.9200	0.1233	0.0669	NaN	0.0622	0.3226
127.9302	0.1235	0.0669	NaN	0.0622	0.3223
127.9415	0.1231	0.0669	NaN	0.0622	0.3222
127.9522	0.1233	0.0669	NaN	0.0622	0.3219
127.9658	0.1237	0.0670	NaN	0.0622	0.3217
127.9764	0.1229	0.0670	NaN	0.0623	0.3217
127.9878	0.1231	0.0670	NaN	0.0623	0.3219
128.0001	0.1230	0.0670	NaN	0.0623	0.3219
128.0108	0.1230	0.0670	NaN	0.0623	0.3219
128.0244	0.1230	0.0670	NaN	0.0624	0.3219
128.0341	0.1231	0.0670	NaN	0.0623	0.3220
128.0464	0.1221	0.0671	NaN	0.0624	0.3222
128.0572	0.1220	0.0671	NaN	0.0624	0.3228
128.0705	0.1231	0.0671	NaN	0.0624	0.3233
128.0810	0.1231	0.0671	NaN	0.0624	0.3235
128.0914	0.1231	0.0671	NaN	0.0624	0.3238
128.1057	0.1233	0.0671	NaN	0.0624	0.3240
128.1171	0.1232	0.0671	NaN	0.0624	0.3241
128.1295	0.1232	0.0671	NaN	0.0624	0.3239
128.1426	0.1236	0.0672	NaN	0.0624	0.3235
128.1547	0.1238	0.0672	NaN	0.0624	0.3230
128.1653	0.1238	0.0672	NaN	0.0624	0.3228
128.1771	0.1241	0.0672	NaN	0.0624	0.3226
128.1879	0.1239	0.0672	NaN	0.0624	0.3225
128.1987	0.1228	0.0672	NaN	0.0625	0.3225
128.2095	0.1227	0.0672	NaN	0.0625	0.3227
128.2218	0.1231	0.0672	NaN	0.0625	0.3229
128.2319	0.1232	0.0672	NaN	0.0625	0.3231
128.2447	0.1233	0.0672	NaN	0.0625	0.3233
128.2564	0.1234	0.0673	NaN	0.0626	0.3236
128.2680	0.1235	0.0673	NaN	0.0625	0.3236
128.2810	0.1236	0.0673	NaN	0.0626	0.3242
128.2922	0.1237	0.0673	NaN	0.0626	0.3245
128.3034	0.1238	0.0673	NaN	0.0626	0.3248
128.3153	0.1240	0.0673	NaN	0.0626	0.3249
128.3272	0.1240	0.0673	NaN	0.0626	0.3250
128.3385	0.1239	0.0673	NaN	0.0626	0.3250
128.3496	0.1240	0.0674	NaN	0.0626	0.3250
128.3605	0.1265	0.0674	NaN	0.0626	0.3252
128.3759	0.1264	0.0674	NaN	0.0626	0.3252
128.3851	0.1263	0.0674	NaN	0.0626	0.3251
128.3956	0.1260	0.0674	NaN	0.0626	0.3247
128.4054	0.1255	0.0674	NaN	0.0626	0.3241
128.4181	0.1250	0.0674	NaN	0.0627	0.3240
128.4312	0.1246	0.0675	NaN	0.0627	0.3249
128.4429	0.1245	0.0675	NaN	0.0627	0.3253
128.4560	0.1247	0.0675	NaN	0.0627	0.3251
128.4645	0.1249	0.0675	NaN	0.0627	0.3248
128.4775	0.1250	0.0675	NaN	0.0627	0.3240
128.4887	0.1250	0.0675	NaN	0.0627	0.3239
128.5019	0.1252	0.0675	NaN	0.0628	0.3241
128.5122	0.1252	0.0675	NaN	0.0628	0.3245
128.5269	0.1252	0.0676	NaN	0.0628	0.3243
128.5382	0.1251	0.0676	NaN	0.0628	0.3239
128.5482	0.1248	0.0676	NaN	0.0628	0.3240
128.5602	0.1246	0.0676	NaN	0.0628	0.3240
128.5701	0.1247	0.0676	NaN	0.0628	0.3243
128.5824	0.1250	0.0676	NaN	0.0629	0.3245
128.5935	0.1252	0.0676	NaN	0.0629	0.3249
128.6049	0.1253	0.0677	NaN	0.0629	0.3254
128.6167	0.1251	0.0677	NaN	0.0629	0.3256
128.6287	0.1252	0.0677	NaN	0.0629	0.3257
128.6391	0.1251	0.0677	NaN	0.0629	0.3257
128.6512	0.1252	0.0677	NaN	0.0629	0.3263
128.6625	0.1248	0.0677	NaN	0.0630	0.3264
128.6734	0.1248	0.0677	NaN	0.0630	0.3264
128.6857	0.1248	0.0678	NaN	0.0630	0.3261
128.6980	0.1250	0.0677	NaN	0.0630	0.3260
128.7090	0.1251	0.0678	NaN	0.0630	0.3257
128.7207	0.1254	0.0678	NaN	0.0630	0.3252
128.7354	0.1253	0.0678	NaN	0.0630	0.3257
128.7465	0.1253	0.0678	NaN	0.0630	0.3256
128.7570	0.1250	0.0678	NaN	0.0631	0.3253
128.7682	0.1248	0.0678	NaN	0.0630	0.3251
128.7812	0.1252	0.0678	NaN	0.0631	0.3251
128.7928	0.1253	0.0678	NaN	0.0631	0.3251
128.8068	0.1255	0.0679	NaN	0.0631	0.3253
128.8156	0.1255	0.0679	NaN	0.0631	0.3258
128.8276	0.1248	0.0679	NaN	0.0631	0.3266
128.8389	0.1242	0.0679	NaN	0.0632	0.3269
128.8513	0.1243	0.0679	NaN	0.0632	0.3272
128.8618	0.1245	0.0679	NaN	0.0632	0.3272
128.8736	0.1249	0.0679	NaN	0.0632	0.3272
128.8857	0.1256	0.0680	NaN	0.0631	0.3272
128.8971	0.1258	0.0679	NaN	0.0632	0.3272
128.9089	0.1253	0.0680	NaN	0.0632	0.3267
128.9186	0.1250	0.0680	NaN	0.0632	0.3263
128.9331	0.1245	0.0680	NaN	0.0632	0.3259
128.9448	0.1249	0.0680	NaN	0.0632	0.3259
128.9565	0.1251	0.0680	NaN	0.0633	0.3257
128.9669	0.1254	0.0680	NaN	0.0633	0.3257
128.9783	0.1257	0.0681	NaN	0.0633	0.3258
128.9923	0.1260	0.0681	NaN	0.0633	0.3263
129.0012	0.1263	0.0681	NaN	0.0633	0.3266
129.0136	0.1266	0.0681	NaN	0.0633	0.3270
129.0249	0.1270	0.0681	NaN	0.0633	0.3279
129.0382	0.1270	0.0681	NaN	0.0633	0.3280
129.0506	0.1276	0.0682	NaN	0.0633	0.3280
129.0608	0.1280	0.0682	NaN	0.0633	0.3282
129.0702	0.1283	0.0682	NaN	0.0633	0.3282
129.0837	0.1278	0.0682	NaN	0.0633	0.3281
129.0951	0.1276	0.0682	NaN	0.0634	0.3280
129.1069	0.1272	0.0682	NaN	0.0634	0.3279
129.1185	0.1267	0.0683	NaN	0.0634	0.3275
129.1305	0.1264	0.0683	NaN	0.0634	0.3275
129.1443	0.1268	0.0682	NaN	0.0634	0.3276
129.1564	0.1275	0.0683	NaN	0.0634	0.3280
129.1668	0.1279	0.0683	NaN	0.0634	0.3272
129.1774	0.1279	0.0683	NaN	0.0634	0.3269
129.1908	0.1279	0.0683	NaN	0.0634	0.3268
129.2017	0.1280	0.0683	NaN	0.0635	0.3268
129.2132	0.1283	0.0684	NaN	0.0635	0.3273
129.2254	0.1284	0.0684	NaN	0.0635	0.3276
129.2354	0.1285	0.0684	NaN	0.0635	0.3279
129.2502	0.1281	0.0684	NaN	0.0635	0.3278
129.2604	0.1279	0.0684	NaN	0.0635	0.3286
129.2727	0.1275	0.0684	NaN	0.0636	0.3288
129.2832	0.1273	0.0684	NaN	0.0636	0.3289
129.2967	0.1273	0.0684	NaN	0.0636	0.3290
129.3085	0.1274	0.0684	NaN	0.0636	0.3291
129.3201	0.1273	0.0685	NaN	0.0636	0.3290
129.3299	0.1268	0.0685	NaN	0.0636	0.3286
129.3433	0.1267	0.0685	NaN	0.0636	0.3278
129.3547	0.1269	0.0685	NaN	0.0637	0.3278
129.3656	0.1267	0.0685	NaN	0.0637	0.3277
129.3766	0.1269	0.0685	NaN	0.0637	0.3275
129.3872	0.1269	0.0685	NaN	0.0637	0.3276
129.4003	0.1263	0.0686	NaN	0.0637	0.3277
129.4119	0.1264	0.0686	NaN	0.0637	0.3278
129.4227	0.1262	0.0686	NaN	0.0638	0.3278
129.4336	0.1271	0.0686	NaN	0.0637	0.3280
129.4481	0.1266	0.0686	NaN	0.0638	0.3281
129.4595	0.1263	0.0686	NaN	0.0638	0.3282
129.4699	0.1267	0.0686	NaN	0.0638	0.3286
129.4807	0.1269	0.0686	NaN	0.0638	0.3293
129.4938	0.1271	0.0687	NaN	0.0638	0.3297
129.5065	0.1265	0.0687	NaN	0.0638	0.3297
129.5166	0.1258	0.0687	NaN	0.0639	0.3297
129.5278	0.1261	0.0687	NaN	0.0639	0.3297
129.5393	0.1260	0.0687	NaN	0.0639	0.3298
129.5524	0.1258	0.0687	NaN	0.0639	0.3298
129.5656	0.1261	0.0687	NaN	0.0639	0.3294
129.5741	0.1263	0.0687	NaN	0.0639	0.3291
129.5865	0.1263	0.0687	NaN	0.0639	0.3286
129.5992	0.1261	0.0688	NaN	0.0639	0.3284
129.6121	0.1268	0.0688	NaN	0.0640	0.3288
129.6212	0.1267	0.0688	NaN	0.0640	0.3294
129.6333	0.1271	0.0688	NaN	0.0639	0.3300
129.6435	0.1273	0.0688	NaN	0.0640	0.3300
129.6578	0.1273	0.0688	NaN	0.0640	0.3303
129.6695	0.1275	0.0689	NaN	0.0640	0.3306
129.6793	0.1271	0.0689	NaN	0.0640	0.3304
129.6898	0.1275	0.0689	NaN	0.0640	0.3302
129.7035	0.1269	0.0689	NaN	0.0640	0.3299
129.7150	0.1265	0.0689	NaN	0.0641	0.3293
129.7268	0.1261	0.0689	NaN	0.0641	0.3291
129.7374	0.1255	0.0689	NaN	0.0641	0.3292
129.7512	0.1257	0.0689	NaN	0.0641	0.3295
129.7619	0.1262	0.0689	NaN	0.0641	0.3302
129.7716	0.1266	0.0689	NaN	0.0641	0.3299
129.7834	0.1263	0.0689	NaN	0.0641	0.3298
129.7955	0.1262	0.0690	NaN	0.0641	0.3295
129.8066	0.1270	0.0690	NaN	0.0642	0.3294
129.8187	0.1285	0.0690	NaN	0.0641	0.3297
129.8303	0.1288	0.0690	NaN	0.0641	0.3304
129.8419	0.1287	0.0690	NaN	0.0641	0.3305
129.8575	0.1288	0.0691	NaN	0.0641	0.3306
129.8664	0.1290	0.0690	NaN	0.0641	0.3308
129.8766	0.1292	0.0691	NaN	0.0641	0.3313
129.8887	0.1283	0.0691	NaN	0.0642	0.3309
129.9016	0.1282	0.0691	NaN	0.0642	0.3308
129.9133	0.1287	0.0691	NaN	0.0642	0.3309
129.9249	0.1286	0.0691	NaN	0.0642	0.3313
129.9357	0.1284	0.0691	NaN	0.0642	0.3310
129.9455	0.1286	0.0691	NaN	0.0642	0.3307
129.9582	0.1290	0.0691	NaN	0.0642	0.3304
129.9686	0.1285	0.0691	NaN	0.0642	0.3301
129.9790	0.1284	0.0691	NaN	0.0642	0.3300
129.9905	0.1283	0.0691	NaN	0.0642	0.3299
130.0042	0.1280	0.0691	NaN	0.0642	0.3301
130.0147	0.1279	0.0691	NaN	0.0642	0.3306
130.0263	0.1286	0.0691	NaN	0.0642	0.3308
130.0382	0.1288	0.0691	NaN	0.0642	0.3312
130.0501	0.1282	0.0691	NaN	0.0642	0.3316
130.0641	0.1281	0.0691	NaN	0.0642	0.3319
130.0748	0.1280	0.0690	NaN	0.0642	0.3319
130.0860	0.1279	0.0691	NaN	0.0642	0.3321
130.0985	0.1277	0.0691	NaN	0.0642	0.3319
130.1133	0.1277	0.0691	NaN	0.0642	0.3314
130.1231	0.1273	0.0691	NaN	0.0642	0.3311
130.1351	0.1274	0.0691	NaN	0.0642	0.3310
130.1468	0.1275	0.0691	NaN	0.0642	0.3308
130.1604	0.1275	0.0691	NaN	0.0642	0.3307
130.1707	0.1271	0.0690	NaN	0.0642	0.3307
130.1818	0.1275	0.0690	NaN	0.0642	0.3307
130.1938	0.1272	0.0690	NaN	0.0641	0.3308
130.2071	0.1270	0.0690	NaN	0.0641	0.3311
130.2165	0.1270	0.0689	NaN	0.0641	0.3309
130.2272	0.1269	0.0689	NaN	0.0641	0.3314
130.2396	0.1263	0.0689	NaN	0.0641	0.3317
130.2506	0.1259	0.0689	NaN	0.0641	0.3319
130.2640	0.1262	0.0688	NaN	0.0640	0.3325
130.2747	0.1260	0.0688	NaN	0.0640	0.3328
130.2854	0.1264	0.0688	NaN	0.0640	0.3328
130.2975	0.1260	0.0688	NaN	0.0639	0.3327
130.3104	0.1256	0.0687	NaN	0.0639	0.3324
130.3210	0.1257	0.0687	NaN	0.0639	0.3321
130.3333	0.1256	0.0687	NaN	0.0639	0.3320
130.3451	0.1257	0.0686	NaN	0.0638	0.3319
130.3575	0.1256	0.0686	NaN	0.0638	0.3315
130.3708	0.1250	0.0685	NaN	0.0637	0.3314
130.3813	0.1247	0.0685	NaN	0.0637	0.3314
130.3924	0.1248	0.0684	NaN	0.0637	0.3316
130.4017	0.1251	0.0684	NaN	0.0636	0.3322
130.4156	0.1246	0.0683	NaN	0.0635	0.3323
130.4244	0.1249	0.0682	NaN	0.0635	0.3328
130.4367	0.1250	0.0681	NaN	0.0634	0.3332
130.4490	0.1250	0.0681	NaN	0.0633	0.3331
130.4614	0.1247	0.0680	NaN	0.0632	0.3328
130.4736	0.1246	0.0679	NaN	0.0631	0.3332
130.4852	0.1244	0.0678	NaN	0.0631	0.3335
130.4962	0.1246	0.0677	NaN	0.0630	0.3336
130.5063	0.1244	0.0677	NaN	0.0629	0.3337
130.5205	0.1241	0.0676	NaN	0.0628	0.3336
130.5301	0.1241	0.0675	NaN	0.0627	0.3334
130.5423	0.1241	0.0674	NaN	0.0627	0.3334
130.5556	0.1238	0.0673	NaN	0.0626	0.3336
130.5684	0.1238	0.0672	NaN	0.0625	0.3334
130.5796	0.1240	0.0671	NaN	0.0624	0.3334
130.5886	0.1237	0.0670	NaN	0.0622	0.3335
130.6011	0.1240	0.0668	NaN	0.0621	0.3335
130.6106	0.1241	0.0667	NaN	0.0620	0.3333
130.6250	0.1238	0.0666	NaN	0.0618	0.3333
130.6350	0.1235	0.0664	NaN	0.0617	0.3335
130.6461	0.1235	0.0662	NaN	0.0615	0.3335
130.6577	0.1244	0.0661	NaN	0.0614	0.3333
130.6710	0.1239	0.0660	NaN	0.0612	0.3332
130.6810	0.1239	0.0658	NaN	0.0611	0.3327
130.6914	0.1230	0.0656	NaN	0.0610	0.3325
130.7048	0.1226	0.0655	NaN	0.0608	0.3328
130.7168	0.1230	0.0653	NaN	0.0606	0.3328
130.7274	0.1230	0.0651	NaN	0.0604	0.3327
130.7396	0.1224	0.0649	NaN	0.0601	0.3330
130.7527	0.1220	0.0646	NaN	0.0599	0.3334
130.7617	0.1215	0.0645	NaN	0.0598	0.3341
130.7751	0.1213	0.0642	NaN	0.0596	0.3346
130.7864	0.1211	0.0640	NaN	0.0593	0.3346
130.7960	0.1215	0.0638	NaN	0.0591	0.3345
130.8062	0.1212	0.0636	NaN	0.0589	0.3345
130.8191	0.1208	0.0634	NaN	0.0587	0.3347
130.8306	0.1211	0.0631	NaN	0.0584	0.3346
130.8420	0.1209	0.0629	NaN	0.0582	0.3343
130.8544	0.1206	0.0626	NaN	0.0579	0.3338
130.8647	0.1204	0.0623	NaN	0.0577	0.3336
130.8787	0.1202	0.0621	NaN	0.0574	0.3333
130.8891	0.1198	0.0618	NaN	0.0572	0.3332
130.9016	0.1192	0.0615	NaN	0.0569	0.3330
130.9112	0.1192	0.0612	NaN	0.0567	0.3331
130.9226	0.1196	0.0610	NaN	0.0564	0.3333
130.9350	0.1191	0.0607	NaN	0.0561	0.3333
130.9458	0.1190	0.0605	NaN	0.0559	0.3333
130.9576	0.1190	0.0602	NaN	0.0556	0.3334
130.9703	0.1186	0.0599	NaN	0.0554	0.3334
130.9812	0.1185	0.0596	NaN	0.0551	0.3335
130.9928	0.1182	0.0593	NaN	0.0548	0.3337
131.0046	0.1180	0.0590	NaN	0.0544	0.3338
131.0134	0.1179	0.0586	NaN	0.0541	0.3340
131.0292	0.1175	0.0583	NaN	0.0538	0.3345
131.0409	0.1172	0.0580	NaN	0.0535	0.3348
131.0524	0.1167	0.0576	NaN	0.0531	0.3354
131.0656	0.1162	0.0572	NaN	0.0528	0.3354
131.0783	0.1166	0.0569	NaN	0.0524	0.3354
131.0903	0.1155	0.0565	NaN	0.0521	0.3353
131.1008	0.1156	0.0562	NaN	0.0518	0.3350
131.1114	0.1156	0.0558	NaN	0.0514	0.3344
131.1252	0.1152	0.0555	NaN	0.0511	0.3341
131.1358	0.1152	0.0551	NaN	0.0507	0.3339
131.1467	0.1146	0.0547	NaN	0.0503	0.3337
131.1587	0.1143	0.0543	NaN	0.0500	0.3338
131.1709	0.1141	0.0539	NaN	0.0497	0.3341
131.1830	0.1140	0.0535	NaN	0.0494	0.3345
131.1947	0.1143	0.0532	NaN	0.0490	0.3347
131.2071	0.1141	0.0529	NaN	0.0487	0.3348
131.2185	0.1138	0.0525	NaN	0.0483	0.3354
131.2320	0.1132	0.0520	NaN	0.0479	0.3357
131.2433	0.1132	0.0516	NaN	0.0474	0.3358
131.2562	0.1132	0.0512	NaN	0.0470	0.3356
131.2655	0.1127	0.0508	NaN	0.0466	0.3352
131.2789	0.1126	0.0504	NaN	0.0463	0.3347
131.2898	0.1124	0.0501	NaN	0.0460	0.3344
131.3009	0.1119	0.0499	NaN	0.0457	0.3341
131.3117	0.1118	0.0496	NaN	0.0454	0.3342
131.3225	0.1118	0.0493	NaN	0.0450	0.3341
131.3360	0.1114	0.0489	NaN	0.0447	0.3343
131.3471	0.1114	0.0486	NaN	0.0443	0.3348
131.3570	0.1114	0.0482	NaN	0.0440	0.3351
131.3687	0.1115	0.0479	NaN	0.0436	0.3355
131.3829	0.1117	0.0475	NaN	0.0432	0.3359
131.3938	0.1117	0.0472	NaN	0.0429	0.3362
131.4047	0.1115	0.0469	NaN	0.0425	0.3361
131.4158	0.1114	0.0466	NaN	0.0423	0.3358
131.4280	0.1113	0.0463	NaN	0.0420	0.3357
131.4377	0.1115	0.0460	NaN	0.0417	0.3355
131.4503	0.1117	0.0457	NaN	0.0414	0.3352
131.4621	0.1117	0.0454	NaN	0.0411	0.3349
131.4731	0.1116	0.0451	NaN	0.0408	0.3349
131.4859	0.1115	0.0449	NaN	0.0405	0.3347
131.4966	0.1114	0.0446	NaN	0.0403	0.3343
131.5090	0.1112	0.0443	NaN	0.0400	0.3344
131.5196	0.1113	0.0441	NaN	0.0398	0.3344
131.5337	0.1116	0.0438	NaN	0.0395	0.3347
131.5431	0.1120	0.0436	NaN	0.0393	0.3350
131.5560	0.1124	0.0434	NaN	0.0391	0.3351
131.5665	0.1128	0.0432	NaN	0.0389	0.3352
131.5776	0.1130	0.0430	NaN	0.0387	0.3358
131.5927	0.1133	0.0428	NaN	0.0385	0.3364
131.6038	0.1135	0.0427	NaN	0.0383	0.3367
131.6139	0.1138	0.0425	NaN	0.0381	0.3368
131.6240	0.1143	0.0423	NaN	0.0379	0.3367
131.6382	0.1147	0.0421	NaN	0.0377	0.3363
131.6502	0.1152	0.0419	NaN	0.0375	0.3368
131.6596	0.1156	0.0417	NaN	0.0373	0.3369
131.6712	0.1162	0.0416	NaN	0.0372	0.3369
131.6830	0.1172	0.0415	NaN	0.0371	0.3367
131.6947	0.1182	0.0414	NaN	0.0369	0.3366
131.7046	0.1193	0.0414	NaN	0.0368	0.3366
131.7162	0.1212	0.0413	NaN	0.0367	0.3363
131.7265	0.1241	0.0413	NaN	0.0366	0.3359
131.7394	0.1296	0.0414	NaN	0.0365	0.3355
131.7510	0.1395	0.0417	NaN	0.0364	0.3358
131.7624	0.1672	0.0426	NaN	0.0363	0.3356
131.7734	0.2212	0.0445	NaN	0.0363	0.3355
131.7879	0.2145	0.0442	NaN	0.0362	0.3357
131.7992	0.1750	0.0427	NaN	0.0362	0.3358
131.8091	0.1599	0.0421	NaN	0.0362	0.3357
131.8208	0.1563	0.0420	NaN	0.0361	0.3356
131.8329	0.1578	0.0420	NaN	0.0361	0.3356
131.8456	0.1629	0.0422	NaN	0.0361	0.3359
131.8581	0.1715	0.0425	NaN	0.0361	0.3364
131.8697	0.1836	0.0430	NaN	0.0362	0.3369
131.8810	0.2006	0.0436	NaN	0.0362	0.3374
131.8939	0.2262	0.0446	NaN	0.0362	0.3375
131.9062	0.2718	0.0463	NaN	0.0363	0.3379
131.9164	0.3572	0.0494	NaN	0.0364	0.3380
131.9266	0.4882	0.0541	NaN	0.0366	0.3380
131.9409	0.4496	0.0528	NaN	0.0367	0.3381
131.9537	0.3544	0.0496	NaN	0.0367	0.3380
131.9627	0.2998	0.0477	NaN	0.0367	0.3378
131.9747	0.2800	0.0471	NaN	0.0368	0.3375
131.9848	0.2858	0.0473	NaN	0.0368	0.3372
131.9990	0.3209	0.0487	NaN	0.0369	0.3370
132.0099	0.4101	0.0518	NaN	0.0371	0.3369
132.0217	0.4675	0.0540	NaN	0.0372	0.3369
132.0336	0.3867	0.0513	NaN	0.0373	0.3370
132.0475	0.2961	0.0483	NaN	0.0374	0.3370
132.0603	0.2491	0.0467	NaN	0.0375	0.3373
132.0726	0.2279	0.0461	NaN	0.0377	0.3374
132.0840	0.2215	0.0461	NaN	0.0378	0.3377
132.0974	0.2253	0.0463	NaN	0.0380	0.3381
132.1112	0.2200	0.0463	NaN	0.0381	0.3386
132.1225	0.1995	0.0458	NaN	0.0383	0.3390
132.1340	0.1862	0.0455	NaN	0.0385	0.3392
132.1441	0.1819	0.0455	NaN	0.0387	0.3393
132.1578	0.1840	0.0457	NaN	0.0389	0.3393
132.1705	0.1958	0.0464	NaN	0.0391	0.3392
132.1803	0.2155	0.0473	NaN	0.0393	0.3388
132.1913	0.2107	0.0474	NaN	0.0396	0.3384
132.2054	0.1858	0.0468	NaN	0.0398	0.3382
132.2174	0.1686	0.0464	NaN	0.0401	0.3382
132.2264	0.1593	0.0463	NaN	0.0403	0.3381
132.2373	0.1556	0.0465	NaN	0.0406	0.3377
132.2494	0.1559	0.0467	NaN	0.0409	0.3376
132.2617	0.1593	0.0471	NaN	0.0411	0.3379
132.2732	0.1539	0.0473	NaN	0.0414	0.3383
132.2837	0.1462	0.0473	NaN	0.0417	0.3388
132.2947	0.1421	0.0474	NaN	0.0420	0.3391
132.3097	0.1397	0.0477	NaN	0.0424	0.3395
132.3182	0.1378	0.0480	NaN	0.0427	0.3399
132.3297	0.1365	0.0482	NaN	0.0431	0.3401
132.3411	0.1358	0.0486	NaN	0.0434	0.3403
132.3536	0.1352	0.0489	NaN	0.0438	0.3404
132.3649	0.1351	0.0493	NaN	0.0442	0.3404
132.3754	0.1351	0.0496	NaN	0.0445	0.3402
132.3874	0.1351	0.0499	NaN	0.0449	0.3400
132.3993	0.1351	0.0502	NaN	0.0452	0.3398
132.4104	0.1345	0.0506	NaN	0.0456	0.3396
132.4227	0.1349	0.0509	NaN	0.0460	0.3393
132.4334	0.1348	0.0513	NaN	0.0464	0.3392
132.4458	0.1350	0.0517	NaN	0.0468	0.3390
132.4580	0.1356	0.0521	NaN	0.0472	0.3391
132.4707	0.1361	0.0525	NaN	0.0476	0.3392
132.4831	0.1360	0.0529	NaN	0.0479	0.3394
132.4941	0.1360	0.0532	NaN	0.0482	0.3395
132.5077	0.1360	0.0535	NaN	0.0486	0.3395
132.5187	0.1358	0.0538	NaN	0.0489	0.3398
132.5314	0.1358	0.0542	NaN	0.0493	0.3402
132.5408	0.1359	0.0545	NaN	0.0496	0.3406
132.5535	0.1360	0.0549	NaN	0.0499	0.3409
132.5656	0.1360	0.0553	NaN	0.0503	0.3413
132.5760	0.1360	0.0557	NaN	0.0506	0.3417
132.5855	0.1361	0.0560	NaN	0.0509	0.3420
132.5960	0.1362	0.0564	NaN	0.0512	0.3420
132.6111	0.1364	0.0568	NaN	0.0516	0.3419
132.6225	0.1365	0.0571	NaN	0.0520	0.3417
132.6333	0.1366	0.0574	NaN	0.0523	0.3418
132.6451	0.1364	0.0578	NaN	0.0526	0.3419
132.6596	0.1362	0.0582	NaN	0.0530	0.3421
132.6687	0.1361	0.0585	NaN	0.0534	0.3419
132.6818	0.1361	0.0588	NaN	0.0537	0.3419
132.6939	0.1360	0.0592	NaN	0.0541	0.3420
132.7034	0.1361	0.0595	NaN	0.0544	0.3419
132.7169	0.1362	0.0599	NaN	0.0547	0.3421
132.7282	0.1362	0.0602	NaN	0.0551	0.3421
132.7403	0.1359	0.0606	NaN	0.0555	0.3420
132.7502	0.1361	0.0609	NaN	0.0557	0.3420
132.7623	0.1363	0.0612	NaN	0.0560	0.3420
132.7750	0.1365	0.0616	NaN	0.0564	0.3420
132.7876	0.1363	0.0618	NaN	0.0566	0.3420
132.7982	0.1357	0.0621	NaN	0.0570	0.3417
132.8079	0.1357	0.0625	NaN	0.0573	0.3415
132.8216	0.1357	0.0628	NaN	0.0576	0.3418
132.8316	0.1357	0.0631	NaN	0.0579	0.3420
132.8434	0.1357	0.0634	NaN	0.0582	0.3421
132.8551	0.1357	0.0636	NaN	0.0585	0.3424
132.8690	0.1356	0.0639	NaN	0.0587	0.3430
132.8795	0.1355	0.0641	NaN	0.0590	0.3436
132.8910	0.1352	0.0644	NaN	0.0592	0.3437
132.9009	0.1351	0.0647	NaN	0.0595	0.3439
132.9143	0.1352	0.0650	NaN	0.0598	0.3442
132.9266	0.1361	0.0653	NaN	0.0601	0.3442
132.9375	0.1361	0.0656	NaN	0.0604	0.3442
132.9494	0.1359	0.0658	NaN	0.0607	0.3442
132.9598	0.1358	0.0660	NaN	0.0609	0.3440
132.9734	0.1352	0.0663	NaN	0.0611	0.3436
132.9846	0.1348	0.0664	NaN	0.0613	0.3432
132.9969	0.1346	0.0667	NaN	0.0616	0.3429
133.0103	0.1345	0.0669	NaN	0.0618	0.3427
133.0219	0.1346	0.0671	NaN	0.0620	0.3428
133.0326	0.1347	0.0673	NaN	0.0622	0.3430
133.0436	0.1345	0.0675	NaN	0.0624	0.3435
133.0555	0.1344	0.0676	NaN	0.0625	0.3441
133.0661	0.1342	0.0678	NaN	0.0627	0.3447
133.0781	0.1340	0.0680	NaN	0.0629	0.3450
133.0908	0.1340	0.0681	NaN	0.0631	0.3452
133.1023	0.1338	0.0683	NaN	0.0632	0.3453
133.1123	0.1338	0.0684	NaN	0.0633	0.3453
133.1258	0.1338	0.0686	NaN	0.0635	0.3453
133.1374	0.1334	0.0688	NaN	0.0637	0.3453
133.1484	0.1337	0.0689	NaN	0.0638	0.3453
133.1589	0.1340	0.0690	NaN	0.0639	0.3449
133.1724	0.1336	0.0691	NaN	0.0641	0.3446
133.1823	0.1331	0.0693	NaN	0.0642	0.3444
133.1944	0.1329	0.0694	NaN	0.0643	0.3443
133.2069	0.1326	0.0695	NaN	0.0644	0.3442
133.2172	0.1325	0.0696	NaN	0.0646	0.3440
133.2304	0.1329	0.0697	NaN	0.0646	0.3439
133.2415	0.1334	0.0698	NaN	0.0647	0.3441
133.2517	0.1336	0.0699	NaN	0.0648	0.3441
133.2640	0.1334	0.0699	NaN	0.0649	0.3443
133.2752	0.1333	0.0700	NaN	0.0650	0.3445
133.2868	0.1331	0.0701	NaN	0.0650	0.3447
133.2977	0.1329	0.0702	NaN	0.0651	0.3452
133.3097	0.1328	0.0702	NaN	0.0652	0.3457
133.3243	0.1327	0.0703	NaN	0.0652	0.3463
133.3362	0.1325	0.0703	NaN	0.0653	0.3465
133.3461	0.1324	0.0704	NaN	0.0654	0.3467
133.3601	0.1323	0.0704	NaN	0.0654	0.3468
133.3685	0.1324	0.0704	NaN	0.0654	0.3468
133.3818	0.1322	0.0705	NaN	0.0655	0.3468
133.3927	0.1318	0.0705	NaN	0.0655	0.3465
133.4058	0.1318	0.0705	NaN	0.0655	0.3462
133.4152	0.1316	0.0706	NaN	0.0655	0.3459
133.4299	0.1310	0.0706	NaN	0.0656	0.3456
133.4405	0.1304	0.0706	NaN	0.0656	0.3454
133.4518	0.1301	0.0706	NaN	0.0656	0.3452
133.4626	0.1305	0.0706	NaN	0.0656	0.3452
133.4772	0.1310	0.0706	NaN	0.0656	0.3453
133.4894	0.1312	0.0705	NaN	0.0656	0.3454
133.5003	0.1315	0.0705	NaN	0.0655	0.3456
133.5113	0.1312	0.0705	NaN	0.0655	0.3459
133.5233	0.1305	0.0705	NaN	0.0655	0.3462
133.5355	0.1301	0.0705	NaN	0.0655	0.3466
133.5453	0.1295	0.0704	NaN	0.0655	0.3471
133.5568	0.1297	0.0704	NaN	0.0655	0.3470
133.5679	0.1302	0.0704	NaN	0.0654	0.3477
133.5805	0.1299	0.0704	NaN	0.0654	0.3479
133.5911	0.1295	0.0703	NaN	0.0654	0.3480
133.6030	0.1292	0.0702	NaN	0.0653	0.3480
133.6155	0.1292	0.0702	NaN	0.0652	0.3478
133.6256	0.1293	0.0701	NaN	0.0652	0.3474
133.6391	0.1293	0.0700	NaN	0.0651	0.3468
133.6499	0.1295	0.0699	NaN	0.0650	0.3465
133.6616	0.1295	0.0699	NaN	0.0650	0.3464
133.6727	0.1295	0.0698	NaN	0.0649	0.3465
133.6872	0.1290	0.0698	NaN	0.0649	0.3465
133.6973	0.1289	0.0697	NaN	0.0648	0.3465
133.7115	0.1289	0.0696	NaN	0.0647	0.3468
133.7209	0.1287	0.0696	NaN	0.0646	0.3469
133.7341	0.1287	0.0695	NaN	0.0645	0.3472
133.7456	0.1287	0.0694	NaN	0.0645	0.3475
133.7566	0.1287	0.0693	NaN	0.0644	0.3482
133.7671	0.1287	0.0692	NaN	0.0643	0.3484
133.7780	0.1286	0.0691	NaN	0.0643	0.3486
133.7909	0.1285	0.0690	NaN	0.0641	0.3488
133.8010	0.1285	0.0689	NaN	0.0640	0.3490
133.8130	0.1284	0.0688	NaN	0.0639	0.3491
133.8239	0.1284	0.0687	NaN	0.0638	0.3492
133.8369	0.1280	0.0686	NaN	0.0637	0.3492
133.8482	0.1282	0.0685	NaN	0.0636	0.3492
133.8597	0.1285	0.0684	NaN	0.0635	0.3492
133.8700	0.1286	0.0682	NaN	0.0633	0.3490
133.8840	0.1287	0.0681	NaN	0.0632	0.3490
133.8955	0.1287	0.0680	NaN	0.0631	0.3488
133.9081	0.1286	0.0678	NaN	0.0630	0.3488
133.9202	0.1285	0.0677	NaN	0.0628	0.3489
133.9307	0.1285	0.0675	NaN	0.0626	0.3491
133.9433	0.1284	0.0674	NaN	0.0625	0.3490
133.9567	0.1285	0.0672	NaN	0.0623	0.3492
133.9668	0.1286	0.0671	NaN	0.0622	0.3489
133.9768	0.1287	0.0669	NaN	0.0620	0.3485
133.9886	0.1288	0.0668	NaN	0.0619	0.3483
134.0014	0.1287	0.0666	NaN	0.0617	0.3482
134.0117	0.1287	0.0665	NaN	0.0616	0.3481
134.0220	0.1287	0.0663	NaN	0.0614	0.3482
134.0354	0.1282	0.0662	NaN	0.0613	0.3483
134.0480	0.1279	0.0660	NaN	0.0611	0.3482
134.0603	0.1279	0.0658	NaN	0.0609	0.3482
134.0703	0.1279	0.0657	NaN	0.0608	0.3483
134.0809	0.1279	0.0655	NaN	0.0607	0.3486
134.0932	0.1278	0.0654	NaN	0.0605	0.3491
134.1042	0.1274	0.0653	NaN	0.0604	0.3498
134.1149	0.1271	0.0651	NaN	0.0603	0.3502
134.1257	0.1268	0.0650	NaN	0.0601	0.3505
134.1403	0.1266	0.0648	NaN	0.0600	0.3505
134.1500	0.1266	0.0647	NaN	0.0598	0.3505
134.1615	0.1262	0.0645	NaN	0.0597	0.3506
134.1725	0.1254	0.0643	NaN	0.0595	0.3505
134.1849	0.1255	0.0641	NaN	0.0593	0.3502
134.1994	0.1255	0.0640	NaN	0.0592	0.3501
134.2098	0.1254	0.0638	NaN	0.0590	0.3499
134.2204	0.1255	0.0637	NaN	0.0588	0.3497
134.2324	0.1255	0.0635	NaN	0.0587	0.3495
134.2446	0.1256	0.0634	NaN	0.0585	0.3493
134.2550	0.1254	0.0632	NaN	0.0584	0.3490
134.2664	0.1255	0.0631	NaN	0.0583	0.3491
134.2773	0.1256	0.0629	NaN	0.0581	0.3495
134.2911	0.1257	0.0628	NaN	0.0580	0.3499
134.3021	0.1258	0.0626	NaN	0.0578	0.3506
134.3155	0.1255	0.0625	NaN	0.0577	0.3510
134.3285	0.1260	0.0624	NaN	0.0575	0.3514
134.3403	0.1259	0.0622	NaN	0.0574	0.3516
134.3535	0.1257	0.0621	NaN	0.0572	0.3516
134.3639	0.1252	0.0619	NaN	0.0571	0.3516
134.3765	0.1245	0.0618	NaN	0.0569	0.3514
134.3875	0.1253	0.0616	NaN	0.0568	0.3512
134.4002	0.1253	0.0615	NaN	0.0567	0.3509
134.4125	0.1253	0.0614	NaN	0.0566	0.3504
134.4200	0.1248	0.0613	NaN	0.0565	0.3501
134.4313	0.1250	0.0611	NaN	0.0564	0.3499
134.4439	0.1248	0.0610	NaN	0.0563	0.3500
134.4568	0.1248	0.0609	NaN	0.0561	0.3500
134.4691	0.1246	0.0609	NaN	0.0560	0.3502
134.4799	0.1247	0.0607	NaN	0.0559	0.3503
134.4926	0.1249	0.0606	NaN	0.0559	0.3504
134.5061	0.1260	0.0606	NaN	0.0557	0.3509
134.5163	0.1264	0.0605	NaN	0.0556	0.3512
134.5270	0.1270	0.0604	NaN	0.0555	0.3517
134.5385	0.1272	0.0603	NaN	0.0555	0.3520
134.5508	0.1267	0.0602	NaN	0.0554	0.3522
134.5620	0.1269	0.0602	NaN	0.0553	0.3525
134.5732	0.1272	0.0601	NaN	0.0552	0.3527
134.5832	0.1280	0.0600	NaN	0.0552	0.3527
134.5948	0.1283	0.0600	NaN	0.0551	0.3526
134.6084	0.1299	0.0600	NaN	0.0550	0.3524
134.6194	0.1314	0.0600	NaN	0.0550	0.3519
134.6292	0.1336	0.0600	NaN	0.0550	0.3516
134.6414	0.1376	0.0602	NaN	0.0549	0.3514
134.6566	0.1477	0.0605	NaN	0.0549	0.3512
134.6678	0.1669	0.0612	NaN	0.0549	0.3511
134.6784	0.1912	0.0620	NaN	0.0549	0.3512
134.6902	0.1801	0.0616	NaN	0.0548	0.3514
134.7008	0.1554	0.0607	NaN	0.0549	0.3516
134.7132	0.1434	0.0602	NaN	0.0548	0.3520
134.7228	0.1382	0.0600	NaN	0.0548	0.3524
134.7344	0.1361	0.0600	NaN	0.0548	0.3525
134.7459	0.1352	0.0599	NaN	0.0548	0.3529
134.7609	0.1349	0.0599	NaN	0.0548	0.3535
134.7702	0.1350	0.0599	NaN	0.0548	0.3537
134.7829	0.1350	0.0600	NaN	0.0548	0.3538
134.7935	0.1353	0.0600	NaN	0.0549	0.3539
134.8069	0.1356	0.0600	NaN	0.0549	0.3538
134.8165	0.1362	0.0601	NaN	0.0549	0.3537
134.8277	0.1369	0.0601	NaN	0.0549	0.3536
134.8386	0.1377	0.0602	NaN	0.0550	0.3536
134.8509	0.1387	0.0603	NaN	0.0550	0.3535
134.8633	0.1403	0.0604	NaN	0.0551	0.3534
134.8743	0.1414	0.0605	NaN	0.0551	0.3531
134.8848	0.1432	0.0606	NaN	0.0552	0.3529
134.8970	0.1457	0.0608	NaN	0.0552	0.3527
134.9090	0.1486	0.0609	NaN	0.0553	0.3527
134.9213	0.1520	0.0611	NaN	0.0554	0.3526
134.9323	0.1561	0.0613	NaN	0.0554	0.3526
134.9430	0.1630	0.0617	NaN	0.0555	0.3527
134.9560	0.1710	0.0621	NaN	0.0556	0.3529
134.9663	0.1825	0.0625	NaN	0.0557	0.3533
134.9784	0.1997	0.0633	NaN	0.0558	0.3534
134.9885	0.2211	0.0642	NaN	0.0559	0.3537
134.9995	0.2557	0.0655	NaN	0.0560	0.3541
135.0129	0.3015	0.0673	NaN	0.0562	0.3543
135.0269	0.3362	0.0687	NaN	0.0563	0.3545
135.0357	0.3026	0.0676	NaN	0.0564	0.3549
135.0478	0.2509	0.0658	NaN	0.0565	0.3548
135.0600	0.2116	0.0645	NaN	0.0566	0.3552
135.0711	0.1912	0.0638	NaN	0.0567	0.3554
135.0827	0.1791	0.0635	NaN	0.0568	0.3556
135.0937	0.1714	0.0633	NaN	0.0568	0.3557
135.1082	0.1669	0.0633	NaN	0.0570	0.3558
135.1185	0.1641	0.0632	NaN	0.0571	0.3558
135.1279	0.1624	0.0633	NaN	0.0572	0.3560
135.1387	0.1616	0.0634	NaN	0.0573	0.3559
135.1519	0.1616	0.0635	NaN	0.0574	0.3560
135.1633	0.1635	0.0637	NaN	0.0576	0.3560
135.1745	0.1669	0.0640	NaN	0.0577	0.3560
135.1867	0.1731	0.0643	NaN	0.0578	0.3558
135.1975	0.1871	0.0650	NaN	0.0580	0.3553
135.2104	0.2144	0.0661	NaN	0.0581	0.3550
135.2209	0.2539	0.0677	NaN	0.0583	0.3549
135.2335	0.2584	0.0680	NaN	0.0585	0.3549
135.2439	0.2159	0.0666	NaN	0.0586	0.3549
135.2546	0.1883	0.0658	NaN	0.0587	0.3548
135.2697	0.1738	0.0654	NaN	0.0589	0.3548
135.2817	0.1674	0.0653	NaN	0.0590	0.3548
135.2931	0.1638	0.0653	NaN	0.0591	0.3551
135.3052	0.1619	0.0654	NaN	0.0593	0.3555
135.3198	0.1611	0.0655	NaN	0.0594	0.3557
135.3286	0.1618	0.0657	NaN	0.0595	0.3559
135.3407	0.1629	0.0658	NaN	0.0597	0.3560
135.3534	0.1656	0.0661	NaN	0.0598	0.3565
135.3659	0.1709	0.0664	NaN	0.0600	0.3564
135.3754	0.1774	0.0668	NaN	0.0601	0.3563
135.3891	0.1751	0.0669	NaN	0.0603	0.3564
135.4005	0.1667	0.0667	NaN	0.0605	0.3565
135.4120	0.1614	0.0667	NaN	0.0606	0.3568
135.4254	0.1587	0.0667	NaN	0.0608	0.3574
135.4347	0.1577	0.0668	NaN	0.0609	0.3576
135.4468	0.1564	0.0669	NaN	0.0610	0.3578
135.4600	0.1556	0.0671	NaN	0.0612	0.3580
135.4702	0.1543	0.0672	NaN	0.0614	0.3580
135.4817	0.1548	0.0674	NaN	0.0615	0.3580
135.4910	0.1547	0.0675	NaN	0.0617	0.3580
135.5031	0.1551	0.0677	NaN	0.0619	0.3579
135.5165	0.1560	0.0678	NaN	0.0620	0.3579
135.5272	0.1576	0.0680	NaN	0.0621	0.3577
135.5382	0.1598	0.0682	NaN	0.0623	0.3576
135.5496	0.1640	0.0685	NaN	0.0624	0.3573
135.5625	0.1700	0.0689	NaN	0.0625	0.3571
135.5749	0.1795	0.0694	NaN	0.0627	0.3570
135.5868	0.1825	0.0696	NaN	0.0628	0.3567
135.5971	0.1745	0.0695	NaN	0.0630	0.3567
135.6073	0.1680	0.0694	NaN	0.0631	0.3567
135.6215	0.1636	0.0694	NaN	0.0632	0.3568
135.6324	0.1604	0.0694	NaN	0.0633	0.3568
135.6430	0.1585	0.0694	NaN	0.0634	0.3571
135.6543	0.1570	0.0695	NaN	0.0636	0.3575
135.6673	0.1564	0.0696	NaN	0.0637	0.3580
135.6800	0.1561	0.0697	NaN	0.0638	0.3581
135.6906	0.1556	0.0698	NaN	0.0639	0.3581
135.7015	0.1553	0.0699	NaN	0.0641	0.3585
135.7121	0.1551	0.0700	NaN	0.0642	0.3588
135.7252	0.1557	0.0701	NaN	0.0643	0.3592
135.7369	0.1556	0.0703	NaN	0.0644	0.3594
135.7486	0.1557	0.0704	NaN	0.0646	0.3595
135.7599	0.1562	0.0705	NaN	0.0647	0.3595
135.7728	0.1578	0.0707	NaN	0.0648	0.3595
135.7848	0.1601	0.0709	NaN	0.0649	0.3596
135.7960	0.1622	0.0711	NaN	0.0650	0.3597
135.8083	0.1594	0.0712	NaN	0.0652	0.3598
135.8182	0.1572	0.0712	NaN	0.0653	0.3597
135.8308	0.1555	0.0713	NaN	0.0654	0.3595
135.8430	0.1549	0.0713	NaN	0.0655	0.3598
135.8539	0.1545	0.0714	NaN	0.0656	0.3598
135.8656	0.1543	0.0715	NaN	0.0657	0.3598
135.8777	0.1549	0.0716	NaN	0.0658	0.3593
135.8880	0.1534	0.0718	NaN	0.0660	0.3593
135.8993	0.1518	0.0718	NaN	0.0662	0.3591
135.9111	0.1500	0.0719	NaN	0.0663	0.3589
135.9233	0.1508	0.0721	NaN	0.0664	0.3585
135.9321	0.1508	0.0722	NaN	0.0665	0.3583
135.9451	0.1509	0.0723	NaN	0.0666	0.3584
135.9567	0.1501	0.0724	NaN	0.0667	0.3589
135.9667	0.1504	0.0725	NaN	0.0668	0.3595
135.9817	0.1507	0.0726	NaN	0.0669	0.3603
135.9930	0.1514	0.0727	NaN	0.0670	0.3606
136.0042	0.1512	0.0728	NaN	0.0671	0.3608
136.0149	0.1517	0.0728	NaN	0.0671	0.3608
136.0281	0.1525	0.0729	NaN	0.0672	0.3608
136.0389	0.1511	0.0730	NaN	0.0673	0.3606
136.0517	0.1507	0.0731	NaN	0.0674	0.3605
136.0620	0.1505	0.0732	NaN	0.0675	0.3602
136.0744	0.1502	0.0732	NaN	0.0676	0.3602
136.0859	0.1500	0.0733	NaN	0.0677	0.3601
136.0968	0.1502	0.0734	NaN	0.0678	0.3600
136.1085	0.1509	0.0735	NaN	0.0678	0.3596
136.1216	0.1511	0.0735	NaN	0.0679	0.3598
136.1326	0.1502	0.0736	NaN	0.0680	0.3596
136.1446	0.1501	0.0737	NaN	0.0681	0.3599
136.1572	0.1500	0.0737	NaN	0.0681	0.3600
136.1669	0.1512	0.0738	NaN	0.0682	0.3599
136.1786	0.1511	0.0739	NaN	0.0683	0.3602
136.1906	0.1511	0.0740	NaN	0.0683	0.3605
136.2024	0.1517	0.0741	NaN	0.0684	0.3607
136.2123	0.1517	0.0742	NaN	0.0685	0.3611
136.2239	0.1519	0.0742	NaN	0.0685	0.3614
136.2365	0.1516	0.0743	NaN	0.0686	0.3618
136.2496	0.1517	0.0744	NaN	0.0687	0.3620
136.2606	0.1521	0.0744	NaN	0.0687	0.3621
136.2712	0.1519	0.0745	NaN	0.0688	0.3621
136.2835	0.1516	0.0745	NaN	0.0688	0.3620
136.2958	0.1511	0.0746	NaN	0.0690	0.3620
136.3070	0.1509	0.0747	NaN	0.0690	0.3618
136.3177	0.1510	0.0747	NaN	0.0690	0.3615
136.3308	0.1511	0.0748	NaN	0.0691	0.3611
136.3424	0.1510	0.0748	NaN	0.0692	0.3609
136.3540	0.1510	0.0749	NaN	0.0692	0.3607
136.3663	0.1511	0.0749	NaN	0.0693	0.3606
136.3757	0.1505	0.0750	NaN	0.0693	0.3606
136.3897	0.1505	0.0750	NaN	0.0694	0.3608
136.4006	0.1506	0.0750	NaN	0.0694	0.3611
136.4107	0.1506	0.0751	NaN	0.0694	0.3616
136.4233	0.1508	0.0751	NaN	0.0695	0.3623
136.4352	0.1511	0.0752	NaN	0.0695	0.3627
136.4466	0.1512	0.0752	NaN	0.0696	0.3629
136.4580	0.1505	0.0753	NaN	0.0696	0.3630
136.4714	0.1499	0.0753	NaN	0.0697	0.3630
136.4832	0.1497	0.0753	NaN	0.0697	0.3629
136.4957	0.1499	0.0754	NaN	0.0697	0.3631
136.5081	0.1499	0.0754	NaN	0.0698	0.3629
136.5177	0.1499	0.0755	NaN	0.0698	0.3626
136.5281	0.1498	0.0755	NaN	0.0699	0.3624
136.5418	0.1495	0.0755	NaN	0.0699	0.3622
136.5520	0.1492	0.0756	NaN	0.0699	0.3620
136.5639	0.1488	0.0756	NaN	0.0700	0.3618
136.5751	0.1487	0.0756	NaN	0.0700	0.3616
136.5893	0.1482	0.0756	NaN	0.0701	0.3616
136.6009	0.1480	0.0757	NaN	0.0701	0.3616
136.6130	0.1481	0.0757	NaN	0.0701	0.3621
136.6241	0.1479	0.0757	NaN	0.0702	0.3625
136.6359	0.1483	0.0758	NaN	0.0702	0.3629
136.6477	0.1479	0.0758	NaN	0.0702	0.3632
136.6592	0.1480	0.0758	NaN	0.0703	0.3635
136.6701	0.1480	0.0759	NaN	0.0703	0.3638
136.6822	0.1493	0.0759	NaN	0.0703	0.3639
136.6941	0.1484	0.0760	NaN	0.0704	0.3636
136.7056	0.1484	0.0760	NaN	0.0704	0.3631
136.7174	0.1485	0.0760	NaN	0.0704	0.3633
136.7289	0.1487	0.0761	NaN	0.0704	0.3631
136.7411	0.1492	0.0761	NaN	0.0704	0.3628
136.7520	0.1491	0.0761	NaN	0.0705	0.3628
136.7639	0.1487	0.0761	NaN	0.0705	0.3626
136.7745	0.1488	0.0762	NaN	0.0705	0.3625
136.7852	0.1484	0.0762	NaN	0.0706	0.3627
136.7995	0.1484	0.0762	NaN	0.0706	0.3626
136.8108	0.1480	0.0762	NaN	0.0706	0.3627
136.8220	0.1478	0.0762	NaN	0.0707	0.3629
136.8325	0.1480	0.0763	NaN	0.0707	0.3633
136.8469	0.1475	0.0763	NaN	0.0707	0.3636
136.8587	0.1471	0.0763	NaN	0.0707	0.3640
136.8686	0.1471	0.0763	NaN	0.0707	0.3644
136.8797	0.1474	0.0764	NaN	0.0707	0.3648
136.8936	0.1479	0.0764	NaN	0.0707	0.3651
136.9031	0.1480	0.0764	NaN	0.0708	0.3651
136.9163	0.1478	0.0764	NaN	0.0708	0.3651
136.9266	0.1486	0.0764	NaN	0.0708	0.3651
136.9367	0.1503	0.0765	NaN	0.0708	0.3651
136.9496	0.1495	0.0765	NaN	0.0708	0.3651
136.9617	0.1490	0.0765	NaN	0.0708	0.3651
136.9704	0.1491	0.0765	NaN	0.0708	0.3649
136.9817	0.1491	0.0765	NaN	0.0709	0.3647
136.9975	0.1489	0.0766	NaN	0.0709	0.3643
137.0071	0.1489	0.0766	NaN	0.0709	0.3642
137.0182	0.1486	0.0766	NaN	0.0710	0.3639
137.0318	0.1490	0.0766	NaN	0.0710	0.3637
137.0423	0.1494	0.0766	NaN	0.0710	0.3636
137.0548	0.1494	0.0766	NaN	0.0710	0.3637
137.0658	0.1496	0.0766	NaN	0.0710	0.3638
137.0786	0.1500	0.0767	NaN	0.0710	0.3642
137.0885	0.1502	0.0767	NaN	0.0710	0.3647
137.1014	0.1495	0.0767	NaN	0.0710	0.3651
137.1123	0.1493	0.0767	NaN	0.0710	0.3653
137.1237	0.1492	0.0767	NaN	0.0710	0.3652
137.1339	0.1491	0.0767	NaN	0.0710	0.3651
137.1476	0.1490	0.0767	NaN	0.0710	0.3651
137.1587	0.1488	0.0767	NaN	0.0711	0.3653
137.1703	0.1489	0.0767	NaN	0.0711	0.3657
137.1818	0.1493	0.0768	NaN	0.0711	0.3660
137.1927	0.1493	0.0768	NaN	0.0711	0.3661
137.2062	0.1492	0.0768	NaN	0.0711	0.3662
137.2145	0.1496	0.0768	NaN	0.0711	0.3661
137.2243	0.1492	0.0768	NaN	0.0711	0.3662
137.2335	0.1493	0.0768	NaN	0.0711	0.3662
137.2470	0.1492	0.0768	NaN	0.0712	0.3660
137.2582	0.1493	0.0768	NaN	0.0712	0.3657
137.2698	0.1497	0.0768	NaN	0.0712	0.3655
137.2802	0.1499	0.0769	NaN	0.0712	0.3652
137.2945	0.1506	0.0769	NaN	0.0712	0.3651
137.3084	0.1497	0.0769	NaN	0.0712	0.3655
137.3198	0.1497	0.0769	NaN	0.0712	0.3654
137.3299	0.1485	0.0769	NaN	0.0712	0.3649
137.3429	0.1499	0.0769	NaN	0.0712	0.3652
137.3547	0.1503	0.0769	NaN	0.0712	0.3656
137.3659	0.1498	0.0769	NaN	0.0712	0.3659
137.3773	0.1494	0.0769	NaN	0.0713	0.3662
137.3882	0.1495	0.0770	NaN	0.0713	0.3664
137.4002	0.1491	0.0770	NaN	0.0713	0.3666
137.4111	0.1495	0.0770	NaN	0.0713	0.3669
137.4216	0.1497	0.0770	NaN	0.0713	0.3672
137.4341	0.1490	0.0770	NaN	0.0713	0.3673
137.4478	0.1495	0.0770	NaN	0.0713	0.3674
137.4587	0.1487	0.0770	NaN	0.0714	0.3673
137.4694	0.1489	0.0770	NaN	0.0714	0.3670
137.4807	0.1490	0.0770	NaN	0.0714	0.3669
137.4918	0.1490	0.0770	NaN	0.0714	0.3667
137.5058	0.1489	0.0770	NaN	0.0714	0.3663
137.5174	0.1490	0.0770	NaN	0.0714	0.3662
137.5269	0.1491	0.0770	NaN	0.0714	0.3665
137.5389	0.1492	0.0771	NaN	0.0714	0.3666
137.5522	0.1492	0.0771	NaN	0.0714	0.3662
137.5631	0.1494	0.0771	NaN	0.0714	0.3660
137.5742	0.1494	0.0771	NaN	0.0714	0.3659
137.5847	0.1497	0.0771	NaN	0.0714	0.3660
137.5980	0.1498	0.0771	NaN	0.0715	0.3662
137.6106	0.1496	0.0771	NaN	0.0715	0.3667
137.6210	0.1493	0.0771	NaN	0.0715	0.3671
137.6340	0.1492	0.0772	NaN	0.0715	0.3674
137.6438	0.1491	0.0772	NaN	0.0715	0.3678
137.6559	0.1492	0.0772	NaN	0.0715	0.3681
137.6668	0.1491	0.0772	NaN	0.0715	0.3682
137.6777	0.1489	0.0772	NaN	0.0715	0.3683
137.6897	0.1489	0.0772	NaN	0.0716	0.3684
137.7026	0.1488	0.0772	NaN	0.0715	0.3682
137.7132	0.1490	0.0772	NaN	0.0716	0.3677
137.7249	0.1491	0.0772	NaN	0.0716	0.3673
137.7350	0.1493	0.0772	NaN	0.0716	0.3673
137.7466	0.1496	0.0772	NaN	0.0716	0.3672
137.7594	0.1499	0.0773	NaN	0.0716	0.3671
137.7711	0.1500	0.0773	NaN	0.0716	0.3670
137.7834	0.1503	0.0773	NaN	0.0716	0.3667
137.7939	0.1501	0.0773	NaN	0.0716	0.3666
137.8059	0.1500	0.0773	NaN	0.0716	0.3666
137.8177	0.1501	0.0773	NaN	0.0716	0.3666
137.8283	0.1500	0.0773	NaN	0.0716	0.3668
137.8417	0.1503	0.0773	NaN	0.0716	0.3669
137.8541	0.1505	0.0773	NaN	0.0716	0.3670
137.8654	0.1508	0.0774	NaN	0.0716	0.3671
137.8770	0.1509	0.0774	NaN	0.0716	0.3672
137.8877	0.1509	0.0774	NaN	0.0716	0.3675
137.9006	0.1513	0.0774	NaN	0.0716	0.3679
137.9113	0.1515	0.0774	NaN	0.0716	0.3683
137.9218	0.1515	0.0774	NaN	0.0717	0.3686
137.9350	0.1515	0.0774	NaN	0.0716	0.3685
137.9451	0.1516	0.0774	NaN	0.0717	0.3688
137.9585	0.1514	0.0774	NaN	0.0717	0.3689
137.9694	0.1510	0.0774	NaN	0.0717	0.3691
137.9805	0.1512	0.0774	NaN	0.0717	0.3692
137.9913	0.1515	0.0774	NaN	0.0717	0.3695
138.0032	0.1516	0.0774	NaN	0.0717	0.3694
138.0165	0.1517	0.0775	NaN	0.0717	0.3695
138.0261	0.1518	0.0775	NaN	0.0717	0.3697
138.0386	0.1520	0.0775	NaN	0.0717	0.3697
138.0489	0.1525	0.0775	NaN	0.0717	0.3698
138.0627	0.1528	0.0775	NaN	0.0717	0.3698
138.0738	0.1528	0.0775	NaN	0.0717	0.3694
138.0843	0.1526	0.0775	NaN	0.0717	0.3689
138.0949	0.1523	0.0775	NaN	0.0717	0.3690
138.1077	0.1522	0.0775	NaN	0.0717	0.3688
138.1192	0.1523	0.0775	NaN	0.0717	0.3688
138.1296	0.1524	0.0775	NaN	0.0717	0.3683
138.1435	0.1522	0.0775	NaN	0.0717	0.3681
138.1543	0.1525	0.0775	NaN	0.0718	0.3683
138.1670	0.1525	0.0775	NaN	0.0717	0.3681
138.1790	0.1524	0.0776	NaN	0.0718	0.3686
138.1905	0.1523	0.0775	NaN	0.0718	0.3691
138.2027	0.1527	0.0776	NaN	0.0718	0.3695
138.2155	0.1531	0.0776	NaN	0.0718	0.3699
138.2271	0.1528	0.0776	NaN	0.0718	0.3702
138.2375	0.1521	0.0776	NaN	0.0718	0.3704
138.2524	0.1521	0.0776	NaN	0.0718	0.3705
138.2629	0.1517	0.0776	NaN	0.0718	0.3706
138.2744	0.1432	0.0776	NaN	0.0721	0.3654
138.2853	0.1436	0.0770	NaN	0.0716	0.3629
138.2975	0.1440	0.0771	NaN	0.0716	0.3632
138.3080	0.1443	0.0773	NaN	0.0718	0.3640
138.3223	0.1448	0.0772	NaN	0.0717	0.3637
138.3320	0.1442	0.0773	NaN	0.0717	0.3639
138.3440	0.1436	0.0773	NaN	0.0718	0.3642
138.3557	0.1435	0.0774	NaN	0.0719	0.3645
138.3706	0.1436	0.0774	NaN	0.0720	0.3648
138.3809	0.1433	0.0775	NaN	0.0720	0.3649
138.3917	0.1432	0.0775	NaN	0.0720	0.3650
138.4037	0.1432	0.0775	NaN	0.0720	0.3652
138.4152	0.1435	0.0775	NaN	0.0721	0.3653
138.4278	0.1432	0.0775	NaN	0.0721	0.3654
138.4403	0.1422	0.0775	NaN	0.0721	0.3654
138.4508	0.1427	0.0775	NaN	0.0721	0.3655
138.4633	0.1428	0.0775	NaN	0.0721	0.3655
138.4747	0.1424	0.0776	NaN	0.0721	0.3656
138.4865	0.1435	0.0771	NaN	0.0716	0.3632
138.4971	0.1456	0.0767	NaN	0.0711	0.3611
138.5084	0.1453	0.0768	NaN	0.0713	0.3618
138.5227	0.1448	0.0769	NaN	0.0714	0.3624
138.5326	0.1443	0.0770	NaN	0.0715	0.3628
138.5439	0.1442	0.0771	NaN	0.0716	0.3630
138.5538	0.1443	0.0771	NaN	0.0716	0.3633
138.5665	0.1443	0.0772	NaN	0.0717	0.3634
138.5793	0.1444	0.0772	NaN	0.0717	0.3636
138.5895	0.1443	0.0772	NaN	0.0717	0.3637
138.6023	0.1441	0.0773	NaN	0.0718	0.3639
138.6116	0.1441	0.0773	NaN	0.0718	0.3640
138.6250	0.1445	0.0773	NaN	0.0718	0.3641
138.6364	0.1446	0.0774	NaN	0.0719	0.3643
138.6472	0.1451	0.0774	NaN	0.0719	0.3644
138.6567	0.1459	0.0774	NaN	0.0719	0.3645
138.6695	0.1461	0.0775	NaN	0.0719	0.3646
138.6805	0.1456	0.0774	NaN	0.0719	0.3646
138.6928	0.1470	0.0769	NaN	0.0713	0.3622
138.7036	0.1483	0.0766	NaN	0.0710	0.3608
138.7147	0.1479	0.0768	NaN	0.0712	0.3617
138.7286	0.1480	0.0769	NaN	0.0713	0.3621
138.7410	0.1480	0.0770	NaN	0.0714	0.3624
138.7502	0.1480	0.0770	NaN	0.0714	0.3625
138.7642	0.1480	0.0770	NaN	0.0714	0.3627
138.7748	0.1480	0.0771	NaN	0.0714	0.3628
138.7857	0.1480	0.0771	NaN	0.0714	0.3627
138.7979	0.1491	0.0765	NaN	0.0708	0.3604
138.8093	0.1491	0.0765	NaN	0.0709	0.3603
138.8206	0.1492	0.0767	NaN	0.0710	0.3608
138.8320	0.1497	0.0767	NaN	0.0710	0.3611
138.8438	0.1497	0.0768	NaN	0.0711	0.3613
138.8533	0.1502	0.0768	NaN	0.0711	0.3613
138.8649	0.1505	0.0766	NaN	0.0709	0.3605
138.8797	0.1510	0.0764	NaN	0.0706	0.3596
138.8918	0.1511	0.0765	NaN	0.0708	0.3600
138.9036	0.1512	0.0765	NaN	0.0708	0.3602
138.9142	0.1514	0.0765	NaN	0.0708	0.3602
138.9271	0.1519	0.0765	NaN	0.0707	0.3598
138.9390	0.1526	0.0763	NaN	0.0706	0.3595
138.9509	0.1527	0.0764	NaN	0.0706	0.3596
138.9601	0.1525	0.0764	NaN	0.0706	0.3596
138.9725	0.1524	0.0764	NaN	0.0706	0.3596
138.9839	0.1530	0.0764	NaN	0.0706	0.3596
