# 21092021_15_18_31_group11_Mes10_Temp56_allPeak.dat
# Measuring of the Zeemann splitting 
# modus: scanning laser current/frequency via I/P MOD
# 
x(A/Hz/V/nm) yai0(V) yai1(V) yai2(V) yai3(V) yai4(V)
112.8832	0.1181	0.0495	NaN	0.0450	0.2410
112.8968	0.1166	0.0495	NaN	0.0451	0.2398
112.9106	0.1162	0.0494	NaN	0.0450	0.2392
112.9248	0.1154	0.0493	NaN	0.0449	0.2384
112.9406	0.1159	0.0493	NaN	0.0449	0.2381
112.9533	0.1151	0.0492	NaN	0.0448	0.2379
112.9678	0.1143	0.0492	NaN	0.0448	0.2379
112.9823	0.1143	0.0491	NaN	0.0448	0.2371
112.9971	0.1145	0.0491	NaN	0.0448	0.2374
113.0113	0.1141	0.0491	NaN	0.0447	0.2371
113.0259	0.1134	0.0490	NaN	0.0447	0.2372
113.0408	0.1126	0.0490	NaN	0.0447	0.2365
113.0567	0.1121	0.0490	NaN	0.0448	0.2377
113.0712	0.1121	0.0490	NaN	0.0448	0.2368
113.0872	0.1124	0.0491	NaN	0.0448	0.2362
113.1015	0.1123	0.0491	NaN	0.0448	0.2371
113.1172	0.1121	0.0491	NaN	0.0448	0.2375
113.1313	0.1120	0.0491	NaN	0.0448	0.2370
113.1448	0.1119	0.0491	NaN	0.0448	0.2364
113.1587	0.1085	0.0504	NaN	0.0463	0.2438
113.1747	0.1046	0.0522	NaN	0.0484	0.2538
113.1891	0.1055	0.0523	NaN	0.0484	0.2540
113.2042	0.1062	0.0523	NaN	0.0484	0.2543
113.2168	0.1057	0.0523	NaN	0.0484	0.2540
113.2318	0.1059	0.0522	NaN	0.0484	0.2546
113.2460	0.1066	0.0523	NaN	0.0484	0.2541
113.2602	0.1069	0.0523	NaN	0.0484	0.2552
113.2753	0.1068	0.0523	NaN	0.0484	0.2544
113.2890	0.1067	0.0524	NaN	0.0485	0.2542
113.3033	0.1071	0.0524	NaN	0.0484	0.2551
113.3186	0.1076	0.0524	NaN	0.0484	0.2555
113.3334	0.1077	0.0524	NaN	0.0484	0.2553
113.3491	0.1076	0.0524	NaN	0.0485	0.2549
113.3599	0.1077	0.0524	NaN	0.0485	0.2545
113.3768	0.1078	0.0524	NaN	0.0485	0.2544
113.3896	0.1071	0.0524	NaN	0.0485	0.2545
113.4056	0.1076	0.0525	NaN	0.0485	0.2547
113.4189	0.1075	0.0525	NaN	0.0485	0.2550
113.4331	0.1076	0.0525	NaN	0.0485	0.2551
113.4497	0.1076	0.0525	NaN	0.0486	0.2552
113.4649	0.1069	0.0525	NaN	0.0486	0.2552
113.4779	0.1068	0.0525	NaN	0.0486	0.2552
113.4926	0.1072	0.0525	NaN	0.0486	0.2552
113.5069	0.1073	0.0525	NaN	0.0486	0.2551
113.5222	0.1074	0.0526	NaN	0.0487	0.2551
113.5376	0.1075	0.0526	NaN	0.0487	0.2551
113.5512	0.1073	0.0526	NaN	0.0487	0.2552
113.5678	0.1074	0.0526	NaN	0.0487	0.2553
113.5802	0.1074	0.0526	NaN	0.0487	0.2555
113.5932	0.1073	0.0527	NaN	0.0487	0.2558
113.6083	0.1068	0.0527	NaN	0.0488	0.2561
113.6260	0.1068	0.0527	NaN	0.0488	0.2565
113.6386	0.1068	0.0527	NaN	0.0488	0.2568
113.6516	0.1070	0.0527	NaN	0.0488	0.2570
113.6639	0.1073	0.0527	NaN	0.0488	0.2572
113.6809	0.1073	0.0528	NaN	0.0488	0.2573
113.6971	0.1074	0.0528	NaN	0.0489	0.2573
113.7099	0.1075	0.0528	NaN	0.0489	0.2573
113.7239	0.1077	0.0528	NaN	0.0489	0.2572
113.7385	0.1076	0.0528	NaN	0.0489	0.2569
113.7545	0.1076	0.0528	NaN	0.0489	0.2567
113.7677	0.1075	0.0529	NaN	0.0489	0.2565
113.7836	0.1077	0.0529	NaN	0.0490	0.2564
113.7977	0.1078	0.0529	NaN	0.0490	0.2564
113.8111	0.1081	0.0529	NaN	0.0490	0.2564
113.8271	0.1082	0.0529	NaN	0.0490	0.2566
113.8425	0.1084	0.0529	NaN	0.0490	0.2569
113.8572	0.1080	0.0529	NaN	0.0490	0.2572
113.8717	0.1078	0.0530	NaN	0.0490	0.2577
113.8864	0.1071	0.0530	NaN	0.0491	0.2581
113.8990	0.1069	0.0530	NaN	0.0491	0.2579
113.9148	0.1070	0.0530	NaN	0.0491	0.2582
113.9304	0.1071	0.0530	NaN	0.0491	0.2581
113.9420	0.1073	0.0530	NaN	0.0491	0.2579
113.9571	0.1074	0.0530	NaN	0.0491	0.2576
113.9725	0.1076	0.0530	NaN	0.0491	0.2574
113.9859	0.1076	0.0530	NaN	0.0491	0.2572
114.0002	0.1072	0.0530	NaN	0.0491	0.2572
114.0139	0.1071	0.0531	NaN	0.0491	0.2573
114.0309	0.1074	0.0531	NaN	0.0491	0.2575
114.0451	0.1071	0.0531	NaN	0.0492	0.2578
114.0601	0.1068	0.0531	NaN	0.0492	0.2582
114.0751	0.1065	0.0531	NaN	0.0492	0.2586
114.0878	0.1068	0.0531	NaN	0.0492	0.2589
114.1040	0.1070	0.0532	NaN	0.0492	0.2590
114.1177	0.1070	0.0532	NaN	0.0493	0.2590
114.1317	0.1070	0.0532	NaN	0.0493	0.2588
114.1462	0.1071	0.0532	NaN	0.0493	0.2587
114.1610	0.1071	0.0532	NaN	0.0493	0.2585
114.1753	0.1073	0.0533	NaN	0.0493	0.2583
114.1893	0.1073	0.0533	NaN	0.0494	0.2581
114.2061	0.1073	0.0533	NaN	0.0494	0.2580
114.2182	0.1073	0.0533	NaN	0.0494	0.2582
114.2322	0.1072	0.0533	NaN	0.0494	0.2585
114.2492	0.1073	0.0533	NaN	0.0494	0.2588
114.2630	0.1074	0.0533	NaN	0.0494	0.2592
114.2754	0.1074	0.0534	NaN	0.0494	0.2595
114.2905	0.1075	0.0534	NaN	0.0494	0.2598
114.3045	0.1075	0.0534	NaN	0.0494	0.2599
114.3196	0.1073	0.0534	NaN	0.0495	0.2599
114.3326	0.1073	0.0534	NaN	0.0495	0.2596
114.3479	0.1077	0.0535	NaN	0.0495	0.2591
114.3632	0.1077	0.0535	NaN	0.0495	0.2587
114.3772	0.1077	0.0535	NaN	0.0495	0.2587
114.3919	0.1079	0.0535	NaN	0.0495	0.2589
114.4054	0.1080	0.0535	NaN	0.0496	0.2592
114.4211	0.1081	0.0535	NaN	0.0496	0.2596
114.4370	0.1081	0.0536	NaN	0.0496	0.2600
114.4493	0.1081	0.0536	NaN	0.0496	0.2604
114.4653	0.1080	0.0536	NaN	0.0496	0.2605
114.4811	0.1078	0.0536	NaN	0.0496	0.2605
114.4963	0.1077	0.0536	NaN	0.0497	0.2603
114.5084	0.1075	0.0536	NaN	0.0497	0.2598
114.5238	0.1075	0.0536	NaN	0.0496	0.2595
114.5373	0.1075	0.0536	NaN	0.0497	0.2594
114.5525	0.1075	0.0536	NaN	0.0497	0.2596
114.5665	0.1073	0.0536	NaN	0.0497	0.2596
114.5809	0.1071	0.0536	NaN	0.0497	0.2599
114.5956	0.1068	0.0537	NaN	0.0497	0.2604
114.6103	0.1065	0.0536	NaN	0.0497	0.2608
114.6243	0.1062	0.0537	NaN	0.0497	0.2610
114.6379	0.1059	0.0537	NaN	0.0498	0.2611
114.6529	0.1056	0.0537	NaN	0.0498	0.2613
114.6672	0.1054	0.0537	NaN	0.0498	0.2613
114.6811	0.1051	0.0537	NaN	0.0498	0.2612
114.6961	0.1051	0.0537	NaN	0.0498	0.2610
114.7106	0.1056	0.0537	NaN	0.0498	0.2607
114.7267	0.1056	0.0538	NaN	0.0498	0.2604
114.7387	0.1056	0.0538	NaN	0.0499	0.2603
114.7542	0.1058	0.0538	NaN	0.0499	0.2602
114.7696	0.1061	0.0538	NaN	0.0499	0.2603
114.7850	0.1064	0.0538	NaN	0.0499	0.2607
114.7991	0.1064	0.0538	NaN	0.0499	0.2611
114.8141	0.1066	0.0539	NaN	0.0499	0.2616
114.8292	0.1069	0.0539	NaN	0.0499	0.2619
114.8452	0.1070	0.0539	NaN	0.0499	0.2621
114.8584	0.1074	0.0539	NaN	0.0499	0.2621
114.8736	0.1073	0.0539	NaN	0.0499	0.2619
114.8870	0.1071	0.0540	NaN	0.0500	0.2617
114.9032	0.1070	0.0540	NaN	0.0500	0.2613
114.9161	0.1071	0.0540	NaN	0.0500	0.2610
114.9312	0.1075	0.0540	NaN	0.0500	0.2609
114.9459	0.1076	0.0540	NaN	0.0500	0.2609
114.9601	0.1077	0.0540	NaN	0.0500	0.2611
114.9739	0.1080	0.0541	NaN	0.0500	0.2615
114.9904	0.1074	0.0540	NaN	0.0500	0.2620
115.0060	0.1078	0.0540	NaN	0.0500	0.2624
115.0214	0.1076	0.0541	NaN	0.0500	0.2627
115.0349	0.1062	0.0541	NaN	0.0501	0.2628
115.0485	0.1057	0.0541	NaN	0.0501	0.2627
115.0639	0.1056	0.0541	NaN	0.0501	0.2626
115.0794	0.1055	0.0541	NaN	0.0501	0.2623
115.0923	0.1056	0.0541	NaN	0.0501	0.2620
115.1071	0.1055	0.0541	NaN	0.0501	0.2617
115.1224	0.1059	0.0541	NaN	0.0501	0.2615
115.1367	0.1057	0.0541	NaN	0.0501	0.2616
115.1510	0.1058	0.0541	NaN	0.0502	0.2619
115.1649	0.1050	0.0541	NaN	0.0502	0.2624
115.1802	0.1044	0.0542	NaN	0.0502	0.2628
115.1947	0.1054	0.0542	NaN	0.0502	0.2632
115.2075	0.1062	0.0542	NaN	0.0502	0.2635
115.2225	0.1060	0.0542	NaN	0.0502	0.2635
115.2370	0.1069	0.0542	NaN	0.0502	0.2634
115.2529	0.1071	0.0543	NaN	0.0502	0.2632
115.2655	0.1067	0.0543	NaN	0.0502	0.2628
115.2798	0.1067	0.0543	NaN	0.0502	0.2624
115.2935	0.1071	0.0543	NaN	0.0502	0.2622
115.3096	0.1071	0.0543	NaN	0.0502	0.2622
115.3231	0.1075	0.0543	NaN	0.0503	0.2623
115.3372	0.1072	0.0543	NaN	0.0503	0.2626
115.3518	0.1073	0.0544	NaN	0.0503	0.2630
115.3674	0.1078	0.0544	NaN	0.0503	0.2635
115.3791	0.1078	0.0544	NaN	0.0503	0.2638
115.3944	0.1080	0.0544	NaN	0.0503	0.2641
115.4094	0.1082	0.0544	NaN	0.0503	0.2642
115.4231	0.1092	0.0545	NaN	0.0503	0.2642
115.4388	0.1089	0.0545	NaN	0.0504	0.2640
115.4531	0.1091	0.0545	NaN	0.0504	0.2637
115.4694	0.1087	0.0545	NaN	0.0504	0.2633
115.4816	0.1094	0.0545	NaN	0.0504	0.2632
115.4961	0.1090	0.0545	NaN	0.0504	0.2630
115.5121	0.1081	0.0545	NaN	0.0504	0.2630
115.5257	0.1082	0.0545	NaN	0.0504	0.2633
115.5393	0.1093	0.0545	NaN	0.0504	0.2637
115.5535	0.1092	0.0546	NaN	0.0504	0.2642
115.5680	0.1096	0.0546	NaN	0.0504	0.2647
115.5840	0.1102	0.0546	NaN	0.0504	0.2649
115.5967	0.1094	0.0546	NaN	0.0505	0.2649
115.6122	0.1096	0.0547	NaN	0.0505	0.2647
115.6268	0.1099	0.0547	NaN	0.0505	0.2645
115.6422	0.1100	0.0547	NaN	0.0505	0.2642
115.6558	0.1100	0.0547	NaN	0.0505	0.2640
115.6695	0.1099	0.0547	NaN	0.0505	0.2638
115.6842	0.1100	0.0547	NaN	0.0506	0.2637
115.7000	0.1097	0.0547	NaN	0.0506	0.2637
115.7124	0.1089	0.0547	NaN	0.0506	0.2639
115.7289	0.1081	0.0547	NaN	0.0506	0.2644
115.7441	0.1089	0.0547	NaN	0.0506	0.2649
115.7579	0.1092	0.0547	NaN	0.0506	0.2653
115.7733	0.1095	0.0548	NaN	0.0506	0.2655
115.7904	0.1099	0.0548	NaN	0.0506	0.2657
115.8074	0.1099	0.0548	NaN	0.0506	0.2656
115.8200	0.1098	0.0548	NaN	0.0506	0.2652
115.8340	0.1176	0.0524	NaN	0.0481	0.2529
115.8502	0.1205	0.0521	NaN	0.0477	0.2513
115.8638	0.1207	0.0522	NaN	0.0478	0.2523
115.8779	0.1213	0.0523	NaN	0.0478	0.2515
115.8915	0.1215	0.0523	NaN	0.0479	0.2531
115.9065	0.1208	0.0523	NaN	0.0479	0.2526
115.9216	0.1218	0.0524	NaN	0.0480	0.2522
115.9356	0.1227	0.0524	NaN	0.0480	0.2536
115.9494	0.1221	0.0525	NaN	0.0480	0.2539
115.9631	0.1227	0.0525	NaN	0.0480	0.2534
115.9761	0.1220	0.0525	NaN	0.0481	0.2528
115.9917	0.1217	0.0526	NaN	0.0481	0.2530
116.0042	0.1211	0.0526	NaN	0.0482	0.2541
116.0206	0.1218	0.0526	NaN	0.0481	0.2547
116.0353	0.1220	0.0526	NaN	0.0482	0.2547
116.0498	0.1225	0.0526	NaN	0.0482	0.2543
116.0626	0.1224	0.0526	NaN	0.0482	0.2537
116.0771	0.1234	0.0527	NaN	0.0482	0.2535
116.0931	0.1234	0.0527	NaN	0.0482	0.2539
116.1087	0.1231	0.0527	NaN	0.0482	0.2545
116.1207	0.1226	0.0527	NaN	0.0483	0.2550
116.1364	0.1228	0.0528	NaN	0.0483	0.2555
116.1513	0.1230	0.0528	NaN	0.0483	0.2557
116.1676	0.1228	0.0528	NaN	0.0483	0.2556
116.1804	0.1233	0.0528	NaN	0.0484	0.2554
116.1946	0.1237	0.0529	NaN	0.0484	0.2551
116.2100	0.1241	0.0529	NaN	0.0484	0.2549
116.2251	0.1241	0.0529	NaN	0.0484	0.2547
116.2402	0.1242	0.0530	NaN	0.0485	0.2547
116.2527	0.1238	0.0530	NaN	0.0485	0.2548
116.2659	0.1243	0.0530	NaN	0.0485	0.2549
116.2821	0.1248	0.0531	NaN	0.0485	0.2552
116.2954	0.1248	0.0530	NaN	0.0485	0.2555
116.3092	0.1254	0.0531	NaN	0.0485	0.2559
116.3245	0.1257	0.0531	NaN	0.0485	0.2564
116.3395	0.1256	0.0531	NaN	0.0485	0.2568
116.3535	0.1256	0.0531	NaN	0.0486	0.2570
116.3678	0.1258	0.0532	NaN	0.0486	0.2572
116.3816	0.1258	0.0531	NaN	0.0486	0.2573
116.3984	0.1255	0.0532	NaN	0.0486	0.2573
116.4107	0.1256	0.0532	NaN	0.0486	0.2572
116.4248	0.1256	0.0532	NaN	0.0487	0.2571
116.4396	0.1255	0.0532	NaN	0.0487	0.2569
116.4533	0.1255	0.0533	NaN	0.0487	0.2568
116.4673	0.1255	0.0533	NaN	0.0487	0.2566
116.4838	0.1255	0.0533	NaN	0.0487	0.2564
116.4970	0.1256	0.0533	NaN	0.0488	0.2564
116.5123	0.1259	0.0534	NaN	0.0488	0.2566
116.5248	0.1259	0.0534	NaN	0.0488	0.2569
116.5404	0.1257	0.0534	NaN	0.0488	0.2572
116.5557	0.1256	0.0534	NaN	0.0488	0.2576
116.5700	0.1254	0.0534	NaN	0.0488	0.2581
116.5837	0.1252	0.0534	NaN	0.0489	0.2585
116.5986	0.1249	0.0534	NaN	0.0489	0.2587
116.6125	0.1250	0.0535	NaN	0.0489	0.2589
116.6268	0.1250	0.0535	NaN	0.0489	0.2589
116.6391	0.1251	0.0535	NaN	0.0490	0.2589
116.6519	0.1256	0.0535	NaN	0.0490	0.2587
116.6659	0.1255	0.0535	NaN	0.0490	0.2586
116.6780	0.1254	0.0535	NaN	0.0490	0.2584
116.6867	0.1259	0.0536	NaN	0.0490	0.2583
116.6984	0.1259	0.0536	NaN	0.0490	0.2581
116.7135	0.1255	0.0536	NaN	0.0490	0.2581
116.7262	0.1252	0.0536	NaN	0.0491	0.2580
116.7406	0.1251	0.0536	NaN	0.0491	0.2581
116.7582	0.1249	0.0536	NaN	0.0491	0.2582
116.7726	0.1251	0.0536	NaN	0.0491	0.2583
116.7851	0.1251	0.0537	NaN	0.0491	0.2586
116.8001	0.1254	0.0537	NaN	0.0491	0.2589
116.8142	0.1256	0.0537	NaN	0.0491	0.2593
116.8296	0.1258	0.0537	NaN	0.0491	0.2597
116.8417	0.1258	0.0538	NaN	0.0492	0.2599
116.8579	0.1260	0.0538	NaN	0.0492	0.2602
116.8726	0.1268	0.0538	NaN	0.0492	0.2605
116.8879	0.1267	0.0538	NaN	0.0492	0.2608
116.8998	0.1265	0.0538	NaN	0.0493	0.2609
116.9139	0.1265	0.0538	NaN	0.0493	0.2610
116.9305	0.1267	0.0539	NaN	0.0493	0.2609
116.9453	0.1268	0.0539	NaN	0.0493	0.2608
116.9576	0.1269	0.0539	NaN	0.0493	0.2606
116.9728	0.1272	0.0540	NaN	0.0493	0.2604
116.9879	0.1274	0.0540	NaN	0.0493	0.2602
117.0034	0.1277	0.0540	NaN	0.0493	0.2601
117.0159	0.1280	0.0540	NaN	0.0494	0.2602
117.0320	0.1280	0.0540	NaN	0.0494	0.2604
117.0455	0.1281	0.0541	NaN	0.0494	0.2605
117.0601	0.1283	0.0541	NaN	0.0494	0.2605
117.0731	0.1283	0.0541	NaN	0.0494	0.2605
117.0897	0.1283	0.0541	NaN	0.0494	0.2605
117.1026	0.1285	0.0541	NaN	0.0495	0.2606
117.1191	0.1289	0.0542	NaN	0.0494	0.2608
117.1329	0.1290	0.0542	NaN	0.0495	0.2609
117.1473	0.1289	0.0542	NaN	0.0495	0.2612
117.1636	0.1290	0.0542	NaN	0.0495	0.2616
117.1791	0.1292	0.0542	NaN	0.0495	0.2620
117.1892	0.1294	0.0542	NaN	0.0495	0.2621
117.2059	0.1295	0.0543	NaN	0.0495	0.2625
117.2232	0.1296	0.0542	NaN	0.0495	0.2629
117.2375	0.1296	0.0542	NaN	0.0495	0.2632
117.2515	0.1297	0.0543	NaN	0.0495	0.2634
117.2682	0.1299	0.0543	NaN	0.0495	0.2635
117.2817	0.1298	0.0543	NaN	0.0495	0.2635
117.2957	0.1297	0.0543	NaN	0.0495	0.2636
117.3084	0.1296	0.0543	NaN	0.0495	0.2635
117.3227	0.1299	0.0543	NaN	0.0495	0.2632
117.3377	0.1301	0.0543	NaN	0.0496	0.2629
117.3536	0.1300	0.0543	NaN	0.0496	0.2626
117.3651	0.1299	0.0543	NaN	0.0496	0.2624
117.3813	0.1301	0.0543	NaN	0.0495	0.2624
117.3966	0.1305	0.0543	NaN	0.0495	0.2626
117.4110	0.1308	0.0543	NaN	0.0495	0.2629
117.4247	0.1308	0.0543	NaN	0.0495	0.2635
117.4399	0.1307	0.0543	NaN	0.0495	0.2639
117.4551	0.1306	0.0543	NaN	0.0495	0.2643
117.4694	0.1304	0.0543	NaN	0.0495	0.2647
117.4825	0.1302	0.0543	NaN	0.0495	0.2649
117.4964	0.1301	0.0543	NaN	0.0495	0.2649
117.5122	0.1307	0.0542	NaN	0.0495	0.2646
117.5292	0.1312	0.0542	NaN	0.0495	0.2643
117.5384	0.1310	0.0542	NaN	0.0495	0.2641
117.5545	0.1299	0.0542	NaN	0.0494	0.2639
117.5688	0.1299	0.0542	NaN	0.0494	0.2638
117.5850	0.1306	0.0541	NaN	0.0494	0.2638
117.5984	0.1319	0.0541	NaN	0.0493	0.2639
117.6135	0.1323	0.0541	NaN	0.0493	0.2642
117.6296	0.1329	0.0541	NaN	0.0493	0.2646
117.6428	0.1334	0.0541	NaN	0.0492	0.2650
117.6571	0.1331	0.0541	NaN	0.0492	0.2655
117.6728	0.1334	0.0540	NaN	0.0492	0.2659
117.6870	0.1339	0.0540	NaN	0.0491	0.2663
117.7019	0.1344	0.0540	NaN	0.0491	0.2665
117.7156	0.1348	0.0539	NaN	0.0490	0.2665
117.7300	0.1349	0.0539	NaN	0.0490	0.2664
117.7456	0.1349	0.0538	NaN	0.0489	0.2663
117.7607	0.1348	0.0538	NaN	0.0489	0.2660
117.7721	0.1350	0.0537	NaN	0.0488	0.2658
117.7855	0.1354	0.0537	NaN	0.0488	0.2655
117.8021	0.1359	0.0536	NaN	0.0487	0.2654
117.8172	0.1362	0.0535	NaN	0.0486	0.2654
117.8306	0.1365	0.0535	NaN	0.0485	0.2655
117.8448	0.1369	0.0534	NaN	0.0485	0.2658
117.8585	0.1371	0.0534	NaN	0.0484	0.2661
117.8750	0.1374	0.0533	NaN	0.0483	0.2664
117.8867	0.1375	0.0532	NaN	0.0483	0.2668
117.9034	0.1377	0.0532	NaN	0.0482	0.2673
117.9174	0.1384	0.0531	NaN	0.0481	0.2677
117.9314	0.1392	0.0530	NaN	0.0479	0.2679
117.9445	0.1396	0.0529	NaN	0.0478	0.2679
117.9630	0.1400	0.0528	NaN	0.0477	0.2679
117.9749	0.1407	0.0526	NaN	0.0475	0.2678
117.9895	0.1414	0.0525	NaN	0.0474	0.2675
118.0036	0.1421	0.0523	NaN	0.0472	0.2673
118.0166	0.1426	0.0522	NaN	0.0471	0.2672
118.0334	0.1432	0.0521	NaN	0.0469	0.2670
118.0462	0.1438	0.0520	NaN	0.0468	0.2670
118.0605	0.1441	0.0519	NaN	0.0467	0.2671
118.0761	0.1446	0.0517	NaN	0.0465	0.2674
118.0897	0.1450	0.0515	NaN	0.0463	0.2678
118.1031	0.1455	0.0513	NaN	0.0461	0.2683
118.1169	0.1460	0.0512	NaN	0.0459	0.2687
118.1315	0.1463	0.0510	NaN	0.0457	0.2691
118.1482	0.1468	0.0508	NaN	0.0455	0.2692
118.1619	0.1472	0.0506	NaN	0.0453	0.2694
118.1768	0.1476	0.0504	NaN	0.0451	0.2692
118.1930	0.1484	0.0503	NaN	0.0448	0.2693
118.2080	0.1494	0.0501	NaN	0.0446	0.2692
118.2199	0.1499	0.0500	NaN	0.0444	0.2691
118.2368	0.1500	0.0498	NaN	0.0443	0.2689
118.2526	0.1504	0.0496	NaN	0.0440	0.2688
118.2665	0.1511	0.0494	NaN	0.0437	0.2686
118.2797	0.1514	0.0492	NaN	0.0435	0.2685
118.2950	0.1518	0.0490	NaN	0.0433	0.2686
118.3105	0.1522	0.0487	NaN	0.0430	0.2688
118.3233	0.1525	0.0484	NaN	0.0427	0.2691
118.3368	0.1531	0.0482	NaN	0.0424	0.2695
118.3518	0.1539	0.0479	NaN	0.0421	0.2700
118.3674	0.1543	0.0477	NaN	0.0419	0.2704
118.3812	0.1546	0.0475	NaN	0.0417	0.2707
118.3945	0.1550	0.0473	NaN	0.0415	0.2709
118.4086	0.1552	0.0471	NaN	0.0412	0.2711
118.4237	0.1561	0.0468	NaN	0.0409	0.2712
118.4391	0.1566	0.0465	NaN	0.0406	0.2712
118.4523	0.1573	0.0463	NaN	0.0404	0.2711
118.4676	0.1576	0.0460	NaN	0.0401	0.2708
118.4815	0.1582	0.0458	NaN	0.0398	0.2705
118.4979	0.1586	0.0455	NaN	0.0396	0.2703
118.5099	0.1591	0.0453	NaN	0.0393	0.2702
118.5254	0.1594	0.0450	NaN	0.0390	0.2702
118.5394	0.1590	0.0447	NaN	0.0387	0.2703
118.5547	0.1598	0.0444	NaN	0.0384	0.2706
118.5689	0.1605	0.0442	NaN	0.0382	0.2710
118.5847	0.1611	0.0440	NaN	0.0379	0.2714
118.5994	0.1612	0.0437	NaN	0.0377	0.2718
118.6161	0.1615	0.0434	NaN	0.0374	0.2723
118.6258	0.1622	0.0432	NaN	0.0372	0.2725
118.6426	0.1627	0.0430	NaN	0.0369	0.2727
118.6591	0.1628	0.0427	NaN	0.0366	0.2727
118.6750	0.1634	0.0424	NaN	0.0363	0.2726
118.6870	0.1645	0.0422	NaN	0.0361	0.2723
118.7024	0.1659	0.0420	NaN	0.0358	0.2721
118.7165	0.1672	0.0418	NaN	0.0356	0.2720
118.7315	0.1689	0.0416	NaN	0.0353	0.2718
118.7439	0.1707	0.0415	NaN	0.0351	0.2718
118.7581	0.1732	0.0414	NaN	0.0350	0.2717
118.7717	0.1767	0.0413	NaN	0.0348	0.2719
118.7867	0.1818	0.0413	NaN	0.0346	0.2721
118.8011	0.1908	0.0414	NaN	0.0344	0.2724
118.8162	0.2041	0.0417	NaN	0.0342	0.2728
118.8318	0.2236	0.0422	NaN	0.0340	0.2733
118.8461	0.2471	0.0429	NaN	0.0338	0.2738
118.8577	0.2378	0.0425	NaN	0.0337	0.2740
118.8726	0.2142	0.0414	NaN	0.0335	0.2742
118.8864	0.1984	0.0407	NaN	0.0333	0.2741
118.9024	0.1895	0.0402	NaN	0.0331	0.2742
118.9177	0.1869	0.0399	NaN	0.0330	0.2740
118.9296	0.1872	0.0398	NaN	0.0329	0.2739
118.9458	0.1900	0.0398	NaN	0.0327	0.2736
118.9600	0.1954	0.0398	NaN	0.0326	0.2735
118.9740	0.2037	0.0400	NaN	0.0325	0.2734
118.9923	0.2221	0.0406	NaN	0.0324	0.2733
119.0062	0.2573	0.0418	NaN	0.0324	0.2733
119.0204	0.3164	0.0439	NaN	0.0323	0.2734
119.0345	0.3403	0.0447	NaN	0.0323	0.2737
119.0507	0.2922	0.0429	NaN	0.0323	0.2740
119.0645	0.2515	0.0414	NaN	0.0322	0.2745
119.0792	0.2338	0.0407	NaN	0.0321	0.2749
119.0940	0.2350	0.0407	NaN	0.0320	0.2752
119.1093	0.2507	0.0412	NaN	0.0320	0.2755
119.1227	0.2607	0.0416	NaN	0.0320	0.2757
119.1363	0.2368	0.0407	NaN	0.0320	0.2758
119.1514	0.2153	0.0400	NaN	0.0320	0.2759
119.1666	0.2017	0.0395	NaN	0.0320	0.2757
119.1811	0.1990	0.0394	NaN	0.0321	0.2755
119.1953	0.2064	0.0397	NaN	0.0321	0.2752
119.2077	0.2242	0.0404	NaN	0.0322	0.2751
119.2232	0.2284	0.0407	NaN	0.0323	0.2749
119.2379	0.2081	0.0400	NaN	0.0323	0.2749
119.2502	0.2006	0.0398	NaN	0.0324	0.2749
119.2676	0.2008	0.0399	NaN	0.0325	0.2750
119.2809	0.2121	0.0404	NaN	0.0326	0.2753
119.2952	0.2377	0.0414	NaN	0.0327	0.2756
119.3097	0.2246	0.0411	NaN	0.0328	0.2761
119.3243	0.1909	0.0400	NaN	0.0329	0.2766
119.3397	0.1708	0.0394	NaN	0.0331	0.2771
119.3542	0.1605	0.0392	NaN	0.0332	0.2774
119.3674	0.1526	0.0391	NaN	0.0334	0.2775
119.3828	0.1452	0.0390	NaN	0.0336	0.2775
119.3972	0.1521	0.0394	NaN	0.0338	0.2773
119.4114	0.1556	0.0398	NaN	0.0340	0.2772
119.4252	0.1557	0.0400	NaN	0.0341	0.2770
119.4409	0.1550	0.0402	NaN	0.0344	0.2766
119.4559	0.1541	0.0404	NaN	0.0346	0.2765
119.4690	0.1533	0.0406	NaN	0.0349	0.2764
119.4827	0.1525	0.0408	NaN	0.0352	0.2765
119.4965	0.1523	0.0411	NaN	0.0354	0.2766
119.5132	0.1519	0.0413	NaN	0.0357	0.2769
119.5261	0.1515	0.0416	NaN	0.0359	0.2774
119.5402	0.1512	0.0419	NaN	0.0362	0.2778
119.5534	0.1511	0.0421	NaN	0.0365	0.2782
119.5702	0.1511	0.0424	NaN	0.0368	0.2785
119.5847	0.1508	0.0427	NaN	0.0371	0.2787
119.5985	0.1505	0.0430	NaN	0.0373	0.2787
119.6140	0.1504	0.0432	NaN	0.0376	0.2788
119.6272	0.1504	0.0435	NaN	0.0378	0.2787
119.6449	0.1503	0.0437	NaN	0.0381	0.2786
119.6569	0.1501	0.0440	NaN	0.0383	0.2785
119.6709	0.1501	0.0443	NaN	0.0387	0.2782
119.6861	0.1502	0.0446	NaN	0.0389	0.2780
119.7033	0.1496	0.0449	NaN	0.0393	0.2779
119.7141	0.1491	0.0452	NaN	0.0396	0.2779
119.7297	0.1493	0.0455	NaN	0.0399	0.2779
119.7457	0.1488	0.0458	NaN	0.0402	0.2781
119.7610	0.1488	0.0461	NaN	0.0406	0.2786
119.7737	0.1491	0.0465	NaN	0.0409	0.2790
119.7879	0.1486	0.0468	NaN	0.0412	0.2794
119.8033	0.1484	0.0472	NaN	0.0416	0.2798
119.8193	0.1479	0.0475	NaN	0.0419	0.2801
119.8303	0.1474	0.0478	NaN	0.0422	0.2802
119.8467	0.1471	0.0481	NaN	0.0425	0.2802
119.8616	0.1470	0.0484	NaN	0.0429	0.2801
119.8763	0.1468	0.0488	NaN	0.0432	0.2799
119.8907	0.1466	0.0491	NaN	0.0435	0.2796
119.9046	0.1463	0.0494	NaN	0.0439	0.2793
119.9186	0.1461	0.0496	NaN	0.0442	0.2791
119.9353	0.1459	0.0499	NaN	0.0444	0.2790
119.9475	0.1457	0.0501	NaN	0.0447	0.2790
119.9643	0.1454	0.0504	NaN	0.0450	0.2791
119.9797	0.1451	0.0506	NaN	0.0453	0.2794
119.9941	0.1449	0.0509	NaN	0.0456	0.2798
120.0086	0.1447	0.0512	NaN	0.0459	0.2802
120.0240	0.1446	0.0514	NaN	0.0462	0.2806
120.0392	0.1443	0.0517	NaN	0.0465	0.2810
120.0529	0.1443	0.0519	NaN	0.0467	0.2812
120.0654	0.1441	0.0522	NaN	0.0469	0.2813
120.0812	0.1440	0.0525	NaN	0.0473	0.2814
120.0961	0.1440	0.0527	NaN	0.0475	0.2813
120.1113	0.1440	0.0529	NaN	0.0477	0.2811
120.1240	0.1440	0.0532	NaN	0.0480	0.2809
120.1376	0.1439	0.0534	NaN	0.0482	0.2807
120.1518	0.1440	0.0536	NaN	0.0484	0.2805
120.1677	0.1440	0.0538	NaN	0.0486	0.2804
120.1817	0.1440	0.0541	NaN	0.0488	0.2803
120.1956	0.1441	0.0543	NaN	0.0491	0.2804
120.2099	0.1441	0.0545	NaN	0.0493	0.2806
120.2255	0.1442	0.0547	NaN	0.0495	0.2809
120.2386	0.1443	0.0549	NaN	0.0497	0.2813
120.2538	0.1444	0.0551	NaN	0.0498	0.2817
120.2700	0.1444	0.0554	NaN	0.0500	0.2822
120.2839	0.1444	0.0556	NaN	0.0502	0.2826
120.2971	0.1443	0.0557	NaN	0.0503	0.2828
120.3107	0.1443	0.0559	NaN	0.0505	0.2830
120.3269	0.1446	0.0560	NaN	0.0506	0.2829
120.3414	0.1447	0.0562	NaN	0.0507	0.2830
120.3539	0.1449	0.0563	NaN	0.0509	0.2829
120.3680	0.1451	0.0565	NaN	0.0510	0.2825
120.3834	0.1452	0.0567	NaN	0.0512	0.2822
120.3985	0.1452	0.0568	NaN	0.0513	0.2819
120.4129	0.1452	0.0569	NaN	0.0515	0.2818
120.4273	0.1452	0.0570	NaN	0.0516	0.2817
120.4418	0.1453	0.0572	NaN	0.0517	0.2818
120.4564	0.1453	0.0573	NaN	0.0518	0.2820
120.4702	0.1455	0.0574	NaN	0.0519	0.2824
120.4858	0.1454	0.0575	NaN	0.0520	0.2828
120.4995	0.1455	0.0576	NaN	0.0521	0.2831
120.5160	0.1456	0.0577	NaN	0.0522	0.2836
120.5275	0.1457	0.0577	NaN	0.0523	0.2839
120.5417	0.1459	0.0578	NaN	0.0523	0.2841
120.5578	0.1455	0.0579	NaN	0.0525	0.2843
120.5724	0.1454	0.0580	NaN	0.0525	0.2844
120.5864	0.1463	0.0581	NaN	0.0526	0.2844
120.5998	0.1456	0.0582	NaN	0.0527	0.2842
120.6177	0.1455	0.0582	NaN	0.0528	0.2839
120.6296	0.1451	0.0583	NaN	0.0528	0.2837
120.6444	0.1452	0.0584	NaN	0.0529	0.2834
120.6597	0.1454	0.0584	NaN	0.0529	0.2833
120.6723	0.1452	0.0585	NaN	0.0530	0.2833
120.6857	0.1450	0.0585	NaN	0.0531	0.2833
120.6999	0.1446	0.0586	NaN	0.0531	0.2833
120.7146	0.1443	0.0586	NaN	0.0532	0.2835
120.7303	0.1445	0.0587	NaN	0.0532	0.2841
120.7446	0.1448	0.0587	NaN	0.0533	0.2847
120.7605	0.1446	0.0588	NaN	0.0533	0.2850
120.7735	0.1442	0.0588	NaN	0.0534	0.2854
120.7892	0.1441	0.0589	NaN	0.0534	0.2857
120.8009	0.1443	0.0589	NaN	0.0535	0.2858
120.8170	0.1444	0.0589	NaN	0.0535	0.2858
120.8320	0.1445	0.0590	NaN	0.0535	0.2857
120.8472	0.1445	0.0590	NaN	0.0536	0.2855
120.8613	0.1444	0.0590	NaN	0.0536	0.2851
120.8746	0.1445	0.0591	NaN	0.0537	0.2848
120.8900	0.1447	0.0591	NaN	0.0537	0.2845
120.9068	0.1445	0.0592	NaN	0.0537	0.2844
120.9203	0.1445	0.0592	NaN	0.0538	0.2845
120.9346	0.1446	0.0592	NaN	0.0538	0.2847
120.9503	0.1446	0.0593	NaN	0.0538	0.2851
120.9632	0.1451	0.0593	NaN	0.0538	0.2856
120.9784	0.1453	0.0594	NaN	0.0539	0.2860
120.9933	0.1455	0.0594	NaN	0.0539	0.2864
121.0096	0.1455	0.0594	NaN	0.0539	0.2867
121.0231	0.1454	0.0594	NaN	0.0539	0.2869
121.0360	0.1456	0.0594	NaN	0.0540	0.2870
121.0512	0.1461	0.0595	NaN	0.0540	0.2870
121.0646	0.1461	0.0595	NaN	0.0540	0.2868
121.0803	0.1462	0.0595	NaN	0.0540	0.2865
121.0928	0.1464	0.0596	NaN	0.0540	0.2861
121.1073	0.1465	0.0596	NaN	0.0541	0.2859
121.1223	0.1467	0.0596	NaN	0.0541	0.2857
121.1381	0.1462	0.0596	NaN	0.0541	0.2857
121.1537	0.1459	0.0596	NaN	0.0542	0.2859
121.1666	0.1462	0.0597	NaN	0.0542	0.2862
121.1811	0.1466	0.0597	NaN	0.0542	0.2867
121.1956	0.1467	0.0597	NaN	0.0542	0.2872
121.2090	0.1467	0.0597	NaN	0.0542	0.2876
121.2252	0.1466	0.0597	NaN	0.0542	0.2879
121.2391	0.1465	0.0597	NaN	0.0542	0.2882
121.2550	0.1464	0.0598	NaN	0.0543	0.2883
121.2672	0.1463	0.0598	NaN	0.0543	0.2883
121.2833	0.1461	0.0598	NaN	0.0543	0.2881
121.3003	0.1459	0.0598	NaN	0.0543	0.2878
121.3141	0.1459	0.0599	NaN	0.0544	0.2875
121.3254	0.1462	0.0598	NaN	0.0544	0.2872
121.3411	0.1458	0.0599	NaN	0.0544	0.2870
121.3541	0.1454	0.0599	NaN	0.0544	0.2869
121.3686	0.1452	0.0599	NaN	0.0544	0.2870
121.3833	0.1454	0.0599	NaN	0.0544	0.2873
121.3977	0.1456	0.0599	NaN	0.0545	0.2878
121.4134	0.1455	0.0600	NaN	0.0545	0.2884
121.4270	0.1455	0.0600	NaN	0.0545	0.2889
121.4432	0.1453	0.0600	NaN	0.0545	0.2890
121.4556	0.1448	0.0600	NaN	0.0545	0.2892
121.4688	0.1449	0.0600	NaN	0.0546	0.2894
121.4847	0.1450	0.0601	NaN	0.0546	0.2894
121.4977	0.1449	0.0601	NaN	0.0546	0.2895
121.5142	0.1450	0.0601	NaN	0.0546	0.2893
121.5293	0.1452	0.0601	NaN	0.0547	0.2890
121.5442	0.1450	0.0601	NaN	0.0547	0.2888
121.5583	0.1453	0.0602	NaN	0.0547	0.2885
121.5738	0.1456	0.0602	NaN	0.0547	0.2883
121.5876	0.1461	0.0602	NaN	0.0547	0.2882
121.6029	0.1458	0.0603	NaN	0.0548	0.2884
121.6153	0.1458	0.0603	NaN	0.0548	0.2889
121.6321	0.1461	0.0603	NaN	0.0548	0.2890
121.6450	0.1462	0.0603	NaN	0.0548	0.2893
121.6604	0.1459	0.0603	NaN	0.0548	0.2899
121.6728	0.1456	0.0603	NaN	0.0549	0.2903
121.6883	0.1460	0.0604	NaN	0.0549	0.2906
121.7021	0.1459	0.0604	NaN	0.0549	0.2908
121.7163	0.1461	0.0604	NaN	0.0549	0.2907
121.7300	0.1464	0.0604	NaN	0.0549	0.2904
121.7467	0.1463	0.0604	NaN	0.0549	0.2900
121.7619	0.1461	0.0605	NaN	0.0549	0.2899
121.7796	0.1461	0.0605	NaN	0.0550	0.2896
121.7925	0.1463	0.0605	NaN	0.0550	0.2894
121.8107	0.1463	0.0605	NaN	0.0550	0.2894
121.8274	0.1465	0.0606	NaN	0.0550	0.2898
121.8405	0.1466	0.0605	NaN	0.0550	0.2902
121.8547	0.1469	0.0606	NaN	0.0550	0.2904
121.8702	0.1465	0.0606	NaN	0.0551	0.2906
121.8855	0.1462	0.0606	NaN	0.0551	0.2910
121.8976	0.1461	0.0606	NaN	0.0551	0.2913
121.9116	0.1459	0.0606	NaN	0.0551	0.2915
121.9253	0.1462	0.0607	NaN	0.0551	0.2916
121.9408	0.1462	0.0607	NaN	0.0552	0.2918
121.9544	0.1467	0.0607	NaN	0.0552	0.2917
121.9695	0.1471	0.0607	NaN	0.0552	0.2916
121.9839	0.1473	0.0608	NaN	0.0552	0.2913
121.9981	0.1470	0.0608	NaN	0.0552	0.2911
122.0122	0.1468	0.0608	NaN	0.0552	0.2910
122.0262	0.1465	0.0608	NaN	0.0552	0.2907
122.0418	0.1459	0.0608	NaN	0.0553	0.2907
122.0561	0.1455	0.0608	NaN	0.0553	0.2908
122.0699	0.1452	0.0608	NaN	0.0553	0.2910
122.0846	0.1451	0.0608	NaN	0.0553	0.2914
122.1000	0.1451	0.0608	NaN	0.0553	0.2919
122.1155	0.1453	0.0609	NaN	0.0553	0.2924
122.1282	0.1449	0.0609	NaN	0.0554	0.2927
122.1426	0.1444	0.0609	NaN	0.0554	0.2929
122.1574	0.1441	0.0609	NaN	0.0554	0.2931
122.1726	0.1446	0.0609	NaN	0.0554	0.2932
122.1873	0.1450	0.0610	NaN	0.0554	0.2932
122.2032	0.1452	0.0610	NaN	0.0555	0.2929
122.2161	0.1457	0.0610	NaN	0.0555	0.2926
122.2303	0.1456	0.0610	NaN	0.0555	0.2924
122.2447	0.1459	0.0610	NaN	0.0555	0.2921
122.2609	0.1459	0.0610	NaN	0.0555	0.2920
122.2731	0.1461	0.0611	NaN	0.0555	0.2920
122.2894	0.1465	0.0611	NaN	0.0555	0.2920
122.3010	0.1465	0.0611	NaN	0.0555	0.2923
122.3174	0.1463	0.0611	NaN	0.0556	0.2927
122.3325	0.1459	0.0611	NaN	0.0556	0.2930
122.3468	0.1461	0.0612	NaN	0.0556	0.2935
122.3595	0.1460	0.0612	NaN	0.0557	0.2939
122.3752	0.1461	0.0612	NaN	0.0557	0.2942
122.3899	0.1462	0.0612	NaN	0.0557	0.2944
122.4048	0.1462	0.0612	NaN	0.0557	0.2944
122.4186	0.1464	0.0613	NaN	0.0557	0.2944
122.4335	0.1462	0.0612	NaN	0.0557	0.2942
122.4480	0.1461	0.0613	NaN	0.0558	0.2939
122.4636	0.1463	0.0613	NaN	0.0558	0.2935
122.4779	0.1467	0.0613	NaN	0.0558	0.2933
122.4940	0.1470	0.0613	NaN	0.0558	0.2931
122.5096	0.1473	0.0614	NaN	0.0558	0.2932
122.5244	0.1476	0.0614	NaN	0.0558	0.2936
122.5369	0.1472	0.0614	NaN	0.0558	0.2940
122.5522	0.1471	0.0614	NaN	0.0558	0.2944
122.5665	0.1472	0.0614	NaN	0.0558	0.2949
122.5831	0.1470	0.0614	NaN	0.0559	0.2953
122.5943	0.1465	0.0614	NaN	0.0559	0.2955
122.6093	0.1466	0.0614	NaN	0.0559	0.2956
122.6234	0.1464	0.0615	NaN	0.0559	0.2956
122.6402	0.1463	0.0615	NaN	0.0559	0.2955
122.6519	0.1466	0.0615	NaN	0.0559	0.2953
122.6663	0.1466	0.0615	NaN	0.0560	0.2951
122.6821	0.1468	0.0615	NaN	0.0560	0.2949
122.6953	0.1470	0.0615	NaN	0.0560	0.2946
122.7100	0.1469	0.0615	NaN	0.0560	0.2944
122.7244	0.1473	0.0616	NaN	0.0560	0.2946
122.7391	0.1475	0.0616	NaN	0.0560	0.2947
122.7575	0.1476	0.0616	NaN	0.0560	0.2949
122.7682	0.1478	0.0616	NaN	0.0560	0.2952
122.7816	0.1480	0.0616	NaN	0.0560	0.2957
122.7983	0.1480	0.0616	NaN	0.0560	0.2961
122.8120	0.1479	0.0616	NaN	0.0560	0.2965
122.8263	0.1478	0.0616	NaN	0.0560	0.2968
122.8410	0.1477	0.0616	NaN	0.0560	0.2970
122.8555	0.1476	0.0616	NaN	0.0561	0.2971
122.8720	0.1474	0.0616	NaN	0.0561	0.2970
122.8849	0.1474	0.0616	NaN	0.0561	0.2969
122.8994	0.1476	0.0617	NaN	0.0561	0.2966
122.9147	0.1477	0.0617	NaN	0.0561	0.2962
122.9282	0.1477	0.0617	NaN	0.0561	0.2960
122.9427	0.1477	0.0617	NaN	0.0561	0.2958
122.9578	0.1475	0.0617	NaN	0.0561	0.2957
122.9734	0.1474	0.0617	NaN	0.0560	0.2959
122.9880	0.1474	0.0616	NaN	0.0561	0.2961
123.0006	0.1476	0.0616	NaN	0.0560	0.2963
123.0160	0.1483	0.0616	NaN	0.0560	0.2968
123.0311	0.1483	0.0616	NaN	0.0560	0.2973
123.0467	0.1481	0.0616	NaN	0.0560	0.2979
123.0595	0.1481	0.0616	NaN	0.0560	0.2982
123.0739	0.1482	0.0616	NaN	0.0559	0.2985
123.0873	0.1484	0.0615	NaN	0.0559	0.2985
123.1011	0.1485	0.0615	NaN	0.0559	0.2985
123.1151	0.1485	0.0615	NaN	0.0558	0.2983
123.1315	0.1487	0.0614	NaN	0.0558	0.2980
123.1448	0.1489	0.0614	NaN	0.0558	0.2976
123.1595	0.1492	0.0613	NaN	0.0557	0.2973
123.1746	0.1496	0.0613	NaN	0.0556	0.2972
123.1909	0.1498	0.0612	NaN	0.0556	0.2972
123.2048	0.1502	0.0611	NaN	0.0555	0.2973
123.2155	0.1503	0.0611	NaN	0.0554	0.2976
123.2306	0.1501	0.0610	NaN	0.0553	0.2979
123.2461	0.1506	0.0609	NaN	0.0552	0.2984
123.2626	0.1511	0.0608	NaN	0.0551	0.2989
123.2742	0.1516	0.0608	NaN	0.0550	0.2993
123.2895	0.1521	0.0607	NaN	0.0549	0.2995
123.3046	0.1525	0.0605	NaN	0.0548	0.2997
123.3182	0.1529	0.0604	NaN	0.0547	0.2997
123.3310	0.1533	0.0603	NaN	0.0546	0.2995
123.3466	0.1535	0.0602	NaN	0.0544	0.2993
123.3614	0.1540	0.0600	NaN	0.0542	0.2992
123.3748	0.1549	0.0598	NaN	0.0540	0.2991
123.3895	0.1556	0.0597	NaN	0.0539	0.2989
123.4061	0.1560	0.0595	NaN	0.0537	0.2987
123.4214	0.1560	0.0593	NaN	0.0535	0.2986
123.4351	0.1565	0.0592	NaN	0.0533	0.2986
123.4501	0.1571	0.0589	NaN	0.0530	0.2987
123.4636	0.1575	0.0587	NaN	0.0528	0.2991
123.4799	0.1580	0.0585	NaN	0.0526	0.2996
123.4954	0.1583	0.0583	NaN	0.0523	0.3001
123.5089	0.1593	0.0580	NaN	0.0521	0.3005
123.5248	0.1599	0.0577	NaN	0.0517	0.3009
123.5381	0.1598	0.0573	NaN	0.0514	0.3011
123.5537	0.1603	0.0570	NaN	0.0510	0.3012
123.5666	0.1613	0.0567	NaN	0.0507	0.3011
123.5810	0.1624	0.0563	NaN	0.0503	0.3008
123.5954	0.1633	0.0559	NaN	0.0499	0.3006
123.6109	0.1640	0.0556	NaN	0.0496	0.3003
123.6258	0.1645	0.0552	NaN	0.0493	0.3002
123.6389	0.1650	0.0548	NaN	0.0488	0.3002
123.6539	0.1656	0.0543	NaN	0.0483	0.3000
123.6683	0.1663	0.0538	NaN	0.0478	0.3001
123.6811	0.1668	0.0534	NaN	0.0474	0.3002
123.6980	0.1677	0.0529	NaN	0.0468	0.3003
123.7108	0.1684	0.0524	NaN	0.0463	0.3007
123.7265	0.1691	0.0518	NaN	0.0457	0.3012
123.7399	0.1697	0.0513	NaN	0.0452	0.3016
123.7533	0.1704	0.0508	NaN	0.0446	0.3020
123.7688	0.1709	0.0503	NaN	0.0440	0.3022
123.7838	0.1715	0.0498	NaN	0.0434	0.3024
123.7975	0.1722	0.0493	NaN	0.0428	0.3024
123.8118	0.1729	0.0486	NaN	0.0422	0.3023
123.8280	0.1736	0.0480	NaN	0.0415	0.3022
123.8429	0.1741	0.0474	NaN	0.0409	0.3020
123.8567	0.1745	0.0469	NaN	0.0403	0.3017
123.8715	0.1747	0.0463	NaN	0.0398	0.3014
123.8861	0.1748	0.0458	NaN	0.0392	0.3013
123.9003	0.1753	0.0450	NaN	0.0385	0.3012
123.9123	0.1756	0.0443	NaN	0.0377	0.3011
123.9292	0.1759	0.0434	NaN	0.0369	0.3014
123.9434	0.1762	0.0426	NaN	0.0361	0.3019
123.9580	0.1762	0.0417	NaN	0.0352	0.3024
123.9699	0.1761	0.0410	NaN	0.0344	0.3029
123.9854	0.1760	0.0402	NaN	0.0337	0.3033
123.9984	0.1756	0.0394	NaN	0.0329	0.3035
124.0149	0.1752	0.0386	NaN	0.0321	0.3036
124.0291	0.1748	0.0377	NaN	0.0312	0.3035
124.0439	0.1741	0.0369	NaN	0.0304	0.3035
124.0592	0.1732	0.0361	NaN	0.0296	0.3034
124.0734	0.1724	0.0352	NaN	0.0289	0.3031
124.0873	0.1714	0.0344	NaN	0.0281	0.3029
124.1016	0.1701	0.0336	NaN	0.0273	0.3026
124.1183	0.1690	0.0327	NaN	0.0264	0.3022
124.1303	0.1678	0.0320	NaN	0.0257	0.3022
124.1446	0.1666	0.0312	NaN	0.0250	0.3024
124.1596	0.1653	0.0304	NaN	0.0242	0.3028
124.1722	0.1639	0.0296	NaN	0.0235	0.3034
124.1887	0.1624	0.0288	NaN	0.0228	0.3041
124.2012	0.1608	0.0281	NaN	0.0221	0.3044
124.2157	0.1588	0.0272	NaN	0.0213	0.3045
124.2329	0.1570	0.0264	NaN	0.0205	0.3045
124.2467	0.1554	0.0257	NaN	0.0199	0.3045
124.2606	0.1539	0.0251	NaN	0.0194	0.3045
124.2763	0.1524	0.0245	NaN	0.0188	0.3044
124.2933	0.1506	0.0238	NaN	0.0182	0.3042
124.3074	0.1492	0.0232	NaN	0.0177	0.3039
124.3186	0.1477	0.0227	NaN	0.0172	0.3036
124.3339	0.1461	0.0221	NaN	0.0167	0.3034
124.3499	0.1446	0.0215	NaN	0.0161	0.3034
124.3648	0.1435	0.0210	NaN	0.0157	0.3037
124.3812	0.1425	0.0205	NaN	0.0152	0.3040
124.3958	0.1413	0.0201	NaN	0.0148	0.3045
124.4103	0.1407	0.0197	NaN	0.0144	0.3050
124.4223	0.1402	0.0193	NaN	0.0141	0.3054
124.4368	0.1401	0.0189	NaN	0.0137	0.3057
124.4531	0.1402	0.0185	NaN	0.0133	0.3060
124.4680	0.1409	0.0182	NaN	0.0129	0.3061
124.4793	0.1421	0.0179	NaN	0.0126	0.3060
124.4969	0.1444	0.0177	NaN	0.0123	0.3058
124.5083	0.1476	0.0175	NaN	0.0120	0.3057
124.5225	0.1528	0.0175	NaN	0.0118	0.3055
124.5362	0.1605	0.0175	NaN	0.0116	0.3052
124.5508	0.1720	0.0178	NaN	0.0114	0.3050
124.5647	0.1909	0.0182	NaN	0.0112	0.3048
124.5809	0.2316	0.0195	NaN	0.0110	0.3051
124.5948	0.2778	0.0210	NaN	0.0109	0.3053
124.6117	0.2647	0.0204	NaN	0.0107	0.3057
124.6259	0.2618	0.0202	NaN	0.0106	0.3060
124.6405	0.2937	0.0212	NaN	0.0105	0.3064
124.6540	0.3710	0.0239	NaN	0.0104	0.3068
124.6678	0.5098	0.0288	NaN	0.0104	0.3071
124.6846	0.5035	0.0286	NaN	0.0104	0.3073
124.6989	0.5239	0.0293	NaN	0.0103	0.3070
124.7127	0.4538	0.0267	NaN	0.0103	0.3066
124.7264	0.3951	0.0246	NaN	0.0103	0.3062
124.7389	0.4071	0.0250	NaN	0.0103	0.3059
124.7549	0.3996	0.0248	NaN	0.0103	0.3056
124.7696	0.4169	0.0254	NaN	0.0103	0.3054
124.7836	0.2787	0.0206	NaN	0.0103	0.3058
124.8004	0.1904	0.0175	NaN	0.0104	0.3062
124.8148	0.1783	0.0171	NaN	0.0105	0.3069
124.8292	0.1656	0.0168	NaN	0.0106	0.3073
124.8437	0.1525	0.0164	NaN	0.0108	0.3077
124.8584	0.1436	0.0163	NaN	0.0109	0.3080
124.8744	0.1380	0.0163	NaN	0.0111	0.3083
124.8862	0.1346	0.0164	NaN	0.0113	0.3085
124.9001	0.1321	0.0165	NaN	0.0115	0.3085
124.9153	0.1304	0.0167	NaN	0.0117	0.3085
124.9311	0.1293	0.0169	NaN	0.0120	0.3084
124.9424	0.1286	0.0171	NaN	0.0123	0.3083
124.9590	0.1283	0.0174	NaN	0.0126	0.3082
124.9723	0.1283	0.0178	NaN	0.0129	0.3078
124.9901	0.1286	0.0181	NaN	0.0133	0.3075
125.0028	0.1290	0.0184	NaN	0.0136	0.3073
125.0161	0.1294	0.0188	NaN	0.0140	0.3072
125.0307	0.1302	0.0192	NaN	0.0144	0.3073
125.0472	0.1311	0.0197	NaN	0.0148	0.3076
125.0612	0.1321	0.0201	NaN	0.0152	0.3080
125.0756	0.1332	0.0207	NaN	0.0157	0.3084
125.0901	0.1343	0.0211	NaN	0.0161	0.3087
125.1058	0.1357	0.0218	NaN	0.0167	0.3090
125.1173	0.1368	0.0222	NaN	0.0171	0.3093
125.1317	0.1382	0.0229	NaN	0.0177	0.3096
125.1472	0.1398	0.0236	NaN	0.0184	0.3097
125.1617	0.1413	0.0244	NaN	0.0191	0.3095
125.1763	0.1427	0.0251	NaN	0.0198	0.3092
125.1889	0.1442	0.0258	NaN	0.0205	0.3090
125.2041	0.1459	0.0266	NaN	0.0211	0.3087
125.2190	0.1473	0.0273	NaN	0.0218	0.3085
125.2325	0.1485	0.0280	NaN	0.0225	0.3083
125.2479	0.1497	0.0288	NaN	0.0232	0.3083
125.2644	0.1508	0.0295	NaN	0.0239	0.3084
125.2807	0.1523	0.0304	NaN	0.0247	0.3087
125.2926	0.1535	0.0311	NaN	0.0254	0.3089
125.3087	0.1542	0.0319	NaN	0.0262	0.3094
125.3247	0.1553	0.0328	NaN	0.0270	0.3100
125.3385	0.1563	0.0336	NaN	0.0278	0.3102
125.3534	0.1571	0.0344	NaN	0.0286	0.3105
125.3705	0.1580	0.0352	NaN	0.0293	0.3108
125.3822	0.1587	0.0359	NaN	0.0300	0.3109
125.3978	0.1594	0.0367	NaN	0.0308	0.3110
125.4110	0.1600	0.0375	NaN	0.0316	0.3110
125.4265	0.1608	0.0385	NaN	0.0325	0.3108
125.4414	0.1614	0.0393	NaN	0.0333	0.3105
125.4568	0.1617	0.0402	NaN	0.0342	0.3101
125.4683	0.1622	0.0409	NaN	0.0349	0.3100
125.4836	0.1624	0.0417	NaN	0.0357	0.3098
125.4972	0.1625	0.0425	NaN	0.0364	0.3097
125.5135	0.1630	0.0433	NaN	0.0373	0.3098
125.5283	0.1630	0.0440	NaN	0.0379	0.3100
125.5403	0.1629	0.0447	NaN	0.0385	0.3104
125.5539	0.1632	0.0454	NaN	0.0393	0.3110
125.5703	0.1630	0.0461	NaN	0.0400	0.3114
125.5833	0.1630	0.0468	NaN	0.0407	0.3117
125.5991	0.1629	0.0476	NaN	0.0415	0.3120
125.6131	0.1630	0.0483	NaN	0.0422	0.3121
125.6281	0.1628	0.0490	NaN	0.0429	0.3120
125.6393	0.1627	0.0496	NaN	0.0435	0.3119
125.6549	0.1624	0.0502	NaN	0.0442	0.3117
125.6690	0.1623	0.0507	NaN	0.0448	0.3114
125.6819	0.1624	0.0514	NaN	0.0455	0.3111
125.6963	0.1621	0.0521	NaN	0.0462	0.3109
125.7109	0.1615	0.0527	NaN	0.0469	0.3108
125.7247	0.1613	0.0534	NaN	0.0476	0.3110
125.7385	0.1613	0.0540	NaN	0.0481	0.3113
125.7558	0.1613	0.0546	NaN	0.0488	0.3119
125.7690	0.1603	0.0551	NaN	0.0494	0.3123
125.7842	0.1601	0.0557	NaN	0.0498	0.3127
125.8011	0.1599	0.0562	NaN	0.0503	0.3130
125.8114	0.1600	0.0566	NaN	0.0507	0.3132
125.8276	0.1597	0.0571	NaN	0.0511	0.3134
125.8424	0.1592	0.0575	NaN	0.0516	0.3134
125.8561	0.1591	0.0580	NaN	0.0520	0.3132
125.8712	0.1584	0.0584	NaN	0.0525	0.3129
125.8868	0.1574	0.0589	NaN	0.0530	0.3126
125.9013	0.1569	0.0593	NaN	0.0534	0.3123
125.9158	0.1567	0.0597	NaN	0.0538	0.3121
125.9300	0.1566	0.0600	NaN	0.0541	0.3120
125.9423	0.1563	0.0604	NaN	0.0545	0.3122
125.9608	0.1557	0.0608	NaN	0.0549	0.3126
125.9724	0.1552	0.0610	NaN	0.0552	0.3131
125.9874	0.1548	0.0613	NaN	0.0555	0.3136
126.0025	0.1544	0.0616	NaN	0.0557	0.3139
126.0151	0.1542	0.0618	NaN	0.0560	0.3141
126.0300	0.1539	0.0621	NaN	0.0562	0.3144
126.0441	0.1534	0.0623	NaN	0.0565	0.3144
126.0587	0.1527	0.0626	NaN	0.0568	0.3145
126.0744	0.1523	0.0628	NaN	0.0570	0.3143
126.0854	0.1523	0.0630	NaN	0.0572	0.3144
126.1030	0.1523	0.0632	NaN	0.0574	0.3141
126.1166	0.1523	0.0634	NaN	0.0577	0.3137
126.1313	0.1520	0.0636	NaN	0.0579	0.3132
126.1444	0.1523	0.0638	NaN	0.0580	0.3130
126.1602	0.1520	0.0640	NaN	0.0582	0.3131
126.1752	0.1515	0.0641	NaN	0.0584	0.3133
126.1897	0.1512	0.0642	NaN	0.0585	0.3135
126.2038	0.1512	0.0643	NaN	0.0586	0.3135
126.2201	0.1511	0.0644	NaN	0.0587	0.3138
126.2356	0.1511	0.0646	NaN	0.0588	0.3143
126.2516	0.1510	0.0647	NaN	0.0590	0.3148
126.2647	0.1510	0.0648	NaN	0.0591	0.3152
126.2778	0.1511	0.0649	NaN	0.0592	0.3155
126.2950	0.1510	0.0650	NaN	0.0593	0.3157
126.3100	0.1512	0.0651	NaN	0.0594	0.3157
126.3235	0.1515	0.0652	NaN	0.0595	0.3156
126.3380	0.1514	0.0653	NaN	0.0596	0.3157
126.3528	0.1513	0.0653	NaN	0.0596	0.3158
126.3668	0.1515	0.0654	NaN	0.0597	0.3156
126.3790	0.1516	0.0655	NaN	0.0598	0.3154
126.3939	0.1518	0.0656	NaN	0.0598	0.3151
126.4090	0.1521	0.0656	NaN	0.0599	0.3149
126.4241	0.1522	0.0657	NaN	0.0599	0.3147
126.4381	0.1522	0.0658	NaN	0.0600	0.3146
126.4528	0.1519	0.0658	NaN	0.0601	0.3146
126.4667	0.1517	0.0658	NaN	0.0601	0.3148
126.4820	0.1515	0.0659	NaN	0.0602	0.3152
126.4944	0.1515	0.0659	NaN	0.0602	0.3156
126.5089	0.1514	0.0660	NaN	0.0602	0.3162
126.5241	0.1512	0.0660	NaN	0.0603	0.3166
126.5397	0.1509	0.0660	NaN	0.0603	0.3169
126.5536	0.1509	0.0661	NaN	0.0604	0.3170
126.5672	0.1507	0.0661	NaN	0.0604	0.3170
126.5814	0.1505	0.0661	NaN	0.0605	0.3170
126.5979	0.1502	0.0662	NaN	0.0605	0.3166
126.6103	0.1501	0.0662	NaN	0.0605	0.3163
126.6262	0.1502	0.0662	NaN	0.0605	0.3159
126.6422	0.1501	0.0663	NaN	0.0606	0.3156
126.6565	0.1503	0.0663	NaN	0.0606	0.3156
126.6722	0.1503	0.0663	NaN	0.0606	0.3157
126.6853	0.1502	0.0663	NaN	0.0607	0.3161
126.6999	0.1501	0.0664	NaN	0.0607	0.3166
126.7155	0.1499	0.0664	NaN	0.0608	0.3173
126.7279	0.1498	0.0664	NaN	0.0608	0.3176
126.7442	0.1498	0.0664	NaN	0.0608	0.3177
126.7574	0.1497	0.0665	NaN	0.0608	0.3178
126.7730	0.1495	0.0665	NaN	0.0609	0.3177
126.7864	0.1493	0.0665	NaN	0.0609	0.3174
126.8015	0.1492	0.0665	NaN	0.0609	0.3170
126.8143	0.1494	0.0666	NaN	0.0609	0.3167
126.8322	0.1496	0.0666	NaN	0.0610	0.3164
126.8427	0.1492	0.0666	NaN	0.0610	0.3164
126.8568	0.1486	0.0666	NaN	0.0610	0.3164
126.8728	0.1490	0.0666	NaN	0.0610	0.3165
126.8861	0.1493	0.0667	NaN	0.0610	0.3168
126.8998	0.1496	0.0667	NaN	0.0610	0.3171
126.9144	0.1498	0.0667	NaN	0.0611	0.3177
126.9283	0.1499	0.0667	NaN	0.0611	0.3182
126.9418	0.1497	0.0667	NaN	0.0611	0.3185
126.9559	0.1497	0.0667	NaN	0.0611	0.3187
126.9674	0.1495	0.0668	NaN	0.0612	0.3188
126.9827	0.1494	0.0668	NaN	0.0612	0.3189
126.9947	0.1494	0.0668	NaN	0.0612	0.3188
127.0097	0.1494	0.0668	NaN	0.0612	0.3184
127.0229	0.1495	0.0669	NaN	0.0612	0.3180
127.0381	0.1497	0.0669	NaN	0.0612	0.3176
127.0501	0.1502	0.0669	NaN	0.0612	0.3175
127.0659	0.1506	0.0669	NaN	0.0612	0.3175
127.0801	0.1504	0.0669	NaN	0.0612	0.3176
127.0960	0.1501	0.0669	NaN	0.0613	0.3178
127.1083	0.1495	0.0669	NaN	0.0613	0.3180
127.1240	0.1495	0.0669	NaN	0.0613	0.3184
127.1379	0.1499	0.0670	NaN	0.0613	0.3187
127.1518	0.1498	0.0669	NaN	0.0613	0.3190
127.1657	0.1497	0.0670	NaN	0.0613	0.3193
127.1808	0.1488	0.0670	NaN	0.0614	0.3196
127.1945	0.1493	0.0670	NaN	0.0614	0.3199
127.2089	0.1497	0.0670	NaN	0.0614	0.3199
127.2236	0.1499	0.0671	NaN	0.0614	0.3199
127.2398	0.1495	0.0671	NaN	0.0615	0.3197
127.2562	0.1499	0.0671	NaN	0.0615	0.3193
127.2721	0.1497	0.0671	NaN	0.0615	0.3189
127.2857	0.1486	0.0672	NaN	0.0616	0.3186
127.3023	0.1481	0.0672	NaN	0.0616	0.3184
127.3160	0.1481	0.0672	NaN	0.0616	0.3186
127.3309	0.1483	0.0672	NaN	0.0616	0.3189
127.3433	0.1487	0.0672	NaN	0.0616	0.3194
127.3577	0.1487	0.0672	NaN	0.0617	0.3199
127.3733	0.1485	0.0672	NaN	0.0617	0.3202
127.3869	0.1483	0.0673	NaN	0.0617	0.3205
127.4018	0.1479	0.0673	NaN	0.0617	0.3208
127.4156	0.1475	0.0673	NaN	0.0617	0.3209
127.4288	0.1479	0.0673	NaN	0.0617	0.3209
127.4459	0.1483	0.0673	NaN	0.0618	0.3208
127.4583	0.1487	0.0674	NaN	0.0618	0.3206
127.4725	0.1492	0.0674	NaN	0.0618	0.3205
127.4886	0.1492	0.0674	NaN	0.0618	0.3202
127.5009	0.1493	0.0674	NaN	0.0618	0.3199
127.5139	0.1496	0.0674	NaN	0.0618	0.3197
127.5307	0.1498	0.0675	NaN	0.0618	0.3195
127.5446	0.1498	0.0675	NaN	0.0618	0.3196
127.5606	0.1501	0.0675	NaN	0.0618	0.3200
127.5736	0.1501	0.0675	NaN	0.0619	0.3205
127.5904	0.1498	0.0675	NaN	0.0619	0.3210
127.6026	0.1495	0.0675	NaN	0.0619	0.3214
127.6195	0.1496	0.0675	NaN	0.0619	0.3217
127.6316	0.1498	0.0675	NaN	0.0619	0.3218
127.6451	0.1499	0.0675	NaN	0.0619	0.3220
127.6626	0.1499	0.0676	NaN	0.0619	0.3221
127.6774	0.1495	0.0676	NaN	0.0619	0.3221
127.6908	0.1495	0.0676	NaN	0.0620	0.3220
127.7049	0.1494	0.0676	NaN	0.0620	0.3220
127.7203	0.1494	0.0676	NaN	0.0620	0.3217
127.7347	0.1497	0.0676	NaN	0.0620	0.3216
127.7494	0.1498	0.0677	NaN	0.0620	0.3213
127.7614	0.1495	0.0677	NaN	0.0620	0.3210
127.7769	0.1504	0.0677	NaN	0.0620	0.3208
127.7916	0.1501	0.0677	NaN	0.0621	0.3207
127.8067	0.1488	0.0677	NaN	0.0621	0.3208
127.8211	0.1494	0.0677	NaN	0.0621	0.3212
127.8361	0.1496	0.0678	NaN	0.0621	0.3215
127.8498	0.1498	0.0678	NaN	0.0621	0.3220
127.8640	0.1497	0.0678	NaN	0.0621	0.3224
127.8784	0.1498	0.0678	NaN	0.0622	0.3228
127.8927	0.1498	0.0678	NaN	0.0622	0.3231
127.9102	0.1496	0.0678	NaN	0.0622	0.3233
127.9229	0.1495	0.0679	NaN	0.0622	0.3232
127.9365	0.1495	0.0679	NaN	0.0622	0.3232
127.9535	0.1497	0.0679	NaN	0.0622	0.3230
127.9684	0.1501	0.0679	NaN	0.0623	0.3225
127.9790	0.1501	0.0679	NaN	0.0623	0.3221
127.9935	0.1500	0.0679	NaN	0.0623	0.3218
128.0089	0.1498	0.0679	NaN	0.0623	0.3217
128.0240	0.1495	0.0680	NaN	0.0623	0.3217
128.0368	0.1492	0.0680	NaN	0.0624	0.3219
128.0524	0.1491	0.0680	NaN	0.0624	0.3223
128.0680	0.1491	0.0680	NaN	0.0624	0.3227
128.0821	0.1489	0.0681	NaN	0.0624	0.3232
128.0952	0.1493	0.0681	NaN	0.0624	0.3235
128.1106	0.1497	0.0681	NaN	0.0624	0.3238
128.1265	0.1501	0.0681	NaN	0.0625	0.3240
128.1393	0.1503	0.0681	NaN	0.0625	0.3241
128.1546	0.1497	0.0681	NaN	0.0625	0.3240
128.1685	0.1493	0.0682	NaN	0.0625	0.3238
128.1831	0.1493	0.0682	NaN	0.0625	0.3234
128.1987	0.1493	0.0682	NaN	0.0626	0.3231
128.2127	0.1481	0.0682	NaN	0.0626	0.3229
128.2292	0.1487	0.0682	NaN	0.0626	0.3228
128.2432	0.1501	0.0682	NaN	0.0626	0.3227
128.2552	0.1497	0.0682	NaN	0.0626	0.3228
128.2694	0.1488	0.0683	NaN	0.0626	0.3232
128.2860	0.1479	0.0683	NaN	0.0627	0.3236
128.2985	0.1468	0.0683	NaN	0.0627	0.3241
128.3127	0.1472	0.0683	NaN	0.0627	0.3245
128.3288	0.1503	0.0684	NaN	0.0627	0.3248
128.3420	0.1534	0.0684	NaN	0.0626	0.3250
128.3567	0.1522	0.0684	NaN	0.0627	0.3251
128.3695	0.1506	0.0684	NaN	0.0627	0.3251
128.3872	0.1520	0.0684	NaN	0.0627	0.3248
128.4032	0.1515	0.0684	NaN	0.0627	0.3246
128.4160	0.1505	0.0684	NaN	0.0627	0.3243
128.4290	0.1500	0.0684	NaN	0.0628	0.3239
128.4457	0.1496	0.0684	NaN	0.0628	0.3237
128.4590	0.1499	0.0685	NaN	0.0628	0.3236
128.4740	0.1481	0.0685	NaN	0.0629	0.3236
128.4889	0.1467	0.0685	NaN	0.0630	0.3238
128.5019	0.1492	0.0685	NaN	0.0629	0.3242
128.5162	0.1500	0.0685	NaN	0.0629	0.3245
128.5321	0.1503	0.0685	NaN	0.0629	0.3248
128.5447	0.1490	0.0686	NaN	0.0629	0.3252
128.5601	0.1490	0.0686	NaN	0.0630	0.3256
128.5758	0.1501	0.0686	NaN	0.0629	0.3258
128.5919	0.1494	0.0686	NaN	0.0630	0.3259
128.6029	0.1512	0.0687	NaN	0.0630	0.3259
128.6175	0.1498	0.0686	NaN	0.0630	0.3256
128.6331	0.1514	0.0687	NaN	0.0630	0.3253
128.6473	0.1504	0.0687	NaN	0.0630	0.3249
128.6590	0.1506	0.0687	NaN	0.0630	0.3247
128.6776	0.1506	0.0687	NaN	0.0631	0.3245
128.6909	0.1523	0.0687	NaN	0.0630	0.3244
128.7058	0.1491	0.0687	NaN	0.0630	0.3245
128.7204	0.1478	0.0687	NaN	0.0632	0.3250
128.7348	0.1498	0.0688	NaN	0.0631	0.3253
128.7484	0.1508	0.0688	NaN	0.0631	0.3258
128.7633	0.1506	0.0688	NaN	0.0631	0.3261
128.7776	0.1506	0.0688	NaN	0.0632	0.3262
128.7925	0.1515	0.0688	NaN	0.0632	0.3264
128.8077	0.1510	0.0689	NaN	0.0632	0.3266
128.8210	0.1492	0.0689	NaN	0.0632	0.3268
128.8382	0.1487	0.0689	NaN	0.0633	0.3269
128.8505	0.1490	0.0689	NaN	0.0633	0.3268
128.8658	0.1500	0.0690	NaN	0.0633	0.3268
128.8802	0.1513	0.0689	NaN	0.0632	0.3269
128.8937	0.1494	0.0689	NaN	0.0633	0.3268
128.9094	0.1497	0.0690	NaN	0.0633	0.3266
128.9242	0.1500	0.0690	NaN	0.0633	0.3264
128.9415	0.1496	0.0690	NaN	0.0634	0.3264
128.9525	0.1506	0.0690	NaN	0.0633	0.3263
128.9668	0.1499	0.0690	NaN	0.0634	0.3262
128.9816	0.1498	0.0690	NaN	0.0634	0.3261
128.9963	0.1495	0.0690	NaN	0.0634	0.3258
129.0103	0.1498	0.0690	NaN	0.0634	0.3257
129.0255	0.1497	0.0691	NaN	0.0634	0.3258
129.0405	0.1489	0.0691	NaN	0.0635	0.3259
129.0543	0.1489	0.0691	NaN	0.0635	0.3259
129.0669	0.1494	0.0691	NaN	0.0635	0.3260
129.0828	0.1496	0.0691	NaN	0.0635	0.3261
129.0989	0.1499	0.0691	NaN	0.0635	0.3266
129.1149	0.1506	0.0691	NaN	0.0635	0.3274
129.1262	0.1510	0.0692	NaN	0.0635	0.3278
129.1431	0.1509	0.0692	NaN	0.0635	0.3280
129.1578	0.1509	0.0692	NaN	0.0635	0.3281
129.1719	0.1507	0.0692	NaN	0.0635	0.3281
129.1865	0.1505	0.0692	NaN	0.0635	0.3280
129.2017	0.1502	0.0692	NaN	0.0636	0.3279
129.2168	0.1501	0.0693	NaN	0.0636	0.3278
129.2311	0.1506	0.0692	NaN	0.0636	0.3278
129.2439	0.1508	0.0693	NaN	0.0636	0.3276
129.2594	0.1513	0.0693	NaN	0.0636	0.3271
129.2760	0.1509	0.0693	NaN	0.0636	0.3269
129.2877	0.1513	0.0693	NaN	0.0636	0.3268
129.3006	0.1512	0.0693	NaN	0.0636	0.3268
129.3162	0.1514	0.0693	NaN	0.0636	0.3269
129.3303	0.1513	0.0693	NaN	0.0636	0.3272
129.3451	0.1519	0.0693	NaN	0.0636	0.3276
129.3593	0.1527	0.0694	NaN	0.0636	0.3279
129.3736	0.1526	0.0694	NaN	0.0636	0.3279
129.3896	0.1525	0.0693	NaN	0.0636	0.3286
129.4035	0.1529	0.0694	NaN	0.0636	0.3289
129.4158	0.1519	0.0694	NaN	0.0637	0.3291
129.4315	0.1515	0.0694	NaN	0.0637	0.3291
129.4464	0.1518	0.0694	NaN	0.0637	0.3291
129.4619	0.1521	0.0693	NaN	0.0636	0.3291
129.4746	0.1520	0.0694	NaN	0.0636	0.3287
129.4893	0.1527	0.0693	NaN	0.0636	0.3286
129.5037	0.1528	0.0693	NaN	0.0636	0.3283
129.5182	0.1533	0.0694	NaN	0.0636	0.3279
129.5323	0.1531	0.0693	NaN	0.0636	0.3278
129.5477	0.1527	0.0693	NaN	0.0636	0.3277
129.5622	0.1522	0.0693	NaN	0.0636	0.3279
129.5765	0.1520	0.0693	NaN	0.0636	0.3282
129.5900	0.1517	0.0693	NaN	0.0636	0.3286
129.6055	0.1516	0.0692	NaN	0.0636	0.3289
129.6205	0.1515	0.0692	NaN	0.0635	0.3292
129.6328	0.1519	0.0692	NaN	0.0635	0.3295
129.6481	0.1527	0.0692	NaN	0.0634	0.3297
129.6611	0.1511	0.0691	NaN	0.0634	0.3300
129.6764	0.1514	0.0690	NaN	0.0634	0.3301
129.6908	0.1513	0.0690	NaN	0.0633	0.3302
129.7050	0.1509	0.0690	NaN	0.0633	0.3302
129.7198	0.1503	0.0689	NaN	0.0632	0.3300
129.7331	0.1499	0.0688	NaN	0.0632	0.3299
129.7462	0.1501	0.0687	NaN	0.0631	0.3294
129.7612	0.1498	0.0687	NaN	0.0630	0.3291
129.7757	0.1499	0.0686	NaN	0.0629	0.3289
129.7912	0.1495	0.0685	NaN	0.0629	0.3288
129.8035	0.1485	0.0684	NaN	0.0628	0.3285
129.8195	0.1487	0.0683	NaN	0.0627	0.3286
129.8351	0.1485	0.0682	NaN	0.0627	0.3289
129.8496	0.1484	0.0681	NaN	0.0625	0.3294
129.8640	0.1486	0.0680	NaN	0.0624	0.3299
129.8783	0.1487	0.0678	NaN	0.0622	0.3303
129.8947	0.1482	0.0677	NaN	0.0621	0.3306
129.9095	0.1487	0.0676	NaN	0.0620	0.3308
129.9211	0.1481	0.0675	NaN	0.0619	0.3308
129.9365	0.1472	0.0673	NaN	0.0617	0.3308
129.9519	0.1471	0.0670	NaN	0.0615	0.3305
129.9673	0.1474	0.0668	NaN	0.0613	0.3303
129.9792	0.1474	0.0666	NaN	0.0611	0.3299
129.9941	0.1465	0.0664	NaN	0.0608	0.3297
130.0099	0.1460	0.0661	NaN	0.0606	0.3294
130.0240	0.1458	0.0658	NaN	0.0603	0.3292
130.0390	0.1460	0.0656	NaN	0.0600	0.3292
130.0519	0.1455	0.0652	NaN	0.0597	0.3293
130.0667	0.1456	0.0649	NaN	0.0593	0.3294
130.0860	0.1452	0.0645	NaN	0.0590	0.3299
130.0976	0.1446	0.0642	NaN	0.0587	0.3304
130.1121	0.1442	0.0639	NaN	0.0584	0.3310
130.1283	0.1437	0.0634	NaN	0.0580	0.3313
130.1439	0.1432	0.0631	NaN	0.0576	0.3314
130.1552	0.1423	0.0627	NaN	0.0573	0.3315
130.1700	0.1421	0.0623	NaN	0.0569	0.3315
130.1869	0.1416	0.0618	NaN	0.0564	0.3313
130.2011	0.1413	0.0613	NaN	0.0560	0.3311
130.2132	0.1409	0.0609	NaN	0.0555	0.3307
130.2288	0.1399	0.0603	NaN	0.0550	0.3308
130.2437	0.1387	0.0598	NaN	0.0546	0.3309
130.2586	0.1379	0.0592	NaN	0.0540	0.3306
130.2709	0.1373	0.0587	NaN	0.0535	0.3304
130.2863	0.1365	0.0581	NaN	0.0529	0.3300
130.3017	0.1358	0.0573	NaN	0.0522	0.3298
130.3175	0.1348	0.0567	NaN	0.0516	0.3297
130.3306	0.1333	0.0561	NaN	0.0510	0.3296
130.3467	0.1322	0.0553	NaN	0.0504	0.3297
130.3600	0.1315	0.0546	NaN	0.0498	0.3297
130.3738	0.1304	0.0539	NaN	0.0492	0.3298
130.3893	0.1294	0.0531	NaN	0.0484	0.3303
130.4039	0.1280	0.0522	NaN	0.0475	0.3311
130.4178	0.1264	0.0512	NaN	0.0466	0.3315
130.4330	0.1250	0.0503	NaN	0.0457	0.3317
130.4468	0.1236	0.0496	NaN	0.0450	0.3317
130.4602	0.1223	0.0488	NaN	0.0441	0.3316
130.4752	0.1207	0.0479	NaN	0.0433	0.3313
130.4914	0.1193	0.0469	NaN	0.0424	0.3310
130.5038	0.1175	0.0460	NaN	0.0415	0.3306
130.5205	0.1161	0.0449	NaN	0.0405	0.3301
130.5354	0.1150	0.0439	NaN	0.0395	0.3298
130.5482	0.1134	0.0430	NaN	0.0386	0.3298
130.5612	0.1123	0.0421	NaN	0.0378	0.3299
130.5777	0.1104	0.0410	NaN	0.0368	0.3297
130.5923	0.1083	0.0399	NaN	0.0358	0.3297
130.6051	0.1068	0.0389	NaN	0.0349	0.3300
130.6208	0.1053	0.0380	NaN	0.0340	0.3307
130.6357	0.1038	0.0372	NaN	0.0332	0.3309
130.6507	0.1023	0.0363	NaN	0.0324	0.3312
130.6636	0.1008	0.0354	NaN	0.0316	0.3315
130.6760	0.0991	0.0343	NaN	0.0305	0.3316
130.6916	0.0973	0.0332	NaN	0.0294	0.3317
130.7047	0.0951	0.0321	NaN	0.0285	0.3315
130.7210	0.0930	0.0311	NaN	0.0275	0.3311
130.7353	0.0914	0.0302	NaN	0.0266	0.3307
130.7487	0.0899	0.0293	NaN	0.0258	0.3304
130.7635	0.0882	0.0284	NaN	0.0250	0.3301
130.7769	0.0861	0.0275	NaN	0.0242	0.3298
130.7910	0.0845	0.0265	NaN	0.0232	0.3296
130.8058	0.0823	0.0255	NaN	0.0223	0.3296
130.8204	0.0799	0.0245	NaN	0.0214	0.3300
130.8337	0.0777	0.0236	NaN	0.0206	0.3305
130.8476	0.0759	0.0227	NaN	0.0198	0.3310
130.8633	0.0742	0.0220	NaN	0.0191	0.3313
130.8774	0.0724	0.0211	NaN	0.0183	0.3315
130.8904	0.0706	0.0203	NaN	0.0176	0.3316
130.9053	0.0687	0.0195	NaN	0.0168	0.3317
130.9193	0.0669	0.0187	NaN	0.0161	0.3317
130.9353	0.0650	0.0179	NaN	0.0153	0.3316
130.9491	0.0636	0.0172	NaN	0.0148	0.3314
130.9641	0.0619	0.0165	NaN	0.0141	0.3311
130.9773	0.0603	0.0158	NaN	0.0134	0.3307
130.9922	0.0584	0.0151	NaN	0.0127	0.3302
131.0074	0.0566	0.0144	NaN	0.0121	0.3298
131.0240	0.0547	0.0136	NaN	0.0114	0.3296
131.0377	0.0532	0.0130	NaN	0.0108	0.3296
131.0539	0.0516	0.0124	NaN	0.0103	0.3297
131.0685	0.0503	0.0118	NaN	0.0098	0.3300
131.0816	0.0492	0.0113	NaN	0.0093	0.3305
131.0992	0.0478	0.0107	NaN	0.0088	0.3312
131.1135	0.0465	0.0102	NaN	0.0083	0.3316
131.1245	0.0453	0.0097	NaN	0.0079	0.3317
131.1388	0.0441	0.0092	NaN	0.0074	0.3318
131.1544	0.0429	0.0088	NaN	0.0070	0.3317
131.1683	0.0418	0.0084	NaN	0.0067	0.3316
131.1803	0.0409	0.0080	NaN	0.0063	0.3314
131.1958	0.0401	0.0077	NaN	0.0060	0.3310
131.2136	0.0393	0.0074	NaN	0.0058	0.3307
131.2272	0.0388	0.0071	NaN	0.0055	0.3304
131.2418	0.0382	0.0069	NaN	0.0053	0.3300
131.2568	0.0375	0.0066	NaN	0.0050	0.3299
131.2726	0.0369	0.0063	NaN	0.0048	0.3299
131.2874	0.0362	0.0060	NaN	0.0045	0.3301
131.3005	0.0355	0.0058	NaN	0.0043	0.3304
131.3150	0.0349	0.0056	NaN	0.0041	0.3309
131.3288	0.0344	0.0054	NaN	0.0039	0.3314
131.3431	0.0339	0.0052	NaN	0.0038	0.3317
131.3575	0.0334	0.0050	NaN	0.0036	0.3320
131.3718	0.0330	0.0049	NaN	0.0035	0.3322
131.3863	0.0326	0.0047	NaN	0.0033	0.3323
131.4006	0.0324	0.0046	NaN	0.0032	0.3323
131.4127	0.0324	0.0045	NaN	0.0031	0.3323
131.4297	0.0327	0.0044	NaN	0.0030	0.3320
131.4475	0.0336	0.0043	NaN	0.0029	0.3317
131.4600	0.0352	0.0043	NaN	0.0028	0.3315
131.4720	0.0390	0.0044	NaN	0.0027	0.3313
131.4874	0.0538	0.0048	NaN	0.0027	0.3311
131.5016	0.0942	0.0062	NaN	0.0026	0.3309
131.5170	0.0822	0.0057	NaN	0.0026	0.3308
131.5334	0.0539	0.0047	NaN	0.0025	0.3308
131.5457	0.0478	0.0044	NaN	0.0025	0.3308
131.5600	0.0479	0.0044	NaN	0.0025	0.3310
131.5750	0.0522	0.0045	NaN	0.0025	0.3314
131.5877	0.0608	0.0048	NaN	0.0024	0.3320
131.6036	0.0767	0.0054	NaN	0.0025	0.3326
131.6171	0.1086	0.0066	NaN	0.0025	0.3330
131.6317	0.1817	0.0092	NaN	0.0025	0.3333
131.6463	0.3512	0.0153	NaN	0.0026	0.3335
131.6612	0.3503	0.0154	NaN	0.0026	0.3336
131.6765	0.1814	0.0093	NaN	0.0026	0.3332
131.6913	0.1329	0.0077	NaN	0.0027	0.3329
131.7057	0.1388	0.0079	NaN	0.0028	0.3325
131.7190	0.2130	0.0106	NaN	0.0028	0.3322
131.7351	0.3545	0.0158	NaN	0.0029	0.3322
131.7498	0.2060	0.0106	NaN	0.0030	0.3321
131.7601	0.1328	0.0081	NaN	0.0031	0.3320
131.7780	0.1100	0.0073	NaN	0.0032	0.3322
131.7923	0.1136	0.0076	NaN	0.0033	0.3325
131.8063	0.1306	0.0083	NaN	0.0034	0.3330
131.8209	0.1180	0.0080	NaN	0.0036	0.3335
131.8357	0.0953	0.0073	NaN	0.0037	0.3340
131.8506	0.0869	0.0072	NaN	0.0038	0.3344
131.8674	0.0908	0.0075	NaN	0.0040	0.3346
131.8829	0.1076	0.0082	NaN	0.0042	0.3348
131.8976	0.1451	0.0098	NaN	0.0044	0.3348
131.9124	0.1263	0.0093	NaN	0.0046	0.3347
131.9257	0.0919	0.0083	NaN	0.0048	0.3347
131.9387	0.0768	0.0080	NaN	0.0051	0.3345
131.9549	0.0726	0.0081	NaN	0.0053	0.3342
131.9711	0.0775	0.0086	NaN	0.0056	0.3337
131.9831	0.0793	0.0090	NaN	0.0059	0.3334
131.9961	0.0695	0.0089	NaN	0.0062	0.3334
132.0121	0.0639	0.0091	NaN	0.0066	0.3336
132.0275	0.0622	0.0094	NaN	0.0069	0.3340
132.0424	0.0618	0.0098	NaN	0.0073	0.3346
132.0565	0.0621	0.0101	NaN	0.0077	0.3351
132.0710	0.0629	0.0106	NaN	0.0081	0.3353
132.0892	0.0641	0.0110	NaN	0.0085	0.3357
132.1043	0.0655	0.0115	NaN	0.0090	0.3359
132.1194	0.0670	0.0120	NaN	0.0094	0.3359
132.1336	0.0686	0.0126	NaN	0.0099	0.3358
132.1480	0.0707	0.0132	NaN	0.0104	0.3360
132.1624	0.0729	0.0138	NaN	0.0110	0.3364
132.1771	0.0751	0.0146	NaN	0.0117	0.3368
132.1919	0.0776	0.0153	NaN	0.0122	0.3370
132.2045	0.0798	0.0160	NaN	0.0129	0.3370
132.2187	0.0825	0.0167	NaN	0.0135	0.3371
132.2333	0.0846	0.0174	NaN	0.0141	0.3369
132.2486	0.0873	0.0182	NaN	0.0148	0.3367
132.2638	0.0897	0.0189	NaN	0.0155	0.3364
132.2778	0.0922	0.0197	NaN	0.0162	0.3363
132.2916	0.0947	0.0206	NaN	0.0169	0.3361
132.3065	0.0980	0.0214	NaN	0.0177	0.3361
132.3243	0.1007	0.0223	NaN	0.0184	0.3361
132.3355	0.1031	0.0231	NaN	0.0191	0.3361
132.3490	0.1055	0.0239	NaN	0.0198	0.3362
132.3630	0.1079	0.0246	NaN	0.0206	0.3363
132.3785	0.1107	0.0256	NaN	0.0214	0.3365
132.3918	0.1133	0.0265	NaN	0.0222	0.3366
132.4059	0.1162	0.0275	NaN	0.0231	0.3368
132.4213	0.1191	0.0286	NaN	0.0241	0.3372
132.4374	0.1217	0.0297	NaN	0.0251	0.3378
132.4498	0.1244	0.0307	NaN	0.0259	0.3384
132.4654	0.1269	0.0317	NaN	0.0269	0.3391
132.4827	0.1293	0.0327	NaN	0.0279	0.3394
132.4962	0.1318	0.0337	NaN	0.0288	0.3392
132.5106	0.1343	0.0348	NaN	0.0297	0.3385
132.5265	0.1361	0.0359	NaN	0.0308	0.3385
132.5403	0.1387	0.0370	NaN	0.0318	0.3389
132.5550	0.1406	0.0380	NaN	0.0327	0.3388
132.5690	0.1415	0.0389	NaN	0.0336	0.3389
132.5824	0.1441	0.0400	NaN	0.0346	0.3388
132.5975	0.1462	0.0410	NaN	0.0356	0.3387
132.6129	0.1479	0.0421	NaN	0.0366	0.3388
132.6273	0.1492	0.0430	NaN	0.0374	0.3390
132.6406	0.1504	0.0440	NaN	0.0383	0.3391
132.6545	0.1516	0.0449	NaN	0.0392	0.3392
132.6712	0.1528	0.0457	NaN	0.0400	0.3393
132.6854	0.1539	0.0466	NaN	0.0408	0.3395
132.7001	0.1547	0.0474	NaN	0.0416	0.3399
132.7145	0.1553	0.0482	NaN	0.0424	0.3406
132.7296	0.1563	0.0490	NaN	0.0432	0.3413
132.7436	0.1574	0.0498	NaN	0.0440	0.3418
132.7619	0.1580	0.0506	NaN	0.0449	0.3421
132.7744	0.1591	0.0515	NaN	0.0457	0.3421
132.7881	0.1592	0.0523	NaN	0.0465	0.3422
132.8021	0.1594	0.0530	NaN	0.0472	0.3423
132.8176	0.1598	0.0538	NaN	0.0480	0.3421
132.8318	0.1613	0.0545	NaN	0.0487	0.3416
132.8461	0.1615	0.0552	NaN	0.0494	0.3413
132.8598	0.1604	0.0559	NaN	0.0500	0.3411
132.8743	0.1605	0.0565	NaN	0.0505	0.3410
132.8893	0.1604	0.0572	NaN	0.0512	0.3410
132.9049	0.1600	0.0578	NaN	0.0518	0.3414
132.9177	0.1602	0.0583	NaN	0.0523	0.3417
132.9307	0.1596	0.0588	NaN	0.0529	0.3421
132.9454	0.1593	0.0593	NaN	0.0534	0.3422
132.9620	0.1590	0.0598	NaN	0.0539	0.3427
132.9748	0.1588	0.0602	NaN	0.0543	0.3432
132.9882	0.1589	0.0606	NaN	0.0547	0.3435
133.0039	0.1588	0.0610	NaN	0.0550	0.3438
133.0185	0.1585	0.0612	NaN	0.0553	0.3440
133.0332	0.1587	0.0615	NaN	0.0555	0.3441
133.0480	0.1582	0.0617	NaN	0.0558	0.3440
133.0625	0.1573	0.0620	NaN	0.0560	0.3440
133.0762	0.1572	0.0622	NaN	0.0562	0.3441
133.0912	0.1569	0.0624	NaN	0.0565	0.3442
133.1046	0.1564	0.0626	NaN	0.0567	0.3443
133.1204	0.1562	0.0627	NaN	0.0568	0.3442
133.1358	0.1556	0.0628	NaN	0.0569	0.3440
133.1498	0.1549	0.0629	NaN	0.0570	0.3435
133.1644	0.1545	0.0630	NaN	0.0571	0.3432
133.1791	0.1535	0.0629	NaN	0.0572	0.3429
133.1954	0.1522	0.0629	NaN	0.0572	0.3430
133.2068	0.1511	0.0629	NaN	0.0571	0.3433
133.2206	0.1500	0.0628	NaN	0.0571	0.3437
133.2393	0.1499	0.0627	NaN	0.0571	0.3443
133.2520	0.1493	0.0627	NaN	0.0570	0.3450
133.2646	0.1489	0.0626	NaN	0.0569	0.3448
133.2782	0.1485	0.0624	NaN	0.0568	0.3445
133.2940	0.1482	0.0622	NaN	0.0566	0.3446
133.3087	0.1474	0.0620	NaN	0.0565	0.3451
133.3214	0.1467	0.0618	NaN	0.0562	0.3455
133.3366	0.1461	0.0616	NaN	0.0560	0.3457
133.3506	0.1451	0.0613	NaN	0.0558	0.3458
133.3627	0.1440	0.0611	NaN	0.0556	0.3458
133.3784	0.1436	0.0608	NaN	0.0553	0.3458
133.3939	0.1428	0.0604	NaN	0.0551	0.3455
133.4076	0.1417	0.0601	NaN	0.0547	0.3451
133.4202	0.1409	0.0597	NaN	0.0544	0.3446
133.4367	0.1400	0.0593	NaN	0.0541	0.3446
133.4493	0.1397	0.0590	NaN	0.0537	0.3447
133.4668	0.1395	0.0585	NaN	0.0533	0.3453
133.4807	0.1397	0.0581	NaN	0.0529	0.3460
133.4950	0.1388	0.0577	NaN	0.0525	0.3458
133.5121	0.1381	0.0572	NaN	0.0520	0.3452
133.5264	0.1361	0.0567	NaN	0.0516	0.3448
133.5387	0.1357	0.0562	NaN	0.0511	0.3446
133.5542	0.1350	0.0557	NaN	0.0506	0.3445
133.5693	0.1348	0.0551	NaN	0.0501	0.3445
133.5837	0.1338	0.0546	NaN	0.0497	0.3455
133.5969	0.1320	0.0540	NaN	0.0492	0.3465
133.6107	0.1306	0.0534	NaN	0.0487	0.3467
133.6290	0.1295	0.0528	NaN	0.0481	0.3466
133.6416	0.1283	0.0522	NaN	0.0476	0.3465
133.6562	0.1276	0.0517	NaN	0.0470	0.3462
133.6696	0.1265	0.0511	NaN	0.0465	0.3458
133.6863	0.1255	0.0505	NaN	0.0459	0.3454
133.7009	0.1245	0.0499	NaN	0.0453	0.3449
133.7122	0.1236	0.0494	NaN	0.0447	0.3449
133.7287	0.1225	0.0488	NaN	0.0442	0.3451
133.7416	0.1220	0.0482	NaN	0.0435	0.3455
133.7597	0.1210	0.0476	NaN	0.0429	0.3466
133.7730	0.1200	0.0469	NaN	0.0423	0.3471
133.7868	0.1191	0.0463	NaN	0.0418	0.3471
133.8012	0.1181	0.0457	NaN	0.0412	0.3471
133.8161	0.1170	0.0451	NaN	0.0407	0.3471
133.8277	0.1161	0.0446	NaN	0.0402	0.3467
133.8439	0.1155	0.0441	NaN	0.0396	0.3460
133.8580	0.1144	0.0435	NaN	0.0392	0.3456
133.8737	0.1132	0.0429	NaN	0.0386	0.3454
133.8872	0.1125	0.0424	NaN	0.0381	0.3453
133.9028	0.1118	0.0419	NaN	0.0376	0.3454
133.9177	0.1102	0.0412	NaN	0.0370	0.3459
133.9337	0.1091	0.0407	NaN	0.0365	0.3463
133.9469	0.1085	0.0401	NaN	0.0359	0.3468
133.9586	0.1077	0.0395	NaN	0.0354	0.3474
133.9740	0.1067	0.0389	NaN	0.0349	0.3477
133.9896	0.1059	0.0384	NaN	0.0343	0.3478
134.0026	0.1057	0.0379	NaN	0.0339	0.3477
134.0153	0.1054	0.0375	NaN	0.0335	0.3475
134.0338	0.1045	0.0370	NaN	0.0330	0.3474
134.0475	0.1038	0.0366	NaN	0.0326	0.3471
134.0622	0.1032	0.0362	NaN	0.0322	0.3466
134.0752	0.1023	0.0357	NaN	0.0317	0.3463
134.0896	0.1013	0.0352	NaN	0.0313	0.3461
134.1053	0.1003	0.0347	NaN	0.0309	0.3462
134.1176	0.0993	0.0343	NaN	0.0305	0.3464
134.1320	0.0986	0.0339	NaN	0.0301	0.3468
134.1481	0.0975	0.0335	NaN	0.0298	0.3476
134.1624	0.0966	0.0332	NaN	0.0295	0.3483
134.1753	0.0963	0.0329	NaN	0.0292	0.3485
134.1920	0.0962	0.0326	NaN	0.0290	0.3486
134.2049	0.0958	0.0323	NaN	0.0286	0.3486
134.2204	0.0957	0.0320	NaN	0.0283	0.3486
134.2338	0.0949	0.0317	NaN	0.0280	0.3484
134.2489	0.0947	0.0314	NaN	0.0277	0.3480
134.2645	0.0947	0.0311	NaN	0.0275	0.3478
134.2814	0.0944	0.0309	NaN	0.0272	0.3473
134.2933	0.0945	0.0307	NaN	0.0270	0.3468
134.3080	0.0949	0.0305	NaN	0.0269	0.3469
134.3238	0.0955	0.0303	NaN	0.0267	0.3472
134.3367	0.0961	0.0302	NaN	0.0265	0.3476
134.3507	0.0974	0.0301	NaN	0.0264	0.3480
134.3670	0.0990	0.0300	NaN	0.0262	0.3482
134.3833	0.1035	0.0300	NaN	0.0261	0.3486
134.3961	0.1117	0.0302	NaN	0.0260	0.3489
134.4106	0.1345	0.0309	NaN	0.0259	0.3490
134.4240	0.2073	0.0334	NaN	0.0258	0.3490
134.4411	0.1982	0.0330	NaN	0.0257	0.3491
134.4542	0.1391	0.0308	NaN	0.0256	0.3494
134.4680	0.1170	0.0300	NaN	0.0255	0.3495
134.4827	0.1090	0.0297	NaN	0.0255	0.3497
134.4992	0.1051	0.0295	NaN	0.0255	0.3498
134.5109	0.1035	0.0294	NaN	0.0255	0.3499
134.5253	0.1033	0.0294	NaN	0.0254	0.3499
134.5423	0.1039	0.0295	NaN	0.0255	0.3499
134.5555	0.1048	0.0295	NaN	0.0255	0.3498
134.5717	0.1066	0.0296	NaN	0.0256	0.3496
134.5839	0.1087	0.0298	NaN	0.0256	0.3492
134.6001	0.1114	0.0299	NaN	0.0257	0.3488
134.6161	0.1143	0.0301	NaN	0.0258	0.3486
134.6299	0.1185	0.0304	NaN	0.0259	0.3484
134.6442	0.1237	0.0307	NaN	0.0260	0.3485
134.6585	0.1304	0.0311	NaN	0.0262	0.3490
134.6728	0.1392	0.0315	NaN	0.0263	0.3497
134.6869	0.1500	0.0321	NaN	0.0265	0.3502
134.7021	0.1667	0.0329	NaN	0.0266	0.3508
134.7143	0.1922	0.0340	NaN	0.0269	0.3511
134.7310	0.2278	0.0355	NaN	0.0271	0.3513
134.7430	0.2865	0.0377	NaN	0.0273	0.3512
134.7586	0.3950	0.0419	NaN	0.0275	0.3513
134.7744	0.6116	0.0499	NaN	0.0279	0.3514
134.7879	0.5565	0.0483	NaN	0.0282	0.3517
134.8010	0.3731	0.0419	NaN	0.0284	0.3518
134.8175	0.2723	0.0385	NaN	0.0285	0.3518
134.8296	0.2291	0.0372	NaN	0.0288	0.3516
134.8463	0.2031	0.0365	NaN	0.0290	0.3514
134.8594	0.1866	0.0362	NaN	0.0292	0.3505
134.8742	0.1772	0.0361	NaN	0.0295	0.3501
134.8908	0.1717	0.0361	NaN	0.0298	0.3502
134.9049	0.1698	0.0364	NaN	0.0301	0.3502
134.9170	0.1715	0.0367	NaN	0.0304	0.3501
134.9344	0.1790	0.0374	NaN	0.0307	0.3503
134.9482	0.1947	0.0383	NaN	0.0311	0.3505
134.9630	0.2273	0.0398	NaN	0.0314	0.3507
134.9766	0.2882	0.0423	NaN	0.0318	0.3510
134.9912	0.4341	0.0480	NaN	0.0322	0.3516
135.0063	0.4211	0.0480	NaN	0.0327	0.3528
135.0205	0.2808	0.0433	NaN	0.0330	0.3533
135.0339	0.2215	0.0416	NaN	0.0334	0.3527
135.0494	0.1982	0.0411	NaN	0.0338	0.3520
135.0617	0.1879	0.0411	NaN	0.0342	0.3519
135.0763	0.1847	0.0414	NaN	0.0346	0.3519
135.0904	0.1862	0.0419	NaN	0.0350	0.3517
135.1071	0.1943	0.0427	NaN	0.0355	0.3516
135.1204	0.2120	0.0438	NaN	0.0360	0.3517
135.1360	0.2408	0.0453	NaN	0.0365	0.3519
135.1497	0.2385	0.0458	NaN	0.0369	0.3523
135.1625	0.2117	0.0452	NaN	0.0374	0.3526
135.1786	0.1940	0.0450	NaN	0.0378	0.3533
135.1938	0.1844	0.0452	NaN	0.0383	0.3538
135.2045	0.1793	0.0454	NaN	0.0387	0.3541
135.2197	0.1774	0.0458	NaN	0.0392	0.3543
135.2353	0.1760	0.0463	NaN	0.0398	0.3545
135.2512	0.1770	0.0469	NaN	0.0403	0.3547
135.2646	0.1790	0.0475	NaN	0.0408	0.3548
135.2787	0.1830	0.0481	NaN	0.0413	0.3546
135.2960	0.1915	0.0490	NaN	0.0419	0.3544
135.3142	0.2077	0.0500	NaN	0.0424	0.3539
135.3237	0.2382	0.0516	NaN	0.0430	0.3535
135.3400	0.2762	0.0536	NaN	0.0436	0.3539
135.3549	0.2493	0.0532	NaN	0.0442	0.3550
135.3719	0.2176	0.0526	NaN	0.0447	0.3550
135.3840	0.2015	0.0525	NaN	0.0452	0.3547
135.4000	0.1931	0.0527	NaN	0.0457	0.3545
135.4125	0.1890	0.0529	NaN	0.0461	0.3541
135.4266	0.1864	0.0533	NaN	0.0466	0.3539
135.4400	0.1849	0.0537	NaN	0.0470	0.3539
135.4548	0.1847	0.0541	NaN	0.0475	0.3542
135.4702	0.1843	0.0547	NaN	0.0480	0.3546
135.4853	0.1845	0.0552	NaN	0.0485	0.3548
135.4979	0.1861	0.0557	NaN	0.0490	0.3557
135.5128	0.1883	0.0563	NaN	0.0495	0.3563
135.5288	0.1929	0.0570	NaN	0.0499	0.3565
135.5430	0.2030	0.0577	NaN	0.0503	0.3567
135.5569	0.2101	0.0584	NaN	0.0506	0.3568
135.5716	0.2006	0.0585	NaN	0.0511	0.3564
135.5868	0.1926	0.0587	NaN	0.0515	0.3554
135.5997	0.1888	0.0590	NaN	0.0520	0.3552
135.6136	0.1875	0.0594	NaN	0.0525	0.3552
135.6293	0.1867	0.0599	NaN	0.0529	0.3552
135.6428	0.1866	0.0603	NaN	0.0534	0.3552
135.6589	0.1855	0.0608	NaN	0.0538	0.3555
135.6710	0.1865	0.0611	NaN	0.0541	0.3557
135.6863	0.1855	0.0615	NaN	0.0545	0.3560
135.7017	0.1852	0.0619	NaN	0.0550	0.3571
135.7171	0.1854	0.0624	NaN	0.0555	0.3569
135.7305	0.1858	0.0628	NaN	0.0558	0.3572
135.7437	0.1857	0.0632	NaN	0.0562	0.3575
135.7589	0.1868	0.0636	NaN	0.0566	0.3580
135.7736	0.1865	0.0640	NaN	0.0571	0.3582
135.7882	0.1877	0.0644	NaN	0.0574	0.3581
135.8040	0.1869	0.0649	NaN	0.0579	0.3578
135.8163	0.1873	0.0654	NaN	0.0583	0.3570
135.8316	0.1881	0.0658	NaN	0.0588	0.3565
135.8474	0.1876	0.0662	NaN	0.0592	0.3566
135.8622	0.1881	0.0666	NaN	0.0595	0.3569
135.8771	0.1885	0.0669	NaN	0.0599	0.3573
135.8920	0.1880	0.0673	NaN	0.0603	0.3573
135.9037	0.1879	0.0676	NaN	0.0606	0.3579
135.9197	0.1872	0.0680	NaN	0.0610	0.3585
135.9334	0.1864	0.0682	NaN	0.0613	0.3587
135.9447	0.1844	0.0685	NaN	0.0617	0.3591
135.9616	0.1837	0.0688	NaN	0.0620	0.3593
135.9760	0.1839	0.0690	NaN	0.0622	0.3593
135.9878	0.1823	0.0693	NaN	0.0625	0.3592
136.0023	0.1849	0.0696	NaN	0.0627	0.3593
136.0158	0.1859	0.0698	NaN	0.0629	0.3590
136.0316	0.1865	0.0701	NaN	0.0632	0.3585
136.0474	0.1863	0.0704	NaN	0.0635	0.3580
136.0601	0.1860	0.0707	NaN	0.0637	0.3578
136.0760	0.1854	0.0709	NaN	0.0640	0.3578
136.0904	0.1848	0.0712	NaN	0.0643	0.3580
136.1053	0.1843	0.0714	NaN	0.0646	0.3583
136.1197	0.1849	0.0717	NaN	0.0648	0.3591
136.1342	0.1825	0.0719	NaN	0.0651	0.3597
136.1497	0.1826	0.0721	NaN	0.0653	0.3601
136.1647	0.1819	0.0723	NaN	0.0655	0.3603
136.1772	0.1803	0.0724	NaN	0.0657	0.3605
136.1912	0.1800	0.0726	NaN	0.0659	0.3603
136.2082	0.1803	0.0729	NaN	0.0662	0.3600
136.2213	0.1813	0.0731	NaN	0.0664	0.3592
136.2363	0.1817	0.0733	NaN	0.0665	0.3590
136.2506	0.1812	0.0734	NaN	0.0667	0.3589
136.2642	0.1799	0.0736	NaN	0.0668	0.3589
136.2800	0.1808	0.0737	NaN	0.0670	0.3589
136.2943	0.1814	0.0739	NaN	0.0672	0.3591
136.3104	0.1817	0.0741	NaN	0.0674	0.3597
136.3245	0.1809	0.0743	NaN	0.0676	0.3595
136.3418	0.1799	0.0744	NaN	0.0677	0.3594
136.3534	0.1786	0.0745	NaN	0.0679	0.3599
136.3672	0.1799	0.0747	NaN	0.0680	0.3603
136.3818	0.1813	0.0748	NaN	0.0681	0.3604
136.3959	0.1816	0.0750	NaN	0.0682	0.3607
136.4085	0.1812	0.0751	NaN	0.0683	0.3613
136.4244	0.1818	0.0752	NaN	0.0685	0.3618
136.4395	0.1805	0.0754	NaN	0.0687	0.3618
136.4557	0.1795	0.0755	NaN	0.0688	0.3614
136.4669	0.1794	0.0756	NaN	0.0689	0.3611
136.4799	0.1795	0.0757	NaN	0.0690	0.3608
136.4974	0.1804	0.0758	NaN	0.0691	0.3603
136.5117	0.1801	0.0759	NaN	0.0692	0.3602
136.5265	0.1797	0.0760	NaN	0.0693	0.3602
136.5424	0.1796	0.0762	NaN	0.0694	0.3603
136.5566	0.1792	0.0763	NaN	0.0696	0.3602
136.5712	0.1792	0.0763	NaN	0.0696	0.3603
136.5867	0.1798	0.0764	NaN	0.0697	0.3603
136.6006	0.1806	0.0766	NaN	0.0698	0.3604
136.6151	0.1809	0.0767	NaN	0.0699	0.3605
136.6290	0.1804	0.0767	NaN	0.0700	0.3607
136.6435	0.1798	0.0768	NaN	0.0700	0.3609
136.6583	0.1807	0.0769	NaN	0.0701	0.3613
136.6753	0.1804	0.0770	NaN	0.0702	0.3621
136.6892	0.1809	0.0771	NaN	0.0703	0.3625
136.7005	0.1812	0.0771	NaN	0.0703	0.3624
136.7140	0.1825	0.0772	NaN	0.0704	0.3628
136.7288	0.1821	0.0772	NaN	0.0704	0.3631
136.7433	0.1809	0.0773	NaN	0.0705	0.3633
136.7581	0.1812	0.0774	NaN	0.0705	0.3634
136.7743	0.1813	0.0774	NaN	0.0706	0.3632
136.7867	0.1810	0.0774	NaN	0.0706	0.3631
136.8030	0.1804	0.0775	NaN	0.0707	0.3629
136.8170	0.1797	0.0776	NaN	0.0708	0.3628
136.8314	0.1798	0.0776	NaN	0.0708	0.3626
136.8454	0.1797	0.0776	NaN	0.0709	0.3622
136.8622	0.1803	0.0777	NaN	0.0709	0.3619
136.8747	0.1806	0.0777	NaN	0.0710	0.3618
136.8929	0.1799	0.0778	NaN	0.0710	0.3620
136.9068	0.1796	0.0778	NaN	0.0711	0.3625
136.9204	0.1812	0.0779	NaN	0.0710	0.3631
136.9331	0.1801	0.0779	NaN	0.0711	0.3635
136.9467	0.1800	0.0779	NaN	0.0711	0.3638
136.9634	0.1800	0.0779	NaN	0.0712	0.3641
136.9764	0.1798	0.0780	NaN	0.0712	0.3642
136.9891	0.1796	0.0780	NaN	0.0712	0.3641
137.0051	0.1796	0.0780	NaN	0.0713	0.3639
137.0205	0.1795	0.0780	NaN	0.0713	0.3635
137.0344	0.1787	0.0781	NaN	0.0713	0.3631
137.0483	0.1797	0.0781	NaN	0.0713	0.3628
137.0624	0.1792	0.0781	NaN	0.0713	0.3626
137.0770	0.1776	0.0781	NaN	0.0714	0.3625
137.0928	0.1783	0.0781	NaN	0.0714	0.3626
137.1076	0.1781	0.0782	NaN	0.0714	0.3629
137.1210	0.1778	0.0782	NaN	0.0715	0.3631
137.1378	0.1778	0.0782	NaN	0.0715	0.3635
137.1530	0.1775	0.0782	NaN	0.0716	0.3641
137.1658	0.1775	0.0783	NaN	0.0716	0.3646
137.1811	0.1777	0.0783	NaN	0.0716	0.3650
137.1938	0.1777	0.0783	NaN	0.0716	0.3651
137.2076	0.1772	0.0783	NaN	0.0717	0.3651
137.2212	0.1777	0.0783	NaN	0.0717	0.3652
137.2345	0.1786	0.0784	NaN	0.0717	0.3652
137.2472	0.1790	0.0784	NaN	0.0717	0.3651
137.2612	0.1794	0.0784	NaN	0.0717	0.3648
137.2757	0.1789	0.0784	NaN	0.0717	0.3646
137.2894	0.1782	0.0784	NaN	0.0717	0.3647
137.3049	0.1791	0.0785	NaN	0.0717	0.3647
137.3184	0.1794	0.0785	NaN	0.0717	0.3639
137.3336	0.1798	0.0785	NaN	0.0718	0.3636
137.3488	0.1801	0.0786	NaN	0.0718	0.3636
137.3648	0.1812	0.0786	NaN	0.0718	0.3637
137.3783	0.1813	0.0786	NaN	0.0718	0.3645
137.3928	0.1812	0.0786	NaN	0.0718	0.3653
137.4079	0.1821	0.0787	NaN	0.0718	0.3656
137.4229	0.1833	0.0787	NaN	0.0718	0.3659
137.4370	0.1798	0.0787	NaN	0.0719	0.3661
137.4515	0.1796	0.0787	NaN	0.0719	0.3661
137.4665	0.1795	0.0787	NaN	0.0719	0.3662
137.4830	0.1811	0.0787	NaN	0.0719	0.3662
137.4952	0.1807	0.0787	NaN	0.0719	0.3654
137.5100	0.1808	0.0787	NaN	0.0719	0.3646
137.5227	0.1803	0.0787	NaN	0.0720	0.3644
137.5397	0.1801	0.0787	NaN	0.0720	0.3646
137.5505	0.1802	0.0788	NaN	0.0720	0.3646
137.5645	0.1804	0.0788	NaN	0.0720	0.3645
137.5814	0.1805	0.0788	NaN	0.0720	0.3645
137.5960	0.1807	0.0788	NaN	0.0720	0.3647
137.6098	0.1807	0.0788	NaN	0.0720	0.3651
137.6215	0.1805	0.0788	NaN	0.0720	0.3654
137.6394	0.1803	0.0788	NaN	0.0721	0.3655
137.6538	0.1805	0.0788	NaN	0.0721	0.3660
137.6654	0.1809	0.0788	NaN	0.0721	0.3661
137.6816	0.1811	0.0789	NaN	0.0721	0.3664
137.6982	0.1810	0.0789	NaN	0.0721	0.3668
137.7103	0.1813	0.0789	NaN	0.0721	0.3672
137.7235	0.1812	0.0789	NaN	0.0721	0.3672
137.7399	0.1806	0.0789	NaN	0.0721	0.3668
137.7536	0.1798	0.0789	NaN	0.0722	0.3664
137.7694	0.1794	0.0789	NaN	0.0722	0.3659
137.7829	0.1808	0.0790	NaN	0.0722	0.3655
137.7978	0.1829	0.0791	NaN	0.0722	0.3654
137.8132	0.1818	0.0790	NaN	0.0722	0.3653
137.8280	0.1797	0.0790	NaN	0.0722	0.3655
137.8412	0.1802	0.0790	NaN	0.0722	0.3660
137.8551	0.1802	0.0790	NaN	0.0722	0.3665
137.8707	0.1803	0.0790	NaN	0.0722	0.3671
137.8845	0.1788	0.0789	NaN	0.0722	0.3671
137.8987	0.1596	0.0770	NaN	0.0710	0.3618
137.9145	0.1618	0.0769	NaN	0.0708	0.3608
137.9282	0.1620	0.0770	NaN	0.0709	0.3612
137.9439	0.1609	0.0771	NaN	0.0710	0.3618
137.9584	0.1598	0.0771	NaN	0.0711	0.3622
137.9747	0.1603	0.0772	NaN	0.0712	0.3625
137.9891	0.1610	0.0773	NaN	0.0712	0.3627
138.0030	0.1612	0.0774	NaN	0.0713	0.3629
138.0175	0.1614	0.0774	NaN	0.0713	0.3631
138.0315	0.1621	0.0775	NaN	0.0713	0.3632
138.0469	0.1630	0.0775	NaN	0.0713	0.3633
138.0600	0.1615	0.0774	NaN	0.0713	0.3630
138.0727	0.1615	0.0766	NaN	0.0705	0.3590
138.0897	0.1613	0.0766	NaN	0.0705	0.3593
138.1042	0.1609	0.0767	NaN	0.0706	0.3598
138.1196	0.1606	0.0768	NaN	0.0707	0.3604
138.1322	0.1603	0.0769	NaN	0.0708	0.3607
138.1481	0.1595	0.0769	NaN	0.0709	0.3610
138.1660	0.1589	0.0770	NaN	0.0710	0.3613
138.1798	0.1586	0.0770	NaN	0.0710	0.3615
138.1926	0.1576	0.0771	NaN	0.0711	0.3617
138.2080	0.1585	0.0771	NaN	0.0711	0.3619
138.2238	0.1595	0.0771	NaN	0.0711	0.3620
138.2365	0.1596	0.0771	NaN	0.0711	0.3621
138.2497	0.1589	0.0771	NaN	0.0711	0.3621
138.2644	0.1590	0.0772	NaN	0.0711	0.3622
138.2784	0.1584	0.0771	NaN	0.0712	0.3621
138.2956	0.1610	0.0764	NaN	0.0703	0.3579
138.3093	0.1608	0.0766	NaN	0.0705	0.3590
138.3215	0.1597	0.0767	NaN	0.0706	0.3595
138.3366	0.1606	0.0767	NaN	0.0706	0.3599
138.3515	0.1613	0.0768	NaN	0.0707	0.3600
138.3645	0.1606	0.0768	NaN	0.0707	0.3602
138.3780	0.1615	0.0768	NaN	0.0707	0.3603
138.3956	0.1632	0.0767	NaN	0.0705	0.3595
138.4113	0.1651	0.0763	NaN	0.0701	0.3573
138.4226	0.1639	0.0764	NaN	0.0703	0.3582
138.4369	0.1626	0.0765	NaN	0.0704	0.3585
138.4526	0.1635	0.0766	NaN	0.0704	0.3587
138.4665	0.1660	0.0763	NaN	0.0701	0.3572
138.4802	0.1670	0.0763	NaN	0.0700	0.3569
138.4970	0.1676	0.0763	NaN	0.0700	0.3573
138.5121	0.1669	0.0763	NaN	0.0700	0.3573
138.5255	0.1666	0.0762	NaN	0.0699	0.3565
138.5397	0.1667	0.0761	NaN	0.0699	0.3564
138.5535	0.1665	0.0761	NaN	0.0699	0.3565
138.5684	0.1669	0.0761	NaN	0.0699	0.3564
138.5825	0.1673	0.0761	NaN	0.0698	0.3562
138.5967	0.1677	0.0761	NaN	0.0698	0.3561
138.6102	0.1678	0.0761	NaN	0.0698	0.3562
138.6285	0.1680	0.0761	NaN	0.0698	0.3562
138.6403	0.1668	0.0761	NaN	0.0698	0.3561
138.6561	0.1673	0.0761	NaN	0.0698	0.3561
138.6718	0.1682	0.0761	NaN	0.0697	0.3561
138.6852	0.1683	0.0761	NaN	0.0697	0.3561
138.6975	0.1686	0.0761	NaN	0.0698	0.3561
138.7116	0.1690	0.0761	NaN	0.0697	0.3560
138.7280	0.1693	0.0761	NaN	0.0697	0.3559
138.7431	0.1699	0.0761	NaN	0.0697	0.3559
138.7555	0.1698	0.0760	NaN	0.0697	0.3559
138.7701	0.1698	0.0760	NaN	0.0697	0.3560
138.7860	0.1703	0.0760	NaN	0.0697	0.3559
138.7992	0.1700	0.0760	NaN	0.0697	0.3558
138.8145	0.1701	0.0760	NaN	0.0696	0.3556
138.8270	0.1707	0.0760	NaN	0.0696	0.3555
138.8454	0.1711	0.0760	NaN	0.0696	0.3555
138.8597	0.1712	0.0760	NaN	0.0696	0.3556
138.8728	0.1717	0.0759	NaN	0.0695	0.3556
138.8863	0.1723	0.0759	NaN	0.0695	0.3554
138.9006	0.1729	0.0759	NaN	0.0694	0.3550
138.9151	0.1729	0.0758	NaN	0.0694	0.3547
138.9289	0.1732	0.0758	NaN	0.0693	0.3547
138.9445	0.1732	0.0757	NaN	0.0692	0.3550
138.9586	0.1731	0.0756	NaN	0.0691	0.3546
138.9741	0.1736	0.0755	NaN	0.0690	0.3534
138.9862	0.1740	0.0754	NaN	0.0689	0.3533
139.0012	0.1747	0.0752	NaN	0.0687	0.3522
139.0167	0.1751	0.0753	NaN	0.0687	0.3514
139.0310	0.1750	0.0753	NaN	0.0688	0.3527
139.0439	0.1750	0.0753	NaN	0.0688	0.3537
139.0590	0.1750	0.0753	NaN	0.0688	0.3539
139.0731	0.1753	0.0753	NaN	0.0688	0.3531
139.0891	0.1753	0.0754	NaN	0.0688	0.3521
139.1015	0.1749	0.0754	NaN	0.0688	0.3520
139.1165	0.1744	0.0754	NaN	0.0689	0.3526
139.1330	0.1748	0.0754	NaN	0.0689	0.3535
139.1474	0.1747	0.0754	NaN	0.0689	0.3541
139.1607	0.1735	0.0754	NaN	0.0690	0.3547
139.1766	0.1735	0.0754	NaN	0.0690	0.3549
139.1908	0.1737	0.0754	NaN	0.0690	0.3549
139.2067	0.1741	0.0755	NaN	0.0690	0.3544
139.2224	0.1750	0.0755	NaN	0.0690	0.3537
139.2361	0.1754	0.0755	NaN	0.0690	0.3533
139.2501	0.1762	0.0755	NaN	0.0690	0.3532
139.2667	0.1763	0.0756	NaN	0.0690	0.3533
139.2803	0.1760	0.0756	NaN	0.0691	0.3538
139.2937	0.1764	0.0756	NaN	0.0691	0.3542
139.3073	0.1763	0.0757	NaN	0.0691	0.3546
139.3247	0.1761	0.0757	NaN	0.0691	0.3554
139.3365	0.1757	0.0757	NaN	0.0691	0.3560
139.3514	0.1754	0.0757	NaN	0.0692	0.3561
139.3670	0.1752	0.0757	NaN	0.0692	0.3560
139.3818	0.1755	0.0757	NaN	0.0692	0.3560
139.3932	0.1756	0.0757	NaN	0.0692	0.3555
139.4104	0.1757	0.0758	NaN	0.0692	0.3549
139.4239	0.1757	0.0758	NaN	0.0692	0.3545
139.4394	0.1763	0.0759	NaN	0.0693	0.3547
139.4529	0.1765	0.0759	NaN	0.0693	0.3552
139.4669	0.1757	0.0759	NaN	0.0693	0.3558
139.4821	0.1752	0.0759	NaN	0.0693	0.3562
139.4968	0.1783	0.0760	NaN	0.0693	0.3561
139.5101	0.1802	0.0760	NaN	0.0693	0.3553
139.5266	0.1798	0.0760	NaN	0.0693	0.3554
139.5408	0.1787	0.0760	NaN	0.0693	0.3558
139.5554	0.1776	0.0760	NaN	0.0693	0.3567
139.5677	0.1779	0.0760	NaN	0.0693	0.3576
139.5823	0.1787	0.0760	NaN	0.0693	0.3578
139.5975	0.1781	0.0760	NaN	0.0694	0.3579
139.6142	0.1771	0.0760	NaN	0.0694	0.3578
139.6262	0.1770	0.0760	NaN	0.0694	0.3580
139.6402	0.1779	0.0760	NaN	0.0694	0.3580
139.6572	0.1789	0.0761	NaN	0.0693	0.3582
139.6714	0.1779	0.0761	NaN	0.0694	0.3584
139.6844	0.1778	0.0761	NaN	0.0694	0.3582
139.6982	0.1794	0.0761	NaN	0.0694	0.3581
139.7169	0.1804	0.0762	NaN	0.0694	0.3577
139.7284	0.1808	0.0762	NaN	0.0694	0.3574
139.7408	0.1797	0.0761	NaN	0.0694	0.3573
139.7565	0.1801	0.0762	NaN	0.0694	0.3569
139.7716	0.1808	0.0762	NaN	0.0694	0.3574
139.7852	0.1808	0.0762	NaN	0.0694	0.3571
139.7998	0.1805	0.0762	NaN	0.0694	0.3573
139.8136	0.1828	0.0762	NaN	0.0694	0.3584
139.8298	0.1826	0.0762	NaN	0.0694	0.3591
139.8414	0.1823	0.0762	NaN	0.0694	0.3596
139.8575	0.1822	0.0762	NaN	0.0694	0.3597
139.8714	0.1821	0.0762	NaN	0.0693	0.3597
139.8872	0.1818	0.0762	NaN	0.0694	0.3597
139.8990	0.1817	0.0762	NaN	0.0694	0.3598
139.9157	0.1813	0.0762	NaN	0.0694	0.3596
139.9295	0.1822	0.0762	NaN	0.0694	0.3593
139.9431	0.1818	0.0762	NaN	0.0694	0.3592
139.9566	0.1825	0.0761	NaN	0.0693	0.3586
139.9713	0.1814	0.0761	NaN	0.0693	0.3583
139.9870	0.1822	0.0761	NaN	0.0693	0.3581
140.0026	0.1826	0.0761	NaN	0.0693	0.3582
140.0157	0.1839	0.0761	NaN	0.0693	0.3587
140.0307	0.1832	0.0761	NaN	0.0693	0.3593
140.0441	0.1826	0.0761	NaN	0.0693	0.3593
140.0594	0.1819	0.0761	NaN	0.0693	0.3598
140.0738	0.1823	0.0760	NaN	0.0692	0.3599
140.0889	0.1827	0.0760	NaN	0.0691	0.3600
140.1037	0.1838	0.0760	NaN	0.0691	0.3606
140.1198	0.1842	0.0759	NaN	0.0691	0.3612
140.1316	0.1845	0.0759	NaN	0.0690	0.3615
140.1516	0.1850	0.0758	NaN	0.0690	0.3616
140.1658	0.1849	0.0758	NaN	0.0689	0.3617
140.1801	0.1857	0.0757	NaN	0.0688	0.3617
140.1928	0.1859	0.0757	NaN	0.0688	0.3616
140.2081	0.1873	0.0757	NaN	0.0687	0.3615
140.2212	0.1868	0.0756	NaN	0.0686	0.3608
140.2374	0.1880	0.0755	NaN	0.0685	0.3603
140.2493	0.1886	0.0754	NaN	0.0684	0.3601
140.2664	0.1897	0.0754	NaN	0.0683	0.3602
140.2808	0.1906	0.0753	NaN	0.0682	0.3604
140.2966	0.1909	0.0752	NaN	0.0681	0.3610
140.3097	0.1911	0.0751	NaN	0.0680	0.3619
140.3229	0.1916	0.0750	NaN	0.0679	0.3626
140.3397	0.1922	0.0749	NaN	0.0678	0.3629
140.3523	0.1927	0.0748	NaN	0.0676	0.3627
140.3660	0.1931	0.0747	NaN	0.0675	0.3621
140.3809	0.1941	0.0746	NaN	0.0674	0.3619
140.3966	0.1948	0.0744	NaN	0.0672	0.3615
140.4117	0.1950	0.0743	NaN	0.0671	0.3613
140.4227	0.1957	0.0742	NaN	0.0669	0.3612
140.4407	0.1962	0.0740	NaN	0.0667	0.3613
140.4555	0.1970	0.0739	NaN	0.0666	0.3617
140.4675	0.1980	0.0737	NaN	0.0664	0.3624
140.4823	0.1997	0.0736	NaN	0.0661	0.3631
140.4954	0.1994	0.0734	NaN	0.0660	0.3637
140.5127	0.1977	0.0732	NaN	0.0658	0.3641
140.5284	0.2002	0.0730	NaN	0.0656	0.3643
140.5412	0.2012	0.0728	NaN	0.0653	0.3642
140.5554	0.2031	0.0726	NaN	0.0651	0.3643
140.5702	0.2041	0.0724	NaN	0.0648	0.3641
140.5873	0.2041	0.0722	NaN	0.0646	0.3639
140.5973	0.2048	0.0720	NaN	0.0644	0.3636
140.6131	0.2061	0.0718	NaN	0.0641	0.3629
140.6281	0.2070	0.0716	NaN	0.0639	0.3626
140.6447	0.2074	0.0713	NaN	0.0636	0.3629
140.6563	0.2074	0.0711	NaN	0.0634	0.3636
140.6722	0.2079	0.0709	NaN	0.0632	0.3645
140.6870	0.2096	0.0706	NaN	0.0628	0.3651
140.7035	0.2110	0.0703	NaN	0.0625	0.3655
140.7163	0.2127	0.0700	NaN	0.0622	0.3653
140.7302	0.2138	0.0697	NaN	0.0618	0.3650
140.7451	0.2142	0.0694	NaN	0.0614	0.3643
140.7589	0.2149	0.0691	NaN	0.0611	0.3637
140.7733	0.2158	0.0688	NaN	0.0607	0.3637
140.7875	0.2163	0.0684	NaN	0.0604	0.3641
140.8025	0.2177	0.0681	NaN	0.0600	0.3649
140.8174	0.2180	0.0678	NaN	0.0597	0.3660
140.8301	0.2187	0.0675	NaN	0.0594	0.3664
140.8450	0.2195	0.0672	NaN	0.0590	0.3663
140.8606	0.2204	0.0669	NaN	0.0587	0.3657
140.8750	0.2215	0.0666	NaN	0.0583	0.3662
140.8884	0.2221	0.0664	NaN	0.0581	0.3667
140.9019	0.2217	0.0660	NaN	0.0577	0.3670
140.9184	0.2245	0.0656	NaN	0.0573	0.3670
140.9321	0.2251	0.0653	NaN	0.0569	0.3668
140.9455	0.2252	0.0650	NaN	0.0566	0.3666
140.9605	0.2256	0.0647	NaN	0.0562	0.3673
140.9756	0.2269	0.0644	NaN	0.0559	0.3673
140.9906	0.2277	0.0640	NaN	0.0556	0.3673
141.0036	0.2288	0.0638	NaN	0.0553	0.3671
141.0216	0.2283	0.0635	NaN	0.0550	0.3672
141.0340	0.2288	0.0631	NaN	0.0546	0.3663
141.0510	0.2308	0.0627	NaN	0.0542	0.3660
141.0620	0.2323	0.0624	NaN	0.0538	0.3656
141.0784	0.2337	0.0620	NaN	0.0533	0.3660
141.0919	0.2345	0.0617	NaN	0.0530	0.3666
141.1058	0.2361	0.0614	NaN	0.0526	0.3675
141.1204	0.2381	0.0611	NaN	0.0522	0.3683
141.1362	0.2401	0.0608	NaN	0.0519	0.3687
141.1505	0.2420	0.0606	NaN	0.0516	0.3688
141.1630	0.2448	0.0603	NaN	0.0513	0.3688
141.1776	0.2481	0.0602	NaN	0.0510	0.3685
141.1920	0.2526	0.0600	NaN	0.0507	0.3682
141.2069	0.2578	0.0600	NaN	0.0505	0.3684
141.2197	0.2654	0.0600	NaN	0.0503	0.3686
141.2364	0.2781	0.0602	NaN	0.0501	0.3687
141.2507	0.2958	0.0606	NaN	0.0499	0.3683
141.2648	0.3207	0.0614	NaN	0.0498	0.3678
141.2777	0.3406	0.0618	NaN	0.0495	0.3675
141.2934	0.3156	0.0607	NaN	0.0493	0.3675
141.3096	0.2932	0.0596	NaN	0.0491	0.3676
141.3231	0.2791	0.0590	NaN	0.0489	0.3677
141.3370	0.2725	0.0585	NaN	0.0487	0.3686
141.3505	0.2705	0.0583	NaN	0.0486	0.3699
141.3659	0.2734	0.0582	NaN	0.0483	0.3703
141.3795	0.2779	0.0581	NaN	0.0481	0.3703
141.3940	0.2872	0.0583	NaN	0.0480	0.3702
141.4084	0.3062	0.0588	NaN	0.0479	0.3700
141.4237	0.3425	0.0600	NaN	0.0477	0.3692
141.4385	0.4077	0.0623	NaN	0.0476	0.3687
141.4522	0.4645	0.0643	NaN	0.0476	0.3685
141.4661	0.4065	0.0622	NaN	0.0475	0.3687
141.4802	0.3611	0.0604	NaN	0.0474	0.3691
141.4946	0.3424	0.0596	NaN	0.0473	0.3699
141.5091	0.3431	0.0595	NaN	0.0472	0.3706
141.5248	0.3621	0.0602	NaN	0.0473	0.3711
141.5403	0.3672	0.0605	NaN	0.0473	0.3714
141.5544	0.3283	0.0590	NaN	0.0472	0.3713
141.5680	0.3031	0.0581	NaN	0.0472	0.3709
141.5824	0.2918	0.0577	NaN	0.0472	0.3703
141.5976	0.2918	0.0577	NaN	0.0472	0.3696
141.6136	0.3092	0.0584	NaN	0.0473	0.3697
141.6263	0.3301	0.0593	NaN	0.0474	0.3697
141.6395	0.3124	0.0587	NaN	0.0475	0.3700
141.6545	0.2953	0.0582	NaN	0.0476	0.3707
141.6674	0.2943	0.0582	NaN	0.0476	0.3711
141.6818	0.3074	0.0588	NaN	0.0477	0.3713
141.6960	0.3377	0.0600	NaN	0.0479	0.3715
141.7106	0.3360	0.0601	NaN	0.0481	0.3720
141.7256	0.2774	0.0583	NaN	0.0483	0.3720
141.7394	0.2492	0.0574	NaN	0.0484	0.3714
141.7538	0.2328	0.0570	NaN	0.0486	0.3712
141.7684	0.2170	0.0567	NaN	0.0489	0.3710
141.7854	0.2101	0.0567	NaN	0.0491	0.3708
141.7977	0.2215	0.0573	NaN	0.0493	0.3709
141.8138	0.2265	0.0577	NaN	0.0495	0.3711
