X H  in mm	Y H rel	Gauss fit H	H Gauss Coefficients	X V in mm	Y V rel	Gauss fit V	V Gauss Coefficientes
0.00000	20.00000	0.00000	0.00000	0.00000	22.00000	0.00000	0.00000
0.01238	20.00000	0.00000	0.00000	0.01238	22.00000	0.00000	0.00000
0.02475	20.00000	0.00000	0.00000	0.02475	22.00000	0.00000	0.00000
0.03713	20.00000	0.00000	0.00000	0.03713	19.00000	0.00000	0.00000
0.04950	20.00000	0.00000	0.00000	0.04950	22.00000	0.00000	0.00000
0.06187	20.00000	0.00000	0.00000	0.06188	19.00000	0.00000	0.00000
0.07425	20.00000	0.00000	0.00000	0.07425	22.00000	0.00000	0.00000
0.08663	20.00000	0.00000	0.00000	0.08663	22.00000	0.00000	0.00000
0.09900	19.00000	0.00000	0.00000	0.09900	22.00000	0.00000	0.00000
0.11138	19.00000	0.00000	0.00000	0.11138	19.00000	0.00000	0.00000
0.12375	22.00000	0.00000	0.00000	0.12375	22.00000	0.00000	0.00000
0.13612	22.00000	0.00000	0.00000	0.13613	22.00000	0.00000	0.00000
0.14850	22.00000	0.00000	0.00000	0.14850	19.00000	0.00000	0.00000
0.16088	22.00000	0.00000	0.00000	0.16088	22.00000	0.00000	0.00000
0.17325	19.00000	0.00000	0.00000	0.17325	22.00000	0.00000	0.00000
0.18563	18.00000	0.00000	0.00000	0.18563	20.00000	0.00000	0.00000
0.19800	19.00000	0.00000	0.00000	0.19800	22.00000	0.00000	0.00000
0.21038	22.00000	0.00000	0.00000	0.21038	22.00000	0.00000	0.00000
0.22275	22.00000	0.00000	0.00000	0.22275	22.00000	0.00000	0.00000
0.23513	18.00000	0.00000	0.00000	0.23513	22.00000	0.00000	0.00000
0.24750	18.00000	0.00000	0.00000	0.24750	22.00000	0.00000	0.00000
0.25988	19.00000	0.00000	0.00000	0.25988	22.00000	0.00000	0.00000
0.27225	18.00000	0.00000	0.00000	0.27225	22.00000	0.00000	0.00000
0.28463	18.00000	0.00000	0.00000	0.28463	22.00000	0.00000	0.00000
0.29700	22.00000	0.00000	0.00000	0.29700	23.00000	0.00000	0.00000
0.30938	22.00000	0.00000	0.00000	0.30938	22.00000	0.00000	0.00000
0.32175	19.00000	0.00000	0.00000	0.32175	22.00000	0.00000	0.00000
0.33413	19.00000	0.00000	0.00000	0.33413	22.00000	0.00000	0.00000
0.34650	20.00000	0.00000	0.00000	0.34650	22.00000	0.00000	0.00000
0.35887	20.00000	0.00000	0.00000	0.35888	22.00000	0.00000	0.00000
0.37125	19.00000	0.00000	0.00000	0.37125	22.00000	0.00000	0.00000
0.38362	19.00000	0.00000	0.00000	0.38363	22.00000	0.00000	0.00000
0.39600	22.00000	0.00000	0.00000	0.39600	22.00000	0.00000	0.00000
0.40838	19.00000	0.00000	0.00000	0.40838	22.00000	0.00000	0.00000
0.42075	19.00000	0.00000	0.00000	0.42075	22.00000	0.00000	0.00000
0.43313	19.00000	0.00000	0.00000	0.43313	22.00000	0.00000	0.00000
0.44550	22.00000	0.00000	0.00000	0.44550	22.00000	0.00000	0.00000
0.45788	22.00000	0.00000	0.00000	0.45788	22.00000	0.00000	0.00000
0.47025	22.00000	0.00000	0.00000	0.47025	22.00000	0.00000	0.00000
0.48263	22.00000	0.00000	0.00000	0.48263	22.00000	0.00000	0.00000
0.49500	22.00000	0.00000	0.00000	0.49500	22.00000	0.00000	0.00000
0.50738	19.00000	0.00000	0.00000	0.50738	19.00000	0.00000	0.00000
0.51975	19.00000	0.00000	0.00000	0.51975	20.00000	0.00000	0.00000
0.53213	22.00000	0.00000	0.00000	0.53213	18.00000	0.00000	0.00000
0.54450	22.00000	0.00000	0.00000	0.54450	20.00000	0.00000	0.00000
0.55688	22.00000	0.00000	0.00000	0.55688	22.00000	0.00000	0.00000
0.56925	22.00000	0.00000	0.00000	0.56925	20.00000	0.00000	0.00000
0.58163	22.00000	0.00000	0.00000	0.58163	22.00000	0.00000	0.00000
0.59400	22.00000	0.00000	0.00000	0.59400	20.00000	0.00000	0.00000
0.60637	22.00000	0.00000	0.00000	0.60638	22.00000	0.00000	0.00000
0.61875	19.00000	0.00000	0.00000	0.61875	19.00000	0.00000	0.00000
0.63113	19.00000	0.00000	0.00000	0.63113	22.00000	0.00000	0.00000
0.64350	22.00000	0.00000	0.00000	0.64350	18.00000	0.00000	0.00000
0.65587	22.00000	0.00000	0.00000	0.65588	20.00000	0.00000	0.00000
0.66825	22.00000	0.00000	0.00000	0.66825	19.00000	0.00000	0.00000
0.68063	22.00000	0.00000	0.00000	0.68063	19.00000	0.00000	0.00000
0.69300	22.00000	0.00000	0.00000	0.69300	19.00000	0.00000	0.00000
0.70538	22.00000	0.00000	0.00000	0.70538	22.00000	0.00000	0.00000
0.71775	22.00000	0.00000	0.00000	0.71775	22.00000	0.00000	0.00000
0.73013	19.00000	0.00000	0.00000	0.73013	22.00000	0.00000	0.00000
0.74250	19.00000	0.00000	0.00000	0.74250	18.00000	0.00000	0.00000
0.75488	20.00000	0.00000	0.00000	0.75488	22.00000	0.00000	0.00000
0.76725	20.00000	0.00000	0.00000	0.76725	22.00000	0.00000	0.00000
0.77963	20.00000	0.00000	0.00000	0.77963	22.00000	0.00000	0.00000
0.79200	20.00000	0.00000	0.00000	0.79200	22.00000	0.00000	0.00000
0.80438	20.00000	0.00000	0.00000	0.80438	19.00000	0.00000	0.00000
0.81675	18.00000	0.00000	0.00000	0.81675	22.00000	0.00000	0.00000
0.82913	18.00000	0.00000	0.00000	0.82913	19.00000	0.00000	0.00000
0.84150	20.00000	0.00000	0.00000	0.84150	18.00000	0.00000	0.00000
0.85388	20.00000	0.00000	0.00000	0.85388	20.00000	0.00000	0.00000
0.86625	20.00000	0.00000	0.00000	0.86625	19.00000	0.00000	0.00000
0.87862	18.00000	0.00000	0.00000	0.87863	22.00000	0.00000	0.00000
0.89100	18.00000	0.00000	0.00000	0.89100	20.00000	0.00000	0.00000
0.90338	18.00000	0.00000	0.00000	0.90338	22.00000	0.00000	0.00000
0.91575	18.00000	0.00000	0.00000	0.91575	18.00000	0.00000	0.00000
0.92813	22.00000	0.00000	0.00000	0.92813	22.00000	0.00000	0.00000
0.94050	22.00000	0.00000	0.00000	0.94050	19.00000	0.00000	0.00000
0.95288	19.00000	0.00000	0.00000	0.95288	20.00000	0.00000	0.00000
0.96525	20.00000	0.00000	0.00000	0.96525	22.00000	0.00000	0.00000
0.97763	18.00000	0.00000	0.00000	0.97763	20.00000	0.00000	0.00000
0.99000	20.00000	0.00000	0.00000	0.99000	20.00000	0.00000	0.00000
1.00238	20.00000	0.00000	0.00000	1.00238	20.00000	0.00000	0.00000
1.01475	20.00000	0.00000	0.00000	1.01475	22.00000	0.00000	0.00000
1.02713	18.00000	0.00000	0.00000	1.02713	22.00000	0.00000	0.00000
1.03950	18.00000	0.00000	0.00000	1.03950	22.00000	0.00000	0.00000
1.05188	22.00000	0.00000	0.00000	1.05188	22.00000	0.00000	0.00000
1.06425	22.00000	0.00000	0.00000	1.06425	19.00000	0.00000	0.00000
1.07662	20.00000	0.00000	0.00000	1.07663	20.00000	0.00000	0.00000
1.08900	18.00000	0.00000	0.00000	1.08900	19.00000	0.00000	0.00000
1.10137	18.00000	0.00000	0.00000	1.10138	20.00000	0.00000	0.00000
1.11375	22.00000	0.00000	0.00000	1.11375	18.00000	0.00000	0.00000
1.12613	22.00000	0.00000	0.00000	1.12613	18.00000	0.00000	0.00000
1.13850	22.00000	0.00000	0.00000	1.13850	22.00000	0.00000	0.00000
1.15088	22.00000	0.00000	0.00000	1.15088	19.00000	0.00000	0.00000
1.16325	22.00000	0.00000	0.00000	1.16325	22.00000	0.00000	0.00000
1.17563	18.00000	0.00000	0.00000	1.17563	20.00000	0.00000	0.00000
1.18800	19.00000	0.00000	0.00000	1.18800	18.00000	0.00000	0.00000
1.20037	22.00000	0.00000	0.00000	1.20038	20.00000	0.00000	0.00000
1.21275	22.00000	0.00000	0.00000	1.21275	22.00000	0.00000	0.00000
1.22513	19.00000	0.00000	0.00000	1.22513	22.00000	0.00000	0.00000
1.23750	19.00000	0.00000	0.00000	1.23750	20.00000	0.00000	0.00000
1.24988	19.00000	0.00000	0.00000	1.24988	20.00000	0.00000	0.00000
1.26225	22.00000	0.00000	0.00000	1.26225	20.00000	0.00000	0.00000
1.27463	22.00000	0.00000	0.00000	1.27463	20.00000	0.00000	0.00000
1.28700	19.00000	0.00000	0.00000	1.28700	22.00000	0.00000	0.00000
1.29938	19.00000	0.00000	0.00000	1.29938	20.00000	0.00000	0.00000
1.31175	22.00000	0.00000	0.00000	1.31175	22.00000	0.00000	0.00000
1.32412	22.00000	0.00000	0.00000	1.32413	18.00000	0.00000	0.00000
1.33650	19.00000	0.00000	0.00000	1.33650	22.00000	0.00000	0.00000
1.34888	19.00000	0.00000	0.00000	1.34888	20.00000	0.00000	0.00000
1.36125	20.00000	0.00000	0.00000	1.36125	22.00000	0.00000	0.00000
1.37363	20.00000	0.00000	0.00000	1.37363	20.00000	0.00000	0.00000
1.38600	19.00000	0.00000	0.00000	1.38600	20.00000	0.00000	0.00000
1.39838	19.00000	0.00000	0.00000	1.39838	22.00000	0.00000	0.00000
1.41075	22.00000	0.00000	0.00000	1.41075	20.00000	0.00000	0.00000
1.42312	20.00000	0.00000	0.00000	1.42313	20.00000	0.00000	0.00000
1.43550	20.00000	0.00000	0.00000	1.43550	20.00000	0.00000	0.00000
1.44788	18.00000	0.00000	0.00000	1.44788	20.00000	0.00000	0.00000
1.46025	18.00000	0.00000	0.00000	1.46025	20.00000	0.00000	0.00000
1.47263	18.00000	0.00000	0.00000	1.47263	22.00000	0.00000	0.00000
1.48500	22.00000	0.00000	0.00000	1.48500	18.00000	0.00000	0.00000
1.49738	22.00000	0.00000	0.00000	1.49738	20.00000	0.00000	0.00000
1.50975	19.00000	0.00000	0.00000	1.50975	19.00000	0.00000	0.00000
1.52213	19.00000	0.00000	0.00000	1.52213	18.00000	0.00000	0.00000
1.53450	19.00000	0.00000	0.00000	1.53450	20.00000	0.00000	0.00000
1.54688	19.00000	0.00000	0.00000	1.54688	19.00000	0.00000	0.00000
1.55925	22.00000	0.00000	0.00000	1.55925	19.00000	0.00000	0.00000
1.57163	22.00000	0.00000	0.00000	1.57163	22.00000	0.00000	0.00000
1.58400	22.00000	0.00000	0.00000	1.58400	19.00000	0.00000	0.00000
1.59638	22.00000	0.00000	0.00000	1.59638	22.00000	0.00000	0.00000
1.60875	19.00000	0.00000	0.00000	1.60875	22.00000	0.00000	0.00000
1.62113	19.00000	0.00000	0.00000	1.62113	20.00000	0.00000	0.00000
1.63350	19.00000	0.00000	0.00000	1.63350	22.00000	0.00000	0.00000
1.64587	22.00000	0.00000	0.00000	1.64588	19.00000	0.00000	0.00000
1.65825	22.00000	0.00000	0.00000	1.65825	18.00000	0.00000	0.00000
1.67063	19.00000	0.00000	0.00000	1.67063	23.00000	0.00000	0.00000
1.68300	19.00000	0.00000	0.00000	1.68300	19.00000	0.00000	0.00000
1.69538	19.00000	0.00000	0.00000	1.69538	22.00000	0.00000	0.00000
1.70775	22.00000	0.00000	0.00000	1.70775	20.00000	0.00000	0.00000
1.72013	19.00000	0.00000	0.00000	1.72013	19.00000	0.00000	0.00000
1.73250	19.00000	0.00000	0.00000	1.73250	19.00000	0.00000	0.00000
1.74488	22.00000	0.00000	0.00000	1.74488	22.00000	0.00000	0.00000
1.75725	19.00000	0.00000	0.00000	1.75725	22.00000	0.00000	0.00000
1.76963	20.00000	0.00000	0.00000	1.76963	19.00000	0.00000	0.00000
1.78200	20.00000	0.00000	0.00000	1.78200	22.00000	0.00000	0.00000
1.79438	18.00000	0.00000	0.00000	1.79438	20.00000	0.00000	0.00000
1.80675	18.00000	0.00000	0.00000	1.80675	22.00000	0.00000	0.00000
1.81913	18.00000	0.00000	0.00000	1.81913	20.00000	0.00000	0.00000
1.83150	20.00000	0.00000	0.00000	1.83150	22.00000	0.00000	0.00000
1.84388	20.00000	0.00000	0.00000	1.84388	19.00000	0.00000	0.00000
1.85625	18.00000	0.00000	0.00000	1.85625	19.00000	0.00000	0.00000
1.86862	18.00000	0.00000	0.00000	1.86863	22.00000	0.00000	0.00000
1.88100	18.00000	0.00000	0.00000	1.88100	22.00000	0.00000	0.00000
1.89338	18.00000	0.00000	0.00000	1.89338	22.00000	0.00000	0.00000
1.90575	20.00000	0.00000	0.00000	1.90575	22.00000	0.00000	0.00000
1.91813	20.00000	0.00000	0.00000	1.91813	22.00000	0.00000	0.00000
1.93050	22.00000	0.00000	0.00000	1.93050	22.00000	0.00000	0.00000
1.94288	19.00000	0.00000	0.00000	1.94288	20.00000	0.00000	0.00000
1.95525	19.00000	0.00000	0.00000	1.95525	22.00000	0.00000	0.00000
1.96763	19.00000	0.00000	0.00000	1.96763	22.00000	0.00000	0.00000
1.98000	19.00000	0.00000	0.00000	1.98000	20.00000	0.00000	0.00000
1.99238	22.00000	0.00000	0.00000	1.99238	22.00000	0.00000	0.00000
2.00475	22.00000	0.00000	0.00000	2.00475	20.00000	0.00000	0.00000
2.01713	22.00000	0.00000	0.00000	2.01713	23.00000	0.00000	0.00000
2.02950	19.00000	0.00000	0.00000	2.02950	23.00000	0.00000	0.00000
2.04188	19.00000	0.00000	0.00000	2.04188	23.00000	0.00000	0.00000
2.05425	20.00000	0.00000	0.00000	2.05425	22.00000	0.00000	0.00000
2.06663	20.00000	0.00000	0.00000	2.06663	23.00000	0.00000	0.00000
2.07900	20.00000	0.00000	0.00000	2.07900	22.00000	0.00000	0.00000
2.09138	20.00000	0.00000	0.00000	2.09138	24.00000	0.00000	0.00000
2.10375	20.00000	0.00000	0.00000	2.10375	23.00000	0.00000	0.00000
2.11613	18.00000	0.00000	0.00000	2.11613	26.00000	0.00000	0.00000
2.12850	18.00000	0.00000	0.00000	2.12850	23.00000	0.00000	0.00000
2.14088	20.00000	0.00000	0.00000	2.14088	27.00000	0.00000	0.00000
2.15325	19.00000	0.00000	0.00000	2.15325	27.00000	0.00000	0.00000
2.16562	22.00000	0.00000	0.00000	2.16563	29.00000	0.00000	0.00000
2.17800	22.00000	0.00000	0.00000	2.17800	30.00000	0.00000	0.00000
2.19037	22.00000	0.00000	0.00000	2.19038	30.00000	0.00000	0.00000
2.20275	22.00000	0.00000	0.00000	2.20275	32.00000	0.00000	0.00000
2.21513	22.00000	0.00000	0.00000	2.21513	32.00000	0.00000	0.00000
2.22750	20.00000	0.00000	0.00000	2.22750	36.00000	0.00000	0.00000
2.23988	18.00000	0.00000	0.00000	2.23988	34.00000	0.00000	0.00000
2.25225	18.00000	0.00000	0.00000	2.25225	34.00000	0.00000	0.00000
2.26463	20.00000	0.00000	0.00000	2.26463	39.00000	0.00000	0.00000
2.27700	22.00000	0.00000	0.00000	2.27700	37.00000	0.00000	0.00000
2.28938	22.00000	0.00000	0.00000	2.28938	41.00000	0.00000	0.00000
2.30175	19.00000	0.00000	0.00000	2.30175	41.00000	0.00000	0.00000
2.31413	19.00000	0.00000	0.00000	2.31413	44.00000	0.00000	0.00000
2.32650	22.00000	0.00000	0.00000	2.32650	44.00000	0.00000	0.00000
2.33888	22.00000	0.00000	0.00000	2.33888	45.00000	0.00000	0.00000
2.35125	18.00000	0.00000	0.00000	2.35125	47.00000	0.00000	0.00000
2.36363	19.00000	0.00000	0.00000	2.36363	48.00000	0.00000	0.00000
2.37600	22.00000	0.00000	0.00000	2.37600	48.00000	0.00000	0.00000
2.38837	20.00000	0.00000	0.00000	2.38838	50.00000	0.00000	0.00000
2.40075	18.00000	0.00000	0.00000	2.40075	51.00000	0.00000	0.00000
2.41312	18.00000	0.00000	0.00000	2.41313	55.00000	0.00000	0.00000
2.42550	20.00000	0.00000	0.00000	2.42550	57.00000	0.00000	0.00000
2.43788	22.00000	0.00000	0.00000	2.43788	59.00000	0.00000	0.00000
2.45025	22.00000	0.00000	0.00000	2.45025	64.00000	0.00000	0.00000
2.46263	23.00000	0.00000	0.00000	2.46263	66.00000	0.00000	0.00000
2.47500	19.00000	0.00000	0.00000	2.47500	69.00000	0.00000	0.00000
2.48738	19.00000	0.00000	0.00000	2.48738	71.00000	0.00000	0.00000
2.49975	19.00000	0.00000	0.00000	2.49975	74.00000	0.00000	0.00000
2.51213	22.00000	0.00000	0.00000	2.51213	74.00000	0.00000	0.00000
2.52450	19.00000	0.00000	0.00000	2.52450	75.00000	0.00000	0.00000
2.53688	19.00000	0.00000	0.00000	2.53688	81.00000	0.00000	0.00000
2.54925	20.00000	0.00000	0.00000	2.54925	79.00000	0.00000	0.00000
2.56163	20.00000	0.00000	0.00000	2.56163	87.00000	0.00000	0.00000
2.57400	19.00000	0.00000	0.00000	2.57400	87.00000	0.00000	0.00000
2.58638	19.00000	0.00000	0.00000	2.58638	91.00000	0.00000	0.00000
2.59875	22.00000	0.00000	0.00000	2.59875	98.00000	0.00000	0.00000
2.61112	19.00000	0.00000	0.00000	2.61113	98.00000	0.00000	0.00000
2.62350	19.00000	0.00000	0.00000	2.62350	107.00000	0.00000	0.00000
2.63587	19.00000	0.00000	0.00000	2.63588	114.00000	0.00000	0.00000
2.64825	22.00000	0.00000	0.00000	2.64825	117.00000	0.00000	0.00000
2.66063	22.00000	0.00000	0.00000	2.66063	116.00000	0.00000	0.00000
2.67300	22.00000	0.00000	0.00000	2.67300	116.00000	0.00000	0.00000
2.68538	19.00000	0.00000	0.00000	2.68538	117.00000	0.00000	0.00000
2.69775	19.00000	0.00000	0.00000	2.69775	119.00000	0.00000	0.00000
2.71013	19.00000	0.00000	0.00000	2.71013	116.00000	0.00000	0.00000
2.72250	22.00000	0.00000	0.00000	2.72250	123.00000	0.00000	0.00000
2.73488	22.00000	0.00000	0.00000	2.73488	126.00000	0.00000	0.00000
2.74725	22.00000	0.00000	0.00000	2.74725	126.00000	0.00000	0.00000
2.75963	22.00000	0.00000	0.00000	2.75963	129.00000	0.00000	0.00000
2.77200	19.00000	0.00000	0.00000	2.77200	131.00000	0.00000	0.00000
2.78438	19.00000	0.00000	0.00000	2.78438	130.00000	0.00000	0.00000
2.79675	19.00000	0.00000	0.00000	2.79675	123.00000	0.00000	0.00000
2.80913	22.00000	0.00000	0.00000	2.80913	125.00000	0.00000	0.00000
2.82150	22.00000	0.00000	0.00000	2.82150	130.00000	0.00000	0.00000
2.83387	19.00000	0.00000	0.00000	2.83388	130.00000	0.00000	0.00000
2.84625	19.00000	0.00000	0.00000	2.84625	131.00000	0.00000	0.00000
2.85862	20.00000	0.00000	0.00000	2.85863	130.00000	0.00000	0.00000
2.87100	20.00000	0.00000	0.00000	2.87100	126.00000	0.00000	0.00000
2.88338	18.00000	0.00000	0.00000	2.88338	122.00000	0.00000	0.00000
2.89575	18.00000	0.00000	0.00000	2.89575	125.00000	0.00000	0.00000
2.90813	20.00000	0.00000	0.00000	2.90813	125.00000	0.00000	0.00000
2.92050	20.00000	0.00000	0.00000	2.92050	117.00000	0.00000	0.00000
2.93288	19.00000	0.00000	0.00000	2.93288	115.00000	0.00000	0.00000
2.94525	19.00000	0.00000	0.00000	2.94525	116.00000	0.00000	0.00000
2.95763	22.00000	0.00000	0.00000	2.95763	125.00000	0.00000	0.00000
2.97000	22.00000	0.00000	0.00000	2.97000	122.00000	0.00000	0.00000
2.98238	19.00000	0.00000	0.00000	2.98238	128.00000	0.00000	0.00000
2.99475	19.00000	0.00000	0.00000	2.99475	119.00000	0.00000	0.00000
3.00713	22.00000	0.00000	0.00000	3.00713	122.00000	0.00000	0.00000
3.01950	22.00000	0.00000	0.00000	3.01950	121.00000	0.00000	0.00000
3.03188	22.00000	0.00000	0.00000	3.03188	126.00000	0.00000	0.00000
3.04425	22.00000	0.00000	0.00000	3.04425	119.00000	0.00000	0.00000
3.05662	22.00000	0.00000	0.00000	3.05663	118.00000	0.00000	0.00000
3.06900	18.00000	0.00000	0.00000	3.06900	115.00000	0.00000	0.00000
3.08137	18.00000	0.00000	0.00000	3.08138	112.00000	0.00000	0.00000
3.09375	20.00000	0.00000	0.00000	3.09375	105.00000	0.00000	0.00000
3.10613	22.00000	0.00000	0.00000	3.10613	104.00000	0.00000	0.00000
3.11850	22.00000	0.00000	0.00000	3.11850	102.00000	0.00000	0.00000
3.13088	22.00000	0.00000	0.00000	3.13088	102.00000	0.00000	0.00000
3.14325	22.00000	0.00000	0.00000	3.14325	96.00000	0.00000	0.00000
3.15563	20.00000	0.00000	0.00000	3.15563	97.00000	0.00000	0.00000
3.16800	18.00000	0.00000	0.00000	3.16800	94.00000	0.00000	0.00000
3.18038	18.00000	0.00000	0.00000	3.18038	89.00000	0.00000	0.00000
3.19275	20.00000	0.00000	0.00000	3.19275	86.00000	0.00000	0.00000
3.20513	18.00000	0.00000	0.00000	3.20513	87.00000	0.00000	0.00000
3.21750	18.00000	0.00000	0.00000	3.21750	80.00000	0.00000	0.00000
3.22988	22.00000	0.00000	0.00000	3.22988	83.00000	0.00000	0.00000
3.24225	20.00000	0.00000	0.00000	3.24225	75.00000	0.00000	0.00000
3.25463	18.00000	0.00000	0.00000	3.25463	76.00000	0.00000	0.00000
3.26700	18.00000	0.00000	0.00000	3.26700	74.00000	0.00000	0.00000
3.27938	20.00000	0.00000	0.00000	3.27938	73.00000	0.00000	0.00000
3.29175	22.00000	0.00000	0.00000	3.29175	68.00000	0.00000	0.00000
3.30412	22.00000	0.00000	0.00000	3.30413	68.00000	0.00000	0.00000
3.31650	22.00000	0.00000	0.00000	3.31650	64.00000	0.00000	0.00000
3.32888	20.00000	0.00000	0.00000	3.32888	66.00000	0.00000	0.00000
3.34125	20.00000	0.00000	0.00000	3.34125	60.00000	0.00000	0.00000
3.35363	23.00000	0.00000	0.00000	3.35363	59.00000	0.00000	0.00000
3.36600	23.00000	0.00000	0.00000	3.36600	55.00000	0.00000	0.00000
3.37838	23.00000	0.00000	0.00000	3.37838	52.00000	0.00000	0.00000
3.39075	23.00000	0.00000	0.00000	3.39075	52.00000	0.00000	0.00000
3.40313	23.00000	0.00000	0.00000	3.40313	47.00000	0.00000	0.00000
3.41550	23.00000	0.00000	0.00000	3.41550	48.00000	0.00000	0.00000
3.42788	23.00000	0.00000	0.00000	3.42788	44.00000	0.00000	0.00000
3.44025	23.00000	0.00000	0.00000	3.44025	44.00000	0.00000	0.00000
3.45263	23.00000	0.00000	0.00000	3.45263	44.00000	0.00000	0.00000
3.46500	23.00000	0.00000	0.00000	3.46500	38.00000	0.00000	0.00000
3.47738	22.00000	0.00000	0.00000	3.47738	41.00000	0.00000	0.00000
3.48975	22.00000	0.00000	0.00000	3.48975	37.00000	0.00000	0.00000
3.50213	24.00000	0.00000	0.00000	3.50213	37.00000	0.00000	0.00000
3.51450	25.00000	0.00000	0.00000	3.51450	37.00000	0.00000	0.00000
3.52687	25.00000	0.00000	0.00000	3.52688	34.00000	0.00000	0.00000
3.53925	24.00000	0.00000	0.00000	3.53925	36.00000	0.00000	0.00000
3.55163	26.00000	0.00000	0.00000	3.55163	31.00000	0.00000	0.00000
3.56400	26.00000	0.00000	0.00000	3.56400	31.00000	0.00000	0.00000
3.57638	26.00000	0.00000	0.00000	3.57638	30.00000	0.00000	0.00000
3.58875	26.00000	0.00000	0.00000	3.58875	30.00000	0.00000	0.00000
3.60113	25.00000	0.00000	0.00000	3.60113	27.00000	0.00000	0.00000
3.61350	25.00000	0.00000	0.00000	3.61350	29.00000	0.00000	0.00000
3.62588	29.00000	0.00000	0.00000	3.62588	26.00000	0.00000	0.00000
3.63825	29.00000	0.00000	0.00000	3.63825	24.00000	0.00000	0.00000
3.65063	32.00000	0.00000	0.00000	3.65063	26.00000	0.00000	0.00000
3.66300	33.00000	0.00000	0.00000	3.66300	25.00000	0.00000	0.00000
3.67538	34.00000	0.00000	0.00000	3.67538	26.00000	0.00000	0.00000
3.68775	34.00000	0.00000	0.00000	3.68775	25.00000	0.00000	0.00000
3.70013	33.00000	0.00000	0.00000	3.70013	24.00000	0.00000	0.00000
3.71250	34.00000	0.00000	0.00000	3.71250	23.00000	0.00000	0.00000
3.72488	40.00000	0.00000	0.00000	3.72488	23.00000	0.00000	0.00000
3.73725	41.00000	0.00000	0.00000	3.73725	20.00000	0.00000	0.00000
3.74962	40.00000	0.00000	0.00000	3.74963	23.00000	0.00000	0.00000
3.76200	43.00000	0.00000	0.00000	3.76200	22.00000	0.00000	0.00000
3.77438	47.00000	0.00000	0.00000	3.77438	22.00000	0.00000	0.00000
3.78675	51.00000	0.00000	0.00000	3.78675	22.00000	0.00000	0.00000
3.79913	53.00000	0.00000	0.00000	3.79913	22.00000	0.00000	0.00000
3.81150	55.00000	0.00000	0.00000	3.81150	22.00000	0.00000	0.00000
3.82388	57.00000	0.00000	0.00000	3.82388	22.00000	0.00000	0.00000
3.83625	54.00000	0.00000	0.00000	3.83625	18.00000	0.00000	0.00000
3.84863	60.00000	0.00000	0.00000	3.84863	18.00000	0.00000	0.00000
3.86100	66.00000	0.00000	0.00000	3.86100	18.00000	0.00000	0.00000
3.87338	68.00000	0.00000	0.00000	3.87338	18.00000	0.00000	0.00000
3.88575	71.00000	0.00000	0.00000	3.88575	19.00000	0.00000	0.00000
3.89813	69.00000	0.00000	0.00000	3.89813	20.00000	0.00000	0.00000
3.91050	71.00000	0.00000	0.00000	3.91050	18.00000	0.00000	0.00000
3.92288	75.00000	0.00000	0.00000	3.92288	19.00000	0.00000	0.00000
3.93525	75.00000	0.00000	0.00000	3.93525	19.00000	0.00000	0.00000
3.94763	80.00000	0.00000	0.00000	3.94763	18.00000	0.00000	0.00000
3.96000	80.00000	0.00000	0.00000	3.96000	22.00000	0.00000	0.00000
3.97237	81.00000	0.00000	0.00000	3.97238	20.00000	0.00000	0.00000
3.98475	89.00000	0.00000	0.00000	3.98475	22.00000	0.00000	0.00000
3.99713	97.00000	0.00000	0.00000	3.99713	20.00000	0.00000	0.00000
4.00950	91.00000	0.00000	0.00000	4.00950	22.00000	0.00000	0.00000
4.02188	81.00000	0.00000	0.00000	4.02188	19.00000	0.00000	0.00000
4.03425	82.00000	0.00000	0.00000	4.03425	22.00000	0.00000	0.00000
4.04663	89.00000	0.00000	0.00000	4.04663	19.00000	0.00000	0.00000
4.05900	91.00000	0.00000	0.00000	4.05900	22.00000	0.00000	0.00000
4.07138	88.00000	0.00000	0.00000	4.07138	18.00000	0.00000	0.00000
4.08375	95.00000	0.00000	0.00000	4.08375	18.00000	0.00000	0.00000
4.09612	110.00000	0.00000	0.00000	4.09613	18.00000	0.00000	0.00000
4.10850	114.00000	0.00000	0.00000	4.10850	19.00000	0.00000	0.00000
4.12087	109.00000	0.00000	0.00000	4.12088	18.00000	0.00000	0.00000
4.13325	109.00000	0.00000	0.00000	4.13325	19.00000	0.00000	0.00000
4.14562	112.00000	0.00000	0.00000	4.14563	18.00000	0.00000	0.00000
4.15800	114.00000	0.00000	0.00000	4.15800	18.00000	0.00000	0.00000
4.17037	112.00000	0.00000	0.00000	4.17038	20.00000	0.00000	0.00000
4.18275	116.00000	0.00000	0.00000	4.18275	18.00000	0.00000	0.00000
4.19512	116.00000	0.00000	0.00000	4.19513	19.00000	0.00000	0.00000
4.20750	119.00000	0.00000	0.00000	4.20750	20.00000	0.00000	0.00000
4.21988	121.00000	0.00000	0.00000	4.21988	18.00000	0.00000	0.00000
4.23225	121.00000	0.00000	0.00000	4.23225	19.00000	0.00000	0.00000
4.24463	119.00000	0.00000	0.00000	4.24463	19.00000	0.00000	0.00000
4.25700	121.00000	0.00000	0.00000	4.25700	18.00000	0.00000	0.00000
4.26938	124.00000	0.00000	0.00000	4.26938	19.00000	0.00000	0.00000
4.28175	125.00000	0.00000	0.00000	4.28175	20.00000	0.00000	0.00000
4.29413	125.00000	0.00000	0.00000	4.29413	20.00000	0.00000	0.00000
4.30650	125.00000	0.00000	0.00000	4.30650	19.00000	0.00000	0.00000
4.31888	124.00000	0.00000	0.00000	4.31888	22.00000	0.00000	0.00000
4.33125	122.00000	0.00000	0.00000	4.33125	19.00000	0.00000	0.00000
4.34363	122.00000	0.00000	0.00000	4.34363	19.00000	0.00000	0.00000
4.35600	124.00000	0.00000	0.00000	4.35600	20.00000	0.00000	0.00000
4.36838	124.00000	0.00000	0.00000	4.36838	20.00000	0.00000	0.00000
4.38075	123.00000	0.00000	0.00000	4.38075	20.00000	0.00000	0.00000
4.39313	121.00000	0.00000	0.00000	4.39313	20.00000	0.00000	0.00000
4.40550	116.00000	0.00000	0.00000	4.40550	19.00000	0.00000	0.00000
4.41788	115.00000	0.00000	0.00000	4.41788	20.00000	0.00000	0.00000
4.43025	116.00000	0.00000	0.00000	4.43025	20.00000	0.00000	0.00000
4.44263	118.00000	0.00000	0.00000	4.44263	20.00000	0.00000	0.00000
4.45500	121.00000	0.00000	0.00000	4.45500	20.00000	0.00000	0.00000
4.46738	117.00000	0.00000	0.00000	4.46738	20.00000	0.00000	0.00000
4.47975	116.00000	0.00000	0.00000	4.47975	18.00000	0.00000	0.00000
4.49213	114.00000	0.00000	0.00000	4.49213	20.00000	0.00000	0.00000
4.50450	111.00000	0.00000	0.00000	4.50450	18.00000	0.00000	0.00000
4.51688	109.00000	0.00000	0.00000	4.51688	19.00000	0.00000	0.00000
4.52925	102.00000	0.00000	0.00000	4.52925	20.00000	0.00000	0.00000
4.54162	103.00000	0.00000	0.00000	4.54163	18.00000	0.00000	0.00000
4.55400	104.00000	0.00000	0.00000	4.55400	20.00000	0.00000	0.00000
4.56637	103.00000	0.00000	0.00000	4.56638	18.00000	0.00000	0.00000
4.57875	100.00000	0.00000	0.00000	4.57875	19.00000	0.00000	0.00000
4.59112	101.00000	0.00000	0.00000	4.59113	22.00000	0.00000	0.00000
4.60350	101.00000	0.00000	0.00000	4.60350	18.00000	0.00000	0.00000
4.61587	94.00000	0.00000	0.00000	4.61588	18.00000	0.00000	0.00000
4.62825	87.00000	0.00000	0.00000	4.62825	19.00000	0.00000	0.00000
4.64063	83.00000	0.00000	0.00000	4.64063	18.00000	0.00000	0.00000
4.65300	81.00000	0.00000	0.00000	4.65300	18.00000	0.00000	0.00000
4.66538	75.00000	0.00000	0.00000	4.66538	19.00000	0.00000	0.00000
4.67775	71.00000	0.00000	0.00000	4.67775	18.00000	0.00000	0.00000
4.69013	73.00000	0.00000	0.00000	4.69013	22.00000	0.00000	0.00000
4.70250	72.00000	0.00000	0.00000	4.70250	18.00000	0.00000	0.00000
4.71488	68.00000	0.00000	0.00000	4.71488	20.00000	0.00000	0.00000
4.72725	66.00000	0.00000	0.00000	4.72725	18.00000	0.00000	0.00000
4.73963	61.00000	0.00000	0.00000	4.73963	22.00000	0.00000	0.00000
4.75200	60.00000	0.00000	0.00000	4.75200	18.00000	0.00000	0.00000
4.76438	60.00000	0.00000	0.00000	4.76438	22.00000	0.00000	0.00000
4.77675	59.00000	0.00000	0.00000	4.77675	18.00000	0.00000	0.00000
4.78913	58.00000	0.00000	0.00000	4.78913	20.00000	0.00000	0.00000
4.80150	53.00000	0.00000	0.00000	4.80150	18.00000	0.00000	0.00000
4.81388	53.00000	0.00000	0.00000	4.81388	20.00000	0.00000	0.00000
4.82625	50.00000	0.00000	0.00000	4.82625	22.00000	0.00000	0.00000
4.83863	44.00000	0.00000	0.00000	4.83863	20.00000	0.00000	0.00000
4.85100	41.00000	0.00000	0.00000	4.85100	20.00000	0.00000	0.00000
4.86338	43.00000	0.00000	0.00000	4.86338	19.00000	0.00000	0.00000
4.87575	41.00000	0.00000	0.00000	4.87575	18.00000	0.00000	0.00000
4.88813	40.00000	0.00000	0.00000	4.88813	19.00000	0.00000	0.00000
4.90050	39.00000	0.00000	0.00000	4.90050	20.00000	0.00000	0.00000
4.91288	38.00000	0.00000	0.00000	4.91288	18.00000	0.00000	0.00000
4.92525	37.00000	0.00000	0.00000	4.92525	20.00000	0.00000	0.00000
4.93763	36.00000	0.00000	0.00000	4.93763	18.00000	0.00000	0.00000
4.95000	34.00000	0.00000	0.00000	4.95000	20.00000	0.00000	0.00000
4.96238	30.00000	0.00000	0.00000	4.96238	18.00000	0.00000	0.00000
4.97475	29.00000	0.00000	0.00000	4.97475	17.00000	0.00000	0.00000
4.98712	30.00000	0.00000	0.00000	4.98713	22.00000	0.00000	0.00000
4.99950	27.00000	0.00000	0.00000	4.99950	19.00000	0.00000	0.00000
5.01187	29.00000	0.00000	0.00000	5.01188	20.00000	0.00000	0.00000
5.02425	29.00000	0.00000	0.00000	5.02425	20.00000	0.00000	0.00000
5.03662	27.00000	0.00000	0.00000	5.03663	18.00000	0.00000	0.00000
5.04900	25.00000	0.00000	0.00000	5.04900	20.00000	0.00000	0.00000
5.06137	26.00000	0.00000	0.00000	5.06138	20.00000	0.00000	0.00000
5.07375	26.00000	0.00000	0.00000	5.07375	19.00000	0.00000	0.00000
5.08613	25.00000	0.00000	0.00000	5.08613	19.00000	0.00000	0.00000
5.09850	23.00000	0.00000	0.00000	5.09850	19.00000	0.00000	0.00000
5.11088	24.00000	0.00000	0.00000	5.11088	18.00000	0.00000	0.00000
5.12325	24.00000	0.00000	0.00000	5.12325	19.00000	0.00000	0.00000
5.13563	22.00000	0.00000	0.00000	5.13563	19.00000	0.00000	0.00000
5.14800	22.00000	0.00000	0.00000	5.14800	20.00000	0.00000	0.00000
5.16038	23.00000	0.00000	0.00000	5.16038	20.00000	0.00000	0.00000
5.17275	23.00000	0.00000	0.00000	5.17275	18.00000	0.00000	0.00000
5.18513	20.00000	0.00000	0.00000	5.18513	19.00000	0.00000	0.00000
5.19750	20.00000	0.00000	0.00000	5.19750	19.00000	0.00000	0.00000
5.20988	20.00000	0.00000	0.00000	5.20988	19.00000	0.00000	0.00000
5.22225	23.00000	0.00000	0.00000	5.22225	20.00000	0.00000	0.00000
5.23463	23.00000	0.00000	0.00000	5.23463	18.00000	0.00000	0.00000
5.24700	22.00000	0.00000	0.00000	5.24700	18.00000	0.00000	0.00000
5.25938	22.00000	0.00000	0.00000	5.25938	20.00000	0.00000	0.00000
5.27175	18.00000	0.00000	0.00000	5.27175	20.00000	0.00000	0.00000
5.28413	20.00000	0.00000	0.00000	5.28413	20.00000	0.00000	0.00000
5.29650	20.00000	0.00000	0.00000	5.29650	19.00000	0.00000	0.00000
5.30888	20.00000	0.00000	0.00000	5.30888	18.00000	0.00000	0.00000
5.32125	18.00000	0.00000	0.00000	5.32125	19.00000	0.00000	0.00000
5.33363	19.00000	0.00000	0.00000	5.33363	20.00000	0.00000	0.00000
5.34600	22.00000	0.00000	0.00000	5.34600	20.00000	0.00000	0.00000
5.35838	22.00000	0.00000	0.00000	5.35838	20.00000	0.00000	0.00000
5.37075	22.00000	0.00000	0.00000	5.37075	20.00000	0.00000	0.00000
5.38313	19.00000	0.00000	0.00000	5.38313	20.00000	0.00000	0.00000
5.39550	20.00000	0.00000	0.00000	5.39550	20.00000	0.00000	0.00000
5.40788	20.00000	0.00000	0.00000	5.40788	20.00000	0.00000	0.00000
5.42025	18.00000	0.00000	0.00000	5.42025	20.00000	0.00000	0.00000
5.43262	18.00000	0.00000	0.00000	5.43263	18.00000	0.00000	0.00000
5.44500	20.00000	0.00000	0.00000	5.44500	18.00000	0.00000	0.00000
5.45737	20.00000	0.00000	0.00000	5.45738	18.00000	0.00000	0.00000
5.46975	20.00000	0.00000	0.00000	5.46975	18.00000	0.00000	0.00000
5.48212	20.00000	0.00000	0.00000	5.48213	22.00000	0.00000	0.00000
5.49450	19.00000	0.00000	0.00000	5.49450	18.00000	0.00000	0.00000
5.50687	19.00000	0.00000	0.00000	5.50688	20.00000	0.00000	0.00000
5.51925	22.00000	0.00000	0.00000	5.51925	20.00000	0.00000	0.00000
5.53163	19.00000	0.00000	0.00000	5.53163	18.00000	0.00000	0.00000
5.54400	19.00000	0.00000	0.00000	5.54400	18.00000	0.00000	0.00000
5.55638	19.00000	0.00000	0.00000	5.55638	18.00000	0.00000	0.00000
5.56875	22.00000	0.00000	0.00000	5.56875	18.00000	0.00000	0.00000
5.58113	19.00000	0.00000	0.00000	5.58113	19.00000	0.00000	0.00000
5.59350	22.00000	0.00000	0.00000	5.59350	18.00000	0.00000	0.00000
5.60588	20.00000	0.00000	0.00000	5.60588	19.00000	0.00000	0.00000
5.61825	18.00000	0.00000	0.00000	5.61825	19.00000	0.00000	0.00000
5.63063	18.00000	0.00000	0.00000	5.63063	19.00000	0.00000	0.00000
5.64300	18.00000	0.00000	0.00000	5.64300	19.00000	0.00000	0.00000
5.65538	20.00000	0.00000	0.00000	5.65538	19.00000	0.00000	0.00000
5.66775	20.00000	0.00000	0.00000	5.66775	19.00000	0.00000	0.00000
5.68013	18.00000	0.00000	0.00000	5.68013	18.00000	0.00000	0.00000
5.69250	18.00000	0.00000	0.00000	5.69250	19.00000	0.00000	0.00000
5.70488	20.00000	0.00000	0.00000	5.70488	20.00000	0.00000	0.00000
5.71725	20.00000	0.00000	0.00000	5.71725	19.00000	0.00000	0.00000
5.72963	20.00000	0.00000	0.00000	5.72963	18.00000	0.00000	0.00000
5.74200	20.00000	0.00000	0.00000	5.74200	20.00000	0.00000	0.00000
5.75438	20.00000	0.00000	0.00000	5.75438	19.00000	0.00000	0.00000
5.76675	20.00000	0.00000	0.00000	5.76675	18.00000	0.00000	0.00000
5.77913	19.00000	0.00000	0.00000	5.77913	19.00000	0.00000	0.00000
5.79150	20.00000	0.00000	0.00000	5.79150	20.00000	0.00000	0.00000
5.80388	22.00000	0.00000	0.00000	5.80388	22.00000	0.00000	0.00000
5.81625	18.00000	0.00000	0.00000	5.81625	19.00000	0.00000	0.00000
5.82863	19.00000	0.00000	0.00000	5.82863	20.00000	0.00000	0.00000
5.84100	22.00000	0.00000	0.00000	5.84100	19.00000	0.00000	0.00000
5.85338	22.00000	0.00000	0.00000	5.85338	20.00000	0.00000	0.00000
5.86575	19.00000	0.00000	0.00000	5.86575	18.00000	0.00000	0.00000
5.87813	18.00000	0.00000	0.00000	5.87813	20.00000	0.00000	0.00000
5.89050	20.00000	0.00000	0.00000	5.89050	20.00000	0.00000	0.00000
5.90287	18.00000	0.00000	0.00000	5.90288	18.00000	0.00000	0.00000
5.91525	18.00000	0.00000	0.00000	0.00000	20.00000	0.00000	0.00000
5.92762	18.00000	0.00000	0.00000	0.00000	9.00000	0.00000	0.00000
5.94000	20.00000	0.00000	0.00000	0.00000	0.00000	0.00000	0.00000
5.95237	18.00000	0.00000	0.00000	0.00000	0.00000	0.00000	0.00000
5.96475	22.00000	0.00000	0.00000	0.00000	0.00000	0.00000	0.00000
5.97713	20.00000	0.00000	0.00000	0.00000	0.00000	0.00000	0.00000
5.98950	19.00000	0.00000	0.00000	0.00000	0.00000	0.00000	0.00000
6.00188	20.00000	0.00000	0.00000	0.00000	0.00000	0.00000	0.00000
6.01425	20.00000	0.00000	0.00000	0.00000	0.00000	0.00000	0.00000
6.02663	20.00000	0.00000	0.00000	0.00000	0.00000	0.00000	0.00000
6.03900	18.00000	0.00000	0.00000	0.00000	0.00000	0.00000	0.00000
6.05138	18.00000	0.00000	0.00000	0.00000	0.00000	0.00000	0.00000
6.06375	20.00000	0.00000	0.00000	0.00000	0.00000	0.00000	0.00000
6.07613	20.00000	0.00000	0.00000	0.00000	0.00000	0.00000	0.00000
6.08850	18.00000	0.00000	0.00000	0.00000	0.00000	0.00000	0.00000
6.10088	18.00000	0.00000	0.00000	0.00000	0.00000	0.00000	0.00000
6.11325	20.00000	0.00000	0.00000	0.00000	0.00000	0.00000	0.00000
6.12563	18.00000	0.00000	0.00000	0.00000	0.00000	0.00000	0.00000
6.13800	18.00000	0.00000	0.00000	0.00000	0.00000	0.00000	0.00000
6.15038	20.00000	0.00000	0.00000	0.00000	0.00000	0.00000	0.00000
6.16275	20.00000	0.00000	0.00000	0.00000	0.00000	0.00000	0.00000
6.17513	18.00000	0.00000	0.00000	0.00000	0.00000	0.00000	0.00000
6.18750	18.00000	0.00000	0.00000	0.00000	0.00000	0.00000	0.00000
6.19988	20.00000	0.00000	0.00000	0.00000	0.00000	0.00000	0.00000
6.21225	20.00000	0.00000	0.00000	0.00000	0.00000	0.00000	0.00000
6.22463	19.00000	0.00000	0.00000	0.00000	0.00000	0.00000	0.00000
6.23700	19.00000	0.00000	0.00000	0.00000	0.00000	0.00000	0.00000
6.24938	22.00000	0.00000	0.00000	0.00000	0.00000	0.00000	0.00000
6.26175	19.00000	0.00000	0.00000	0.00000	0.00000	0.00000	0.00000
6.27413	19.00000	0.00000	0.00000	0.00000	0.00000	0.00000	0.00000
6.28650	22.00000	0.00000	0.00000	0.00000	0.00000	0.00000	0.00000
6.29888	20.00000	0.00000	0.00000	0.00000	0.00000	0.00000	0.00000
6.31125	18.00000	0.00000	0.00000	0.00000	0.00000	0.00000	0.00000
6.32363	20.00000	0.00000	0.00000	0.00000	0.00000	0.00000	0.00000
6.33600	19.00000	0.00000	0.00000	0.00000	0.00000	0.00000	0.00000
6.34837	22.00000	0.00000	0.00000	0.00000	0.00000	0.00000	0.00000
6.36075	22.00000	0.00000	0.00000	0.00000	0.00000	0.00000	0.00000
6.37312	22.00000	0.00000	0.00000	0.00000	0.00000	0.00000	0.00000
6.38550	22.00000	0.00000	0.00000	0.00000	0.00000	0.00000	0.00000
6.39787	22.00000	0.00000	0.00000	0.00000	0.00000	0.00000	0.00000
6.41025	22.00000	0.00000	0.00000	0.00000	0.00000	0.00000	0.00000
6.42263	22.00000	0.00000	0.00000	0.00000	0.00000	0.00000	0.00000
6.43500	22.00000	0.00000	0.00000	0.00000	0.00000	0.00000	0.00000
6.44738	19.00000	0.00000	0.00000	0.00000	0.00000	0.00000	0.00000
6.45975	19.00000	0.00000	0.00000	0.00000	0.00000	0.00000	0.00000
6.47213	22.00000	0.00000	0.00000	0.00000	0.00000	0.00000	0.00000
6.48450	19.00000	0.00000	0.00000	0.00000	0.00000	0.00000	0.00000
6.49688	19.00000	0.00000	0.00000	0.00000	0.00000	0.00000	0.00000
6.50925	20.00000	0.00000	0.00000	0.00000	0.00000	0.00000	0.00000
6.52163	20.00000	0.00000	0.00000	0.00000	0.00000	0.00000	0.00000
6.53400	19.00000	0.00000	0.00000	0.00000	0.00000	0.00000	0.00000
6.54638	19.00000	0.00000	0.00000	0.00000	0.00000	0.00000	0.00000
6.55875	22.00000	0.00000	0.00000	0.00000	0.00000	0.00000	0.00000
6.57113	19.00000	0.00000	0.00000	0.00000	0.00000	0.00000	0.00000
6.58350	19.00000	0.00000	0.00000	0.00000	0.00000	0.00000	0.00000
6.59588	20.00000	0.00000	0.00000	0.00000	0.00000	0.00000	0.00000
6.60825	20.00000	0.00000	0.00000	0.00000	0.00000	0.00000	0.00000
6.62063	18.00000	0.00000	0.00000	0.00000	0.00000	0.00000	0.00000
6.63300	18.00000	0.00000	0.00000	0.00000	0.00000	0.00000	0.00000
6.64538	18.00000	0.00000	0.00000	0.00000	0.00000	0.00000	0.00000
6.65775	18.00000	0.00000	0.00000	0.00000	0.00000	0.00000	0.00000
6.67013	20.00000	0.00000	0.00000	0.00000	0.00000	0.00000	0.00000
6.68250	20.00000	0.00000	0.00000	0.00000	0.00000	0.00000	0.00000
6.69488	22.00000	0.00000	0.00000	0.00000	0.00000	0.00000	0.00000
6.70725	19.00000	0.00000	0.00000	0.00000	0.00000	0.00000	0.00000
6.71963	19.00000	0.00000	0.00000	0.00000	0.00000	0.00000	0.00000
6.73200	19.00000	0.00000	0.00000	0.00000	0.00000	0.00000	0.00000
6.74438	19.00000	0.00000	0.00000	0.00000	0.00000	0.00000	0.00000
6.75675	22.00000	0.00000	0.00000	0.00000	0.00000	0.00000	0.00000
6.76913	22.00000	0.00000	0.00000	0.00000	0.00000	0.00000	0.00000
6.78150	22.00000	0.00000	0.00000	0.00000	0.00000	0.00000	0.00000
6.79387	22.00000	0.00000	0.00000	0.00000	0.00000	0.00000	0.00000
6.80625	22.00000	0.00000	0.00000	0.00000	0.00000	0.00000	0.00000
6.81862	22.00000	0.00000	0.00000	0.00000	0.00000	0.00000	0.00000
6.83100	19.00000	0.00000	0.00000	0.00000	0.00000	0.00000	0.00000
6.84337	19.00000	0.00000	0.00000	0.00000	0.00000	0.00000	0.00000
6.85575	19.00000	0.00000	0.00000	0.00000	0.00000	0.00000	0.00000
6.86813	22.00000	0.00000	0.00000	0.00000	0.00000	0.00000	0.00000
6.88050	22.00000	0.00000	0.00000	0.00000	0.00000	0.00000	0.00000
6.89288	18.00000	0.00000	0.00000	0.00000	0.00000	0.00000	0.00000
6.90525	18.00000	0.00000	0.00000	0.00000	0.00000	0.00000	0.00000
6.91763	20.00000	0.00000	0.00000	0.00000	0.00000	0.00000	0.00000
6.93000	20.00000	0.00000	0.00000	0.00000	0.00000	0.00000	0.00000
6.94238	18.00000	0.00000	0.00000	0.00000	0.00000	0.00000	0.00000
6.95475	20.00000	0.00000	0.00000	0.00000	0.00000	0.00000	0.00000
6.96713	20.00000	0.00000	0.00000	0.00000	0.00000	0.00000	0.00000
6.97950	18.00000	0.00000	0.00000	0.00000	0.00000	0.00000	0.00000
6.99188	18.00000	0.00000	0.00000	0.00000	0.00000	0.00000	0.00000
7.00425	22.00000	0.00000	0.00000	0.00000	0.00000	0.00000	0.00000
7.01663	22.00000	0.00000	0.00000	0.00000	0.00000	0.00000	0.00000
7.02900	18.00000	0.00000	0.00000	0.00000	0.00000	0.00000	0.00000
7.04138	18.00000	0.00000	0.00000	0.00000	0.00000	0.00000	0.00000
7.05375	20.00000	0.00000	0.00000	0.00000	0.00000	0.00000	0.00000
7.06613	20.00000	0.00000	0.00000	0.00000	0.00000	0.00000	0.00000
7.07850	18.00000	0.00000	0.00000	0.00000	0.00000	0.00000	0.00000
7.09088	22.00000	0.00000	0.00000	0.00000	0.00000	0.00000	0.00000
7.10325	20.00000	0.00000	0.00000	0.00000	0.00000	0.00000	0.00000
7.11563	18.00000	0.00000	0.00000	0.00000	0.00000	0.00000	0.00000
7.12800	18.00000	0.00000	0.00000	0.00000	0.00000	0.00000	0.00000
7.14038	22.00000	0.00000	0.00000	0.00000	0.00000	0.00000	0.00000
7.15275	20.00000	0.00000	0.00000	0.00000	0.00000	0.00000	0.00000
7.16513	18.00000	0.00000	0.00000	0.00000	0.00000	0.00000	0.00000
7.17750	18.00000	0.00000	0.00000	0.00000	0.00000	0.00000	0.00000
7.18988	20.00000	0.00000	0.00000	0.00000	0.00000	0.00000	0.00000
7.20225	20.00000	0.00000	0.00000	0.00000	0.00000	0.00000	0.00000
7.21463	18.00000	0.00000	0.00000	0.00000	0.00000	0.00000	0.00000
7.22700	20.00000	0.00000	0.00000	0.00000	0.00000	0.00000	0.00000
7.23938	22.00000	0.00000	0.00000	0.00000	0.00000	0.00000	0.00000
7.25175	19.00000	0.00000	0.00000	0.00000	0.00000	0.00000	0.00000
7.26412	19.00000	0.00000	0.00000	0.00000	0.00000	0.00000	0.00000
7.27650	22.00000	0.00000	0.00000	0.00000	0.00000	0.00000	0.00000
7.28887	20.00000	0.00000	0.00000	0.00000	0.00000	0.00000	0.00000
7.30125	18.00000	0.00000	0.00000	0.00000	0.00000	0.00000	0.00000
7.31363	20.00000	0.00000	0.00000	0.00000	0.00000	0.00000	0.00000
7.32600	22.00000	0.00000	0.00000	0.00000	0.00000	0.00000	0.00000
7.33838	19.00000	0.00000	0.00000	0.00000	0.00000	0.00000	0.00000
7.35075	19.00000	0.00000	0.00000	0.00000	0.00000	0.00000	0.00000
7.36313	19.00000	0.00000	0.00000	0.00000	0.00000	0.00000	0.00000
7.37550	19.00000	0.00000	0.00000	0.00000	0.00000	0.00000	0.00000
7.38788	22.00000	0.00000	0.00000	0.00000	0.00000	0.00000	0.00000
7.40025	22.00000	0.00000	0.00000	0.00000	0.00000	0.00000	0.00000
7.41263	22.00000	0.00000	0.00000	0.00000	0.00000	0.00000	0.00000
7.42500	22.00000	0.00000	0.00000	0.00000	0.00000	0.00000	0.00000
7.43738	19.00000	0.00000	0.00000	0.00000	0.00000	0.00000	0.00000
7.44975	22.00000	0.00000	0.00000	0.00000	0.00000	0.00000	0.00000
7.46213	22.00000	0.00000	0.00000	0.00000	0.00000	0.00000	0.00000
7.47450	22.00000	0.00000	0.00000	0.00000	0.00000	0.00000	0.00000
7.48688	19.00000	0.00000	0.00000	0.00000	0.00000	0.00000	0.00000
7.49925	20.00000	0.00000	0.00000	0.00000	0.00000	0.00000	0.00000
7.51163	18.00000	0.00000	0.00000	0.00000	0.00000	0.00000	0.00000
7.52400	18.00000	0.00000	0.00000	0.00000	0.00000	0.00000	0.00000
7.53638	18.00000	0.00000	0.00000	0.00000	0.00000	0.00000	0.00000
7.54875	20.00000	0.00000	0.00000	0.00000	0.00000	0.00000	0.00000
7.56113	20.00000	0.00000	0.00000	0.00000	0.00000	0.00000	0.00000
7.57350	19.00000	0.00000	0.00000	0.00000	0.00000	0.00000	0.00000
7.58588	19.00000	0.00000	0.00000	0.00000	0.00000	0.00000	0.00000
7.59825	22.00000	0.00000	0.00000	0.00000	0.00000	0.00000	0.00000
7.61063	22.00000	0.00000	0.00000	0.00000	0.00000	0.00000	0.00000
7.62300	19.00000	0.00000	0.00000	0.00000	0.00000	0.00000	0.00000
7.63538	19.00000	0.00000	0.00000	0.00000	0.00000	0.00000	0.00000
7.64775	22.00000	0.00000	0.00000	0.00000	0.00000	0.00000	0.00000
7.66013	19.00000	0.00000	0.00000	0.00000	0.00000	0.00000	0.00000
7.67250	19.00000	0.00000	0.00000	0.00000	0.00000	0.00000	0.00000
7.68488	20.00000	0.00000	0.00000	0.00000	0.00000	0.00000	0.00000
7.69725	20.00000	0.00000	0.00000	0.00000	0.00000	0.00000	0.00000
7.70962	20.00000	0.00000	0.00000	0.00000	0.00000	0.00000	0.00000
7.72200	20.00000	0.00000	0.00000	0.00000	0.00000	0.00000	0.00000
7.73438	20.00000	0.00000	0.00000	0.00000	0.00000	0.00000	0.00000
7.74675	20.00000	0.00000	0.00000	0.00000	0.00000	0.00000	0.00000
7.75913	20.00000	0.00000	0.00000	0.00000	0.00000	0.00000	0.00000
7.77150	20.00000	0.00000	0.00000	0.00000	0.00000	0.00000	0.00000
7.78388	20.00000	0.00000	0.00000	0.00000	0.00000	0.00000	0.00000
7.79625	19.00000	0.00000	0.00000	0.00000	0.00000	0.00000	0.00000
7.80863	19.00000	0.00000	0.00000	0.00000	0.00000	0.00000	0.00000
7.82100	22.00000	0.00000	0.00000	0.00000	0.00000	0.00000	0.00000
7.83338	19.00000	0.00000	0.00000	0.00000	0.00000	0.00000	0.00000
7.84575	19.00000	0.00000	0.00000	0.00000	0.00000	0.00000	0.00000
7.85813	20.00000	0.00000	0.00000	0.00000	0.00000	0.00000	0.00000
7.87050	22.00000	0.00000	0.00000	0.00000	0.00000	0.00000	0.00000
7.88288	17.00000	0.00000	0.00000	0.00000	0.00000	0.00000	0.00000
0.00000	12.00000	0.00000	0.00000	0.00000	0.00000	0.00000	0.00000
0.00000	9.00000	0.00000	0.00000	0.00000	0.00000	0.00000	0.00000