X H  in mm	Y H rel	Gauss fit H	H Gauss Coefficients	X V in mm	Y V rel	Gauss fit V	V Gauss Coefficientes
0.00000	20.00000	0.00000	0.00000	0.00000	23.00000	0.00000	0.00000
0.01238	20.00000	0.00000	0.00000	0.01238	20.00000	0.00000	0.00000
0.02475	19.00000	0.00000	0.00000	0.02475	20.00000	0.00000	0.00000
0.03713	22.00000	0.00000	0.00000	0.03713	20.00000	0.00000	0.00000
0.04950	22.00000	0.00000	0.00000	0.04950	20.00000	0.00000	0.00000
0.06187	22.00000	0.00000	0.00000	0.06188	20.00000	0.00000	0.00000
0.07425	22.00000	0.00000	0.00000	0.07425	23.00000	0.00000	0.00000
0.08663	22.00000	0.00000	0.00000	0.08663	22.00000	0.00000	0.00000
0.09900	22.00000	0.00000	0.00000	0.09900	23.00000	0.00000	0.00000
0.11138	22.00000	0.00000	0.00000	0.11138	22.00000	0.00000	0.00000
0.12375	22.00000	0.00000	0.00000	0.12375	23.00000	0.00000	0.00000
0.13612	22.00000	0.00000	0.00000	0.13613	20.00000	0.00000	0.00000
0.14850	22.00000	0.00000	0.00000	0.14850	23.00000	0.00000	0.00000
0.16088	22.00000	0.00000	0.00000	0.16088	20.00000	0.00000	0.00000
0.17325	22.00000	0.00000	0.00000	0.17325	20.00000	0.00000	0.00000
0.18563	22.00000	0.00000	0.00000	0.18563	20.00000	0.00000	0.00000
0.19800	22.00000	0.00000	0.00000	0.19800	20.00000	0.00000	0.00000
0.21038	22.00000	0.00000	0.00000	0.21038	22.00000	0.00000	0.00000
0.22275	22.00000	0.00000	0.00000	0.22275	23.00000	0.00000	0.00000
0.23513	22.00000	0.00000	0.00000	0.23513	23.00000	0.00000	0.00000
0.24750	22.00000	0.00000	0.00000	0.24750	20.00000	0.00000	0.00000
0.25988	22.00000	0.00000	0.00000	0.25988	23.00000	0.00000	0.00000
0.27225	22.00000	0.00000	0.00000	0.27225	20.00000	0.00000	0.00000
0.28463	22.00000	0.00000	0.00000	0.28463	23.00000	0.00000	0.00000
0.29700	22.00000	0.00000	0.00000	0.29700	24.00000	0.00000	0.00000
0.30938	22.00000	0.00000	0.00000	0.30938	23.00000	0.00000	0.00000
0.32175	20.00000	0.00000	0.00000	0.32175	24.00000	0.00000	0.00000
0.33413	20.00000	0.00000	0.00000	0.33413	23.00000	0.00000	0.00000
0.34650	23.00000	0.00000	0.00000	0.34650	23.00000	0.00000	0.00000
0.35887	20.00000	0.00000	0.00000	0.35888	20.00000	0.00000	0.00000
0.37125	20.00000	0.00000	0.00000	0.37125	20.00000	0.00000	0.00000
0.38362	23.00000	0.00000	0.00000	0.38363	22.00000	0.00000	0.00000
0.39600	23.00000	0.00000	0.00000	0.39600	20.00000	0.00000	0.00000
0.40838	20.00000	0.00000	0.00000	0.40838	20.00000	0.00000	0.00000
0.42075	20.00000	0.00000	0.00000	0.42075	23.00000	0.00000	0.00000
0.43313	22.00000	0.00000	0.00000	0.43313	23.00000	0.00000	0.00000
0.44550	22.00000	0.00000	0.00000	0.44550	22.00000	0.00000	0.00000
0.45788	22.00000	0.00000	0.00000	0.45788	22.00000	0.00000	0.00000
0.47025	19.00000	0.00000	0.00000	0.47025	22.00000	0.00000	0.00000
0.48263	19.00000	0.00000	0.00000	0.48263	22.00000	0.00000	0.00000
0.49500	22.00000	0.00000	0.00000	0.49500	20.00000	0.00000	0.00000
0.50738	22.00000	0.00000	0.00000	0.50738	22.00000	0.00000	0.00000
0.51975	19.00000	0.00000	0.00000	0.51975	20.00000	0.00000	0.00000
0.53213	18.00000	0.00000	0.00000	0.53213	20.00000	0.00000	0.00000
0.54450	22.00000	0.00000	0.00000	0.54450	20.00000	0.00000	0.00000
0.55688	22.00000	0.00000	0.00000	0.55688	23.00000	0.00000	0.00000
0.56925	22.00000	0.00000	0.00000	0.56925	20.00000	0.00000	0.00000
0.58163	22.00000	0.00000	0.00000	0.58163	22.00000	0.00000	0.00000
0.59400	22.00000	0.00000	0.00000	0.59400	20.00000	0.00000	0.00000
0.60637	22.00000	0.00000	0.00000	0.60638	22.00000	0.00000	0.00000
0.61875	22.00000	0.00000	0.00000	0.61875	20.00000	0.00000	0.00000
0.63113	22.00000	0.00000	0.00000	0.63113	23.00000	0.00000	0.00000
0.64350	22.00000	0.00000	0.00000	0.64350	23.00000	0.00000	0.00000
0.65587	22.00000	0.00000	0.00000	0.65588	23.00000	0.00000	0.00000
0.66825	22.00000	0.00000	0.00000	0.66825	23.00000	0.00000	0.00000
0.68063	22.00000	0.00000	0.00000	0.68063	20.00000	0.00000	0.00000
0.69300	22.00000	0.00000	0.00000	0.69300	23.00000	0.00000	0.00000
0.70538	22.00000	0.00000	0.00000	0.70538	22.00000	0.00000	0.00000
0.71775	22.00000	0.00000	0.00000	0.71775	20.00000	0.00000	0.00000
0.73013	19.00000	0.00000	0.00000	0.73013	22.00000	0.00000	0.00000
0.74250	22.00000	0.00000	0.00000	0.74250	22.00000	0.00000	0.00000
0.75488	19.00000	0.00000	0.00000	0.75488	23.00000	0.00000	0.00000
0.76725	19.00000	0.00000	0.00000	0.76725	23.00000	0.00000	0.00000
0.77963	19.00000	0.00000	0.00000	0.77963	23.00000	0.00000	0.00000
0.79200	22.00000	0.00000	0.00000	0.79200	23.00000	0.00000	0.00000
0.80438	22.00000	0.00000	0.00000	0.80438	23.00000	0.00000	0.00000
0.81675	20.00000	0.00000	0.00000	0.81675	23.00000	0.00000	0.00000
0.82913	20.00000	0.00000	0.00000	0.82913	23.00000	0.00000	0.00000
0.84150	23.00000	0.00000	0.00000	0.84150	23.00000	0.00000	0.00000
0.85388	23.00000	0.00000	0.00000	0.85388	22.00000	0.00000	0.00000
0.86625	20.00000	0.00000	0.00000	0.86625	20.00000	0.00000	0.00000
0.87862	20.00000	0.00000	0.00000	0.87863	23.00000	0.00000	0.00000
0.89100	22.00000	0.00000	0.00000	0.89100	22.00000	0.00000	0.00000
0.90338	22.00000	0.00000	0.00000	0.90338	23.00000	0.00000	0.00000
0.91575	22.00000	0.00000	0.00000	0.91575	23.00000	0.00000	0.00000
0.92813	19.00000	0.00000	0.00000	0.92813	23.00000	0.00000	0.00000
0.94050	19.00000	0.00000	0.00000	0.94050	23.00000	0.00000	0.00000
0.95288	22.00000	0.00000	0.00000	0.95288	23.00000	0.00000	0.00000
0.96525	23.00000	0.00000	0.00000	0.96525	23.00000	0.00000	0.00000
0.97763	22.00000	0.00000	0.00000	0.97763	23.00000	0.00000	0.00000
0.99000	19.00000	0.00000	0.00000	0.99000	22.00000	0.00000	0.00000
1.00238	22.00000	0.00000	0.00000	1.00238	22.00000	0.00000	0.00000
1.01475	23.00000	0.00000	0.00000	1.01475	23.00000	0.00000	0.00000
1.02713	20.00000	0.00000	0.00000	1.02713	22.00000	0.00000	0.00000
1.03950	20.00000	0.00000	0.00000	1.03950	22.00000	0.00000	0.00000
1.05188	22.00000	0.00000	0.00000	1.05188	20.00000	0.00000	0.00000
1.06425	22.00000	0.00000	0.00000	1.06425	22.00000	0.00000	0.00000
1.07662	22.00000	0.00000	0.00000	1.07663	19.00000	0.00000	0.00000
1.08900	19.00000	0.00000	0.00000	1.08900	23.00000	0.00000	0.00000
1.10137	19.00000	0.00000	0.00000	1.10138	22.00000	0.00000	0.00000
1.11375	18.00000	0.00000	0.00000	1.11375	22.00000	0.00000	0.00000
1.12613	22.00000	0.00000	0.00000	1.12613	22.00000	0.00000	0.00000
1.13850	22.00000	0.00000	0.00000	1.13850	22.00000	0.00000	0.00000
1.15088	22.00000	0.00000	0.00000	1.15088	22.00000	0.00000	0.00000
1.16325	22.00000	0.00000	0.00000	1.16325	22.00000	0.00000	0.00000
1.17563	18.00000	0.00000	0.00000	1.17563	22.00000	0.00000	0.00000
1.18800	18.00000	0.00000	0.00000	1.18800	22.00000	0.00000	0.00000
1.20037	20.00000	0.00000	0.00000	1.20038	23.00000	0.00000	0.00000
1.21275	22.00000	0.00000	0.00000	1.21275	22.00000	0.00000	0.00000
1.22513	22.00000	0.00000	0.00000	1.22513	22.00000	0.00000	0.00000
1.23750	19.00000	0.00000	0.00000	1.23750	22.00000	0.00000	0.00000
1.24988	19.00000	0.00000	0.00000	1.24988	22.00000	0.00000	0.00000
1.26225	22.00000	0.00000	0.00000	1.26225	19.00000	0.00000	0.00000
1.27463	22.00000	0.00000	0.00000	1.27463	23.00000	0.00000	0.00000
1.28700	22.00000	0.00000	0.00000	1.28700	22.00000	0.00000	0.00000
1.29938	22.00000	0.00000	0.00000	1.29938	22.00000	0.00000	0.00000
1.31175	22.00000	0.00000	0.00000	1.31175	23.00000	0.00000	0.00000
1.32412	20.00000	0.00000	0.00000	1.32413	22.00000	0.00000	0.00000
1.33650	20.00000	0.00000	0.00000	1.33650	22.00000	0.00000	0.00000
1.34888	23.00000	0.00000	0.00000	1.34888	22.00000	0.00000	0.00000
1.36125	20.00000	0.00000	0.00000	1.36125	23.00000	0.00000	0.00000
1.37363	20.00000	0.00000	0.00000	1.37363	22.00000	0.00000	0.00000
1.38600	23.00000	0.00000	0.00000	1.38600	23.00000	0.00000	0.00000
1.39838	23.00000	0.00000	0.00000	1.39838	22.00000	0.00000	0.00000
1.41075	20.00000	0.00000	0.00000	1.41075	23.00000	0.00000	0.00000
1.42312	20.00000	0.00000	0.00000	1.42313	22.00000	0.00000	0.00000
1.43550	23.00000	0.00000	0.00000	1.43550	23.00000	0.00000	0.00000
1.44788	20.00000	0.00000	0.00000	1.44788	23.00000	0.00000	0.00000
1.46025	22.00000	0.00000	0.00000	1.46025	22.00000	0.00000	0.00000
1.47263	22.00000	0.00000	0.00000	1.47263	23.00000	0.00000	0.00000
1.48500	19.00000	0.00000	0.00000	1.48500	23.00000	0.00000	0.00000
1.49738	19.00000	0.00000	0.00000	1.49738	20.00000	0.00000	0.00000
1.50975	22.00000	0.00000	0.00000	1.50975	23.00000	0.00000	0.00000
1.52213	19.00000	0.00000	0.00000	1.52213	23.00000	0.00000	0.00000
1.53450	19.00000	0.00000	0.00000	1.53450	23.00000	0.00000	0.00000
1.54688	20.00000	0.00000	0.00000	1.54688	23.00000	0.00000	0.00000
1.55925	19.00000	0.00000	0.00000	1.55925	23.00000	0.00000	0.00000
1.57163	19.00000	0.00000	0.00000	1.57163	23.00000	0.00000	0.00000
1.58400	22.00000	0.00000	0.00000	1.58400	23.00000	0.00000	0.00000
1.59638	22.00000	0.00000	0.00000	1.59638	22.00000	0.00000	0.00000
1.60875	22.00000	0.00000	0.00000	1.60875	22.00000	0.00000	0.00000
1.62113	22.00000	0.00000	0.00000	1.62113	23.00000	0.00000	0.00000
1.63350	22.00000	0.00000	0.00000	1.63350	20.00000	0.00000	0.00000
1.64587	22.00000	0.00000	0.00000	1.64588	23.00000	0.00000	0.00000
1.65825	22.00000	0.00000	0.00000	1.65825	20.00000	0.00000	0.00000
1.67063	22.00000	0.00000	0.00000	1.67063	23.00000	0.00000	0.00000
1.68300	22.00000	0.00000	0.00000	1.68300	20.00000	0.00000	0.00000
1.69538	22.00000	0.00000	0.00000	1.69538	23.00000	0.00000	0.00000
1.70775	20.00000	0.00000	0.00000	1.70775	23.00000	0.00000	0.00000
1.72013	20.00000	0.00000	0.00000	1.72013	23.00000	0.00000	0.00000
1.73250	23.00000	0.00000	0.00000	1.73250	22.00000	0.00000	0.00000
1.74488	23.00000	0.00000	0.00000	1.74488	22.00000	0.00000	0.00000
1.75725	20.00000	0.00000	0.00000	1.75725	19.00000	0.00000	0.00000
1.76963	20.00000	0.00000	0.00000	1.76963	23.00000	0.00000	0.00000
1.78200	22.00000	0.00000	0.00000	1.78200	22.00000	0.00000	0.00000
1.79438	22.00000	0.00000	0.00000	1.79438	23.00000	0.00000	0.00000
1.80675	18.00000	0.00000	0.00000	1.80675	22.00000	0.00000	0.00000
1.81913	19.00000	0.00000	0.00000	1.81913	22.00000	0.00000	0.00000
1.83150	22.00000	0.00000	0.00000	1.83150	22.00000	0.00000	0.00000
1.84388	22.00000	0.00000	0.00000	1.84388	22.00000	0.00000	0.00000
1.85625	22.00000	0.00000	0.00000	1.85625	23.00000	0.00000	0.00000
1.86862	22.00000	0.00000	0.00000	1.86863	20.00000	0.00000	0.00000
1.88100	22.00000	0.00000	0.00000	1.88100	23.00000	0.00000	0.00000
1.89338	22.00000	0.00000	0.00000	1.89338	23.00000	0.00000	0.00000
1.90575	22.00000	0.00000	0.00000	1.90575	20.00000	0.00000	0.00000
1.91813	22.00000	0.00000	0.00000	1.91813	23.00000	0.00000	0.00000
1.93050	22.00000	0.00000	0.00000	1.93050	22.00000	0.00000	0.00000
1.94288	22.00000	0.00000	0.00000	1.94288	23.00000	0.00000	0.00000
1.95525	22.00000	0.00000	0.00000	1.95525	22.00000	0.00000	0.00000
1.96763	22.00000	0.00000	0.00000	1.96763	20.00000	0.00000	0.00000
1.98000	22.00000	0.00000	0.00000	1.98000	20.00000	0.00000	0.00000
1.99238	22.00000	0.00000	0.00000	1.99238	22.00000	0.00000	0.00000
2.00475	20.00000	0.00000	0.00000	2.00475	20.00000	0.00000	0.00000
2.01713	20.00000	0.00000	0.00000	2.01713	22.00000	0.00000	0.00000
2.02950	23.00000	0.00000	0.00000	2.02950	23.00000	0.00000	0.00000
2.04188	20.00000	0.00000	0.00000	2.04188	22.00000	0.00000	0.00000
2.05425	20.00000	0.00000	0.00000	2.05425	23.00000	0.00000	0.00000
2.06663	22.00000	0.00000	0.00000	2.06663	22.00000	0.00000	0.00000
2.07900	20.00000	0.00000	0.00000	2.07900	22.00000	0.00000	0.00000
2.09138	20.00000	0.00000	0.00000	2.09138	23.00000	0.00000	0.00000
2.10375	23.00000	0.00000	0.00000	2.10375	22.00000	0.00000	0.00000
2.11613	23.00000	0.00000	0.00000	2.11613	22.00000	0.00000	0.00000
2.12850	20.00000	0.00000	0.00000	2.12850	20.00000	0.00000	0.00000
2.14088	20.00000	0.00000	0.00000	2.14088	22.00000	0.00000	0.00000
2.15325	23.00000	0.00000	0.00000	2.15325	23.00000	0.00000	0.00000
2.16562	23.00000	0.00000	0.00000	2.16563	22.00000	0.00000	0.00000
2.17800	20.00000	0.00000	0.00000	2.17800	23.00000	0.00000	0.00000
2.19037	20.00000	0.00000	0.00000	2.19038	22.00000	0.00000	0.00000
2.20275	22.00000	0.00000	0.00000	2.20275	23.00000	0.00000	0.00000
2.21513	22.00000	0.00000	0.00000	2.21513	23.00000	0.00000	0.00000
2.22750	19.00000	0.00000	0.00000	2.22750	22.00000	0.00000	0.00000
2.23988	19.00000	0.00000	0.00000	2.23988	23.00000	0.00000	0.00000
2.25225	22.00000	0.00000	0.00000	2.25225	20.00000	0.00000	0.00000
2.26463	22.00000	0.00000	0.00000	2.26463	22.00000	0.00000	0.00000
2.27700	20.00000	0.00000	0.00000	2.27700	22.00000	0.00000	0.00000
2.28938	23.00000	0.00000	0.00000	2.28938	22.00000	0.00000	0.00000
2.30175	23.00000	0.00000	0.00000	2.30175	22.00000	0.00000	0.00000
2.31413	23.00000	0.00000	0.00000	2.31413	20.00000	0.00000	0.00000
2.32650	20.00000	0.00000	0.00000	2.32650	22.00000	0.00000	0.00000
2.33888	22.00000	0.00000	0.00000	2.33888	20.00000	0.00000	0.00000
2.35125	19.00000	0.00000	0.00000	2.35125	20.00000	0.00000	0.00000
2.36363	22.00000	0.00000	0.00000	2.36363	19.00000	0.00000	0.00000
2.37600	22.00000	0.00000	0.00000	2.37600	20.00000	0.00000	0.00000
2.38837	23.00000	0.00000	0.00000	2.38838	23.00000	0.00000	0.00000
2.40075	20.00000	0.00000	0.00000	2.40075	22.00000	0.00000	0.00000
2.41312	22.00000	0.00000	0.00000	2.41313	23.00000	0.00000	0.00000
2.42550	22.00000	0.00000	0.00000	2.42550	22.00000	0.00000	0.00000
2.43788	19.00000	0.00000	0.00000	2.43788	22.00000	0.00000	0.00000
2.45025	19.00000	0.00000	0.00000	2.45025	23.00000	0.00000	0.00000
2.46263	22.00000	0.00000	0.00000	2.46263	22.00000	0.00000	0.00000
2.47500	19.00000	0.00000	0.00000	2.47500	20.00000	0.00000	0.00000
2.48738	19.00000	0.00000	0.00000	2.48738	22.00000	0.00000	0.00000
2.49975	22.00000	0.00000	0.00000	2.49975	22.00000	0.00000	0.00000
2.51213	19.00000	0.00000	0.00000	2.51213	23.00000	0.00000	0.00000
2.52450	19.00000	0.00000	0.00000	2.52450	22.00000	0.00000	0.00000
2.53688	19.00000	0.00000	0.00000	2.53688	19.00000	0.00000	0.00000
2.54925	22.00000	0.00000	0.00000	2.54925	23.00000	0.00000	0.00000
2.56163	19.00000	0.00000	0.00000	2.56163	23.00000	0.00000	0.00000
2.57400	19.00000	0.00000	0.00000	2.57400	23.00000	0.00000	0.00000
2.58638	22.00000	0.00000	0.00000	2.58638	23.00000	0.00000	0.00000
2.59875	23.00000	0.00000	0.00000	2.59875	23.00000	0.00000	0.00000
2.61112	20.00000	0.00000	0.00000	2.61113	20.00000	0.00000	0.00000
2.62350	20.00000	0.00000	0.00000	2.62350	24.00000	0.00000	0.00000
2.63587	23.00000	0.00000	0.00000	2.63588	25.00000	0.00000	0.00000
2.64825	23.00000	0.00000	0.00000	2.64825	27.00000	0.00000	0.00000
2.66063	20.00000	0.00000	0.00000	2.66063	31.00000	0.00000	0.00000
2.67300	20.00000	0.00000	0.00000	2.67300	36.00000	0.00000	0.00000
2.68538	22.00000	0.00000	0.00000	2.68538	37.00000	0.00000	0.00000
2.69775	22.00000	0.00000	0.00000	2.69775	45.00000	0.00000	0.00000
2.71013	20.00000	0.00000	0.00000	2.71013	50.00000	0.00000	0.00000
2.72250	20.00000	0.00000	0.00000	2.72250	59.00000	0.00000	0.00000
2.73488	23.00000	0.00000	0.00000	2.73488	64.00000	0.00000	0.00000
2.74725	20.00000	0.00000	0.00000	2.74725	73.00000	0.00000	0.00000
2.75963	20.00000	0.00000	0.00000	2.75963	77.00000	0.00000	0.00000
2.77200	22.00000	0.00000	0.00000	2.77200	84.00000	0.00000	0.00000
2.78438	22.00000	0.00000	0.00000	2.78438	87.00000	0.00000	0.00000
2.79675	22.00000	0.00000	0.00000	2.79675	90.00000	0.00000	0.00000
2.80913	22.00000	0.00000	0.00000	2.80913	89.00000	0.00000	0.00000
2.82150	22.00000	0.00000	0.00000	2.82150	90.00000	0.00000	0.00000
2.83387	22.00000	0.00000	0.00000	2.83388	91.00000	0.00000	0.00000
2.84625	19.00000	0.00000	0.00000	2.84625	93.00000	0.00000	0.00000
2.85862	22.00000	0.00000	0.00000	2.85863	83.00000	0.00000	0.00000
2.87100	22.00000	0.00000	0.00000	2.87100	66.00000	0.00000	0.00000
2.88338	22.00000	0.00000	0.00000	2.88338	54.00000	0.00000	0.00000
2.89575	22.00000	0.00000	0.00000	2.89575	47.00000	0.00000	0.00000
2.90813	22.00000	0.00000	0.00000	2.90813	41.00000	0.00000	0.00000
2.92050	22.00000	0.00000	0.00000	2.92050	39.00000	0.00000	0.00000
2.93288	22.00000	0.00000	0.00000	2.93288	34.00000	0.00000	0.00000
2.94525	22.00000	0.00000	0.00000	2.94525	30.00000	0.00000	0.00000
2.95763	22.00000	0.00000	0.00000	2.95763	27.00000	0.00000	0.00000
2.97000	22.00000	0.00000	0.00000	2.97000	25.00000	0.00000	0.00000
2.98238	19.00000	0.00000	0.00000	2.98238	24.00000	0.00000	0.00000
2.99475	19.00000	0.00000	0.00000	2.99475	23.00000	0.00000	0.00000
3.00713	19.00000	0.00000	0.00000	3.00713	23.00000	0.00000	0.00000
3.01950	22.00000	0.00000	0.00000	3.01950	22.00000	0.00000	0.00000
3.03188	22.00000	0.00000	0.00000	3.03188	23.00000	0.00000	0.00000
3.04425	22.00000	0.00000	0.00000	3.04425	22.00000	0.00000	0.00000
3.05662	22.00000	0.00000	0.00000	3.05663	23.00000	0.00000	0.00000
3.06900	22.00000	0.00000	0.00000	3.06900	22.00000	0.00000	0.00000
3.08137	22.00000	0.00000	0.00000	3.08138	23.00000	0.00000	0.00000
3.09375	22.00000	0.00000	0.00000	3.09375	23.00000	0.00000	0.00000
3.10613	22.00000	0.00000	0.00000	3.10613	22.00000	0.00000	0.00000
3.11850	22.00000	0.00000	0.00000	3.11850	23.00000	0.00000	0.00000
3.13088	22.00000	0.00000	0.00000	3.13088	22.00000	0.00000	0.00000
3.14325	22.00000	0.00000	0.00000	3.14325	23.00000	0.00000	0.00000
3.15563	22.00000	0.00000	0.00000	3.15563	20.00000	0.00000	0.00000
3.16800	22.00000	0.00000	0.00000	3.16800	22.00000	0.00000	0.00000
3.18038	22.00000	0.00000	0.00000	3.18038	22.00000	0.00000	0.00000
3.19275	22.00000	0.00000	0.00000	3.19275	22.00000	0.00000	0.00000
3.20513	22.00000	0.00000	0.00000	3.20513	23.00000	0.00000	0.00000
3.21750	22.00000	0.00000	0.00000	3.21750	22.00000	0.00000	0.00000
3.22988	22.00000	0.00000	0.00000	3.22988	20.00000	0.00000	0.00000
3.24225	22.00000	0.00000	0.00000	3.24225	22.00000	0.00000	0.00000
3.25463	22.00000	0.00000	0.00000	3.25463	20.00000	0.00000	0.00000
3.26700	20.00000	0.00000	0.00000	3.26700	22.00000	0.00000	0.00000
3.27938	20.00000	0.00000	0.00000	3.27938	19.00000	0.00000	0.00000
3.29175	23.00000	0.00000	0.00000	3.29175	22.00000	0.00000	0.00000
3.30412	20.00000	0.00000	0.00000	3.30413	22.00000	0.00000	0.00000
3.31650	20.00000	0.00000	0.00000	3.31650	22.00000	0.00000	0.00000
3.32888	22.00000	0.00000	0.00000	3.32888	22.00000	0.00000	0.00000
3.34125	22.00000	0.00000	0.00000	3.34125	22.00000	0.00000	0.00000
3.35363	20.00000	0.00000	0.00000	3.35363	20.00000	0.00000	0.00000
3.36600	20.00000	0.00000	0.00000	3.36600	20.00000	0.00000	0.00000
3.37838	23.00000	0.00000	0.00000	3.37838	20.00000	0.00000	0.00000
3.39075	22.00000	0.00000	0.00000	3.39075	22.00000	0.00000	0.00000
3.40313	19.00000	0.00000	0.00000	3.40313	19.00000	0.00000	0.00000
3.41550	19.00000	0.00000	0.00000	3.41550	19.00000	0.00000	0.00000
3.42788	22.00000	0.00000	0.00000	3.42788	22.00000	0.00000	0.00000
3.44025	22.00000	0.00000	0.00000	3.44025	22.00000	0.00000	0.00000
3.45263	22.00000	0.00000	0.00000	3.45263	22.00000	0.00000	0.00000
3.46500	22.00000	0.00000	0.00000	3.46500	23.00000	0.00000	0.00000
3.47738	22.00000	0.00000	0.00000	3.47738	22.00000	0.00000	0.00000
3.48975	22.00000	0.00000	0.00000	3.48975	22.00000	0.00000	0.00000
3.50213	22.00000	0.00000	0.00000	3.50213	22.00000	0.00000	0.00000
3.51450	19.00000	0.00000	0.00000	3.51450	22.00000	0.00000	0.00000
3.52687	19.00000	0.00000	0.00000	3.52688	22.00000	0.00000	0.00000
3.53925	22.00000	0.00000	0.00000	3.53925	22.00000	0.00000	0.00000
3.55163	22.00000	0.00000	0.00000	3.55163	19.00000	0.00000	0.00000
3.56400	20.00000	0.00000	0.00000	3.56400	22.00000	0.00000	0.00000
3.57638	20.00000	0.00000	0.00000	3.57638	19.00000	0.00000	0.00000
3.58875	23.00000	0.00000	0.00000	3.58875	22.00000	0.00000	0.00000
3.60113	20.00000	0.00000	0.00000	3.60113	22.00000	0.00000	0.00000
3.61350	20.00000	0.00000	0.00000	3.61350	22.00000	0.00000	0.00000
3.62588	22.00000	0.00000	0.00000	3.62588	19.00000	0.00000	0.00000
3.63825	20.00000	0.00000	0.00000	3.63825	22.00000	0.00000	0.00000
3.65063	20.00000	0.00000	0.00000	3.65063	19.00000	0.00000	0.00000
3.66300	23.00000	0.00000	0.00000	3.66300	22.00000	0.00000	0.00000
3.67538	22.00000	0.00000	0.00000	3.67538	22.00000	0.00000	0.00000
3.68775	22.00000	0.00000	0.00000	3.68775	22.00000	0.00000	0.00000
3.70013	19.00000	0.00000	0.00000	3.70013	22.00000	0.00000	0.00000
3.71250	19.00000	0.00000	0.00000	3.71250	22.00000	0.00000	0.00000
3.72488	22.00000	0.00000	0.00000	3.72488	22.00000	0.00000	0.00000
3.73725	19.00000	0.00000	0.00000	3.73725	22.00000	0.00000	0.00000
3.74962	19.00000	0.00000	0.00000	3.74963	19.00000	0.00000	0.00000
3.76200	22.00000	0.00000	0.00000	3.76200	22.00000	0.00000	0.00000
3.77438	22.00000	0.00000	0.00000	3.77438	19.00000	0.00000	0.00000
3.78675	20.00000	0.00000	0.00000	3.78675	22.00000	0.00000	0.00000
3.79913	20.00000	0.00000	0.00000	3.79913	22.00000	0.00000	0.00000
3.81150	23.00000	0.00000	0.00000	3.81150	22.00000	0.00000	0.00000
3.82388	22.00000	0.00000	0.00000	3.82388	22.00000	0.00000	0.00000
3.83625	22.00000	0.00000	0.00000	3.83625	23.00000	0.00000	0.00000
3.84863	19.00000	0.00000	0.00000	3.84863	22.00000	0.00000	0.00000
3.86100	19.00000	0.00000	0.00000	3.86100	20.00000	0.00000	0.00000
3.87338	22.00000	0.00000	0.00000	3.87338	22.00000	0.00000	0.00000
3.88575	20.00000	0.00000	0.00000	3.88575	22.00000	0.00000	0.00000
3.89813	22.00000	0.00000	0.00000	3.89813	22.00000	0.00000	0.00000
3.91050	23.00000	0.00000	0.00000	3.91050	22.00000	0.00000	0.00000
3.92288	24.00000	0.00000	0.00000	3.92288	19.00000	0.00000	0.00000
3.93525	26.00000	0.00000	0.00000	3.93525	20.00000	0.00000	0.00000
3.94763	26.00000	0.00000	0.00000	3.94763	19.00000	0.00000	0.00000
3.96000	32.00000	0.00000	0.00000	3.96000	19.00000	0.00000	0.00000
3.97237	38.00000	0.00000	0.00000	3.97238	22.00000	0.00000	0.00000
3.98475	45.00000	0.00000	0.00000	3.98475	22.00000	0.00000	0.00000
3.99713	52.00000	0.00000	0.00000	3.99713	23.00000	0.00000	0.00000
4.00950	62.00000	0.00000	0.00000	4.00950	20.00000	0.00000	0.00000
4.02188	71.00000	0.00000	0.00000	4.02188	22.00000	0.00000	0.00000
4.03425	77.00000	0.00000	0.00000	4.03425	20.00000	0.00000	0.00000
4.04663	83.00000	0.00000	0.00000	4.04663	22.00000	0.00000	0.00000
4.05900	89.00000	0.00000	0.00000	4.05900	22.00000	0.00000	0.00000
4.07138	90.00000	0.00000	0.00000	4.07138	18.00000	0.00000	0.00000
4.08375	90.00000	0.00000	0.00000	4.08375	23.00000	0.00000	0.00000
4.09612	86.00000	0.00000	0.00000	4.09613	22.00000	0.00000	0.00000
4.10850	82.00000	0.00000	0.00000	4.10850	22.00000	0.00000	0.00000
4.12087	79.00000	0.00000	0.00000	4.12088	22.00000	0.00000	0.00000
4.13325	71.00000	0.00000	0.00000	4.13325	22.00000	0.00000	0.00000
4.14562	61.00000	0.00000	0.00000	4.14563	22.00000	0.00000	0.00000
4.15800	54.00000	0.00000	0.00000	4.15800	22.00000	0.00000	0.00000
4.17037	50.00000	0.00000	0.00000	4.17038	22.00000	0.00000	0.00000
4.18275	41.00000	0.00000	0.00000	4.18275	22.00000	0.00000	0.00000
4.19512	34.00000	0.00000	0.00000	4.19513	22.00000	0.00000	0.00000
4.20750	30.00000	0.00000	0.00000	4.20750	22.00000	0.00000	0.00000
4.21988	26.00000	0.00000	0.00000	4.21988	22.00000	0.00000	0.00000
4.23225	24.00000	0.00000	0.00000	4.23225	22.00000	0.00000	0.00000
4.24463	23.00000	0.00000	0.00000	4.24463	22.00000	0.00000	0.00000
4.25700	22.00000	0.00000	0.00000	4.25700	22.00000	0.00000	0.00000
4.26938	23.00000	0.00000	0.00000	4.26938	23.00000	0.00000	0.00000
4.28175	20.00000	0.00000	0.00000	4.28175	22.00000	0.00000	0.00000
4.29413	20.00000	0.00000	0.00000	4.29413	23.00000	0.00000	0.00000
4.30650	23.00000	0.00000	0.00000	4.30650	22.00000	0.00000	0.00000
4.31888	22.00000	0.00000	0.00000	4.31888	22.00000	0.00000	0.00000
4.33125	19.00000	0.00000	0.00000	4.33125	22.00000	0.00000	0.00000
4.34363	22.00000	0.00000	0.00000	4.34363	19.00000	0.00000	0.00000
4.35600	22.00000	0.00000	0.00000	4.35600	22.00000	0.00000	0.00000
4.36838	22.00000	0.00000	0.00000	4.36838	18.00000	0.00000	0.00000
4.38075	22.00000	0.00000	0.00000	4.38075	22.00000	0.00000	0.00000
4.39313	19.00000	0.00000	0.00000	4.39313	22.00000	0.00000	0.00000
4.40550	19.00000	0.00000	0.00000	4.40550	22.00000	0.00000	0.00000
4.41788	19.00000	0.00000	0.00000	4.41788	22.00000	0.00000	0.00000
4.43025	22.00000	0.00000	0.00000	4.43025	22.00000	0.00000	0.00000
4.44263	22.00000	0.00000	0.00000	4.44263	22.00000	0.00000	0.00000
4.45500	22.00000	0.00000	0.00000	4.45500	19.00000	0.00000	0.00000
4.46738	22.00000	0.00000	0.00000	4.46738	20.00000	0.00000	0.00000
4.47975	22.00000	0.00000	0.00000	4.47975	20.00000	0.00000	0.00000
4.49213	22.00000	0.00000	0.00000	4.49213	22.00000	0.00000	0.00000
4.50450	19.00000	0.00000	0.00000	4.50450	22.00000	0.00000	0.00000
4.51688	19.00000	0.00000	0.00000	4.51688	22.00000	0.00000	0.00000
4.52925	22.00000	0.00000	0.00000	4.52925	23.00000	0.00000	0.00000
4.54162	22.00000	0.00000	0.00000	4.54163	22.00000	0.00000	0.00000
4.55400	19.00000	0.00000	0.00000	4.55400	23.00000	0.00000	0.00000
4.56637	19.00000	0.00000	0.00000	4.56638	23.00000	0.00000	0.00000
4.57875	22.00000	0.00000	0.00000	4.57875	22.00000	0.00000	0.00000
4.59112	19.00000	0.00000	0.00000	4.59113	22.00000	0.00000	0.00000
4.60350	19.00000	0.00000	0.00000	4.60350	19.00000	0.00000	0.00000
4.61587	22.00000	0.00000	0.00000	4.61588	19.00000	0.00000	0.00000
4.62825	23.00000	0.00000	0.00000	4.62825	19.00000	0.00000	0.00000
4.64063	22.00000	0.00000	0.00000	4.64063	20.00000	0.00000	0.00000
4.65300	19.00000	0.00000	0.00000	4.65300	22.00000	0.00000	0.00000
4.66538	22.00000	0.00000	0.00000	4.66538	20.00000	0.00000	0.00000
4.67775	22.00000	0.00000	0.00000	4.67775	22.00000	0.00000	0.00000
4.69013	22.00000	0.00000	0.00000	4.69013	22.00000	0.00000	0.00000
4.70250	22.00000	0.00000	0.00000	4.70250	22.00000	0.00000	0.00000
4.71488	22.00000	0.00000	0.00000	4.71488	22.00000	0.00000	0.00000
4.72725	19.00000	0.00000	0.00000	4.72725	22.00000	0.00000	0.00000
4.73963	19.00000	0.00000	0.00000	4.73963	22.00000	0.00000	0.00000
4.75200	22.00000	0.00000	0.00000	4.75200	22.00000	0.00000	0.00000
4.76438	22.00000	0.00000	0.00000	4.76438	19.00000	0.00000	0.00000
4.77675	22.00000	0.00000	0.00000	4.77675	22.00000	0.00000	0.00000
4.78913	22.00000	0.00000	0.00000	4.78913	22.00000	0.00000	0.00000
4.80150	22.00000	0.00000	0.00000	4.80150	19.00000	0.00000	0.00000
4.81388	22.00000	0.00000	0.00000	4.81388	23.00000	0.00000	0.00000
4.82625	22.00000	0.00000	0.00000	4.82625	22.00000	0.00000	0.00000
4.83863	22.00000	0.00000	0.00000	4.83863	22.00000	0.00000	0.00000
4.85100	22.00000	0.00000	0.00000	4.85100	22.00000	0.00000	0.00000
4.86338	19.00000	0.00000	0.00000	4.86338	22.00000	0.00000	0.00000
4.87575	19.00000	0.00000	0.00000	4.87575	22.00000	0.00000	0.00000
4.88813	19.00000	0.00000	0.00000	4.88813	22.00000	0.00000	0.00000
4.90050	22.00000	0.00000	0.00000	4.90050	18.00000	0.00000	0.00000
4.91288	22.00000	0.00000	0.00000	4.91288	22.00000	0.00000	0.00000
4.92525	22.00000	0.00000	0.00000	4.92525	19.00000	0.00000	0.00000
4.93763	22.00000	0.00000	0.00000	4.93763	20.00000	0.00000	0.00000
4.95000	22.00000	0.00000	0.00000	4.95000	22.00000	0.00000	0.00000
4.96238	22.00000	0.00000	0.00000	4.96238	22.00000	0.00000	0.00000
4.97475	22.00000	0.00000	0.00000	4.97475	22.00000	0.00000	0.00000
4.98712	22.00000	0.00000	0.00000	4.98713	22.00000	0.00000	0.00000
4.99950	22.00000	0.00000	0.00000	4.99950	19.00000	0.00000	0.00000
5.01187	22.00000	0.00000	0.00000	5.01188	23.00000	0.00000	0.00000
5.02425	22.00000	0.00000	0.00000	5.02425	22.00000	0.00000	0.00000
5.03662	19.00000	0.00000	0.00000	5.03663	23.00000	0.00000	0.00000
5.04900	19.00000	0.00000	0.00000	5.04900	19.00000	0.00000	0.00000
5.06137	19.00000	0.00000	0.00000	5.06138	22.00000	0.00000	0.00000
5.07375	19.00000	0.00000	0.00000	5.07375	22.00000	0.00000	0.00000
5.08613	23.00000	0.00000	0.00000	5.08613	19.00000	0.00000	0.00000
5.09850	20.00000	0.00000	0.00000	5.09850	23.00000	0.00000	0.00000
5.11088	20.00000	0.00000	0.00000	5.11088	22.00000	0.00000	0.00000
5.12325	23.00000	0.00000	0.00000	5.12325	23.00000	0.00000	0.00000
5.13563	23.00000	0.00000	0.00000	5.13563	22.00000	0.00000	0.00000
5.14800	23.00000	0.00000	0.00000	5.14800	19.00000	0.00000	0.00000
5.16038	20.00000	0.00000	0.00000	5.16038	22.00000	0.00000	0.00000
5.17275	20.00000	0.00000	0.00000	5.17275	20.00000	0.00000	0.00000
5.18513	22.00000	0.00000	0.00000	5.18513	22.00000	0.00000	0.00000
5.19750	22.00000	0.00000	0.00000	5.19750	18.00000	0.00000	0.00000
5.20988	22.00000	0.00000	0.00000	5.20988	19.00000	0.00000	0.00000
5.22225	19.00000	0.00000	0.00000	5.22225	20.00000	0.00000	0.00000
5.23463	19.00000	0.00000	0.00000	5.23463	19.00000	0.00000	0.00000
5.24700	22.00000	0.00000	0.00000	5.24700	22.00000	0.00000	0.00000
5.25938	23.00000	0.00000	0.00000	5.25938	23.00000	0.00000	0.00000
5.27175	22.00000	0.00000	0.00000	5.27175	22.00000	0.00000	0.00000
5.28413	19.00000	0.00000	0.00000	5.28413	22.00000	0.00000	0.00000
5.29650	19.00000	0.00000	0.00000	5.29650	18.00000	0.00000	0.00000
5.30888	22.00000	0.00000	0.00000	5.30888	22.00000	0.00000	0.00000
5.32125	22.00000	0.00000	0.00000	5.32125	20.00000	0.00000	0.00000
5.33363	23.00000	0.00000	0.00000	5.33363	22.00000	0.00000	0.00000
5.34600	20.00000	0.00000	0.00000	5.34600	18.00000	0.00000	0.00000
5.35838	20.00000	0.00000	0.00000	5.35838	19.00000	0.00000	0.00000
5.37075	20.00000	0.00000	0.00000	5.37075	22.00000	0.00000	0.00000
5.38313	23.00000	0.00000	0.00000	5.38313	20.00000	0.00000	0.00000
5.39550	23.00000	0.00000	0.00000	5.39550	22.00000	0.00000	0.00000
5.40788	20.00000	0.00000	0.00000	5.40788	22.00000	0.00000	0.00000
5.42025	20.00000	0.00000	0.00000	5.42025	22.00000	0.00000	0.00000
5.43262	23.00000	0.00000	0.00000	5.43263	22.00000	0.00000	0.00000
5.44500	23.00000	0.00000	0.00000	5.44500	22.00000	0.00000	0.00000
5.45737	20.00000	0.00000	0.00000	5.45738	20.00000	0.00000	0.00000
5.46975	20.00000	0.00000	0.00000	5.46975	22.00000	0.00000	0.00000
5.48212	22.00000	0.00000	0.00000	5.48213	18.00000	0.00000	0.00000
5.49450	22.00000	0.00000	0.00000	5.49450	22.00000	0.00000	0.00000
5.50687	22.00000	0.00000	0.00000	5.50688	19.00000	0.00000	0.00000
5.51925	22.00000	0.00000	0.00000	5.51925	22.00000	0.00000	0.00000
5.53163	22.00000	0.00000	0.00000	5.53163	22.00000	0.00000	0.00000
5.54400	19.00000	0.00000	0.00000	5.54400	22.00000	0.00000	0.00000
5.55638	19.00000	0.00000	0.00000	5.55638	22.00000	0.00000	0.00000
5.56875	20.00000	0.00000	0.00000	5.56875	23.00000	0.00000	0.00000
5.58113	19.00000	0.00000	0.00000	5.58113	22.00000	0.00000	0.00000
5.59350	19.00000	0.00000	0.00000	5.59350	23.00000	0.00000	0.00000
5.60588	22.00000	0.00000	0.00000	5.60588	22.00000	0.00000	0.00000
5.61825	22.00000	0.00000	0.00000	5.61825	22.00000	0.00000	0.00000
5.63063	22.00000	0.00000	0.00000	5.63063	22.00000	0.00000	0.00000
5.64300	19.00000	0.00000	0.00000	5.64300	22.00000	0.00000	0.00000
5.65538	19.00000	0.00000	0.00000	5.65538	22.00000	0.00000	0.00000
5.66775	22.00000	0.00000	0.00000	5.66775	22.00000	0.00000	0.00000
5.68013	22.00000	0.00000	0.00000	5.68013	22.00000	0.00000	0.00000
5.69250	19.00000	0.00000	0.00000	5.69250	22.00000	0.00000	0.00000
5.70488	22.00000	0.00000	0.00000	5.70488	22.00000	0.00000	0.00000
5.71725	20.00000	0.00000	0.00000	5.71725	22.00000	0.00000	0.00000
5.72963	18.00000	0.00000	0.00000	5.72963	22.00000	0.00000	0.00000
5.74200	18.00000	0.00000	0.00000	5.74200	23.00000	0.00000	0.00000
5.75438	20.00000	0.00000	0.00000	5.75438	20.00000	0.00000	0.00000
5.76675	22.00000	0.00000	0.00000	5.76675	23.00000	0.00000	0.00000
5.77913	22.00000	0.00000	0.00000	5.77913	23.00000	0.00000	0.00000
5.79150	22.00000	0.00000	0.00000	5.79150	20.00000	0.00000	0.00000
5.80388	22.00000	0.00000	0.00000	5.80388	22.00000	0.00000	0.00000
5.81625	22.00000	0.00000	0.00000	5.81625	23.00000	0.00000	0.00000
5.82863	22.00000	0.00000	0.00000	5.82863	22.00000	0.00000	0.00000
5.84100	22.00000	0.00000	0.00000	5.84100	22.00000	0.00000	0.00000
5.85338	19.00000	0.00000	0.00000	5.85338	20.00000	0.00000	0.00000
5.86575	18.00000	0.00000	0.00000	5.86575	19.00000	0.00000	0.00000
5.87813	22.00000	0.00000	0.00000	5.87813	19.00000	0.00000	0.00000
5.89050	23.00000	0.00000	0.00000	5.89050	20.00000	0.00000	0.00000
5.90287	20.00000	0.00000	0.00000	5.90288	22.00000	0.00000	0.00000
5.91525	22.00000	0.00000	0.00000	0.00000	19.00000	0.00000	0.00000
5.92762	22.00000	0.00000	0.00000	0.00000	10.00000	0.00000	0.00000
5.94000	18.00000	0.00000	0.00000	0.00000	0.00000	0.00000	0.00000
5.95237	16.00000	0.00000	0.00000	0.00000	0.00000	0.00000	0.00000
5.96475	20.00000	0.00000	0.00000	0.00000	0.00000	0.00000	0.00000
5.97713	22.00000	0.00000	0.00000	0.00000	0.00000	0.00000	0.00000
5.98950	22.00000	0.00000	0.00000	0.00000	0.00000	0.00000	0.00000
6.00188	22.00000	0.00000	0.00000	0.00000	0.00000	0.00000	0.00000
6.01425	22.00000	0.00000	0.00000	0.00000	0.00000	0.00000	0.00000
6.02663	22.00000	0.00000	0.00000	0.00000	0.00000	0.00000	0.00000
6.03900	20.00000	0.00000	0.00000	0.00000	0.00000	0.00000	0.00000
6.05138	20.00000	0.00000	0.00000	0.00000	0.00000	0.00000	0.00000
6.06375	23.00000	0.00000	0.00000	0.00000	0.00000	0.00000	0.00000
6.07613	22.00000	0.00000	0.00000	0.00000	0.00000	0.00000	0.00000
6.08850	19.00000	0.00000	0.00000	0.00000	0.00000	0.00000	0.00000
6.10088	18.00000	0.00000	0.00000	0.00000	0.00000	0.00000	0.00000
6.11325	18.00000	0.00000	0.00000	0.00000	0.00000	0.00000	0.00000
6.12563	22.00000	0.00000	0.00000	0.00000	0.00000	0.00000	0.00000
6.13800	22.00000	0.00000	0.00000	0.00000	0.00000	0.00000	0.00000
6.15038	20.00000	0.00000	0.00000	0.00000	0.00000	0.00000	0.00000
6.16275	23.00000	0.00000	0.00000	0.00000	0.00000	0.00000	0.00000
6.17513	22.00000	0.00000	0.00000	0.00000	0.00000	0.00000	0.00000
6.18750	22.00000	0.00000	0.00000	0.00000	0.00000	0.00000	0.00000
6.19988	19.00000	0.00000	0.00000	0.00000	0.00000	0.00000	0.00000
6.21225	22.00000	0.00000	0.00000	0.00000	0.00000	0.00000	0.00000
6.22463	22.00000	0.00000	0.00000	0.00000	0.00000	0.00000	0.00000
6.23700	22.00000	0.00000	0.00000	0.00000	0.00000	0.00000	0.00000
6.24938	22.00000	0.00000	0.00000	0.00000	0.00000	0.00000	0.00000
6.26175	22.00000	0.00000	0.00000	0.00000	0.00000	0.00000	0.00000
6.27413	22.00000	0.00000	0.00000	0.00000	0.00000	0.00000	0.00000
6.28650	22.00000	0.00000	0.00000	0.00000	0.00000	0.00000	0.00000
6.29888	22.00000	0.00000	0.00000	0.00000	0.00000	0.00000	0.00000
6.31125	22.00000	0.00000	0.00000	0.00000	0.00000	0.00000	0.00000
6.32363	19.00000	0.00000	0.00000	0.00000	0.00000	0.00000	0.00000
6.33600	22.00000	0.00000	0.00000	0.00000	0.00000	0.00000	0.00000
6.34837	22.00000	0.00000	0.00000	0.00000	0.00000	0.00000	0.00000
6.36075	20.00000	0.00000	0.00000	0.00000	0.00000	0.00000	0.00000
6.37312	23.00000	0.00000	0.00000	0.00000	0.00000	0.00000	0.00000
6.38550	23.00000	0.00000	0.00000	0.00000	0.00000	0.00000	0.00000
6.39787	20.00000	0.00000	0.00000	0.00000	0.00000	0.00000	0.00000
6.41025	20.00000	0.00000	0.00000	0.00000	0.00000	0.00000	0.00000
6.42263	22.00000	0.00000	0.00000	0.00000	0.00000	0.00000	0.00000
6.43500	22.00000	0.00000	0.00000	0.00000	0.00000	0.00000	0.00000
6.44738	22.00000	0.00000	0.00000	0.00000	0.00000	0.00000	0.00000
6.45975	22.00000	0.00000	0.00000	0.00000	0.00000	0.00000	0.00000
6.47213	22.00000	0.00000	0.00000	0.00000	0.00000	0.00000	0.00000
6.48450	19.00000	0.00000	0.00000	0.00000	0.00000	0.00000	0.00000
6.49688	19.00000	0.00000	0.00000	0.00000	0.00000	0.00000	0.00000
6.50925	19.00000	0.00000	0.00000	0.00000	0.00000	0.00000	0.00000
6.52163	22.00000	0.00000	0.00000	0.00000	0.00000	0.00000	0.00000
6.53400	23.00000	0.00000	0.00000	0.00000	0.00000	0.00000	0.00000
6.54638	23.00000	0.00000	0.00000	0.00000	0.00000	0.00000	0.00000
6.55875	20.00000	0.00000	0.00000	0.00000	0.00000	0.00000	0.00000
6.57113	20.00000	0.00000	0.00000	0.00000	0.00000	0.00000	0.00000
6.58350	22.00000	0.00000	0.00000	0.00000	0.00000	0.00000	0.00000
6.59588	22.00000	0.00000	0.00000	0.00000	0.00000	0.00000	0.00000
6.60825	22.00000	0.00000	0.00000	0.00000	0.00000	0.00000	0.00000
6.62063	22.00000	0.00000	0.00000	0.00000	0.00000	0.00000	0.00000
6.63300	20.00000	0.00000	0.00000	0.00000	0.00000	0.00000	0.00000
6.64538	20.00000	0.00000	0.00000	0.00000	0.00000	0.00000	0.00000
6.65775	23.00000	0.00000	0.00000	0.00000	0.00000	0.00000	0.00000
6.67013	23.00000	0.00000	0.00000	0.00000	0.00000	0.00000	0.00000
6.68250	20.00000	0.00000	0.00000	0.00000	0.00000	0.00000	0.00000
6.69488	20.00000	0.00000	0.00000	0.00000	0.00000	0.00000	0.00000
6.70725	20.00000	0.00000	0.00000	0.00000	0.00000	0.00000	0.00000
6.71963	20.00000	0.00000	0.00000	0.00000	0.00000	0.00000	0.00000
6.73200	23.00000	0.00000	0.00000	0.00000	0.00000	0.00000	0.00000
6.74438	23.00000	0.00000	0.00000	0.00000	0.00000	0.00000	0.00000
6.75675	20.00000	0.00000	0.00000	0.00000	0.00000	0.00000	0.00000
6.76913	20.00000	0.00000	0.00000	0.00000	0.00000	0.00000	0.00000
6.78150	20.00000	0.00000	0.00000	0.00000	0.00000	0.00000	0.00000
6.79387	23.00000	0.00000	0.00000	0.00000	0.00000	0.00000	0.00000
6.80625	23.00000	0.00000	0.00000	0.00000	0.00000	0.00000	0.00000
6.81862	22.00000	0.00000	0.00000	0.00000	0.00000	0.00000	0.00000
6.83100	19.00000	0.00000	0.00000	0.00000	0.00000	0.00000	0.00000
6.84337	19.00000	0.00000	0.00000	0.00000	0.00000	0.00000	0.00000
6.85575	19.00000	0.00000	0.00000	0.00000	0.00000	0.00000	0.00000
6.86813	23.00000	0.00000	0.00000	0.00000	0.00000	0.00000	0.00000
6.88050	22.00000	0.00000	0.00000	0.00000	0.00000	0.00000	0.00000
6.89288	20.00000	0.00000	0.00000	0.00000	0.00000	0.00000	0.00000
6.90525	20.00000	0.00000	0.00000	0.00000	0.00000	0.00000	0.00000
6.91763	20.00000	0.00000	0.00000	0.00000	0.00000	0.00000	0.00000
6.93000	23.00000	0.00000	0.00000	0.00000	0.00000	0.00000	0.00000
6.94238	23.00000	0.00000	0.00000	0.00000	0.00000	0.00000	0.00000
6.95475	20.00000	0.00000	0.00000	0.00000	0.00000	0.00000	0.00000
6.96713	23.00000	0.00000	0.00000	0.00000	0.00000	0.00000	0.00000
6.97950	20.00000	0.00000	0.00000	0.00000	0.00000	0.00000	0.00000
6.99188	20.00000	0.00000	0.00000	0.00000	0.00000	0.00000	0.00000
7.00425	22.00000	0.00000	0.00000	0.00000	0.00000	0.00000	0.00000
7.01663	22.00000	0.00000	0.00000	0.00000	0.00000	0.00000	0.00000
7.02900	22.00000	0.00000	0.00000	0.00000	0.00000	0.00000	0.00000
7.04138	20.00000	0.00000	0.00000	0.00000	0.00000	0.00000	0.00000
7.05375	22.00000	0.00000	0.00000	0.00000	0.00000	0.00000	0.00000
7.06613	23.00000	0.00000	0.00000	0.00000	0.00000	0.00000	0.00000
7.07850	19.00000	0.00000	0.00000	0.00000	0.00000	0.00000	0.00000
7.09088	19.00000	0.00000	0.00000	0.00000	0.00000	0.00000	0.00000
7.10325	22.00000	0.00000	0.00000	0.00000	0.00000	0.00000	0.00000
7.11563	22.00000	0.00000	0.00000	0.00000	0.00000	0.00000	0.00000
7.12800	20.00000	0.00000	0.00000	0.00000	0.00000	0.00000	0.00000
7.14038	23.00000	0.00000	0.00000	0.00000	0.00000	0.00000	0.00000
7.15275	23.00000	0.00000	0.00000	0.00000	0.00000	0.00000	0.00000
7.16513	20.00000	0.00000	0.00000	0.00000	0.00000	0.00000	0.00000
7.17750	20.00000	0.00000	0.00000	0.00000	0.00000	0.00000	0.00000
7.18988	22.00000	0.00000	0.00000	0.00000	0.00000	0.00000	0.00000
7.20225	20.00000	0.00000	0.00000	0.00000	0.00000	0.00000	0.00000
7.21463	20.00000	0.00000	0.00000	0.00000	0.00000	0.00000	0.00000
7.22700	23.00000	0.00000	0.00000	0.00000	0.00000	0.00000	0.00000
7.23938	20.00000	0.00000	0.00000	0.00000	0.00000	0.00000	0.00000
7.25175	20.00000	0.00000	0.00000	0.00000	0.00000	0.00000	0.00000
7.26412	22.00000	0.00000	0.00000	0.00000	0.00000	0.00000	0.00000
7.27650	22.00000	0.00000	0.00000	0.00000	0.00000	0.00000	0.00000
7.28887	22.00000	0.00000	0.00000	0.00000	0.00000	0.00000	0.00000
7.30125	22.00000	0.00000	0.00000	0.00000	0.00000	0.00000	0.00000
7.31363	22.00000	0.00000	0.00000	0.00000	0.00000	0.00000	0.00000
7.32600	22.00000	0.00000	0.00000	0.00000	0.00000	0.00000	0.00000
7.33838	22.00000	0.00000	0.00000	0.00000	0.00000	0.00000	0.00000
7.35075	22.00000	0.00000	0.00000	0.00000	0.00000	0.00000	0.00000
7.36313	22.00000	0.00000	0.00000	0.00000	0.00000	0.00000	0.00000
7.37550	22.00000	0.00000	0.00000	0.00000	0.00000	0.00000	0.00000
7.38788	22.00000	0.00000	0.00000	0.00000	0.00000	0.00000	0.00000
7.40025	22.00000	0.00000	0.00000	0.00000	0.00000	0.00000	0.00000
7.41263	22.00000	0.00000	0.00000	0.00000	0.00000	0.00000	0.00000
7.42500	20.00000	0.00000	0.00000	0.00000	0.00000	0.00000	0.00000
7.43738	20.00000	0.00000	0.00000	0.00000	0.00000	0.00000	0.00000
7.44975	23.00000	0.00000	0.00000	0.00000	0.00000	0.00000	0.00000
7.46213	22.00000	0.00000	0.00000	0.00000	0.00000	0.00000	0.00000
7.47450	19.00000	0.00000	0.00000	0.00000	0.00000	0.00000	0.00000
7.48688	19.00000	0.00000	0.00000	0.00000	0.00000	0.00000	0.00000
7.49925	22.00000	0.00000	0.00000	0.00000	0.00000	0.00000	0.00000
7.51163	23.00000	0.00000	0.00000	0.00000	0.00000	0.00000	0.00000
7.52400	23.00000	0.00000	0.00000	0.00000	0.00000	0.00000	0.00000
7.53638	20.00000	0.00000	0.00000	0.00000	0.00000	0.00000	0.00000
7.54875	20.00000	0.00000	0.00000	0.00000	0.00000	0.00000	0.00000
7.56113	20.00000	0.00000	0.00000	0.00000	0.00000	0.00000	0.00000
7.57350	20.00000	0.00000	0.00000	0.00000	0.00000	0.00000	0.00000
7.58588	23.00000	0.00000	0.00000	0.00000	0.00000	0.00000	0.00000
7.59825	23.00000	0.00000	0.00000	0.00000	0.00000	0.00000	0.00000
7.61063	22.00000	0.00000	0.00000	0.00000	0.00000	0.00000	0.00000
7.62300	19.00000	0.00000	0.00000	0.00000	0.00000	0.00000	0.00000
7.63538	19.00000	0.00000	0.00000	0.00000	0.00000	0.00000	0.00000
7.64775	22.00000	0.00000	0.00000	0.00000	0.00000	0.00000	0.00000
7.66013	23.00000	0.00000	0.00000	0.00000	0.00000	0.00000	0.00000
7.67250	20.00000	0.00000	0.00000	0.00000	0.00000	0.00000	0.00000
7.68488	20.00000	0.00000	0.00000	0.00000	0.00000	0.00000	0.00000
7.69725	22.00000	0.00000	0.00000	0.00000	0.00000	0.00000	0.00000
7.70962	22.00000	0.00000	0.00000	0.00000	0.00000	0.00000	0.00000
7.72200	22.00000	0.00000	0.00000	0.00000	0.00000	0.00000	0.00000
7.73438	22.00000	0.00000	0.00000	0.00000	0.00000	0.00000	0.00000
7.74675	22.00000	0.00000	0.00000	0.00000	0.00000	0.00000	0.00000
7.75913	22.00000	0.00000	0.00000	0.00000	0.00000	0.00000	0.00000
7.77150	22.00000	0.00000	0.00000	0.00000	0.00000	0.00000	0.00000
7.78388	22.00000	0.00000	0.00000	0.00000	0.00000	0.00000	0.00000
7.79625	22.00000	0.00000	0.00000	0.00000	0.00000	0.00000	0.00000
7.80863	22.00000	0.00000	0.00000	0.00000	0.00000	0.00000	0.00000
7.82100	22.00000	0.00000	0.00000	0.00000	0.00000	0.00000	0.00000
7.83338	22.00000	0.00000	0.00000	0.00000	0.00000	0.00000	0.00000
7.84575	22.00000	0.00000	0.00000	0.00000	0.00000	0.00000	0.00000
7.85813	22.00000	0.00000	0.00000	0.00000	0.00000	0.00000	0.00000
7.87050	23.00000	0.00000	0.00000	0.00000	0.00000	0.00000	0.00000
7.88288	18.00000	0.00000	0.00000	0.00000	0.00000	0.00000	0.00000
0.00000	12.00000	0.00000	0.00000	0.00000	0.00000	0.00000	0.00000
0.00000	9.00000	0.00000	0.00000	0.00000	0.00000	0.00000	0.00000