# 21092021_12_46_04_group11_Mes3_Temp24_2Peak.dat
# Measuring of the Zeemann splitting 
# modus: scanning laser current/frequency via I/P MOD
# 
x(A/Hz/V/nm) yai0(V) yai1(V) yai2(V) yai3(V) yai4(V)
122.9481	0.1298	0.0612	NaN	0.0562	0.2973
122.9496	0.1295	0.0612	NaN	0.0562	0.2961
122.9515	0.1295	0.0612	NaN	0.0562	0.2955
122.9518	0.1297	0.0612	NaN	0.0562	0.2958
122.9538	0.1299	0.0612	NaN	0.0562	0.2965
122.9540	0.1303	0.0612	NaN	0.0562	0.2971
122.9571	0.1304	0.0612	NaN	0.0562	0.2973
122.9565	0.1298	0.0612	NaN	0.0562	0.2968
122.9575	0.1299	0.0612	NaN	0.0562	0.2966
122.9610	0.1302	0.0612	NaN	0.0562	0.2964
122.9625	0.1296	0.0612	NaN	0.0562	0.2962
122.9626	0.1294	0.0612	NaN	0.0562	0.2959
122.9646	0.1296	0.0612	NaN	0.0562	0.2956
122.9674	0.1294	0.0612	NaN	0.0562	0.2955
122.9680	0.1294	0.0612	NaN	0.0562	0.2955
122.9682	0.1296	0.0612	NaN	0.0562	0.2955
122.9725	0.1303	0.0612	NaN	0.0562	0.2954
122.9736	0.1303	0.0612	NaN	0.0562	0.2957
122.9757	0.1300	0.0612	NaN	0.0562	0.2955
122.9762	0.1301	0.0612	NaN	0.0563	0.2956
122.9767	0.1302	0.0612	NaN	0.0562	0.2957
122.9797	0.1303	0.0612	NaN	0.0562	0.2955
122.9814	0.1308	0.0612	NaN	0.0562	0.2955
122.9802	0.1302	0.0612	NaN	0.0562	0.2955
122.9813	0.1301	0.0612	NaN	0.0562	0.2955
122.9834	0.1299	0.0612	NaN	0.0563	0.2956
122.9860	0.1298	0.0612	NaN	0.0563	0.2957
122.9854	0.1299	0.0612	NaN	0.0563	0.2960
122.9876	0.1302	0.0612	NaN	0.0563	0.2961
122.9898	0.1304	0.0612	NaN	0.0563	0.2959
122.9882	0.1303	0.0613	NaN	0.0563	0.2958
122.9903	0.1300	0.0612	NaN	0.0563	0.2960
122.9924	0.1295	0.0612	NaN	0.0563	0.2961
122.9939	0.1293	0.0612	NaN	0.0563	0.2961
122.9954	0.1297	0.0612	NaN	0.0562	0.2961
122.9940	0.1296	0.0612	NaN	0.0563	0.2960
122.9965	0.1295	0.0612	NaN	0.0563	0.2958
122.9987	0.1298	0.0612	NaN	0.0563	0.2956
122.9996	0.1299	0.0612	NaN	0.0563	0.2956
123.0019	0.1299	0.0612	NaN	0.0563	0.2957
123.0027	0.1301	0.0612	NaN	0.0563	0.2958
123.0061	0.1301	0.0613	NaN	0.0563	0.2957
123.0059	0.1302	0.0612	NaN	0.0563	0.2956
123.0065	0.1303	0.0613	NaN	0.0563	0.2957
123.0094	0.1300	0.0613	NaN	0.0563	0.2957
123.0105	0.1301	0.0613	NaN	0.0563	0.2957
123.0109	0.1304	0.0613	NaN	0.0563	0.2959
123.0128	0.1306	0.0613	NaN	0.0563	0.2960
123.0169	0.1305	0.0613	NaN	0.0563	0.2960
123.0164	0.1302	0.0613	NaN	0.0563	0.2959
123.0177	0.1302	0.0613	NaN	0.0563	0.2959
123.0198	0.1299	0.0613	NaN	0.0563	0.2961
123.0210	0.1299	0.0613	NaN	0.0563	0.2963
123.0233	0.1301	0.0613	NaN	0.0563	0.2963
123.0243	0.1299	0.0613	NaN	0.0563	0.2965
123.0255	0.1299	0.0613	NaN	0.0563	0.2964
123.0303	0.1302	0.0613	NaN	0.0563	0.2967
123.0289	0.1299	0.0613	NaN	0.0563	0.2967
123.0290	0.1301	0.0613	NaN	0.0563	0.2972
123.0306	0.1301	0.0613	NaN	0.0563	0.2971
123.0339	0.1308	0.0613	NaN	0.0563	0.2972
123.0356	0.1308	0.0613	NaN	0.0563	0.2972
123.0347	0.1305	0.0613	NaN	0.0563	0.2968
123.0380	0.1306	0.0613	NaN	0.0563	0.2964
123.0394	0.1306	0.0613	NaN	0.0563	0.2963
123.0398	0.1299	0.0613	NaN	0.0563	0.2967
123.0388	0.1301	0.0613	NaN	0.0563	0.2965
123.0417	0.1303	0.0613	NaN	0.0563	0.2962
123.0422	0.1308	0.0613	NaN	0.0563	0.2964
123.0438	0.1311	0.0613	NaN	0.0563	0.2962
123.0453	0.1308	0.0613	NaN	0.0563	0.2961
123.0468	0.1306	0.0613	NaN	0.0563	0.2961
123.0484	0.1305	0.0613	NaN	0.0563	0.2961
123.0474	0.1302	0.0613	NaN	0.0563	0.2961
123.0491	0.1302	0.0613	NaN	0.0563	0.2960
123.0526	0.1298	0.0613	NaN	0.0563	0.2960
123.0544	0.1299	0.0613	NaN	0.0563	0.2960
123.0534	0.1296	0.0613	NaN	0.0563	0.2959
123.0556	0.1297	0.0613	NaN	0.0563	0.2959
123.0564	0.1298	0.0613	NaN	0.0563	0.2960
123.0588	0.1295	0.0613	NaN	0.0563	0.2959
123.0590	0.1293	0.0613	NaN	0.0563	0.2960
123.0618	0.1296	0.0613	NaN	0.0564	0.2959
123.0644	0.1297	0.0613	NaN	0.0564	0.2959
123.0648	0.1301	0.0613	NaN	0.0564	0.2960
123.0654	0.1301	0.0613	NaN	0.0563	0.2961
123.0680	0.1301	0.0613	NaN	0.0563	0.2964
123.0686	0.1301	0.0613	NaN	0.0563	0.2963
123.0707	0.1302	0.0613	NaN	0.0563	0.2966
123.0712	0.1301	0.0613	NaN	0.0564	0.2966
123.0716	0.1300	0.0613	NaN	0.0563	0.2970
123.0734	0.1301	0.0613	NaN	0.0563	0.2976
123.0761	0.1303	0.0613	NaN	0.0563	0.2978
123.0767	0.1304	0.0613	NaN	0.0564	0.2979
123.0770	0.1305	0.0613	NaN	0.0563	0.2980
123.0790	0.1303	0.0613	NaN	0.0563	0.2980
123.0808	0.1301	0.0613	NaN	0.0564	0.2980
123.0811	0.1299	0.0613	NaN	0.0564	0.2979
123.0834	0.1300	0.0613	NaN	0.0564	0.2980
123.0855	0.1299	0.0613	NaN	0.0564	0.2980
123.0886	0.1296	0.0613	NaN	0.0564	0.2980
123.0875	0.1294	0.0613	NaN	0.0564	0.2979
123.0889	0.1296	0.0613	NaN	0.0564	0.2979
123.0903	0.1296	0.0614	NaN	0.0564	0.2980
123.0925	0.1295	0.0614	NaN	0.0564	0.2980
123.0922	0.1295	0.0613	NaN	0.0564	0.2979
123.0931	0.1298	0.0613	NaN	0.0564	0.2980
123.0944	0.1298	0.0613	NaN	0.0564	0.2980
123.0959	0.1300	0.0613	NaN	0.0563	0.2981
123.0965	0.1305	0.0614	NaN	0.0564	0.2981
123.0993	0.1304	0.0614	NaN	0.0564	0.2981
123.1014	0.1300	0.0614	NaN	0.0564	0.2981
123.1017	0.1299	0.0614	NaN	0.0564	0.2981
123.1037	0.1294	0.0614	NaN	0.0564	0.2981
123.1062	0.1290	0.0613	NaN	0.0564	0.2980
123.1058	0.1286	0.0613	NaN	0.0564	0.2980
123.1089	0.1287	0.0614	NaN	0.0564	0.2981
123.1108	0.1285	0.0614	NaN	0.0564	0.2981
123.1117	0.1281	0.0614	NaN	0.0564	0.2979
123.1145	0.1284	0.0614	NaN	0.0564	0.2977
123.1140	0.1287	0.0614	NaN	0.0564	0.2977
123.1168	0.1288	0.0613	NaN	0.0564	0.2978
123.1177	0.1289	0.0614	NaN	0.0564	0.2978
123.1189	0.1288	0.0614	NaN	0.0564	0.2975
123.1197	0.1286	0.0613	NaN	0.0564	0.2972
123.1206	0.1288	0.0614	NaN	0.0564	0.2971
123.1219	0.1291	0.0614	NaN	0.0564	0.2972
123.1231	0.1294	0.0614	NaN	0.0564	0.2972
123.1224	0.1303	0.0614	NaN	0.0564	0.2972
123.1252	0.1298	0.0614	NaN	0.0564	0.2970
123.1282	0.1302	0.0614	NaN	0.0564	0.2969
123.1310	0.1301	0.0614	NaN	0.0564	0.2969
123.1303	0.1296	0.0614	NaN	0.0564	0.2970
123.1327	0.1304	0.0614	NaN	0.0564	0.2973
123.1346	0.1297	0.0614	NaN	0.0564	0.2971
123.1358	0.1288	0.0614	NaN	0.0564	0.2971
123.1354	0.1285	0.0614	NaN	0.0565	0.2973
123.1373	0.1284	0.0614	NaN	0.0565	0.2973
123.1401	0.1282	0.0614	NaN	0.0565	0.2973
123.1421	0.1283	0.0614	NaN	0.0565	0.2971
123.1417	0.1286	0.0614	NaN	0.0565	0.2969
123.1430	0.1290	0.0614	NaN	0.0564	0.2969
123.1449	0.1292	0.0614	NaN	0.0564	0.2970
123.1459	0.1290	0.0614	NaN	0.0564	0.2972
123.1450	0.1294	0.0614	NaN	0.0565	0.2974
123.1480	0.1295	0.0614	NaN	0.0564	0.2975
123.1531	0.1295	0.0614	NaN	0.0564	0.2974
123.1529	0.1296	0.0614	NaN	0.0564	0.2972
123.1524	0.1296	0.0614	NaN	0.0564	0.2971
123.1531	0.1297	0.0614	NaN	0.0564	0.2969
123.1565	0.1298	0.0614	NaN	0.0565	0.2967
123.1565	0.1297	0.0614	NaN	0.0564	0.2967
123.1583	0.1297	0.0614	NaN	0.0564	0.2967
123.1600	0.1297	0.0614	NaN	0.0564	0.2970
123.1625	0.1297	0.0614	NaN	0.0564	0.2973
123.1621	0.1295	0.0614	NaN	0.0565	0.2972
123.1639	0.1296	0.0614	NaN	0.0565	0.2973
123.1652	0.1297	0.0614	NaN	0.0564	0.2972
123.1671	0.1298	0.0614	NaN	0.0564	0.2972
123.1683	0.1295	0.0614	NaN	0.0565	0.2973
123.1694	0.1286	0.0614	NaN	0.0565	0.2973
123.1725	0.1286	0.0614	NaN	0.0565	0.2972
123.1747	0.1293	0.0614	NaN	0.0565	0.2970
123.1745	0.1299	0.0614	NaN	0.0565	0.2968
123.1775	0.1295	0.0614	NaN	0.0565	0.2967
123.1768	0.1294	0.0614	NaN	0.0565	0.2966
123.1789	0.1297	0.0614	NaN	0.0565	0.2966
123.1787	0.1298	0.0614	NaN	0.0565	0.2965
123.1807	0.1300	0.0614	NaN	0.0565	0.2966
123.1819	0.1302	0.0614	NaN	0.0565	0.2965
123.1836	0.1301	0.0614	NaN	0.0565	0.2965
123.1831	0.1299	0.0614	NaN	0.0565	0.2965
123.1868	0.1299	0.0615	NaN	0.0565	0.2965
123.1884	0.1298	0.0614	NaN	0.0565	0.2966
123.1905	0.1297	0.0614	NaN	0.0565	0.2967
123.1907	0.1300	0.0614	NaN	0.0565	0.2967
123.1930	0.1304	0.0615	NaN	0.0565	0.2969
123.1934	0.1301	0.0614	NaN	0.0565	0.2972
123.1952	0.1301	0.0614	NaN	0.0565	0.2974
123.1968	0.1296	0.0615	NaN	0.0565	0.2976
123.1991	0.1288	0.0615	NaN	0.0565	0.2976
123.2004	0.1286	0.0615	NaN	0.0565	0.2977
123.2014	0.1290	0.0615	NaN	0.0565	0.2977
123.2029	0.1293	0.0614	NaN	0.0565	0.2975
123.2044	0.1299	0.0615	NaN	0.0565	0.2976
123.2067	0.1296	0.0615	NaN	0.0565	0.2977
123.2091	0.1299	0.0615	NaN	0.0565	0.2980
123.2078	0.1302	0.0615	NaN	0.0565	0.2981
123.2107	0.1302	0.0615	NaN	0.0565	0.2984
123.2108	0.1307	0.0615	NaN	0.0565	0.2982
123.2111	0.1302	0.0615	NaN	0.0565	0.2981
123.2152	0.1299	0.0615	NaN	0.0565	0.2981
123.2151	0.1298	0.0615	NaN	0.0565	0.2982
123.2177	0.1295	0.0615	NaN	0.0565	0.2982
123.2184	0.1293	0.0615	NaN	0.0565	0.2982
123.2194	0.1297	0.0615	NaN	0.0565	0.2984
123.2210	0.1297	0.0615	NaN	0.0565	0.2986
123.2216	0.1307	0.0615	NaN	0.0565	0.2986
123.2208	0.1301	0.0615	NaN	0.0565	0.2985
123.2238	0.1296	0.0615	NaN	0.0565	0.2985
123.2257	0.1298	0.0615	NaN	0.0565	0.2985
123.2268	0.1302	0.0615	NaN	0.0565	0.2985
123.2267	0.1295	0.0615	NaN	0.0565	0.2985
123.2284	0.1295	0.0615	NaN	0.0565	0.2985
123.2310	0.1299	0.0615	NaN	0.0565	0.2984
123.2320	0.1296	0.0615	NaN	0.0565	0.2983
123.2342	0.1292	0.0615	NaN	0.0565	0.2981
123.2345	0.1292	0.0615	NaN	0.0565	0.2981
123.2379	0.1292	0.0615	NaN	0.0565	0.2982
123.2395	0.1293	0.0615	NaN	0.0565	0.2983
123.2380	0.1293	0.0615	NaN	0.0565	0.2983
123.2414	0.1294	0.0615	NaN	0.0565	0.2984
123.2440	0.1292	0.0615	NaN	0.0565	0.2983
123.2449	0.1289	0.0615	NaN	0.0566	0.2983
123.2464	0.1288	0.0615	NaN	0.0566	0.2981
123.2479	0.1290	0.0615	NaN	0.0566	0.2982
123.2496	0.1288	0.0615	NaN	0.0566	0.2984
123.2519	0.1290	0.0615	NaN	0.0566	0.2986
123.2515	0.1298	0.0615	NaN	0.0565	0.2981
123.2518	0.1298	0.0615	NaN	0.0566	0.2981
123.2544	0.1293	0.0615	NaN	0.0566	0.2985
123.2568	0.1294	0.0615	NaN	0.0566	0.2988
123.2567	0.1295	0.0615	NaN	0.0566	0.2989
123.2583	0.1296	0.0615	NaN	0.0566	0.2989
123.2598	0.1295	0.0615	NaN	0.0566	0.2989
123.2631	0.1295	0.0615	NaN	0.0566	0.2989
123.2623	0.1297	0.0615	NaN	0.0566	0.2989
123.2641	0.1298	0.0615	NaN	0.0566	0.2989
123.2679	0.1301	0.0615	NaN	0.0566	0.2989
123.2665	0.1300	0.0616	NaN	0.0566	0.2987
123.2678	0.1301	0.0616	NaN	0.0566	0.2986
123.2717	0.1302	0.0615	NaN	0.0566	0.2984
123.2713	0.1302	0.0615	NaN	0.0566	0.2982
123.2729	0.1302	0.0616	NaN	0.0566	0.2982
123.2740	0.1299	0.0615	NaN	0.0566	0.2982
123.2764	0.1297	0.0615	NaN	0.0566	0.2979
123.2803	0.1296	0.0616	NaN	0.0566	0.2979
123.2774	0.1297	0.0616	NaN	0.0566	0.2978
123.2799	0.1298	0.0616	NaN	0.0566	0.2976
123.2815	0.1298	0.0616	NaN	0.0566	0.2973
123.2813	0.1300	0.0616	NaN	0.0566	0.2973
123.2810	0.1300	0.0616	NaN	0.0566	0.2973
123.2833	0.1298	0.0616	NaN	0.0566	0.2974
123.2843	0.1297	0.0616	NaN	0.0566	0.2979
123.2878	0.1296	0.0616	NaN	0.0566	0.2985
123.2874	0.1295	0.0616	NaN	0.0566	0.2984
123.2895	0.1295	0.0616	NaN	0.0566	0.2987
123.2907	0.1296	0.0616	NaN	0.0566	0.2989
123.2940	0.1298	0.0616	NaN	0.0566	0.2990
123.2929	0.1299	0.0616	NaN	0.0566	0.2989
123.2958	0.1301	0.0616	NaN	0.0566	0.2989
123.2968	0.1303	0.0616	NaN	0.0566	0.2988
123.2992	0.1307	0.0616	NaN	0.0566	0.2989
123.2992	0.1310	0.0616	NaN	0.0566	0.2991
123.3014	0.1310	0.0616	NaN	0.0566	0.2992
123.3029	0.1308	0.0616	NaN	0.0566	0.2992
123.3054	0.1308	0.0616	NaN	0.0566	0.2992
123.3062	0.1308	0.0616	NaN	0.0566	0.2992
123.3056	0.1307	0.0616	NaN	0.0566	0.2993
123.3075	0.1306	0.0616	NaN	0.0566	0.2993
123.3100	0.1304	0.0616	NaN	0.0566	0.2993
123.3086	0.1302	0.0616	NaN	0.0566	0.2992
123.3121	0.1302	0.0616	NaN	0.0566	0.2993
123.3127	0.1305	0.0616	NaN	0.0566	0.2993
123.3138	0.1303	0.0616	NaN	0.0566	0.2992
123.3157	0.1301	0.0616	NaN	0.0566	0.2992
123.3182	0.1299	0.0616	NaN	0.0566	0.2991
123.3179	0.1298	0.0616	NaN	0.0566	0.2989
123.3182	0.1300	0.0616	NaN	0.0566	0.2989
123.3206	0.1301	0.0616	NaN	0.0566	0.2987
123.3232	0.1302	0.0616	NaN	0.0566	0.2985
123.3235	0.1303	0.0616	NaN	0.0566	0.2984
123.3247	0.1305	0.0616	NaN	0.0566	0.2979
123.3270	0.1306	0.0616	NaN	0.0566	0.2975
123.3281	0.1304	0.0616	NaN	0.0566	0.2974
123.3311	0.1302	0.0616	NaN	0.0566	0.2974
123.3305	0.1301	0.0616	NaN	0.0566	0.2976
123.3307	0.1301	0.0616	NaN	0.0566	0.2978
123.3330	0.1296	0.0616	NaN	0.0566	0.2979
123.3360	0.1297	0.0616	NaN	0.0566	0.2982
123.3355	0.1296	0.0616	NaN	0.0566	0.2986
123.3381	0.1296	0.0616	NaN	0.0566	0.2988
123.3394	0.1297	0.0616	NaN	0.0566	0.2988
123.3413	0.1299	0.0616	NaN	0.0566	0.2987
123.3400	0.1297	0.0616	NaN	0.0566	0.2987
123.3428	0.1299	0.0616	NaN	0.0566	0.2987
123.3438	0.1301	0.0616	NaN	0.0566	0.2988
123.3454	0.1302	0.0616	NaN	0.0566	0.2988
123.3460	0.1302	0.0616	NaN	0.0566	0.2989
123.3485	0.1305	0.0616	NaN	0.0566	0.2990
123.3495	0.1308	0.0616	NaN	0.0566	0.2990
123.3509	0.1311	0.0616	NaN	0.0566	0.2991
123.3523	0.1305	0.0616	NaN	0.0566	0.2993
123.3549	0.1305	0.0616	NaN	0.0566	0.2993
123.3555	0.1306	0.0616	NaN	0.0566	0.2994
123.3573	0.1305	0.0616	NaN	0.0566	0.2993
123.3608	0.1306	0.0616	NaN	0.0566	0.2991
123.3595	0.1303	0.0616	NaN	0.0566	0.2990
123.3614	0.1301	0.0616	NaN	0.0566	0.2991
123.3640	0.1301	0.0616	NaN	0.0566	0.2993
123.3637	0.1305	0.0616	NaN	0.0566	0.2993
123.3644	0.1312	0.0616	NaN	0.0566	0.2994
123.3669	0.1313	0.0616	NaN	0.0566	0.2992
123.3696	0.1313	0.0616	NaN	0.0566	0.2988
123.3706	0.1311	0.0617	NaN	0.0566	0.2987
123.3724	0.1317	0.0616	NaN	0.0566	0.2986
123.3743	0.1316	0.0616	NaN	0.0566	0.2984
123.3756	0.1312	0.0616	NaN	0.0566	0.2984
123.3736	0.1310	0.0616	NaN	0.0566	0.2985
123.3772	0.1310	0.0617	NaN	0.0566	0.2983
123.3772	0.1309	0.0616	NaN	0.0566	0.2980
123.3778	0.1306	0.0616	NaN	0.0566	0.2979
123.3798	0.1306	0.0617	NaN	0.0566	0.2980
123.3823	0.1307	0.0616	NaN	0.0567	0.2978
123.3838	0.1306	0.0616	NaN	0.0567	0.2981
123.3841	0.1307	0.0616	NaN	0.0566	0.2979
123.3853	0.1310	0.0617	NaN	0.0566	0.2979
123.3886	0.1309	0.0616	NaN	0.0566	0.2981
123.3899	0.1310	0.0616	NaN	0.0566	0.2982
123.3892	0.1308	0.0616	NaN	0.0566	0.2983
123.3906	0.1305	0.0616	NaN	0.0566	0.2983
123.3926	0.1305	0.0616	NaN	0.0566	0.2984
123.3949	0.1306	0.0616	NaN	0.0566	0.2986
123.3941	0.1307	0.0616	NaN	0.0567	0.2984
123.3963	0.1308	0.0616	NaN	0.0567	0.2981
123.3977	0.1310	0.0616	NaN	0.0566	0.2983
123.4020	0.1309	0.0616	NaN	0.0567	0.2983
123.3999	0.1312	0.0616	NaN	0.0566	0.2984
123.4028	0.1312	0.0617	NaN	0.0566	0.2983
123.4043	0.1313	0.0617	NaN	0.0566	0.2985
123.4071	0.1313	0.0617	NaN	0.0566	0.2988
123.4070	0.1311	0.0617	NaN	0.0566	0.2992
123.4094	0.1308	0.0617	NaN	0.0567	0.2993
123.4119	0.1309	0.0617	NaN	0.0566	0.2994
123.4127	0.1311	0.0617	NaN	0.0566	0.2994
123.4133	0.1311	0.0617	NaN	0.0567	0.2995
123.4164	0.1312	0.0617	NaN	0.0566	0.2997
123.4179	0.1314	0.0617	NaN	0.0567	0.2997
123.4196	0.1316	0.0617	NaN	0.0567	0.2998
123.4206	0.1318	0.0617	NaN	0.0566	0.2999
123.4227	0.1314	0.0617	NaN	0.0567	0.2998
123.4240	0.1309	0.0617	NaN	0.0567	0.2998
123.4262	0.1310	0.0617	NaN	0.0567	0.2997
123.4250	0.1310	0.0617	NaN	0.0567	0.2996
123.4283	0.1313	0.0617	NaN	0.0567	0.2997
123.4326	0.1312	0.0617	NaN	0.0567	0.2996
123.4319	0.1313	0.0617	NaN	0.0567	0.2995
123.4314	0.1314	0.0617	NaN	0.0567	0.2995
123.4326	0.1314	0.0617	NaN	0.0567	0.2993
123.4345	0.1315	0.0617	NaN	0.0567	0.2993
123.4356	0.1321	0.0617	NaN	0.0567	0.2993
123.4366	0.1322	0.0617	NaN	0.0567	0.2992
123.4402	0.1318	0.0617	NaN	0.0567	0.2992
123.4413	0.1316	0.0617	NaN	0.0567	0.2993
123.4422	0.1314	0.0617	NaN	0.0567	0.2993
123.4440	0.1314	0.0617	NaN	0.0567	0.2994
123.4478	0.1312	0.0617	NaN	0.0567	0.2994
123.4458	0.1311	0.0617	NaN	0.0567	0.2995
123.4464	0.1311	0.0617	NaN	0.0567	0.2995
123.4460	0.1309	0.0617	NaN	0.0567	0.2997
123.4500	0.1311	0.0617	NaN	0.0567	0.2997
123.4518	0.1311	0.0617	NaN	0.0567	0.2996
123.4517	0.1308	0.0617	NaN	0.0567	0.2998
123.4539	0.1307	0.0617	NaN	0.0567	0.2997
123.4554	0.1308	0.0617	NaN	0.0567	0.2997
123.4566	0.1311	0.0617	NaN	0.0567	0.2995
123.4570	0.1312	0.0617	NaN	0.0567	0.2992
123.4591	0.1315	0.0617	NaN	0.0567	0.2989
123.4618	0.1317	0.0617	NaN	0.0567	0.2987
123.4642	0.1309	0.0617	NaN	0.0567	0.2991
123.4632	0.1310	0.0617	NaN	0.0567	0.2993
123.4647	0.1312	0.0617	NaN	0.0567	0.2992
123.4682	0.1314	0.0617	NaN	0.0567	0.2995
123.4695	0.1315	0.0617	NaN	0.0567	0.2995
123.4686	0.1314	0.0617	NaN	0.0567	0.2996
123.4704	0.1312	0.0617	NaN	0.0567	0.2997
123.4714	0.1308	0.0617	NaN	0.0567	0.2995
123.4746	0.1305	0.0617	NaN	0.0567	0.2992
123.4745	0.1308	0.0617	NaN	0.0567	0.2991
123.4757	0.1311	0.0617	NaN	0.0567	0.2992
123.4777	0.1309	0.0617	NaN	0.0567	0.2992
123.4800	0.1312	0.0617	NaN	0.0567	0.2988
123.4807	0.1317	0.0617	NaN	0.0567	0.2986
123.4824	0.1312	0.0617	NaN	0.0567	0.2985
123.4841	0.1311	0.0617	NaN	0.0567	0.2984
123.4868	0.1314	0.0617	NaN	0.0567	0.2984
123.4878	0.1315	0.0617	NaN	0.0567	0.2983
123.4871	0.1311	0.0617	NaN	0.0567	0.2984
123.4890	0.1310	0.0617	NaN	0.0567	0.2984
123.4904	0.1310	0.0617	NaN	0.0567	0.2984
123.4923	0.1309	0.0617	NaN	0.0567	0.2984
123.4941	0.1309	0.0617	NaN	0.0567	0.2986
123.4970	0.1309	0.0617	NaN	0.0567	0.2990
123.4965	0.1310	0.0617	NaN	0.0567	0.2997
123.4974	0.1313	0.0617	NaN	0.0567	0.2998
123.5008	0.1316	0.0617	NaN	0.0567	0.2994
123.5003	0.1318	0.0617	NaN	0.0567	0.2993
123.5010	0.1321	0.0617	NaN	0.0567	0.2992
123.5037	0.1319	0.0617	NaN	0.0567	0.2993
123.5051	0.1322	0.0617	NaN	0.0567	0.2994
123.5052	0.1324	0.0617	NaN	0.0567	0.2993
123.5053	0.1322	0.0617	NaN	0.0567	0.2992
123.5086	0.1321	0.0617	NaN	0.0567	0.2990
123.5110	0.1322	0.0617	NaN	0.0567	0.2988
123.5110	0.1323	0.0617	NaN	0.0567	0.2986
123.5122	0.1322	0.0617	NaN	0.0567	0.2986
123.5140	0.1321	0.0617	NaN	0.0567	0.2986
123.5167	0.1320	0.0617	NaN	0.0567	0.2986
123.5175	0.1317	0.0617	NaN	0.0567	0.2987
123.5175	0.1319	0.0617	NaN	0.0567	0.2986
123.5186	0.1321	0.0617	NaN	0.0567	0.2987
123.5206	0.1324	0.0617	NaN	0.0567	0.2989
123.5249	0.1325	0.0617	NaN	0.0566	0.2988
123.5231	0.1325	0.0617	NaN	0.0567	0.2988
123.5240	0.1327	0.0617	NaN	0.0566	0.2987
123.5270	0.1329	0.0617	NaN	0.0567	0.2988
123.5305	0.1325	0.0617	NaN	0.0567	0.2988
123.5287	0.1324	0.0617	NaN	0.0567	0.2986
123.5307	0.1323	0.0617	NaN	0.0567	0.2987
123.5348	0.1322	0.0617	NaN	0.0567	0.2990
123.5385	0.1323	0.0618	NaN	0.0567	0.2992
123.5357	0.1322	0.0617	NaN	0.0567	0.2994
123.5379	0.1322	0.0617	NaN	0.0567	0.2993
123.5384	0.1323	0.0617	NaN	0.0567	0.2993
123.5414	0.1324	0.0617	NaN	0.0567	0.2993
123.5398	0.1324	0.0617	NaN	0.0567	0.2994
123.5419	0.1322	0.0617	NaN	0.0567	0.2994
123.5444	0.1322	0.0617	NaN	0.0567	0.2995
123.5455	0.1322	0.0617	NaN	0.0567	0.2994
123.5463	0.1323	0.0617	NaN	0.0567	0.2995
123.5491	0.1325	0.0617	NaN	0.0566	0.2995
123.5519	0.1328	0.0617	NaN	0.0567	0.2996
123.5522	0.1329	0.0617	NaN	0.0567	0.2996
123.5538	0.1330	0.0617	NaN	0.0567	0.2995
123.5536	0.1331	0.0617	NaN	0.0567	0.2999
123.5554	0.1330	0.0617	NaN	0.0567	0.3004
123.5554	0.1327	0.0617	NaN	0.0567	0.3004
123.5564	0.1324	0.0617	NaN	0.0567	0.3004
123.5583	0.1324	0.0617	NaN	0.0566	0.3005
123.5621	0.1325	0.0617	NaN	0.0567	0.3006
123.5618	0.1327	0.0617	NaN	0.0567	0.3005
123.5634	0.1330	0.0617	NaN	0.0567	0.3004
123.5654	0.1335	0.0617	NaN	0.0566	0.3007
123.5675	0.1331	0.0617	NaN	0.0566	0.3006
123.5668	0.1330	0.0617	NaN	0.0566	0.3006
123.5680	0.1328	0.0617	NaN	0.0566	0.3006
123.5720	0.1325	0.0617	NaN	0.0567	0.3007
123.5724	0.1324	0.0617	NaN	0.0566	0.3006
123.5699	0.1323	0.0617	NaN	0.0566	0.3006
123.5734	0.1322	0.0617	NaN	0.0567	0.3005
123.5754	0.1324	0.0617	NaN	0.0567	0.3005
123.5772	0.1325	0.0617	NaN	0.0566	0.3006
123.5790	0.1326	0.0617	NaN	0.0567	0.3006
123.5815	0.1325	0.0617	NaN	0.0566	0.3007
123.5816	0.1324	0.0617	NaN	0.0567	0.3006
123.5848	0.1324	0.0617	NaN	0.0567	0.3005
123.5829	0.1325	0.0617	NaN	0.0566	0.3003
123.5841	0.1327	0.0617	NaN	0.0566	0.3003
123.5870	0.1330	0.0617	NaN	0.0566	0.3002
123.5891	0.1331	0.0617	NaN	0.0566	0.3005
123.5888	0.1332	0.0617	NaN	0.0566	0.3007
123.5922	0.1332	0.0617	NaN	0.0566	0.3008
123.5922	0.1336	0.0617	NaN	0.0566	0.3008
123.5944	0.1332	0.0617	NaN	0.0567	0.3007
123.5929	0.1325	0.0617	NaN	0.0567	0.3007
123.5988	0.1323	0.0617	NaN	0.0567	0.3008
123.5967	0.1325	0.0617	NaN	0.0566	0.3007
123.5986	0.1328	0.0617	NaN	0.0566	0.3008
123.5996	0.1332	0.0617	NaN	0.0566	0.3008
123.6011	0.1331	0.0617	NaN	0.0566	0.3008
123.6007	0.1332	0.0617	NaN	0.0566	0.3007
123.6019	0.1332	0.0617	NaN	0.0566	0.3006
123.6048	0.1333	0.0617	NaN	0.0566	0.3006
123.6067	0.1332	0.0617	NaN	0.0566	0.3006
123.6082	0.1338	0.0617	NaN	0.0566	0.3005
123.6089	0.1337	0.0617	NaN	0.0566	0.3007
123.6127	0.1332	0.0617	NaN	0.0566	0.3007
123.6110	0.1332	0.0617	NaN	0.0566	0.3005
123.6141	0.1328	0.0617	NaN	0.0566	0.3002
123.6149	0.1331	0.0617	NaN	0.0566	0.3000
123.6171	0.1328	0.0617	NaN	0.0566	0.3000
123.6188	0.1327	0.0617	NaN	0.0566	0.3003
123.6206	0.1328	0.0617	NaN	0.0566	0.3004
123.6202	0.1328	0.0617	NaN	0.0566	0.3005
123.6235	0.1335	0.0617	NaN	0.0566	0.3005
123.6241	0.1333	0.0617	NaN	0.0566	0.3003
123.6267	0.1333	0.0617	NaN	0.0566	0.3001
123.6262	0.1332	0.0617	NaN	0.0566	0.3002
123.6274	0.1332	0.0617	NaN	0.0566	0.3004
123.6286	0.1341	0.0617	NaN	0.0566	0.3006
123.6309	0.1340	0.0617	NaN	0.0566	0.3006
123.6316	0.1335	0.0617	NaN	0.0566	0.3007
123.6340	0.1339	0.0617	NaN	0.0566	0.3009
123.6351	0.1335	0.0617	NaN	0.0566	0.3008
123.6376	0.1334	0.0617	NaN	0.0566	0.3009
123.6370	0.1334	0.0617	NaN	0.0566	0.3008
123.6383	0.1335	0.0617	NaN	0.0566	0.3004
123.6400	0.1335	0.0617	NaN	0.0566	0.3003
123.6429	0.1328	0.0617	NaN	0.0566	0.3004
123.6419	0.1327	0.0617	NaN	0.0566	0.3005
123.6445	0.1330	0.0617	NaN	0.0566	0.3002
123.6466	0.1328	0.0617	NaN	0.0566	0.2997
123.6487	0.1331	0.0617	NaN	0.0566	0.2995
123.6495	0.1334	0.0617	NaN	0.0566	0.2996
123.6510	0.1335	0.0617	NaN	0.0566	0.2996
123.6523	0.1332	0.0617	NaN	0.0566	0.2995
123.6553	0.1334	0.0617	NaN	0.0566	0.2993
123.6544	0.1334	0.0617	NaN	0.0566	0.2993
123.6562	0.1337	0.0617	NaN	0.0566	0.2993
123.6571	0.1340	0.0617	NaN	0.0566	0.2993
123.6590	0.1338	0.0617	NaN	0.0566	0.2993
123.6611	0.1337	0.0617	NaN	0.0566	0.2994
123.6628	0.1337	0.0617	NaN	0.0566	0.2994
123.6632	0.1337	0.0617	NaN	0.0566	0.2994
123.6644	0.1338	0.0617	NaN	0.0566	0.2994
123.6651	0.1333	0.0617	NaN	0.0566	0.2993
123.6658	0.1336	0.0617	NaN	0.0566	0.2994
123.6683	0.1344	0.0617	NaN	0.0565	0.2995
123.6700	0.1338	0.0617	NaN	0.0566	0.2996
123.6720	0.1337	0.0616	NaN	0.0566	0.2998
123.6745	0.1335	0.0616	NaN	0.0565	0.2996
123.6745	0.1337	0.0616	NaN	0.0565	0.2995
123.6757	0.1338	0.0616	NaN	0.0565	0.2995
123.6771	0.1335	0.0616	NaN	0.0565	0.2995
123.6779	0.1333	0.0616	NaN	0.0565	0.2996
123.6813	0.1333	0.0616	NaN	0.0565	0.2997
123.6806	0.1338	0.0616	NaN	0.0565	0.2998
123.6826	0.1338	0.0616	NaN	0.0565	0.3000
123.6833	0.1340	0.0616	NaN	0.0565	0.3000
123.6850	0.1335	0.0616	NaN	0.0565	0.3000
123.6857	0.1332	0.0616	NaN	0.0565	0.3001
123.6867	0.1329	0.0616	NaN	0.0565	0.3001
123.6885	0.1330	0.0616	NaN	0.0565	0.3002
123.6907	0.1335	0.0616	NaN	0.0565	0.3003
123.6897	0.1335	0.0616	NaN	0.0565	0.3005
123.6920	0.1335	0.0616	NaN	0.0565	0.3006
123.6954	0.1338	0.0616	NaN	0.0565	0.3008
123.6953	0.1346	0.0616	NaN	0.0565	0.3008
123.6961	0.1347	0.0616	NaN	0.0565	0.3009
123.6970	0.1341	0.0616	NaN	0.0565	0.3008
123.7014	0.1337	0.0616	NaN	0.0565	0.3009
123.7009	0.1336	0.0616	NaN	0.0565	0.3009
123.7008	0.1337	0.0616	NaN	0.0565	0.3009
123.7025	0.1336	0.0616	NaN	0.0565	0.3010
123.7054	0.1333	0.0616	NaN	0.0565	0.3010
123.7075	0.1336	0.0616	NaN	0.0565	0.3010
123.7080	0.1332	0.0616	NaN	0.0565	0.3011
123.7083	0.1329	0.0616	NaN	0.0565	0.3011
123.7110	0.1329	0.0616	NaN	0.0565	0.3012
123.7115	0.1331	0.0616	NaN	0.0565	0.3012
123.7138	0.1338	0.0616	NaN	0.0565	0.3013
123.7153	0.1336	0.0616	NaN	0.0565	0.3014
123.7169	0.1340	0.0616	NaN	0.0565	0.3014
123.7164	0.1341	0.0616	NaN	0.0565	0.3014
123.7195	0.1338	0.0616	NaN	0.0565	0.3014
123.7210	0.1338	0.0616	NaN	0.0565	0.3014
123.7237	0.1338	0.0616	NaN	0.0565	0.3013
123.7241	0.1337	0.0616	NaN	0.0565	0.3013
123.7256	0.1342	0.0616	NaN	0.0565	0.3013
123.7271	0.1342	0.0616	NaN	0.0565	0.3013
123.7294	0.1341	0.0616	NaN	0.0564	0.3012
123.7287	0.1341	0.0616	NaN	0.0564	0.3011
123.7310	0.1343	0.0615	NaN	0.0564	0.3010
123.7316	0.1342	0.0616	NaN	0.0565	0.3010
123.7344	0.1338	0.0615	NaN	0.0564	0.3008
123.7342	0.1336	0.0615	NaN	0.0564	0.3006
123.7383	0.1339	0.0615	NaN	0.0564	0.3004
123.7390	0.1330	0.0615	NaN	0.0565	0.3003
123.7396	0.1331	0.0615	NaN	0.0564	0.3005
123.7404	0.1337	0.0615	NaN	0.0564	0.3007
123.7433	0.1340	0.0615	NaN	0.0564	0.3009
123.7455	0.1337	0.0615	NaN	0.0564	0.3007
123.7464	0.1341	0.0615	NaN	0.0564	0.3007
123.7465	0.1340	0.0615	NaN	0.0564	0.3006
123.7489	0.1338	0.0615	NaN	0.0564	0.3002
123.7498	0.1334	0.0615	NaN	0.0564	0.3000
123.7520	0.1330	0.0615	NaN	0.0564	0.3002
123.7522	0.1331	0.0615	NaN	0.0564	0.3003
123.7546	0.1332	0.0615	NaN	0.0564	0.3001
123.7565	0.1333	0.0615	NaN	0.0564	0.3003
123.7562	0.1334	0.0615	NaN	0.0564	0.3003
123.7561	0.1333	0.0615	NaN	0.0564	0.3003
123.7572	0.1336	0.0615	NaN	0.0564	0.3002
123.7614	0.1340	0.0615	NaN	0.0564	0.3002
123.7625	0.1338	0.0615	NaN	0.0564	0.3001
123.7618	0.1336	0.0615	NaN	0.0564	0.3002
123.7646	0.1337	0.0615	NaN	0.0564	0.3000
123.7677	0.1335	0.0615	NaN	0.0564	0.3000
123.7659	0.1335	0.0615	NaN	0.0564	0.2999
123.7687	0.1335	0.0615	NaN	0.0564	0.3000
123.7689	0.1337	0.0615	NaN	0.0564	0.3000
123.7710	0.1340	0.0615	NaN	0.0564	0.3000
123.7742	0.1342	0.0615	NaN	0.0564	0.3000
123.7752	0.1340	0.0615	NaN	0.0564	0.3000
123.7758	0.1341	0.0614	NaN	0.0563	0.2999
123.7771	0.1341	0.0615	NaN	0.0564	0.2999
123.7794	0.1341	0.0615	NaN	0.0563	0.3001
123.7796	0.1338	0.0615	NaN	0.0564	0.3002
123.7810	0.1338	0.0615	NaN	0.0564	0.3002
123.7824	0.1344	0.0615	NaN	0.0564	0.3004
123.7825	0.1341	0.0615	NaN	0.0564	0.3005
123.7853	0.1336	0.0615	NaN	0.0564	0.3007
123.7858	0.1336	0.0615	NaN	0.0564	0.3012
123.7877	0.1336	0.0614	NaN	0.0563	0.3013
123.7882	0.1338	0.0614	NaN	0.0563	0.3013
123.7900	0.1338	0.0614	NaN	0.0563	0.3014
123.7913	0.1334	0.0614	NaN	0.0563	0.3015
123.7926	0.1336	0.0614	NaN	0.0563	0.3014
123.7932	0.1340	0.0614	NaN	0.0563	0.3012
123.7947	0.1342	0.0614	NaN	0.0563	0.3012
123.7961	0.1341	0.0614	NaN	0.0563	0.3015
123.7986	0.1342	0.0614	NaN	0.0563	0.3012
123.7990	0.1345	0.0614	NaN	0.0563	0.3009
123.8010	0.1349	0.0614	NaN	0.0562	0.3008
123.8028	0.1348	0.0614	NaN	0.0563	0.3008
123.8038	0.1346	0.0614	NaN	0.0563	0.3006
123.8045	0.1344	0.0614	NaN	0.0563	0.3007
123.8063	0.1350	0.0614	NaN	0.0562	0.3006
123.8079	0.1349	0.0614	NaN	0.0562	0.3005
123.8108	0.1346	0.0614	NaN	0.0562	0.3005
123.8101	0.1345	0.0614	NaN	0.0562	0.3004
123.8129	0.1346	0.0614	NaN	0.0562	0.3004
123.8148	0.1347	0.0614	NaN	0.0562	0.3004
123.8151	0.1344	0.0614	NaN	0.0562	0.3004
123.8163	0.1344	0.0614	NaN	0.0562	0.3004
123.8173	0.1347	0.0613	NaN	0.0562	0.3005
123.8212	0.1349	0.0613	NaN	0.0562	0.3004
123.8202	0.1351	0.0613	NaN	0.0562	0.3004
123.8216	0.1349	0.0613	NaN	0.0562	0.3004
123.8228	0.1345	0.0613	NaN	0.0562	0.3007
123.8247	0.1342	0.0613	NaN	0.0562	0.3009
123.8255	0.1340	0.0613	NaN	0.0562	0.3003
123.8276	0.1340	0.0613	NaN	0.0562	0.3002
123.8288	0.1341	0.0613	NaN	0.0562	0.3003
123.8308	0.1344	0.0613	NaN	0.0562	0.3003
123.8336	0.1344	0.0613	NaN	0.0562	0.3002
123.8342	0.1349	0.0613	NaN	0.0562	0.3002
123.8352	0.1352	0.0613	NaN	0.0562	0.3002
123.8382	0.1349	0.0613	NaN	0.0562	0.3003
123.8365	0.1347	0.0613	NaN	0.0562	0.3003
123.8394	0.1348	0.0613	NaN	0.0562	0.3004
123.8415	0.1347	0.0613	NaN	0.0562	0.3004
123.8444	0.1346	0.0613	NaN	0.0561	0.3005
123.8434	0.1343	0.0613	NaN	0.0561	0.3007
123.8448	0.1343	0.0613	NaN	0.0561	0.3008
123.8474	0.1344	0.0613	NaN	0.0561	0.3008
123.8497	0.1343	0.0613	NaN	0.0562	0.3008
123.8486	0.1346	0.0613	NaN	0.0561	0.3009
123.8500	0.1354	0.0613	NaN	0.0561	0.3012
123.8526	0.1358	0.0613	NaN	0.0561	0.3014
123.8542	0.1359	0.0613	NaN	0.0561	0.3013
123.8542	0.1354	0.0613	NaN	0.0561	0.3015
123.8567	0.1351	0.0612	NaN	0.0561	0.3017
123.8572	0.1352	0.0612	NaN	0.0561	0.3018
123.8572	0.1352	0.0612	NaN	0.0561	0.3018
123.8596	0.1353	0.0612	NaN	0.0561	0.3020
123.8637	0.1355	0.0612	NaN	0.0561	0.3021
123.8635	0.1355	0.0612	NaN	0.0560	0.3021
123.8651	0.1350	0.0612	NaN	0.0560	0.3021
123.8637	0.1347	0.0612	NaN	0.0560	0.3021
123.8672	0.1345	0.0612	NaN	0.0561	0.3020
123.8681	0.1346	0.0612	NaN	0.0561	0.3020
123.8704	0.1347	0.0612	NaN	0.0560	0.3020
123.8699	0.1347	0.0612	NaN	0.0560	0.3020
123.8709	0.1346	0.0612	NaN	0.0560	0.3021
123.8724	0.1346	0.0611	NaN	0.0560	0.3021
123.8742	0.1344	0.0611	NaN	0.0560	0.3021
123.8748	0.1342	0.0611	NaN	0.0560	0.3021
123.8770	0.1342	0.0611	NaN	0.0560	0.3022
123.8783	0.1344	0.0611	NaN	0.0560	0.3022
123.8788	0.1345	0.0611	NaN	0.0560	0.3023
123.8812	0.1346	0.0611	NaN	0.0560	0.3022
123.8843	0.1349	0.0611	NaN	0.0560	0.3022
123.8854	0.1355	0.0611	NaN	0.0559	0.3022
123.8856	0.1356	0.0611	NaN	0.0559	0.3022
123.8879	0.1356	0.0611	NaN	0.0559	0.3022
123.8890	0.1360	0.0611	NaN	0.0559	0.3021
123.8908	0.1362	0.0611	NaN	0.0559	0.3022
123.8913	0.1362	0.0611	NaN	0.0559	0.3022
123.8921	0.1361	0.0611	NaN	0.0558	0.3023
123.8956	0.1361	0.0611	NaN	0.0559	0.3022
123.8970	0.1361	0.0610	NaN	0.0559	0.3021
123.8949	0.1360	0.0610	NaN	0.0559	0.3023
123.8967	0.1361	0.0610	NaN	0.0559	0.3023
123.8991	0.1361	0.0610	NaN	0.0559	0.3023
123.9014	0.1364	0.0610	NaN	0.0558	0.3023
123.9020	0.1366	0.0610	NaN	0.0558	0.3023
123.9029	0.1365	0.0610	NaN	0.0558	0.3022
123.9048	0.1364	0.0610	NaN	0.0558	0.3021
123.9075	0.1362	0.0610	NaN	0.0558	0.3019
123.9073	0.1359	0.0610	NaN	0.0558	0.3018
123.9093	0.1359	0.0610	NaN	0.0558	0.3018
123.9117	0.1360	0.0610	NaN	0.0558	0.3016
123.9122	0.1359	0.0610	NaN	0.0558	0.3016
123.9119	0.1357	0.0610	NaN	0.0558	0.3015
123.9140	0.1360	0.0610	NaN	0.0558	0.3015
123.9164	0.1362	0.0610	NaN	0.0558	0.3016
123.9173	0.1362	0.0610	NaN	0.0558	0.3017
123.9161	0.1363	0.0610	NaN	0.0558	0.3018
123.9193	0.1365	0.0610	NaN	0.0558	0.3016
123.9209	0.1364	0.0610	NaN	0.0558	0.3013
123.9238	0.1364	0.0609	NaN	0.0558	0.3011
123.9241	0.1364	0.0609	NaN	0.0557	0.3009
123.9256	0.1363	0.0609	NaN	0.0557	0.3008
123.9279	0.1362	0.0609	NaN	0.0557	0.3009
123.9305	0.1364	0.0609	NaN	0.0557	0.3010
123.9298	0.1364	0.0609	NaN	0.0557	0.3009
123.9324	0.1360	0.0609	NaN	0.0557	0.3012
123.9335	0.1360	0.0609	NaN	0.0557	0.3013
123.9322	0.1368	0.0609	NaN	0.0556	0.3011
123.9358	0.1373	0.0608	NaN	0.0556	0.3009
123.9358	0.1373	0.0608	NaN	0.0556	0.3008
123.9393	0.1372	0.0608	NaN	0.0556	0.3008
123.9408	0.1369	0.0608	NaN	0.0556	0.3007
123.9418	0.1368	0.0608	NaN	0.0556	0.3008
123.9440	0.1368	0.0608	NaN	0.0556	0.3008
123.9469	0.1365	0.0608	NaN	0.0556	0.3007
123.9439	0.1360	0.0608	NaN	0.0556	0.3007
123.9454	0.1361	0.0608	NaN	0.0556	0.3007
123.9467	0.1372	0.0608	NaN	0.0556	0.3007
123.9488	0.1379	0.0608	NaN	0.0555	0.3008
123.9493	0.1372	0.0608	NaN	0.0555	0.3007
123.9512	0.1375	0.0607	NaN	0.0555	0.3008
123.9537	0.1374	0.0607	NaN	0.0555	0.3009
123.9551	0.1371	0.0607	NaN	0.0555	0.3010
123.9561	0.1369	0.0607	NaN	0.0555	0.3009
123.9565	0.1371	0.0607	NaN	0.0555	0.3009
123.9593	0.1372	0.0607	NaN	0.0555	0.3009
123.9613	0.1369	0.0607	NaN	0.0555	0.3008
123.9610	0.1371	0.0607	NaN	0.0555	0.3008
123.9629	0.1375	0.0607	NaN	0.0555	0.3009
123.9637	0.1378	0.0607	NaN	0.0554	0.3009
123.9669	0.1377	0.0607	NaN	0.0554	0.3009
123.9655	0.1381	0.0607	NaN	0.0555	0.3009
123.9673	0.1378	0.0607	NaN	0.0554	0.3009
123.9691	0.1376	0.0607	NaN	0.0554	0.3009
123.9732	0.1375	0.0607	NaN	0.0554	0.3009
123.9719	0.1374	0.0607	NaN	0.0554	0.3010
123.9753	0.1376	0.0606	NaN	0.0554	0.3011
123.9769	0.1376	0.0606	NaN	0.0554	0.3011
123.9773	0.1375	0.0606	NaN	0.0554	0.3012
123.9779	0.1375	0.0606	NaN	0.0554	0.3014
123.9802	0.1374	0.0606	NaN	0.0554	0.3014
123.9807	0.1376	0.0606	NaN	0.0553	0.3014
123.9838	0.1377	0.0605	NaN	0.0553	0.3013
123.9823	0.1379	0.0606	NaN	0.0553	0.3012
123.9861	0.1381	0.0605	NaN	0.0553	0.3014
123.9870	0.1379	0.0605	NaN	0.0553	0.3015
123.9868	0.1380	0.0605	NaN	0.0553	0.3016
123.9902	0.1377	0.0605	NaN	0.0553	0.3018
123.9915	0.1374	0.0605	NaN	0.0553	0.3019
123.9920	0.1377	0.0605	NaN	0.0553	0.3021
123.9915	0.1380	0.0605	NaN	0.0553	0.3022
123.9939	0.1381	0.0605	NaN	0.0552	0.3025
123.9968	0.1379	0.0605	NaN	0.0553	0.3025
123.9987	0.1379	0.0605	NaN	0.0552	0.3026
123.9972	0.1379	0.0605	NaN	0.0552	0.3027
123.9999	0.1379	0.0605	NaN	0.0552	0.3028
124.0009	0.1385	0.0604	NaN	0.0552	0.3028
124.0052	0.1386	0.0604	NaN	0.0552	0.3028
124.0032	0.1385	0.0604	NaN	0.0551	0.3028
124.0065	0.1384	0.0604	NaN	0.0551	0.3028
124.0078	0.1378	0.0604	NaN	0.0551	0.3027
124.0092	0.1373	0.0604	NaN	0.0551	0.3022
124.0085	0.1380	0.0604	NaN	0.0552	0.3021
124.0112	0.1388	0.0604	NaN	0.0551	0.3022
124.0129	0.1387	0.0604	NaN	0.0551	0.3023
124.0169	0.1385	0.0603	NaN	0.0551	0.3022
124.0165	0.1379	0.0603	NaN	0.0551	0.3018
124.0186	0.1374	0.0603	NaN	0.0551	0.3014
124.0201	0.1382	0.0603	NaN	0.0551	0.3011
124.0207	0.1386	0.0603	NaN	0.0550	0.3011
124.0217	0.1386	0.0603	NaN	0.0550	0.3013
124.0239	0.1390	0.0603	NaN	0.0550	0.3013
124.0255	0.1391	0.0602	NaN	0.0550	0.3015
124.0260	0.1391	0.0603	NaN	0.0550	0.3017
124.0291	0.1392	0.0603	NaN	0.0550	0.3018
124.0276	0.1392	0.0602	NaN	0.0549	0.3016
124.0296	0.1393	0.0602	NaN	0.0549	0.3011
124.0324	0.1392	0.0601	NaN	0.0549	0.3012
124.0340	0.1394	0.0601	NaN	0.0549	0.3012
124.0352	0.1398	0.0601	NaN	0.0548	0.3011
124.0369	0.1403	0.0601	NaN	0.0548	0.3012
124.0376	0.1403	0.0600	NaN	0.0547	0.3012
124.0365	0.1403	0.0600	NaN	0.0547	0.3012
124.0395	0.1402	0.0600	NaN	0.0547	0.3012
124.0412	0.1402	0.0600	NaN	0.0547	0.3013
124.0400	0.1406	0.0601	NaN	0.0547	0.3013
124.0422	0.1407	0.0600	NaN	0.0547	0.3015
124.0455	0.1402	0.0600	NaN	0.0547	0.3014
124.0479	0.1402	0.0600	NaN	0.0547	0.3012
124.0476	0.1401	0.0600	NaN	0.0547	0.3012
124.0479	0.1396	0.0599	NaN	0.0547	0.3012
124.0508	0.1394	0.0599	NaN	0.0547	0.3013
124.0537	0.1398	0.0599	NaN	0.0546	0.3012
124.0535	0.1401	0.0599	NaN	0.0546	0.3012
124.0553	0.1400	0.0599	NaN	0.0546	0.3014
124.0567	0.1408	0.0599	NaN	0.0546	0.3020
124.0590	0.1408	0.0599	NaN	0.0546	0.3025
124.0583	0.1403	0.0599	NaN	0.0546	0.3017
124.0605	0.1398	0.0599	NaN	0.0546	0.3013
124.0618	0.1402	0.0598	NaN	0.0546	0.3013
124.0640	0.1399	0.0598	NaN	0.0546	0.3013
124.0632	0.1403	0.0599	NaN	0.0546	0.3014
124.0658	0.1403	0.0599	NaN	0.0546	0.3014
124.0679	0.1401	0.0599	NaN	0.0546	0.3014
124.0714	0.1404	0.0598	NaN	0.0546	0.3016
124.0698	0.1411	0.0598	NaN	0.0545	0.3017
124.0716	0.1411	0.0598	NaN	0.0545	0.3015
124.0749	0.1415	0.0598	NaN	0.0544	0.3015
124.0768	0.1413	0.0597	NaN	0.0544	0.3014
124.0762	0.1413	0.0597	NaN	0.0544	0.3014
124.0771	0.1413	0.0597	NaN	0.0544	0.3015
124.0794	0.1414	0.0597	NaN	0.0544	0.3015
124.0820	0.1415	0.0597	NaN	0.0544	0.3015
124.0829	0.1420	0.0597	NaN	0.0543	0.3015
124.0837	0.1422	0.0596	NaN	0.0543	0.3016
124.0844	0.1423	0.0596	NaN	0.0543	0.3015
124.0860	0.1422	0.0596	NaN	0.0542	0.3017
124.0857	0.1417	0.0596	NaN	0.0543	0.3018
124.0866	0.1415	0.0596	NaN	0.0543	0.3017
124.0901	0.1414	0.0596	NaN	0.0543	0.3016
124.0912	0.1417	0.0596	NaN	0.0543	0.3014
124.0911	0.1417	0.0596	NaN	0.0543	0.3015
124.0930	0.1416	0.0596	NaN	0.0543	0.3017
124.0970	0.1414	0.0596	NaN	0.0543	0.3016
124.0971	0.1413	0.0596	NaN	0.0542	0.3018
124.0970	0.1416	0.0596	NaN	0.0542	0.3019
124.1001	0.1423	0.0596	NaN	0.0542	0.3019
124.1016	0.1418	0.0595	NaN	0.0542	0.3022
124.1013	0.1414	0.0595	NaN	0.0542	0.3026
124.1041	0.1413	0.0595	NaN	0.0542	0.3031
124.1052	0.1418	0.0595	NaN	0.0542	0.3034
124.1059	0.1426	0.0595	NaN	0.0541	0.3034
124.1066	0.1423	0.0595	NaN	0.0541	0.3033
124.1096	0.1418	0.0595	NaN	0.0541	0.3031
124.1118	0.1418	0.0595	NaN	0.0541	0.3031
124.1122	0.1420	0.0595	NaN	0.0541	0.3031
124.1119	0.1421	0.0595	NaN	0.0541	0.3031
124.1145	0.1424	0.0594	NaN	0.0541	0.3031
124.1161	0.1424	0.0594	NaN	0.0541	0.3031
124.1191	0.1427	0.0594	NaN	0.0540	0.3034
124.1182	0.1425	0.0594	NaN	0.0541	0.3035
124.1205	0.1423	0.0594	NaN	0.0541	0.3035
124.1229	0.1426	0.0594	NaN	0.0540	0.3035
124.1234	0.1428	0.0594	NaN	0.0540	0.3036
124.1224	0.1430	0.0593	NaN	0.0539	0.3033
124.1255	0.1433	0.0593	NaN	0.0539	0.3033
124.1265	0.1434	0.0593	NaN	0.0539	0.3034
124.1285	0.1432	0.0593	NaN	0.0539	0.3035
124.1296	0.1437	0.0592	NaN	0.0539	0.3035
124.1313	0.1436	0.0592	NaN	0.0538	0.3036
124.1315	0.1437	0.0592	NaN	0.0538	0.3035
124.1332	0.1437	0.0591	NaN	0.0537	0.3035
124.1341	0.1433	0.0591	NaN	0.0538	0.3032
124.1367	0.1432	0.0591	NaN	0.0537	0.3028
124.1380	0.1434	0.0591	NaN	0.0537	0.3025
124.1397	0.1435	0.0591	NaN	0.0537	0.3023
124.1403	0.1437	0.0591	NaN	0.0537	0.3024
124.1424	0.1439	0.0591	NaN	0.0537	0.3023
124.1447	0.1437	0.0591	NaN	0.0537	0.3022
124.1453	0.1433	0.0591	NaN	0.0537	0.3024
124.1470	0.1432	0.0591	NaN	0.0537	0.3024
124.1481	0.1432	0.0591	NaN	0.0537	0.3022
124.1509	0.1433	0.0591	NaN	0.0537	0.3022
124.1526	0.1433	0.0590	NaN	0.0536	0.3022
124.1535	0.1433	0.0590	NaN	0.0536	0.3022
124.1540	0.1433	0.0590	NaN	0.0536	0.3022
124.1548	0.1436	0.0590	NaN	0.0536	0.3021
124.1556	0.1437	0.0590	NaN	0.0535	0.3019
124.1583	0.1437	0.0590	NaN	0.0535	0.3018
124.1607	0.1438	0.0589	NaN	0.0535	0.3018
124.1637	0.1441	0.0589	NaN	0.0535	0.3017
124.1634	0.1445	0.0589	NaN	0.0534	0.3018
124.1658	0.1448	0.0588	NaN	0.0534	0.3018
124.1654	0.1449	0.0588	NaN	0.0534	0.3018
124.1674	0.1451	0.0588	NaN	0.0533	0.3018
124.1663	0.1449	0.0588	NaN	0.0534	0.3018
124.1689	0.1450	0.0588	NaN	0.0533	0.3019
124.1705	0.1449	0.0588	NaN	0.0533	0.3018
124.1734	0.1447	0.0587	NaN	0.0533	0.3018
124.1717	0.1445	0.0587	NaN	0.0533	0.3018
124.1746	0.1445	0.0587	NaN	0.0533	0.3018
124.1760	0.1448	0.0587	NaN	0.0532	0.3018
124.1797	0.1448	0.0587	NaN	0.0532	0.3018
124.1788	0.1448	0.0587	NaN	0.0532	0.3018
124.1807	0.1447	0.0587	NaN	0.0533	0.3018
124.1820	0.1446	0.0587	NaN	0.0532	0.3019
124.1843	0.1447	0.0587	NaN	0.0532	0.3018
124.1835	0.1446	0.0587	NaN	0.0532	0.3018
124.1860	0.1456	0.0586	NaN	0.0532	0.3019
124.1890	0.1459	0.0586	NaN	0.0531	0.3020
124.1898	0.1455	0.0586	NaN	0.0531	0.3020
124.1901	0.1453	0.0586	NaN	0.0531	0.3020
124.1918	0.1454	0.0585	NaN	0.0531	0.3020
124.1946	0.1456	0.0585	NaN	0.0531	0.3020
124.1974	0.1462	0.0585	NaN	0.0530	0.3020
124.1943	0.1452	0.0585	NaN	0.0530	0.3020
124.1973	0.1458	0.0585	NaN	0.0530	0.3020
124.1991	0.1462	0.0585	NaN	0.0530	0.3021
124.2004	0.1457	0.0584	NaN	0.0530	0.3020
124.2002	0.1456	0.0584	NaN	0.0529	0.3020
124.2030	0.1461	0.0584	NaN	0.0529	0.3021
124.2053	0.1455	0.0583	NaN	0.0529	0.3022
124.2075	0.1453	0.0583	NaN	0.0528	0.3023
124.2073	0.1454	0.0583	NaN	0.0529	0.3023
124.2081	0.1454	0.0583	NaN	0.0528	0.3023
124.2101	0.1455	0.0583	NaN	0.0528	0.3024
124.2097	0.1456	0.0582	NaN	0.0528	0.3022
124.2107	0.1456	0.0583	NaN	0.0528	0.3022
124.2133	0.1455	0.0583	NaN	0.0528	0.3022
124.2146	0.1455	0.0583	NaN	0.0528	0.3022
124.2134	0.1455	0.0583	NaN	0.0528	0.3022
124.2163	0.1457	0.0583	NaN	0.0528	0.3022
124.2175	0.1457	0.0582	NaN	0.0528	0.3021
124.2203	0.1460	0.0582	NaN	0.0527	0.3022
124.2213	0.1462	0.0582	NaN	0.0527	0.3022
124.2216	0.1463	0.0582	NaN	0.0527	0.3023
124.2244	0.1465	0.0582	NaN	0.0527	0.3024
124.2260	0.1464	0.0581	NaN	0.0526	0.3026
124.2259	0.1461	0.0581	NaN	0.0526	0.3026
124.2276	0.1461	0.0581	NaN	0.0526	0.3023
124.2301	0.1465	0.0581	NaN	0.0526	0.3021
124.2305	0.1470	0.0581	NaN	0.0526	0.3022
124.2317	0.1471	0.0581	NaN	0.0526	0.3025
124.2330	0.1471	0.0581	NaN	0.0526	0.3024
124.2366	0.1476	0.0581	NaN	0.0525	0.3024
124.2379	0.1478	0.0580	NaN	0.0525	0.3023
124.2377	0.1473	0.0580	NaN	0.0525	0.3023
124.2388	0.1472	0.0580	NaN	0.0525	0.3023
124.2421	0.1480	0.0579	NaN	0.0524	0.3023
124.2426	0.1483	0.0579	NaN	0.0523	0.3023
124.2446	0.1482	0.0579	NaN	0.0523	0.3023
124.2461	0.1481	0.0578	NaN	0.0523	0.3023
124.2479	0.1479	0.0578	NaN	0.0523	0.3023
124.2511	0.1478	0.0578	NaN	0.0522	0.3023
124.2506	0.1482	0.0577	NaN	0.0522	0.3023
124.2525	0.1483	0.0577	NaN	0.0522	0.3024
124.2545	0.1483	0.0577	NaN	0.0521	0.3029
124.2558	0.1483	0.0577	NaN	0.0521	0.3029
124.2565	0.1481	0.0577	NaN	0.0521	0.3027
124.2583	0.1481	0.0577	NaN	0.0521	0.3025
124.2606	0.1481	0.0577	NaN	0.0521	0.3023
124.2617	0.1481	0.0576	NaN	0.0521	0.3024
124.2615	0.1481	0.0576	NaN	0.0521	0.3024
124.2648	0.1480	0.0576	NaN	0.0520	0.3024
124.2655	0.1484	0.0576	NaN	0.0520	0.3024
124.2670	0.1485	0.0576	NaN	0.0520	0.3025
124.2684	0.1481	0.0576	NaN	0.0520	0.3024
124.2694	0.1483	0.0575	NaN	0.0520	0.3025
124.2715	0.1484	0.0575	NaN	0.0519	0.3023
124.2709	0.1482	0.0575	NaN	0.0519	0.3024
124.2742	0.1486	0.0574	NaN	0.0518	0.3024
124.2747	0.1488	0.0574	NaN	0.0518	0.3024
124.2769	0.1489	0.0574	NaN	0.0518	0.3024
124.2769	0.1486	0.0574	NaN	0.0518	0.3027
124.2802	0.1483	0.0573	NaN	0.0518	0.3028
124.2816	0.1485	0.0573	NaN	0.0517	0.3029
124.2826	0.1489	0.0572	NaN	0.0517	0.3031
124.2831	0.1493	0.0572	NaN	0.0516	0.3032
124.2837	0.1492	0.0572	NaN	0.0516	0.3030
124.2845	0.1490	0.0572	NaN	0.0516	0.3031
124.2878	0.1490	0.0572	NaN	0.0516	0.3031
124.2878	0.1490	0.0572	NaN	0.0516	0.3035
124.2900	0.1493	0.0571	NaN	0.0515	0.3039
124.2918	0.1496	0.0571	NaN	0.0514	0.3042
124.2940	0.1497	0.0570	NaN	0.0514	0.3042
124.2937	0.1496	0.0570	NaN	0.0514	0.3040
124.2968	0.1495	0.0570	NaN	0.0514	0.3043
124.2983	0.1493	0.0570	NaN	0.0514	0.3039
124.2996	0.1494	0.0570	NaN	0.0514	0.3039
124.3001	0.1495	0.0570	NaN	0.0514	0.3042
124.3013	0.1496	0.0570	NaN	0.0514	0.3044
124.3041	0.1498	0.0570	NaN	0.0513	0.3044
124.3072	0.1501	0.0570	NaN	0.0514	0.3044
124.3081	0.1501	0.0570	NaN	0.0513	0.3044
124.3091	0.1498	0.0570	NaN	0.0514	0.3044
124.3091	0.1498	0.0569	NaN	0.0513	0.3044
124.3125	0.1497	0.0569	NaN	0.0513	0.3044
124.3124	0.1498	0.0569	NaN	0.0513	0.3044
124.3152	0.1499	0.0569	NaN	0.0513	0.3044
124.3157	0.1500	0.0569	NaN	0.0513	0.3044
124.3183	0.1504	0.0568	NaN	0.0512	0.3043
124.3176	0.1508	0.0568	NaN	0.0512	0.3043
124.3205	0.1508	0.0568	NaN	0.0511	0.3041
124.3217	0.1509	0.0568	NaN	0.0511	0.3041
124.3225	0.1509	0.0568	NaN	0.0511	0.3039
124.3236	0.1512	0.0568	NaN	0.0511	0.3040
124.3243	0.1509	0.0567	NaN	0.0511	0.3039
124.3269	0.1510	0.0566	NaN	0.0510	0.3038
124.3267	0.1509	0.0566	NaN	0.0510	0.3037
124.3281	0.1511	0.0566	NaN	0.0509	0.3034
124.3298	0.1513	0.0566	NaN	0.0509	0.3032
124.3318	0.1513	0.0565	NaN	0.0509	0.3030
124.3324	0.1512	0.0565	NaN	0.0508	0.3028
124.3340	0.1510	0.0564	NaN	0.0508	0.3027
124.3359	0.1511	0.0564	NaN	0.0508	0.3027
124.3384	0.1513	0.0564	NaN	0.0508	0.3027
124.3377	0.1509	0.0565	NaN	0.0508	0.3027
124.3403	0.1511	0.0565	NaN	0.0508	0.3027
124.3429	0.1515	0.0564	NaN	0.0508	0.3027
124.3443	0.1513	0.0564	NaN	0.0507	0.3027
124.3436	0.1513	0.0564	NaN	0.0507	0.3027
124.3448	0.1514	0.0564	NaN	0.0507	0.3027
124.3463	0.1515	0.0563	NaN	0.0507	0.3028
124.3496	0.1517	0.0563	NaN	0.0507	0.3031
124.3490	0.1522	0.0564	NaN	0.0507	0.3031
124.3505	0.1517	0.0563	NaN	0.0506	0.3032
124.3509	0.1515	0.0563	NaN	0.0506	0.3033
124.3520	0.1517	0.0562	NaN	0.0506	0.3033
124.3530	0.1516	0.0562	NaN	0.0505	0.3034
124.3557	0.1518	0.0561	NaN	0.0505	0.3034
124.3576	0.1520	0.0561	NaN	0.0504	0.3035
124.3617	0.1522	0.0561	NaN	0.0504	0.3035
124.3608	0.1522	0.0561	NaN	0.0504	0.3034
124.3634	0.1524	0.0560	NaN	0.0503	0.3037
124.3668	0.1527	0.0560	NaN	0.0503	0.3039
124.3670	0.1523	0.0560	NaN	0.0503	0.3040
124.3673	0.1520	0.0560	NaN	0.0503	0.3036
124.3675	0.1522	0.0560	NaN	0.0503	0.3032
124.3701	0.1527	0.0559	NaN	0.0503	0.3031
124.3708	0.1527	0.0559	NaN	0.0503	0.3033
124.3704	0.1522	0.0559	NaN	0.0503	0.3036
124.3718	0.1518	0.0559	NaN	0.0503	0.3036
124.3754	0.1522	0.0559	NaN	0.0502	0.3036
124.3758	0.1525	0.0559	NaN	0.0502	0.3037
124.3757	0.1527	0.0559	NaN	0.0502	0.3036
124.3760	0.1529	0.0558	NaN	0.0502	0.3037
124.3785	0.1529	0.0558	NaN	0.0502	0.3036
124.3797	0.1528	0.0558	NaN	0.0501	0.3036
124.3816	0.1527	0.0557	NaN	0.0501	0.3037
124.3826	0.1527	0.0558	NaN	0.0501	0.3037
124.3855	0.1525	0.0557	NaN	0.0501	0.3037
124.3842	0.1525	0.0557	NaN	0.0501	0.3035
124.3881	0.1529	0.0557	NaN	0.0501	0.3035
124.3901	0.1535	0.0557	NaN	0.0500	0.3037
124.3915	0.1535	0.0557	NaN	0.0500	0.3041
124.3902	0.1532	0.0557	NaN	0.0500	0.3041
124.3933	0.1531	0.0557	NaN	0.0500	0.3042
124.3950	0.1532	0.0557	NaN	0.0501	0.3039
124.3967	0.1536	0.0557	NaN	0.0500	0.3037
124.3971	0.1535	0.0556	NaN	0.0500	0.3037
124.3985	0.1532	0.0556	NaN	0.0499	0.3038
124.3991	0.1533	0.0556	NaN	0.0499	0.3037
124.4023	0.1533	0.0555	NaN	0.0499	0.3040
124.4031	0.1530	0.0555	NaN	0.0499	0.3043
124.4069	0.1532	0.0555	NaN	0.0499	0.3045
124.4061	0.1531	0.0554	NaN	0.0498	0.3046
124.4084	0.1531	0.0554	NaN	0.0498	0.3047
124.4081	0.1530	0.0554	NaN	0.0498	0.3048
124.4103	0.1531	0.0554	NaN	0.0498	0.3048
124.4124	0.1531	0.0554	NaN	0.0498	0.3049
124.4146	0.1531	0.0553	NaN	0.0497	0.3048
124.4133	0.1534	0.0553	NaN	0.0497	0.3047
124.4157	0.1537	0.0553	NaN	0.0497	0.3045
124.4177	0.1536	0.0552	NaN	0.0496	0.3043
124.4191	0.1538	0.0552	NaN	0.0496	0.3046
124.4186	0.1539	0.0552	NaN	0.0496	0.3045
124.4198	0.1539	0.0551	NaN	0.0495	0.3042
124.4224	0.1542	0.0551	NaN	0.0495	0.3046
124.4241	0.1544	0.0550	NaN	0.0495	0.3049
124.4239	0.1546	0.0550	NaN	0.0494	0.3049
124.4265	0.1549	0.0549	NaN	0.0493	0.3046
124.4278	0.1549	0.0549	NaN	0.0493	0.3047
124.4304	0.1549	0.0548	NaN	0.0492	0.3046
124.4311	0.1549	0.0548	NaN	0.0492	0.3043
124.4328	0.1549	0.0547	NaN	0.0492	0.3044
124.4346	0.1549	0.0547	NaN	0.0491	0.3046
124.4349	0.1549	0.0547	NaN	0.0491	0.3047
124.4361	0.1553	0.0547	NaN	0.0491	0.3046
124.4394	0.1556	0.0547	NaN	0.0490	0.3046
124.4409	0.1554	0.0547	NaN	0.0491	0.3048
124.4409	0.1551	0.0547	NaN	0.0491	0.3050
124.4430	0.1554	0.0547	NaN	0.0491	0.3051
124.4446	0.1557	0.0546	NaN	0.0490	0.3051
124.4460	0.1556	0.0546	NaN	0.0490	0.3049
124.4480	0.1555	0.0546	NaN	0.0490	0.3050
124.4474	0.1553	0.0546	NaN	0.0490	0.3050
124.4498	0.1552	0.0546	NaN	0.0490	0.3049
124.4518	0.1552	0.0546	NaN	0.0490	0.3048
124.4527	0.1552	0.0546	NaN	0.0490	0.3048
124.4549	0.1552	0.0546	NaN	0.0490	0.3047
124.4560	0.1553	0.0546	NaN	0.0489	0.3048
124.4575	0.1552	0.0545	NaN	0.0489	0.3047
124.4588	0.1553	0.0545	NaN	0.0489	0.3046
124.4595	0.1554	0.0545	NaN	0.0489	0.3046
124.4607	0.1553	0.0545	NaN	0.0489	0.3046
124.4627	0.1553	0.0545	NaN	0.0489	0.3047
124.4627	0.1554	0.0545	NaN	0.0489	0.3047
124.4633	0.1554	0.0545	NaN	0.0488	0.3046
124.4661	0.1554	0.0544	NaN	0.0488	0.3042
124.4669	0.1555	0.0544	NaN	0.0488	0.3039
124.4679	0.1556	0.0544	NaN	0.0487	0.3037
124.4680	0.1557	0.0543	NaN	0.0487	0.3037
124.4716	0.1558	0.0543	NaN	0.0487	0.3037
124.4729	0.1560	0.0543	NaN	0.0487	0.3036
124.4737	0.1562	0.0543	NaN	0.0486	0.3036
124.4753	0.1565	0.0542	NaN	0.0485	0.3036
124.4780	0.1568	0.0541	NaN	0.0484	0.3035
124.4803	0.1569	0.0540	NaN	0.0483	0.3034
124.4788	0.1565	0.0539	NaN	0.0483	0.3035
124.4819	0.1565	0.0539	NaN	0.0482	0.3035
124.4839	0.1567	0.0538	NaN	0.0482	0.3034
124.4856	0.1565	0.0538	NaN	0.0482	0.3033
124.4845	0.1562	0.0538	NaN	0.0482	0.3033
124.4864	0.1561	0.0538	NaN	0.0482	0.3033
124.4906	0.1564	0.0538	NaN	0.0481	0.3034
124.4889	0.1564	0.0538	NaN	0.0481	0.3035
124.4902	0.1564	0.0538	NaN	0.0481	0.3035
124.4934	0.1567	0.0538	NaN	0.0481	0.3035
124.4948	0.1573	0.0537	NaN	0.0481	0.3036
124.4943	0.1578	0.0537	NaN	0.0480	0.3035
124.4944	0.1574	0.0537	NaN	0.0480	0.3034
124.4968	0.1572	0.0537	NaN	0.0480	0.3039
124.4995	0.1570	0.0536	NaN	0.0480	0.3049
124.4982	0.1571	0.0536	NaN	0.0480	0.3051
124.5001	0.1567	0.0536	NaN	0.0479	0.3050
124.5031	0.1569	0.0536	NaN	0.0480	0.3050
124.5036	0.1570	0.0536	NaN	0.0479	0.3046
124.5053	0.1571	0.0536	NaN	0.0479	0.3049
124.5066	0.1573	0.0535	NaN	0.0479	0.3052
124.5076	0.1569	0.0535	NaN	0.0478	0.3049
124.5117	0.1575	0.0535	NaN	0.0478	0.3048
124.5109	0.1573	0.0534	NaN	0.0478	0.3051
124.5140	0.1569	0.0534	NaN	0.0477	0.3052
124.5148	0.1567	0.0534	NaN	0.0477	0.3053
124.5174	0.1567	0.0534	NaN	0.0477	0.3053
124.5155	0.1572	0.0534	NaN	0.0477	0.3052
124.5173	0.1578	0.0533	NaN	0.0476	0.3054
124.5200	0.1578	0.0532	NaN	0.0475	0.3053
124.5228	0.1577	0.0532	NaN	0.0475	0.3052
124.5218	0.1578	0.0532	NaN	0.0475	0.3047
124.5239	0.1584	0.0532	NaN	0.0474	0.3048
124.5262	0.1580	0.0532	NaN	0.0474	0.3047
124.5289	0.1576	0.0531	NaN	0.0474	0.3046
124.5288	0.1570	0.0531	NaN	0.0475	0.3052
124.5328	0.1568	0.0532	NaN	0.0475	0.3053
124.5327	0.1575	0.0531	NaN	0.0475	0.3054
124.5353	0.1577	0.0531	NaN	0.0475	0.3055
124.5341	0.1578	0.0531	NaN	0.0474	0.3055
124.5363	0.1578	0.0531	NaN	0.0474	0.3054
124.5364	0.1578	0.0530	NaN	0.0473	0.3054
124.5390	0.1581	0.0530	NaN	0.0473	0.3053
124.5384	0.1585	0.0530	NaN	0.0473	0.3054
124.5409	0.1584	0.0530	NaN	0.0473	0.3055
124.5426	0.1584	0.0529	NaN	0.0472	0.3055
124.5422	0.1583	0.0529	NaN	0.0472	0.3055
124.5444	0.1583	0.0529	NaN	0.0472	0.3055
124.5466	0.1583	0.0528	NaN	0.0471	0.3052
124.5472	0.1585	0.0527	NaN	0.0470	0.3053
124.5480	0.1590	0.0527	NaN	0.0470	0.3054
124.5505	0.1590	0.0527	NaN	0.0469	0.3050
124.5517	0.1590	0.0526	NaN	0.0469	0.3050
124.5532	0.1588	0.0525	NaN	0.0468	0.3050
124.5536	0.1588	0.0525	NaN	0.0468	0.3049
124.5544	0.1592	0.0525	NaN	0.0467	0.3045
124.5565	0.1591	0.0524	NaN	0.0467	0.3039
124.5580	0.1590	0.0524	NaN	0.0466	0.3038
124.5590	0.1590	0.0524	NaN	0.0467	0.3040
124.5603	0.1593	0.0524	NaN	0.0466	0.3039
124.5614	0.1592	0.0524	NaN	0.0466	0.3039
124.5644	0.1594	0.0524	NaN	0.0466	0.3039
124.5650	0.1590	0.0524	NaN	0.0466	0.3039
124.5656	0.1590	0.0524	NaN	0.0467	0.3039
124.5671	0.1590	0.0524	NaN	0.0467	0.3043
124.5697	0.1595	0.0524	NaN	0.0466	0.3044
124.5729	0.1596	0.0524	NaN	0.0466	0.3042
124.5723	0.1596	0.0524	NaN	0.0466	0.3041
124.5755	0.1599	0.0523	NaN	0.0465	0.3041
124.5765	0.1598	0.0523	NaN	0.0465	0.3041
124.5756	0.1601	0.0522	NaN	0.0465	0.3040
124.5771	0.1596	0.0522	NaN	0.0465	0.3041
124.5798	0.1593	0.0522	NaN	0.0465	0.3041
124.5812	0.1594	0.0522	NaN	0.0465	0.3039
124.5813	0.1595	0.0523	NaN	0.0465	0.3039
124.5833	0.1595	0.0522	NaN	0.0465	0.3040
124.5860	0.1597	0.0522	NaN	0.0464	0.3040
124.5881	0.1598	0.0521	NaN	0.0464	0.3040
124.5882	0.1598	0.0521	NaN	0.0463	0.3040
124.5892	0.1599	0.0521	NaN	0.0463	0.3040
124.5904	0.1595	0.0520	NaN	0.0463	0.3040
124.5938	0.1600	0.0520	NaN	0.0462	0.3040
124.5930	0.1601	0.0520	NaN	0.0462	0.3040
124.5962	0.1602	0.0520	NaN	0.0462	0.3040
124.5967	0.1601	0.0519	NaN	0.0462	0.3042
124.5966	0.1602	0.0520	NaN	0.0462	0.3045
124.5988	0.1603	0.0519	NaN	0.0461	0.3047
124.6008	0.1603	0.0519	NaN	0.0461	0.3047
124.6019	0.1605	0.0519	NaN	0.0461	0.3050
124.6033	0.1602	0.0519	NaN	0.0461	0.3045
124.6050	0.1602	0.0518	NaN	0.0461	0.3042
124.6074	0.1604	0.0518	NaN	0.0460	0.3044
124.6083	0.1606	0.0517	NaN	0.0459	0.3046
124.6078	0.1606	0.0517	NaN	0.0459	0.3050
124.6109	0.1606	0.0516	NaN	0.0458	0.3054
124.6115	0.1606	0.0516	NaN	0.0458	0.3056
124.6150	0.1605	0.0516	NaN	0.0458	0.3056
124.6141	0.1606	0.0516	NaN	0.0458	0.3057
124.6155	0.1606	0.0516	NaN	0.0458	0.3059
124.6153	0.1607	0.0515	NaN	0.0457	0.3056
124.6190	0.1609	0.0515	NaN	0.0457	0.3057
124.6174	0.1611	0.0515	NaN	0.0457	0.3057
124.6194	0.1613	0.0515	NaN	0.0457	0.3056
124.6220	0.1612	0.0515	NaN	0.0456	0.3059
124.6244	0.1613	0.0514	NaN	0.0456	0.3059
124.6243	0.1615	0.0514	NaN	0.0456	0.3059
124.6262	0.1612	0.0514	NaN	0.0455	0.3057
124.6285	0.1611	0.0513	NaN	0.0455	0.3058
124.6297	0.1612	0.0513	NaN	0.0455	0.3058
124.6295	0.1612	0.0513	NaN	0.0455	0.3058
124.6305	0.1611	0.0513	NaN	0.0455	0.3058
124.6325	0.1613	0.0513	NaN	0.0455	0.3058
124.6345	0.1613	0.0512	NaN	0.0454	0.3057
124.6355	0.1611	0.0512	NaN	0.0454	0.3059
124.6371	0.1613	0.0512	NaN	0.0454	0.3058
124.6394	0.1617	0.0512	NaN	0.0454	0.3056
124.6406	0.1614	0.0512	NaN	0.0453	0.3054
124.6412	0.1615	0.0511	NaN	0.0453	0.3054
124.6419	0.1618	0.0511	NaN	0.0453	0.3055
124.6437	0.1619	0.0511	NaN	0.0453	0.3054
124.6462	0.1617	0.0511	NaN	0.0452	0.3055
124.6466	0.1618	0.0510	NaN	0.0452	0.3058
124.6485	0.1619	0.0510	NaN	0.0451	0.3056
124.6496	0.1621	0.0510	NaN	0.0451	0.3058
124.6523	0.1621	0.0510	NaN	0.0451	0.3058
124.6510	0.1619	0.0510	NaN	0.0452	0.3054
124.6559	0.1619	0.0510	NaN	0.0451	0.3056
124.6557	0.1621	0.0510	NaN	0.0451	0.3057
124.6553	0.1619	0.0509	NaN	0.0451	0.3059
124.6582	0.1623	0.0509	NaN	0.0450	0.3061
124.6598	0.1623	0.0509	NaN	0.0450	0.3061
124.6620	0.1623	0.0509	NaN	0.0450	0.3061
124.6604	0.1624	0.0509	NaN	0.0450	0.3061
124.6631	0.1624	0.0508	NaN	0.0450	0.3061
124.6647	0.1627	0.0508	NaN	0.0449	0.3061
124.6672	0.1630	0.0508	NaN	0.0449	0.3061
124.6677	0.1631	0.0507	NaN	0.0448	0.3062
124.6684	0.1628	0.0507	NaN	0.0448	0.3062
124.6712	0.1628	0.0507	NaN	0.0448	0.3062
124.6724	0.1624	0.0507	NaN	0.0448	0.3060
124.6720	0.1620	0.0506	NaN	0.0448	0.3057
124.6738	0.1621	0.0506	NaN	0.0447	0.3055
124.6772	0.1625	0.0505	NaN	0.0446	0.3053
124.6778	0.1627	0.0505	NaN	0.0446	0.3053
124.6776	0.1630	0.0505	NaN	0.0446	0.3053
124.6809	0.1632	0.0505	NaN	0.0446	0.3053
124.6827	0.1634	0.0505	NaN	0.0446	0.3049
124.6829	0.1641	0.0505	NaN	0.0446	0.3049
124.6829	0.1638	0.0505	NaN	0.0446	0.3051
124.6867	0.1635	0.0505	NaN	0.0445	0.3050
124.6885	0.1637	0.0504	NaN	0.0445	0.3049
124.6897	0.1641	0.0504	NaN	0.0444	0.3047
124.6902	0.1644	0.0503	NaN	0.0444	0.3046
124.6905	0.1643	0.0503	NaN	0.0443	0.3046
124.6934	0.1640	0.0503	NaN	0.0443	0.3046
124.6972	0.1641	0.0503	NaN	0.0443	0.3045
124.6969	0.1637	0.0503	NaN	0.0443	0.3044
124.6969	0.1639	0.0503	NaN	0.0443	0.3045
124.6999	0.1642	0.0502	NaN	0.0443	0.3046
124.7010	0.1646	0.0502	NaN	0.0442	0.3048
124.7023	0.1646	0.0502	NaN	0.0442	0.3047
124.7045	0.1641	0.0502	NaN	0.0442	0.3047
124.7047	0.1641	0.0502	NaN	0.0442	0.3047
124.7066	0.1642	0.0502	NaN	0.0442	0.3047
124.7083	0.1645	0.0502	NaN	0.0442	0.3046
124.7088	0.1646	0.0502	NaN	0.0442	0.3047
124.7104	0.1646	0.0501	NaN	0.0441	0.3047
124.7106	0.1648	0.0501	NaN	0.0441	0.3047
124.7114	0.1649	0.0501	NaN	0.0440	0.3048
124.7139	0.1650	0.0501	NaN	0.0440	0.3048
124.7156	0.1648	0.0500	NaN	0.0440	0.3047
124.7150	0.1647	0.0500	NaN	0.0440	0.3046
124.7190	0.1650	0.0500	NaN	0.0439	0.3047
124.7197	0.1651	0.0500	NaN	0.0439	0.3050
124.7219	0.1651	0.0499	NaN	0.0438	0.3054
124.7225	0.1653	0.0499	NaN	0.0438	0.3055
124.7241	0.1655	0.0499	NaN	0.0438	0.3056
124.7276	0.1656	0.0499	NaN	0.0438	0.3056
124.7295	0.1652	0.0499	NaN	0.0438	0.3057
124.7298	0.1650	0.0499	NaN	0.0439	0.3057
124.7293	0.1650	0.0500	NaN	0.0439	0.3057
124.7316	0.1650	0.0500	NaN	0.0439	0.3060
124.7320	0.1651	0.0499	NaN	0.0439	0.3062
124.7338	0.1651	0.0499	NaN	0.0438	0.3062
124.7345	0.1651	0.0499	NaN	0.0438	0.3063
124.7347	0.1653	0.0499	NaN	0.0438	0.3063
124.7380	0.1654	0.0498	NaN	0.0437	0.3063
124.7372	0.1654	0.0498	NaN	0.0437	0.3063
124.7385	0.1656	0.0498	NaN	0.0437	0.3063
124.7401	0.1659	0.0498	NaN	0.0437	0.3063
124.7433	0.1661	0.0498	NaN	0.0436	0.3064
124.7434	0.1659	0.0498	NaN	0.0436	0.3063
124.7450	0.1659	0.0498	NaN	0.0436	0.3064
124.7478	0.1661	0.0497	NaN	0.0436	0.3064
124.7496	0.1662	0.0497	NaN	0.0436	0.3064
124.7493	0.1663	0.0498	NaN	0.0436	0.3063
124.7518	0.1664	0.0497	NaN	0.0435	0.3064
124.7544	0.1666	0.0497	NaN	0.0435	0.3064
124.7557	0.1667	0.0497	NaN	0.0435	0.3065
124.7545	0.1667	0.0497	NaN	0.0435	0.3065
124.7578	0.1669	0.0497	NaN	0.0435	0.3066
124.7604	0.1670	0.0497	NaN	0.0434	0.3066
124.7610	0.1672	0.0496	NaN	0.0434	0.3066
124.7599	0.1672	0.0496	NaN	0.0433	0.3065
124.7632	0.1674	0.0496	NaN	0.0433	0.3065
124.7650	0.1676	0.0495	NaN	0.0433	0.3065
124.7647	0.1678	0.0495	NaN	0.0433	0.3065
124.7662	0.1679	0.0495	NaN	0.0432	0.3065
124.7670	0.1678	0.0495	NaN	0.0432	0.3065
124.7704	0.1679	0.0495	NaN	0.0432	0.3063
124.7722	0.1681	0.0494	NaN	0.0431	0.3062
124.7713	0.1685	0.0494	NaN	0.0431	0.3063
124.7748	0.1688	0.0494	NaN	0.0431	0.3063
124.7758	0.1689	0.0494	NaN	0.0431	0.3062
124.7753	0.1688	0.0494	NaN	0.0431	0.3063
124.7771	0.1690	0.0494	NaN	0.0431	0.3065
124.7814	0.1691	0.0494	NaN	0.0431	0.3066
124.7811	0.1693	0.0494	NaN	0.0430	0.3066
124.7813	0.1695	0.0494	NaN	0.0430	0.3066
124.7822	0.1695	0.0493	NaN	0.0430	0.3064
124.7848	0.1697	0.0493	NaN	0.0430	0.3064
124.7860	0.1698	0.0493	NaN	0.0430	0.3065
124.7865	0.1699	0.0493	NaN	0.0430	0.3065
124.7891	0.1703	0.0493	NaN	0.0429	0.3064
124.7914	0.1707	0.0492	NaN	0.0429	0.3065
124.7939	0.1714	0.0492	NaN	0.0428	0.3066
124.7940	0.1715	0.0492	NaN	0.0428	0.3067
124.7961	0.1718	0.0492	NaN	0.0428	0.3066
124.7985	0.1717	0.0492	NaN	0.0428	0.3067
124.7992	0.1717	0.0492	NaN	0.0428	0.3067
124.8001	0.1716	0.0492	NaN	0.0428	0.3067
124.8009	0.1720	0.0492	NaN	0.0428	0.3067
124.8027	0.1723	0.0492	NaN	0.0427	0.3067
124.8052	0.1726	0.0492	NaN	0.0427	0.3067
124.8055	0.1725	0.0492	NaN	0.0427	0.3066
124.8063	0.1726	0.0492	NaN	0.0427	0.3066
124.8079	0.1727	0.0492	NaN	0.0427	0.3067
124.8090	0.1727	0.0492	NaN	0.0427	0.3065
124.8102	0.1729	0.0492	NaN	0.0427	0.3066
124.8115	0.1734	0.0491	NaN	0.0426	0.3067
124.8121	0.1737	0.0491	NaN	0.0426	0.3067
124.8136	0.1741	0.0491	NaN	0.0426	0.3067
124.8137	0.1741	0.0491	NaN	0.0426	0.3066
124.8152	0.1743	0.0491	NaN	0.0426	0.3065
124.8183	0.1748	0.0491	NaN	0.0426	0.3066
124.8163	0.1751	0.0491	NaN	0.0425	0.3066
124.8191	0.1756	0.0491	NaN	0.0425	0.3066
124.8212	0.1765	0.0491	NaN	0.0425	0.3066
124.8229	0.1768	0.0491	NaN	0.0425	0.3064
124.8238	0.1767	0.0491	NaN	0.0425	0.3064
124.8259	0.1768	0.0491	NaN	0.0425	0.3065
124.8274	0.1768	0.0491	NaN	0.0425	0.3063
124.8296	0.1769	0.0491	NaN	0.0425	0.3064
124.8297	0.1768	0.0491	NaN	0.0425	0.3063
124.8334	0.1773	0.0491	NaN	0.0424	0.3063
124.8341	0.1787	0.0491	NaN	0.0424	0.3065
124.8356	0.1796	0.0491	NaN	0.0424	0.3068
124.8349	0.1791	0.0491	NaN	0.0424	0.3068
124.8375	0.1794	0.0491	NaN	0.0424	0.3067
124.8403	0.1798	0.0491	NaN	0.0424	0.3066
124.8408	0.1804	0.0491	NaN	0.0424	0.3065
124.8424	0.1814	0.0491	NaN	0.0423	0.3067
124.8433	0.1819	0.0491	NaN	0.0423	0.3068
124.8451	0.1827	0.0491	NaN	0.0423	0.3067
124.8460	0.1831	0.0491	NaN	0.0423	0.3066
124.8453	0.1827	0.0491	NaN	0.0423	0.3066
124.8472	0.1830	0.0491	NaN	0.0423	0.3065
124.8507	0.1840	0.0491	NaN	0.0422	0.3065
124.8522	0.1852	0.0491	NaN	0.0422	0.3065
124.8504	0.1857	0.0491	NaN	0.0422	0.3062
124.8525	0.1868	0.0491	NaN	0.0422	0.3061
124.8557	0.1886	0.0492	NaN	0.0421	0.3060
124.8573	0.1893	0.0492	NaN	0.0422	0.3061
124.8560	0.1883	0.0492	NaN	0.0422	0.3062
124.8589	0.1895	0.0492	NaN	0.0421	0.3063
124.8599	0.1901	0.0492	NaN	0.0421	0.3063
124.8619	0.1912	0.0492	NaN	0.0421	0.3063
124.8625	0.1916	0.0493	NaN	0.0421	0.3062
124.8638	0.1915	0.0493	NaN	0.0421	0.3063
124.8675	0.1904	0.0492	NaN	0.0421	0.3064
124.8674	0.1910	0.0492	NaN	0.0421	0.3060
124.8661	0.1915	0.0492	NaN	0.0421	0.3061
124.8698	0.1930	0.0493	NaN	0.0421	0.3061
124.8719	0.1958	0.0493	NaN	0.0421	0.3061
124.8742	0.1971	0.0494	NaN	0.0421	0.3060
124.8733	0.1972	0.0494	NaN	0.0421	0.3061
124.8752	0.1978	0.0494	NaN	0.0420	0.3059
124.8767	0.1991	0.0494	NaN	0.0421	0.3057
124.8760	0.1979	0.0494	NaN	0.0421	0.3055
124.8788	0.2012	0.0495	NaN	0.0420	0.3055
124.8817	0.2049	0.0496	NaN	0.0420	0.3055
124.8831	0.2081	0.0497	NaN	0.0420	0.3055
124.8826	0.2103	0.0497	NaN	0.0420	0.3055
124.8849	0.2149	0.0499	NaN	0.0419	0.3055
124.8865	0.2161	0.0499	NaN	0.0419	0.3055
124.8895	0.2203	0.0500	NaN	0.0419	0.3055
124.8893	0.2238	0.0501	NaN	0.0419	0.3055
124.8916	0.2279	0.0502	NaN	0.0419	0.3054
124.8940	0.2288	0.0502	NaN	0.0419	0.3055
124.8955	0.2286	0.0502	NaN	0.0419	0.3055
124.8943	0.2264	0.0502	NaN	0.0419	0.3055
124.8968	0.2285	0.0502	NaN	0.0419	0.3055
124.8987	0.2310	0.0503	NaN	0.0419	0.3054
124.8994	0.2318	0.0503	NaN	0.0419	0.3054
124.9006	0.2318	0.0503	NaN	0.0419	0.3054
124.9022	0.2361	0.0504	NaN	0.0419	0.3055
124.9062	0.2370	0.0505	NaN	0.0419	0.3055
124.9059	0.2374	0.0505	NaN	0.0418	0.3055
124.9041	0.2374	0.0505	NaN	0.0419	0.3055
124.9082	0.2390	0.0505	NaN	0.0419	0.3056
124.9111	0.2392	0.0505	NaN	0.0419	0.3058
124.9129	0.2384	0.0505	NaN	0.0418	0.3060
124.9121	0.2379	0.0505	NaN	0.0418	0.3061
124.9140	0.2375	0.0504	NaN	0.0418	0.3061
124.9153	0.2359	0.0504	NaN	0.0418	0.3061
124.9171	0.2348	0.0503	NaN	0.0418	0.3060
124.9167	0.2355	0.0504	NaN	0.0418	0.3061
124.9184	0.2350	0.0503	NaN	0.0418	0.3063
124.9200	0.2343	0.0503	NaN	0.0418	0.3065
124.9212	0.2347	0.0503	NaN	0.0418	0.3064
124.9200	0.2353	0.0503	NaN	0.0418	0.3063
124.9214	0.2342	0.0503	NaN	0.0417	0.3063
124.9252	0.2330	0.0502	NaN	0.0417	0.3066
124.9270	0.2326	0.0502	NaN	0.0417	0.3062
124.9260	0.2328	0.0502	NaN	0.0417	0.3059
124.9291	0.2331	0.0502	NaN	0.0417	0.3059
124.9307	0.2340	0.0502	NaN	0.0417	0.3061
124.9296	0.2344	0.0502	NaN	0.0417	0.3060
124.9325	0.2350	0.0502	NaN	0.0417	0.3057
124.9348	0.2360	0.0503	NaN	0.0417	0.3057
124.9365	0.2375	0.0503	NaN	0.0416	0.3057
124.9369	0.2371	0.0503	NaN	0.0416	0.3057
124.9375	0.2366	0.0503	NaN	0.0417	0.3057
124.9394	0.2367	0.0503	NaN	0.0416	0.3058
124.9422	0.2371	0.0503	NaN	0.0417	0.3060
124.9419	0.2376	0.0503	NaN	0.0417	0.3062
124.9458	0.2380	0.0503	NaN	0.0417	0.3060
124.9458	0.2397	0.0504	NaN	0.0417	0.3060
124.9472	0.2435	0.0505	NaN	0.0416	0.3062
124.9469	0.2435	0.0505	NaN	0.0416	0.3062
124.9495	0.2446	0.0505	NaN	0.0416	0.3062
124.9523	0.2476	0.0506	NaN	0.0416	0.3063
124.9545	0.2539	0.0508	NaN	0.0416	0.3065
124.9543	0.2570	0.0509	NaN	0.0416	0.3069
124.9564	0.2645	0.0511	NaN	0.0416	0.3069
124.9585	0.2709	0.0514	NaN	0.0416	0.3068
124.9596	0.2826	0.0518	NaN	0.0416	0.3072
124.9596	0.2939	0.0522	NaN	0.0416	0.3073
124.9610	0.2994	0.0524	NaN	0.0416	0.3072
124.9630	0.2982	0.0523	NaN	0.0416	0.3072
124.9655	0.2978	0.0523	NaN	0.0416	0.3072
124.9638	0.2913	0.0521	NaN	0.0416	0.3067
124.9669	0.2994	0.0524	NaN	0.0416	0.3066
124.9673	0.3168	0.0530	NaN	0.0416	0.3067
124.9708	0.3350	0.0536	NaN	0.0416	0.3070
124.9696	0.3394	0.0538	NaN	0.0416	0.3067
124.9727	0.3406	0.0538	NaN	0.0416	0.3065
124.9741	0.3393	0.0538	NaN	0.0416	0.3066
124.9748	0.3379	0.0537	NaN	0.0416	0.3064
124.9757	0.3330	0.0535	NaN	0.0416	0.3064
124.9776	0.3394	0.0538	NaN	0.0416	0.3069
124.9787	0.3449	0.0540	NaN	0.0416	0.3071
124.9800	0.3462	0.0540	NaN	0.0416	0.3073
124.9822	0.3461	0.0540	NaN	0.0416	0.3073
124.9828	0.3455	0.0540	NaN	0.0416	0.3072
124.9855	0.3460	0.0540	NaN	0.0416	0.3068
124.9867	0.3459	0.0541	NaN	0.0416	0.3067
124.9851	0.3436	0.0539	NaN	0.0416	0.3068
124.9879	0.3397	0.0538	NaN	0.0416	0.3072
124.9901	0.3377	0.0537	NaN	0.0416	0.3074
124.9904	0.3371	0.0537	NaN	0.0416	0.3077
124.9914	0.3373	0.0537	NaN	0.0416	0.3078
124.9936	0.3372	0.0537	NaN	0.0416	0.3078
124.9950	0.3373	0.0537	NaN	0.0416	0.3077
124.9952	0.3376	0.0537	NaN	0.0416	0.3076
124.9968	0.3378	0.0537	NaN	0.0416	0.3076
124.9998	0.3382	0.0537	NaN	0.0416	0.3078
125.0008	0.3405	0.0538	NaN	0.0416	0.3078
125.0012	0.3426	0.0539	NaN	0.0416	0.3077
125.0028	0.3457	0.0540	NaN	0.0416	0.3078
125.0048	0.3485	0.0541	NaN	0.0416	0.3079
125.0070	0.3506	0.0542	NaN	0.0416	0.3078
125.0075	0.3502	0.0542	NaN	0.0416	0.3078
125.0091	0.3517	0.0542	NaN	0.0416	0.3078
125.0120	0.3495	0.0541	NaN	0.0416	0.3077
125.0138	0.3425	0.0539	NaN	0.0416	0.3078
125.0136	0.3374	0.0537	NaN	0.0416	0.3078
125.0154	0.3361	0.0537	NaN	0.0416	0.3078
125.0164	0.3346	0.0536	NaN	0.0416	0.3077
125.0203	0.3246	0.0533	NaN	0.0416	0.3075
125.0190	0.3238	0.0532	NaN	0.0416	0.3073
125.0209	0.3206	0.0531	NaN	0.0416	0.3074
125.0221	0.3177	0.0530	NaN	0.0416	0.3073
125.0232	0.3206	0.0531	NaN	0.0416	0.3069
125.0215	0.3205	0.0531	NaN	0.0416	0.3065
125.0260	0.3197	0.0531	NaN	0.0416	0.3070
125.0301	0.3175	0.0530	NaN	0.0416	0.3076
125.0295	0.3110	0.0528	NaN	0.0416	0.3075
125.0287	0.3081	0.0526	NaN	0.0416	0.3073
125.0313	0.3066	0.0526	NaN	0.0416	0.3071
125.0336	0.3015	0.0524	NaN	0.0415	0.3071
125.0358	0.2993	0.0523	NaN	0.0415	0.3072
125.0361	0.2991	0.0523	NaN	0.0415	0.3070
125.0377	0.3010	0.0523	NaN	0.0415	0.3068
125.0391	0.3021	0.0524	NaN	0.0415	0.3071
125.0407	0.3030	0.0524	NaN	0.0415	0.3076
125.0420	0.3040	0.0524	NaN	0.0415	0.3075
125.0414	0.3036	0.0525	NaN	0.0415	0.3070
125.0439	0.3045	0.0525	NaN	0.0415	0.3068
125.0436	0.3044	0.0525	NaN	0.0415	0.3071
125.0455	0.3051	0.0525	NaN	0.0415	0.3074
125.0489	0.3056	0.0525	NaN	0.0415	0.3071
125.0501	0.3056	0.0525	NaN	0.0416	0.3066
125.0500	0.3051	0.0525	NaN	0.0416	0.3061
125.0525	0.3055	0.0525	NaN	0.0415	0.3067
125.0556	0.3058	0.0526	NaN	0.0416	0.3063
125.0561	0.3048	0.0525	NaN	0.0415	0.3066
125.0571	0.3029	0.0524	NaN	0.0416	0.3063
125.0603	0.2996	0.0523	NaN	0.0416	0.3061
125.0618	0.2986	0.0523	NaN	0.0416	0.3061
125.0627	0.2998	0.0523	NaN	0.0416	0.3061
125.0612	0.3016	0.0524	NaN	0.0416	0.3061
125.0648	0.3021	0.0524	NaN	0.0416	0.3061
125.0667	0.3015	0.0524	NaN	0.0416	0.3062
125.0682	0.3005	0.0524	NaN	0.0416	0.3063
125.0678	0.3000	0.0524	NaN	0.0416	0.3063
125.0708	0.2999	0.0524	NaN	0.0416	0.3064
125.0708	0.3008	0.0524	NaN	0.0416	0.3064
125.0729	0.3017	0.0524	NaN	0.0416	0.3064
125.0726	0.3009	0.0524	NaN	0.0416	0.3063
125.0748	0.3039	0.0525	NaN	0.0416	0.3062
125.0765	0.3089	0.0527	NaN	0.0416	0.3061
125.0786	0.3103	0.0528	NaN	0.0416	0.3061
125.0780	0.3121	0.0528	NaN	0.0416	0.3062
125.0802	0.3129	0.0528	NaN	0.0416	0.3062
125.0825	0.3137	0.0529	NaN	0.0416	0.3062
125.0846	0.3151	0.0529	NaN	0.0416	0.3062
125.0843	0.3146	0.0529	NaN	0.0416	0.3062
125.0862	0.3106	0.0528	NaN	0.0416	0.3062
125.0883	0.2977	0.0524	NaN	0.0416	0.3063
125.0917	0.2882	0.0520	NaN	0.0416	0.3062
125.0913	0.2773	0.0516	NaN	0.0417	0.3063
125.0925	0.2676	0.0513	NaN	0.0416	0.3064
125.0942	0.2592	0.0510	NaN	0.0416	0.3065
125.0948	0.2586	0.0510	NaN	0.0417	0.3064
125.0955	0.2537	0.0508	NaN	0.0416	0.3065
125.0968	0.2491	0.0506	NaN	0.0417	0.3069
125.0987	0.2446	0.0505	NaN	0.0417	0.3069
125.1000	0.2429	0.0504	NaN	0.0417	0.3068
125.1016	0.2374	0.0503	NaN	0.0417	0.3065
125.1033	0.2346	0.0502	NaN	0.0417	0.3066
125.1069	0.2272	0.0500	NaN	0.0417	0.3063
125.1049	0.2215	0.0498	NaN	0.0417	0.3063
125.1090	0.2158	0.0496	NaN	0.0417	0.3064
125.1101	0.2095	0.0494	NaN	0.0417	0.3064
125.1110	0.2035	0.0492	NaN	0.0417	0.3064
125.1128	0.2010	0.0491	NaN	0.0417	0.3065
125.1117	0.2020	0.0492	NaN	0.0417	0.3067
125.1141	0.2016	0.0491	NaN	0.0417	0.3065
125.1169	0.2014	0.0491	NaN	0.0417	0.3064
125.1156	0.2042	0.0493	NaN	0.0417	0.3064
125.1171	0.2018	0.0492	NaN	0.0417	0.3065
125.1187	0.1988	0.0491	NaN	0.0417	0.3065
125.1229	0.1982	0.0491	NaN	0.0417	0.3064
125.1222	0.1982	0.0491	NaN	0.0417	0.3065
125.1245	0.1983	0.0491	NaN	0.0417	0.3073
125.1263	0.1980	0.0491	NaN	0.0417	0.3074
125.1282	0.1973	0.0491	NaN	0.0417	0.3072
125.1280	0.1973	0.0491	NaN	0.0417	0.3068
125.1290	0.1964	0.0490	NaN	0.0417	0.3063
125.1313	0.1963	0.0490	NaN	0.0418	0.3066
125.1326	0.1961	0.0490	NaN	0.0417	0.3065
125.1329	0.1956	0.0490	NaN	0.0418	0.3065
125.1349	0.1952	0.0490	NaN	0.0417	0.3065
125.1360	0.1941	0.0490	NaN	0.0418	0.3065
125.1391	0.1932	0.0490	NaN	0.0418	0.3065
125.1382	0.1935	0.0490	NaN	0.0418	0.3066
125.1399	0.1931	0.0490	NaN	0.0418	0.3065
125.1408	0.1925	0.0490	NaN	0.0418	0.3067
125.1433	0.1904	0.0489	NaN	0.0418	0.3069
125.1444	0.1884	0.0488	NaN	0.0418	0.3072
125.1452	0.1879	0.0488	NaN	0.0418	0.3077
125.1476	0.1867	0.0488	NaN	0.0418	0.3075
125.1506	0.1851	0.0488	NaN	0.0419	0.3071
125.1499	0.1846	0.0488	NaN	0.0419	0.3073
125.1520	0.1841	0.0487	NaN	0.0419	0.3072
125.1566	0.1833	0.0487	NaN	0.0419	0.3075
125.1548	0.1825	0.0487	NaN	0.0419	0.3078
125.1573	0.1816	0.0487	NaN	0.0419	0.3080
125.1587	0.1814	0.0487	NaN	0.0419	0.3083
125.1596	0.1807	0.0487	NaN	0.0419	0.3084
125.1584	0.1807	0.0487	NaN	0.0420	0.3085
125.1602	0.1805	0.0487	NaN	0.0420	0.3086
125.1618	0.1803	0.0487	NaN	0.0420	0.3086
125.1643	0.1799	0.0487	NaN	0.0420	0.3086
125.1660	0.1801	0.0487	NaN	0.0420	0.3086
125.1662	0.1796	0.0487	NaN	0.0420	0.3086
125.1691	0.1792	0.0487	NaN	0.0420	0.3086
125.1706	0.1789	0.0487	NaN	0.0420	0.3087
125.1699	0.1785	0.0487	NaN	0.0420	0.3086
125.1738	0.1779	0.0487	NaN	0.0420	0.3085
125.1751	0.1777	0.0487	NaN	0.0420	0.3085
125.1772	0.1779	0.0487	NaN	0.0420	0.3086
125.1775	0.1780	0.0487	NaN	0.0420	0.3086
125.1788	0.1770	0.0487	NaN	0.0421	0.3085
125.1805	0.1767	0.0487	NaN	0.0421	0.3086
125.1841	0.1758	0.0486	NaN	0.0421	0.3087
125.1826	0.1756	0.0487	NaN	0.0421	0.3086
125.1843	0.1751	0.0486	NaN	0.0421	0.3086
125.1860	0.1745	0.0486	NaN	0.0421	0.3085
125.1861	0.1743	0.0486	NaN	0.0421	0.3083
125.1871	0.1743	0.0486	NaN	0.0422	0.3083
125.1892	0.1738	0.0486	NaN	0.0422	0.3082
125.1908	0.1737	0.0486	NaN	0.0422	0.3082
125.1934	0.1735	0.0486	NaN	0.0422	0.3078
125.1936	0.1734	0.0486	NaN	0.0422	0.3075
125.1976	0.1732	0.0487	NaN	0.0422	0.3075
125.1978	0.1724	0.0486	NaN	0.0422	0.3078
125.2003	0.1719	0.0486	NaN	0.0422	0.3077
125.1982	0.1716	0.0486	NaN	0.0423	0.3080
125.2023	0.1716	0.0487	NaN	0.0423	0.3085
125.2027	0.1711	0.0487	NaN	0.0423	0.3087
125.2044	0.1705	0.0487	NaN	0.0423	0.3087
125.2040	0.1704	0.0486	NaN	0.0423	0.3087
125.2063	0.1702	0.0487	NaN	0.0423	0.3088
125.2083	0.1699	0.0487	NaN	0.0424	0.3088
125.2067	0.1695	0.0487	NaN	0.0424	0.3088
125.2088	0.1692	0.0487	NaN	0.0424	0.3087
125.2113	0.1692	0.0487	NaN	0.0424	0.3088
125.2139	0.1687	0.0487	NaN	0.0424	0.3087
125.2133	0.1684	0.0487	NaN	0.0424	0.3086
125.2144	0.1682	0.0487	NaN	0.0424	0.3084
125.2163	0.1684	0.0487	NaN	0.0424	0.3082
125.2179	0.1686	0.0487	NaN	0.0424	0.3078
125.2177	0.1686	0.0487	NaN	0.0424	0.3079
125.2202	0.1685	0.0487	NaN	0.0424	0.3082
125.2218	0.1682	0.0487	NaN	0.0424	0.3081
125.2244	0.1675	0.0487	NaN	0.0425	0.3078
125.2230	0.1676	0.0487	NaN	0.0425	0.3077
125.2259	0.1673	0.0487	NaN	0.0425	0.3078
125.2277	0.1672	0.0488	NaN	0.0425	0.3076
125.2296	0.1670	0.0488	NaN	0.0425	0.3075
125.2291	0.1669	0.0488	NaN	0.0425	0.3076
125.2314	0.1667	0.0488	NaN	0.0426	0.3075
125.2329	0.1661	0.0488	NaN	0.0426	0.3074
125.2366	0.1660	0.0488	NaN	0.0426	0.3072
125.2372	0.1660	0.0488	NaN	0.0427	0.3071
125.2377	0.1662	0.0488	NaN	0.0426	0.3072
125.2388	0.1661	0.0488	NaN	0.0427	0.3072
125.2409	0.1660	0.0489	NaN	0.0427	0.3071
125.2411	0.1658	0.0489	NaN	0.0427	0.3072
125.2444	0.1656	0.0489	NaN	0.0427	0.3073
125.2462	0.1657	0.0489	NaN	0.0427	0.3075
125.2482	0.1652	0.0489	NaN	0.0428	0.3075
125.2492	0.1655	0.0489	NaN	0.0428	0.3078
125.2494	0.1649	0.0490	NaN	0.0428	0.3079
125.2524	0.1644	0.0490	NaN	0.0429	0.3080
125.2546	0.1644	0.0490	NaN	0.0429	0.3085
125.2546	0.1644	0.0490	NaN	0.0429	0.3086
125.2543	0.1645	0.0490	NaN	0.0429	0.3086
125.2558	0.1642	0.0490	NaN	0.0429	0.3087
125.2595	0.1640	0.0490	NaN	0.0429	0.3087
125.2584	0.1646	0.0490	NaN	0.0429	0.3087
125.2623	0.1645	0.0490	NaN	0.0429	0.3088
125.2645	0.1638	0.0491	NaN	0.0429	0.3089
125.2644	0.1637	0.0491	NaN	0.0430	0.3089
125.2663	0.1642	0.0491	NaN	0.0430	0.3089
125.2683	0.1640	0.0491	NaN	0.0430	0.3089
125.2705	0.1634	0.0492	NaN	0.0430	0.3088
125.2700	0.1632	0.0492	NaN	0.0431	0.3087
125.2712	0.1630	0.0492	NaN	0.0431	0.3088
125.2726	0.1629	0.0492	NaN	0.0431	0.3088
125.2761	0.1628	0.0492	NaN	0.0432	0.3090
125.2750	0.1630	0.0492	NaN	0.0431	0.3090
125.2768	0.1630	0.0492	NaN	0.0432	0.3091
125.2797	0.1631	0.0492	NaN	0.0431	0.3092
125.2822	0.1630	0.0493	NaN	0.0432	0.3092
125.2816	0.1627	0.0493	NaN	0.0432	0.3091
125.2837	0.1621	0.0493	NaN	0.0432	0.3092
125.2865	0.1623	0.0493	NaN	0.0432	0.3092
125.2877	0.1624	0.0493	NaN	0.0432	0.3093
125.2869	0.1621	0.0493	NaN	0.0433	0.3093
125.2882	0.1619	0.0493	NaN	0.0433	0.3093
125.2902	0.1625	0.0493	NaN	0.0433	0.3093
125.2920	0.1626	0.0493	NaN	0.0432	0.3093
125.2925	0.1628	0.0493	NaN	0.0432	0.3093
125.2932	0.1623	0.0493	NaN	0.0433	0.3091
125.2968	0.1619	0.0494	NaN	0.0433	0.3091
125.3009	0.1613	0.0494	NaN	0.0434	0.3092
125.2988	0.1611	0.0494	NaN	0.0434	0.3092
125.3006	0.1610	0.0494	NaN	0.0434	0.3092
125.3046	0.1609	0.0495	NaN	0.0435	0.3092
125.3053	0.1610	0.0495	NaN	0.0435	0.3093
125.3051	0.1610	0.0495	NaN	0.0436	0.3093
125.3070	0.1607	0.0496	NaN	0.0436	0.3093
125.3093	0.1604	0.0496	NaN	0.0436	0.3093
125.3107	0.1603	0.0496	NaN	0.0436	0.3093
125.3096	0.1604	0.0496	NaN	0.0437	0.3093
125.3125	0.1605	0.0496	NaN	0.0437	0.3094
125.3109	0.1601	0.0497	NaN	0.0437	0.3094
125.3152	0.1599	0.0497	NaN	0.0438	0.3094
125.3159	0.1598	0.0497	NaN	0.0438	0.3094
125.3171	0.1597	0.0497	NaN	0.0438	0.3094
125.3179	0.1597	0.0497	NaN	0.0438	0.3094
125.3181	0.1596	0.0497	NaN	0.0438	0.3094
125.3207	0.1597	0.0498	NaN	0.0439	0.3093
125.3251	0.1595	0.0498	NaN	0.0439	0.3092
125.3258	0.1594	0.0498	NaN	0.0439	0.3093
125.3259	0.1596	0.0498	NaN	0.0439	0.3094
125.3270	0.1592	0.0499	NaN	0.0440	0.3093
125.3296	0.1591	0.0499	NaN	0.0441	0.3094
125.3308	0.1590	0.0499	NaN	0.0441	0.3094
125.3314	0.1589	0.0499	NaN	0.0441	0.3094
125.3344	0.1587	0.0499	NaN	0.0441	0.3095
125.3355	0.1588	0.0499	NaN	0.0441	0.3095
125.3359	0.1589	0.0499	NaN	0.0441	0.3094
125.3375	0.1590	0.0499	NaN	0.0441	0.3094
125.3389	0.1588	0.0499	NaN	0.0441	0.3095
125.3387	0.1588	0.0500	NaN	0.0441	0.3095
125.3403	0.1586	0.0500	NaN	0.0442	0.3095
125.3413	0.1584	0.0500	NaN	0.0442	0.3095
125.3435	0.1581	0.0501	NaN	0.0443	0.3095
125.3466	0.1580	0.0501	NaN	0.0443	0.3095
125.3483	0.1581	0.0501	NaN	0.0443	0.3095
125.3486	0.1582	0.0501	NaN	0.0443	0.3094
125.3499	0.1585	0.0501	NaN	0.0443	0.3096
125.3516	0.1586	0.0501	NaN	0.0443	0.3095
125.3546	0.1584	0.0502	NaN	0.0444	0.3096
125.3539	0.1582	0.0502	NaN	0.0444	0.3096
125.3560	0.1581	0.0502	NaN	0.0445	0.3096
125.3585	0.1580	0.0503	NaN	0.0445	0.3095
125.3615	0.1579	0.0503	NaN	0.0445	0.3096
125.3611	0.1575	0.0503	NaN	0.0446	0.3096
125.3636	0.1576	0.0503	NaN	0.0446	0.3096
125.3655	0.1576	0.0503	NaN	0.0446	0.3097
125.3662	0.1576	0.0503	NaN	0.0446	0.3096
125.3677	0.1576	0.0503	NaN	0.0446	0.3097
125.3677	0.1577	0.0503	NaN	0.0446	0.3096
125.3697	0.1579	0.0503	NaN	0.0446	0.3096
125.3719	0.1574	0.0504	NaN	0.0447	0.3097
125.3718	0.1572	0.0504	NaN	0.0447	0.3095
125.3733	0.1568	0.0504	NaN	0.0447	0.3095
125.3759	0.1567	0.0504	NaN	0.0448	0.3094
125.3751	0.1569	0.0504	NaN	0.0447	0.3092
125.3770	0.1569	0.0505	NaN	0.0448	0.3093
125.3774	0.1570	0.0505	NaN	0.0448	0.3094
125.3810	0.1569	0.0505	NaN	0.0448	0.3095
125.3795	0.1569	0.0505	NaN	0.0448	0.3094
125.3812	0.1568	0.0505	NaN	0.0448	0.3095
125.3852	0.1569	0.0506	NaN	0.0449	0.3096
125.3863	0.1570	0.0506	NaN	0.0449	0.3096
125.3861	0.1572	0.0506	NaN	0.0449	0.3096
125.3892	0.1570	0.0506	NaN	0.0449	0.3096
125.3902	0.1570	0.0507	NaN	0.0450	0.3096
125.3928	0.1572	0.0507	NaN	0.0450	0.3098
125.3918	0.1572	0.0507	NaN	0.0451	0.3097
125.3938	0.1568	0.0508	NaN	0.0451	0.3098
125.3938	0.1568	0.0508	NaN	0.0451	0.3098
125.3971	0.1568	0.0508	NaN	0.0452	0.3098
125.3973	0.1566	0.0508	NaN	0.0452	0.3098
125.3995	0.1565	0.0508	NaN	0.0452	0.3098
125.4004	0.1562	0.0509	NaN	0.0452	0.3097
125.4032	0.1561	0.0510	NaN	0.0453	0.3097
125.4035	0.1560	0.0510	NaN	0.0453	0.3095
125.4039	0.1561	0.0510	NaN	0.0454	0.3093
125.4056	0.1557	0.0510	NaN	0.0454	0.3092
125.4093	0.1554	0.0511	NaN	0.0455	0.3090
125.4074	0.1553	0.0511	NaN	0.0454	0.3088
125.4106	0.1552	0.0511	NaN	0.0455	0.3086
125.4117	0.1553	0.0511	NaN	0.0455	0.3086
125.4134	0.1554	0.0511	NaN	0.0455	0.3086
125.4121	0.1556	0.0511	NaN	0.0455	0.3090
125.4150	0.1555	0.0511	NaN	0.0455	0.3091
125.4166	0.1553	0.0511	NaN	0.0455	0.3090
125.4196	0.1555	0.0512	NaN	0.0456	0.3088
125.4190	0.1561	0.0512	NaN	0.0456	0.3089
125.4216	0.1555	0.0512	NaN	0.0456	0.3090
125.4231	0.1556	0.0512	NaN	0.0456	0.3091
125.4259	0.1553	0.0513	NaN	0.0457	0.3091
125.4266	0.1551	0.0513	NaN	0.0457	0.3094
125.4271	0.1550	0.0513	NaN	0.0457	0.3095
125.4295	0.1551	0.0514	NaN	0.0457	0.3094
125.4304	0.1549	0.0514	NaN	0.0458	0.3095
125.4321	0.1549	0.0514	NaN	0.0458	0.3096
125.4339	0.1547	0.0514	NaN	0.0458	0.3095
125.4357	0.1546	0.0515	NaN	0.0459	0.3093
125.4361	0.1545	0.0515	NaN	0.0459	0.3091
125.4379	0.1545	0.0516	NaN	0.0460	0.3090
125.4404	0.1544	0.0516	NaN	0.0461	0.3089
125.4410	0.1546	0.0516	NaN	0.0461	0.3091
125.4419	0.1545	0.0516	NaN	0.0460	0.3089
125.4424	0.1541	0.0516	NaN	0.0461	0.3089
125.4451	0.1541	0.0517	NaN	0.0461	0.3089
125.4466	0.1541	0.0517	NaN	0.0461	0.3088
125.4466	0.1543	0.0517	NaN	0.0461	0.3088
125.4485	0.1543	0.0517	NaN	0.0462	0.3086
125.4516	0.1543	0.0517	NaN	0.0462	0.3087
125.4523	0.1546	0.0517	NaN	0.0462	0.3087
125.4529	0.1545	0.0518	NaN	0.0462	0.3086
125.4547	0.1545	0.0518	NaN	0.0463	0.3084
125.4555	0.1545	0.0519	NaN	0.0463	0.3083
125.4587	0.1543	0.0519	NaN	0.0463	0.3083
125.4584	0.1546	0.0519	NaN	0.0463	0.3083
125.4594	0.1546	0.0519	NaN	0.0463	0.3084
125.4636	0.1544	0.0519	NaN	0.0464	0.3085
125.4635	0.1545	0.0520	NaN	0.0464	0.3085
125.4640	0.1544	0.0520	NaN	0.0465	0.3085
125.4658	0.1540	0.0521	NaN	0.0465	0.3089
125.4669	0.1540	0.0521	NaN	0.0466	0.3090
125.4700	0.1542	0.0521	NaN	0.0466	0.3089
125.4699	0.1542	0.0521	NaN	0.0466	0.3092
125.4704	0.1540	0.0521	NaN	0.0466	0.3093
125.4723	0.1537	0.0522	NaN	0.0466	0.3092
125.4741	0.1539	0.0522	NaN	0.0467	0.3095
125.4743	0.1539	0.0523	NaN	0.0467	0.3097
125.4750	0.1536	0.0523	NaN	0.0468	0.3098
125.4775	0.1539	0.0524	NaN	0.0468	0.3100
125.4806	0.1532	0.0525	NaN	0.0469	0.3100
125.4813	0.1531	0.0525	NaN	0.0469	0.3101
125.4818	0.1532	0.0525	NaN	0.0470	0.3102
125.4842	0.1531	0.0525	NaN	0.0470	0.3102
125.4860	0.1538	0.0525	NaN	0.0470	0.3101
125.4855	0.1540	0.0525	NaN	0.0469	0.3103
125.4878	0.1539	0.0526	NaN	0.0470	0.3104
125.4901	0.1537	0.0526	NaN	0.0471	0.3104
125.4906	0.1535	0.0526	NaN	0.0471	0.3104
125.4940	0.1534	0.0527	NaN	0.0471	0.3104
125.4939	0.1535	0.0527	NaN	0.0471	0.3103
125.4958	0.1532	0.0527	NaN	0.0472	0.3101
125.4954	0.1533	0.0527	NaN	0.0471	0.3103
125.4964	0.1532	0.0527	NaN	0.0471	0.3103
125.4982	0.1528	0.0527	NaN	0.0472	0.3103
125.4989	0.1531	0.0528	NaN	0.0472	0.3102
125.4984	0.1533	0.0528	NaN	0.0473	0.3104
125.5000	0.1530	0.0528	NaN	0.0473	0.3104
125.5018	0.1530	0.0529	NaN	0.0473	0.3105
125.5050	0.1531	0.0529	NaN	0.0474	0.3105
125.5031	0.1530	0.0529	NaN	0.0474	0.3104
125.5074	0.1532	0.0529	NaN	0.0474	0.3105
125.5092	0.1533	0.0530	NaN	0.0474	0.3104
125.5107	0.1534	0.0530	NaN	0.0475	0.3105
125.5112	0.1533	0.0530	NaN	0.0475	0.3105
125.5127	0.1525	0.0531	NaN	0.0476	0.3104
125.5156	0.1522	0.0531	NaN	0.0476	0.3104
125.5181	0.1521	0.0532	NaN	0.0477	0.3103
125.5166	0.1521	0.0531	NaN	0.0477	0.3104
125.5182	0.1523	0.0532	NaN	0.0477	0.3105
125.5199	0.1517	0.0532	NaN	0.0477	0.3105
125.5239	0.1516	0.0532	NaN	0.0478	0.3105
125.5251	0.1514	0.0533	NaN	0.0478	0.3105
125.5250	0.1514	0.0534	NaN	0.0479	0.3105
125.5261	0.1515	0.0534	NaN	0.0479	0.3105
125.5274	0.1517	0.0534	NaN	0.0479	0.3106
125.5263	0.1518	0.0534	NaN	0.0479	0.3106
125.5269	0.1518	0.0534	NaN	0.0479	0.3106
125.5301	0.1516	0.0534	NaN	0.0479	0.3106
125.5336	0.1515	0.0534	NaN	0.0480	0.3104
125.5313	0.1513	0.0535	NaN	0.0480	0.3104
125.5343	0.1511	0.0535	NaN	0.0481	0.3104
125.5355	0.1510	0.0535	NaN	0.0481	0.3105
125.5374	0.1510	0.0536	NaN	0.0481	0.3106
125.5375	0.1509	0.0536	NaN	0.0482	0.3106
125.5379	0.1511	0.0536	NaN	0.0482	0.3106
125.5393	0.1513	0.0536	NaN	0.0482	0.3106
125.5424	0.1513	0.0536	NaN	0.0482	0.3106
125.5439	0.1513	0.0536	NaN	0.0482	0.3105
125.5460	0.1515	0.0537	NaN	0.0482	0.3106
125.5488	0.1517	0.0537	NaN	0.0482	0.3107
125.5480	0.1516	0.0538	NaN	0.0483	0.3107
125.5505	0.1513	0.0538	NaN	0.0483	0.3107
125.5523	0.1513	0.0538	NaN	0.0484	0.3107
125.5544	0.1510	0.0539	NaN	0.0484	0.3106
125.5544	0.1509	0.0539	NaN	0.0485	0.3106
125.5552	0.1508	0.0539	NaN	0.0485	0.3106
125.5576	0.1510	0.0540	NaN	0.0485	0.3106
125.5597	0.1509	0.0540	NaN	0.0486	0.3106
125.5599	0.1505	0.0540	NaN	0.0486	0.3106
125.5626	0.1507	0.0540	NaN	0.0486	0.3104
125.5628	0.1510	0.0541	NaN	0.0486	0.3103
125.5649	0.1505	0.0541	NaN	0.0487	0.3102
125.5644	0.1500	0.0541	NaN	0.0487	0.3102
125.5670	0.1499	0.0542	NaN	0.0487	0.3102
125.5687	0.1500	0.0542	NaN	0.0487	0.3100
125.5708	0.1501	0.0542	NaN	0.0488	0.3099
125.5708	0.1502	0.0542	NaN	0.0488	0.3098
125.5721	0.1503	0.0543	NaN	0.0489	0.3098
125.5750	0.1502	0.0543	NaN	0.0489	0.3097
125.5758	0.1505	0.0544	NaN	0.0489	0.3095
125.5757	0.1506	0.0544	NaN	0.0490	0.3094
125.5789	0.1505	0.0544	NaN	0.0490	0.3094
125.5806	0.1503	0.0544	NaN	0.0490	0.3094
125.5826	0.1502	0.0544	NaN	0.0490	0.3094
125.5814	0.1503	0.0544	NaN	0.0490	0.3093
125.5842	0.1502	0.0545	NaN	0.0491	0.3093
125.5885	0.1499	0.0546	NaN	0.0491	0.3092
125.5890	0.1496	0.0546	NaN	0.0492	0.3092
125.5895	0.1495	0.0546	NaN	0.0492	0.3093
125.5910	0.1497	0.0546	NaN	0.0492	0.3093
125.5927	0.1497	0.0545	NaN	0.0491	0.3093
125.5935	0.1497	0.0546	NaN	0.0491	0.3093
125.5928	0.1496	0.0545	NaN	0.0491	0.3092
125.5961	0.1495	0.0546	NaN	0.0492	0.3091
125.5972	0.1493	0.0546	NaN	0.0492	0.3091
125.5966	0.1494	0.0546	NaN	0.0492	0.3091
125.5998	0.1493	0.0547	NaN	0.0493	0.3091
125.6019	0.1490	0.0547	NaN	0.0494	0.3093
125.6046	0.1487	0.0548	NaN	0.0495	0.3095
125.6018	0.1485	0.0549	NaN	0.0495	0.3097
125.6049	0.1485	0.0549	NaN	0.0495	0.3100
125.6072	0.1483	0.0549	NaN	0.0496	0.3101
125.6091	0.1484	0.0550	NaN	0.0496	0.3103
125.6084	0.1485	0.0550	NaN	0.0496	0.3101
125.6107	0.1484	0.0550	NaN	0.0496	0.3100
125.6114	0.1484	0.0550	NaN	0.0496	0.3100
125.6146	0.1483	0.0550	NaN	0.0496	0.3099
125.6157	0.1484	0.0550	NaN	0.0497	0.3100
125.6178	0.1485	0.0551	NaN	0.0497	0.3101
125.6186	0.1485	0.0551	NaN	0.0497	0.3101
125.6201	0.1485	0.0552	NaN	0.0498	0.3103
125.6193	0.1485	0.0552	NaN	0.0498	0.3103
125.6225	0.1487	0.0553	NaN	0.0498	0.3104
125.6241	0.1484	0.0553	NaN	0.0499	0.3105
125.6264	0.1481	0.0554	NaN	0.0500	0.3104
125.6262	0.1481	0.0554	NaN	0.0500	0.3103
125.6281	0.1479	0.0554	NaN	0.0500	0.3099
125.6293	0.1479	0.0554	NaN	0.0500	0.3098
125.6305	0.1480	0.0554	NaN	0.0500	0.3096
125.6307	0.1478	0.0554	NaN	0.0500	0.3098
125.6316	0.1476	0.0555	NaN	0.0500	0.3101
125.6345	0.1480	0.0555	NaN	0.0501	0.3101
125.6369	0.1478	0.0556	NaN	0.0501	0.3101
125.6370	0.1476	0.0556	NaN	0.0501	0.3102
125.6384	0.1475	0.0555	NaN	0.0501	0.3103
125.6389	0.1477	0.0556	NaN	0.0501	0.3104
125.6421	0.1472	0.0557	NaN	0.0502	0.3105
125.6408	0.1471	0.0558	NaN	0.0503	0.3104
125.6419	0.1472	0.0558	NaN	0.0503	0.3105
125.6450	0.1471	0.0559	NaN	0.0504	0.3107
125.6453	0.1471	0.0559	NaN	0.0504	0.3106
125.6468	0.1469	0.0558	NaN	0.0504	0.3104
125.6473	0.1470	0.0558	NaN	0.0503	0.3097
125.6511	0.1470	0.0558	NaN	0.0503	0.3094
125.6542	0.1469	0.0559	NaN	0.0504	0.3095
125.6546	0.1468	0.0559	NaN	0.0504	0.3094
125.6557	0.1469	0.0559	NaN	0.0504	0.3098
125.6545	0.1468	0.0559	NaN	0.0504	0.3104
125.6574	0.1468	0.0560	NaN	0.0505	0.3106
125.6577	0.1468	0.0560	NaN	0.0505	0.3104
125.6589	0.1469	0.0560	NaN	0.0505	0.3101
125.6606	0.1468	0.0561	NaN	0.0506	0.3100
125.6616	0.1472	0.0561	NaN	0.0506	0.3101
125.6630	0.1472	0.0561	NaN	0.0506	0.3104
125.6659	0.1469	0.0561	NaN	0.0506	0.3102
125.6664	0.1468	0.0562	NaN	0.0507	0.3105
125.6662	0.1467	0.0562	NaN	0.0507	0.3107
125.6691	0.1465	0.0562	NaN	0.0508	0.3104
125.6695	0.1463	0.0563	NaN	0.0508	0.3105
125.6705	0.1462	0.0563	NaN	0.0508	0.3107
125.6704	0.1461	0.0563	NaN	0.0508	0.3105
125.6730	0.1467	0.0563	NaN	0.0508	0.3104
125.6756	0.1468	0.0564	NaN	0.0509	0.3101
125.6762	0.1466	0.0564	NaN	0.0509	0.3103
125.6774	0.1467	0.0564	NaN	0.0509	0.3102
125.6787	0.1463	0.0564	NaN	0.0509	0.3102
125.6818	0.1461	0.0565	NaN	0.0510	0.3102
125.6847	0.1455	0.0566	NaN	0.0511	0.3101
125.6837	0.1453	0.0566	NaN	0.0511	0.3102
125.6852	0.1453	0.0566	NaN	0.0511	0.3099
125.6860	0.1455	0.0566	NaN	0.0511	0.3098
125.6890	0.1455	0.0566	NaN	0.0511	0.3097
125.6879	0.1456	0.0566	NaN	0.0511	0.3097
125.6904	0.1455	0.0566	NaN	0.0512	0.3097
125.6908	0.1455	0.0566	NaN	0.0512	0.3098
125.6929	0.1455	0.0567	NaN	0.0512	0.3099
125.6939	0.1454	0.0567	NaN	0.0512	0.3099
125.6962	0.1450	0.0567	NaN	0.0513	0.3098
125.7001	0.1451	0.0568	NaN	0.0514	0.3099
125.6991	0.1451	0.0568	NaN	0.0514	0.3098
125.6999	0.1452	0.0569	NaN	0.0514	0.3099
125.7016	0.1452	0.0569	NaN	0.0514	0.3098
125.7040	0.1451	0.0569	NaN	0.0515	0.3099
125.7066	0.1450	0.0570	NaN	0.0516	0.3102
125.7053	0.1451	0.0570	NaN	0.0516	0.3107
125.7066	0.1448	0.0571	NaN	0.0516	0.3109
125.7098	0.1446	0.0571	NaN	0.0517	0.3110
125.7100	0.1444	0.0571	NaN	0.0517	0.3111
125.7121	0.1445	0.0572	NaN	0.0517	0.3112
125.7130	0.1442	0.0571	NaN	0.0517	0.3112
125.7152	0.1446	0.0572	NaN	0.0518	0.3114
125.7158	0.1448	0.0572	NaN	0.0517	0.3115
125.7191	0.1446	0.0572	NaN	0.0518	0.3116
125.7204	0.1446	0.0573	NaN	0.0519	0.3116
125.7214	0.1442	0.0574	NaN	0.0519	0.3115
125.7220	0.1440	0.0574	NaN	0.0520	0.3113
125.7231	0.1442	0.0574	NaN	0.0520	0.3112
125.7248	0.1443	0.0575	NaN	0.0520	0.3110
125.7287	0.1442	0.0574	NaN	0.0520	0.3111
