# 21092021_15_42_35_group11_Mes12_Temp56_2Peak.dat
# Measuring of the Zeemann splitting 
# modus: scanning laser current/frequency via I/P MOD
# 
x(A/Hz/V/nm) yai0(V) yai1(V) yai2(V) yai3(V) yai4(V)
123.4385	0.1654	0.0563	NaN	0.0502	0.2992
123.4402	0.1632	0.0575	NaN	0.0514	0.3001
123.4388	0.1617	0.0582	NaN	0.0522	0.3007
123.4382	0.1605	0.0588	NaN	0.0528	0.3007
123.4403	0.1592	0.0592	NaN	0.0532	0.3003
123.4428	0.1586	0.0594	NaN	0.0535	0.2999
123.4439	0.1586	0.0596	NaN	0.0537	0.2994
123.4433	0.1580	0.0598	NaN	0.0539	0.2990
123.4466	0.1575	0.0600	NaN	0.0541	0.2989
123.4472	0.1572	0.0601	NaN	0.0542	0.2989
123.4478	0.1573	0.0602	NaN	0.0543	0.2989
123.4469	0.1577	0.0604	NaN	0.0544	0.2991
123.4476	0.1579	0.0605	NaN	0.0545	0.2992
123.4515	0.1575	0.0605	NaN	0.0546	0.2993
123.4527	0.1573	0.0606	NaN	0.0547	0.2994
123.4535	0.1571	0.0606	NaN	0.0547	0.2997
123.4543	0.1572	0.0606	NaN	0.0547	0.2997
123.4546	0.1571	0.0607	NaN	0.0548	0.2998
123.4551	0.1570	0.0607	NaN	0.0548	0.3000
123.4585	0.1564	0.0607	NaN	0.0548	0.2999
123.4581	0.1568	0.0608	NaN	0.0548	0.2999
123.4610	0.1572	0.0608	NaN	0.0549	0.3000
123.4613	0.1572	0.0608	NaN	0.0549	0.3000
123.4617	0.1573	0.0609	NaN	0.0549	0.3002
123.4634	0.1569	0.0609	NaN	0.0549	0.3002
123.4637	0.1565	0.0609	NaN	0.0550	0.3003
123.4671	0.1566	0.0609	NaN	0.0550	0.3002
123.4663	0.1568	0.0609	NaN	0.0550	0.3001
123.4680	0.1562	0.0609	NaN	0.0550	0.3001
123.4681	0.1556	0.0609	NaN	0.0550	0.3001
123.4696	0.1564	0.0609	NaN	0.0550	0.2999
123.4719	0.1565	0.0609	NaN	0.0550	0.2997
123.4744	0.1563	0.0609	NaN	0.0550	0.2998
123.4742	0.1563	0.0609	NaN	0.0550	0.2999
123.4731	0.1562	0.0608	NaN	0.0549	0.2999
123.4756	0.1562	0.0608	NaN	0.0549	0.2999
123.4760	0.1561	0.0608	NaN	0.0549	0.2999
123.4790	0.1564	0.0608	NaN	0.0549	0.3000
123.4791	0.1568	0.0608	NaN	0.0549	0.2999
123.4806	0.1567	0.0608	NaN	0.0549	0.2999
123.4826	0.1565	0.0608	NaN	0.0549	0.3000
123.4822	0.1567	0.0608	NaN	0.0549	0.3000
123.4845	0.1568	0.0608	NaN	0.0549	0.3000
123.4870	0.1568	0.0608	NaN	0.0549	0.2999
123.4854	0.1567	0.0608	NaN	0.0549	0.2999
123.4903	0.1566	0.0608	NaN	0.0549	0.2999
123.4911	0.1567	0.0608	NaN	0.0549	0.2999
123.4911	0.1567	0.0608	NaN	0.0549	0.2998
123.4934	0.1567	0.0608	NaN	0.0549	0.2998
123.4943	0.1567	0.0608	NaN	0.0549	0.2998
123.4935	0.1568	0.0608	NaN	0.0548	0.2998
123.4945	0.1570	0.0608	NaN	0.0548	0.2999
123.4991	0.1570	0.0608	NaN	0.0549	0.2998
123.4993	0.1568	0.0608	NaN	0.0549	0.2999
123.4992	0.1568	0.0608	NaN	0.0549	0.3000
123.5006	0.1567	0.0608	NaN	0.0549	0.3000
123.5027	0.1566	0.0608	NaN	0.0549	0.3001
123.5015	0.1566	0.0608	NaN	0.0549	0.3002
123.5038	0.1565	0.0608	NaN	0.0549	0.3001
123.5037	0.1565	0.0608	NaN	0.0549	0.2997
123.5054	0.1567	0.0608	NaN	0.0548	0.2999
123.5080	0.1569	0.0608	NaN	0.0548	0.2999
123.5086	0.1571	0.0607	NaN	0.0548	0.2997
123.5087	0.1571	0.0607	NaN	0.0547	0.2994
123.5119	0.1571	0.0607	NaN	0.0547	0.2995
123.5123	0.1571	0.0606	NaN	0.0547	0.2994
123.5139	0.1569	0.0607	NaN	0.0547	0.2994
123.5132	0.1567	0.0607	NaN	0.0548	0.2995
123.5154	0.1570	0.0607	NaN	0.0548	0.2995
123.5170	0.1572	0.0607	NaN	0.0548	0.2995
123.5177	0.1570	0.0606	NaN	0.0547	0.2995
123.5208	0.1569	0.0606	NaN	0.0547	0.2995
123.5207	0.1567	0.0606	NaN	0.0547	0.2995
123.5214	0.1567	0.0606	NaN	0.0547	0.2994
123.5241	0.1565	0.0605	NaN	0.0546	0.2993
123.5239	0.1565	0.0605	NaN	0.0546	0.2993
123.5242	0.1565	0.0605	NaN	0.0546	0.2993
123.5255	0.1566	0.0605	NaN	0.0546	0.2998
123.5249	0.1567	0.0606	NaN	0.0546	0.2998
123.5276	0.1567	0.0606	NaN	0.0546	0.2995
123.5280	0.1565	0.0605	NaN	0.0546	0.2994
123.5313	0.1565	0.0605	NaN	0.0546	0.2994
123.5319	0.1566	0.0605	NaN	0.0546	0.2994
123.5314	0.1566	0.0605	NaN	0.0546	0.2994
123.5330	0.1567	0.0605	NaN	0.0546	0.2994
123.5349	0.1568	0.0605	NaN	0.0546	0.2994
123.5354	0.1570	0.0604	NaN	0.0545	0.2994
123.5388	0.1571	0.0604	NaN	0.0545	0.2994
123.5378	0.1572	0.0604	NaN	0.0545	0.2996
123.5388	0.1572	0.0604	NaN	0.0545	0.2997
123.5408	0.1572	0.0604	NaN	0.0545	0.2998
123.5419	0.1573	0.0604	NaN	0.0545	0.2998
123.5427	0.1574	0.0604	NaN	0.0545	0.2998
123.5461	0.1574	0.0604	NaN	0.0545	0.2997
123.5465	0.1573	0.0604	NaN	0.0545	0.2997
123.5503	0.1576	0.0604	NaN	0.0545	0.2997
123.5495	0.1580	0.0604	NaN	0.0544	0.2997
123.5505	0.1582	0.0604	NaN	0.0544	0.3000
123.5509	0.1585	0.0604	NaN	0.0544	0.3000
123.5534	0.1584	0.0604	NaN	0.0544	0.3000
123.5525	0.1577	0.0604	NaN	0.0544	0.3000
123.5525	0.1576	0.0604	NaN	0.0544	0.2999
123.5549	0.1577	0.0603	NaN	0.0544	0.2999
123.5578	0.1576	0.0603	NaN	0.0544	0.2999
123.5584	0.1576	0.0603	NaN	0.0543	0.3000
123.5591	0.1572	0.0602	NaN	0.0544	0.3000
123.5612	0.1573	0.0602	NaN	0.0543	0.2999
123.5622	0.1576	0.0602	NaN	0.0543	0.2998
123.5625	0.1576	0.0602	NaN	0.0542	0.2997
123.5626	0.1577	0.0601	NaN	0.0542	0.2996
123.5646	0.1580	0.0601	NaN	0.0541	0.2995
123.5677	0.1581	0.0601	NaN	0.0541	0.2995
123.5659	0.1581	0.0601	NaN	0.0541	0.2996
123.5701	0.1582	0.0601	NaN	0.0541	0.2996
123.5701	0.1584	0.0601	NaN	0.0541	0.2996
123.5703	0.1583	0.0601	NaN	0.0541	0.2997
123.5714	0.1580	0.0600	NaN	0.0541	0.2996
123.5701	0.1578	0.0600	NaN	0.0541	0.2996
123.5717	0.1580	0.0601	NaN	0.0541	0.2997
123.5749	0.1580	0.0601	NaN	0.0542	0.2997
123.5743	0.1581	0.0601	NaN	0.0541	0.2997
123.5738	0.1581	0.0600	NaN	0.0541	0.2996
123.5747	0.1581	0.0600	NaN	0.0541	0.2997
123.5774	0.1583	0.0600	NaN	0.0541	0.2997
123.5775	0.1588	0.0600	NaN	0.0540	0.2997
123.5786	0.1589	0.0600	NaN	0.0540	0.2997
123.5811	0.1586	0.0600	NaN	0.0540	0.2998
123.5834	0.1584	0.0599	NaN	0.0540	0.2998
123.5835	0.1583	0.0600	NaN	0.0540	0.2999
123.5850	0.1581	0.0600	NaN	0.0540	0.2999
123.5859	0.1579	0.0600	NaN	0.0541	0.3000
123.5871	0.1583	0.0600	NaN	0.0541	0.3000
123.5887	0.1582	0.0600	NaN	0.0541	0.2999
123.5894	0.1581	0.0599	NaN	0.0540	0.2999
123.5924	0.1580	0.0599	NaN	0.0540	0.2999
123.5961	0.1582	0.0599	NaN	0.0540	0.3000
123.5955	0.1579	0.0599	NaN	0.0540	0.3000
123.5974	0.1579	0.0599	NaN	0.0540	0.2999
123.5967	0.1580	0.0599	NaN	0.0539	0.2997
123.5983	0.1579	0.0598	NaN	0.0539	0.2998
123.5994	0.1578	0.0598	NaN	0.0539	0.2996
123.5988	0.1581	0.0598	NaN	0.0539	0.2996
123.6020	0.1584	0.0598	NaN	0.0539	0.2997
123.6031	0.1583	0.0598	NaN	0.0538	0.2997
123.6037	0.1584	0.0598	NaN	0.0538	0.2997
123.6065	0.1587	0.0597	NaN	0.0538	0.2998
123.6071	0.1589	0.0597	NaN	0.0538	0.2998
123.6072	0.1587	0.0598	NaN	0.0538	0.2997
123.6110	0.1586	0.0597	NaN	0.0538	0.2997
123.6103	0.1588	0.0597	NaN	0.0538	0.2997
123.6125	0.1592	0.0597	NaN	0.0537	0.2997
123.6124	0.1593	0.0597	NaN	0.0537	0.2997
123.6132	0.1592	0.0596	NaN	0.0537	0.2998
123.6161	0.1593	0.0596	NaN	0.0537	0.2999
123.6159	0.1592	0.0596	NaN	0.0536	0.2999
123.6199	0.1594	0.0596	NaN	0.0536	0.3000
123.6202	0.1600	0.0596	NaN	0.0536	0.3000
123.6194	0.1595	0.0596	NaN	0.0536	0.2999
123.6235	0.1594	0.0596	NaN	0.0536	0.2999
123.6237	0.1595	0.0596	NaN	0.0536	0.2999
123.6236	0.1596	0.0596	NaN	0.0536	0.2999
123.6263	0.1597	0.0595	NaN	0.0536	0.2999
123.6260	0.1598	0.0595	NaN	0.0535	0.2999
123.6270	0.1602	0.0595	NaN	0.0535	0.3000
123.6306	0.1604	0.0595	NaN	0.0535	0.3001
123.6304	0.1603	0.0595	NaN	0.0535	0.3001
123.6320	0.1602	0.0594	NaN	0.0534	0.3001
123.6307	0.1601	0.0595	NaN	0.0535	0.3000
123.6338	0.1601	0.0595	NaN	0.0535	0.3000
123.6351	0.1602	0.0595	NaN	0.0535	0.3000
123.6338	0.1601	0.0595	NaN	0.0535	0.2999
123.6355	0.1597	0.0595	NaN	0.0535	0.3000
123.6373	0.1598	0.0595	NaN	0.0535	0.3001
123.6372	0.1604	0.0595	NaN	0.0535	0.3001
123.6400	0.1604	0.0595	NaN	0.0534	0.3001
123.6402	0.1605	0.0594	NaN	0.0534	0.3001
123.6438	0.1599	0.0594	NaN	0.0534	0.3002
123.6433	0.1593	0.0593	NaN	0.0534	0.3002
123.6440	0.1598	0.0593	NaN	0.0533	0.3002
123.6466	0.1599	0.0593	NaN	0.0533	0.3002
123.6456	0.1598	0.0593	NaN	0.0534	0.3002
123.6475	0.1605	0.0593	NaN	0.0533	0.3001
123.6492	0.1608	0.0593	NaN	0.0533	0.3001
123.6497	0.1604	0.0593	NaN	0.0533	0.3002
123.6509	0.1606	0.0592	NaN	0.0532	0.3003
123.6527	0.1605	0.0592	NaN	0.0532	0.3004
123.6531	0.1603	0.0592	NaN	0.0532	0.3005
123.6544	0.1600	0.0592	NaN	0.0532	0.3004
123.6537	0.1600	0.0592	NaN	0.0532	0.3003
123.6572	0.1600	0.0592	NaN	0.0532	0.3003
123.6598	0.1597	0.0591	NaN	0.0531	0.3003
123.6577	0.1599	0.0591	NaN	0.0531	0.3003
123.6604	0.1602	0.0591	NaN	0.0531	0.3004
123.6621	0.1603	0.0591	NaN	0.0531	0.3004
123.6628	0.1602	0.0591	NaN	0.0531	0.3005
123.6634	0.1603	0.0590	NaN	0.0531	0.3006
123.6637	0.1605	0.0590	NaN	0.0530	0.3006
123.6661	0.1605	0.0590	NaN	0.0530	0.3006
123.6698	0.1606	0.0590	NaN	0.0529	0.3006
123.6680	0.1605	0.0590	NaN	0.0529	0.3007
123.6706	0.1615	0.0589	NaN	0.0529	0.3007
123.6692	0.1608	0.0589	NaN	0.0529	0.3008
123.6703	0.1604	0.0589	NaN	0.0529	0.3009
123.6724	0.1604	0.0588	NaN	0.0528	0.3010
123.6731	0.1611	0.0588	NaN	0.0528	0.3011
123.6757	0.1612	0.0588	NaN	0.0527	0.3011
123.6760	0.1612	0.0587	NaN	0.0527	0.3012
123.6781	0.1619	0.0587	NaN	0.0526	0.3013
123.6792	0.1623	0.0587	NaN	0.0526	0.3014
123.6778	0.1621	0.0587	NaN	0.0526	0.3013
123.6803	0.1615	0.0586	NaN	0.0526	0.3014
123.6820	0.1619	0.0586	NaN	0.0526	0.3014
123.6814	0.1622	0.0587	NaN	0.0526	0.3013
123.6827	0.1617	0.0587	NaN	0.0526	0.3013
123.6847	0.1612	0.0586	NaN	0.0526	0.3015
123.6840	0.1615	0.0586	NaN	0.0526	0.3015
123.6872	0.1619	0.0585	NaN	0.0525	0.3016
123.6844	0.1620	0.0585	NaN	0.0525	0.3017
123.6886	0.1620	0.0585	NaN	0.0524	0.3017
123.6910	0.1620	0.0585	NaN	0.0524	0.3018
123.6912	0.1618	0.0585	NaN	0.0524	0.3017
123.6949	0.1618	0.0584	NaN	0.0524	0.3017
123.6916	0.1621	0.0584	NaN	0.0523	0.3018
123.6955	0.1626	0.0583	NaN	0.0522	0.3018
123.6965	0.1628	0.0582	NaN	0.0521	0.3019
123.6972	0.1627	0.0581	NaN	0.0520	0.3020
123.6999	0.1629	0.0581	NaN	0.0520	0.3020
123.7020	0.1629	0.0580	NaN	0.0520	0.3020
123.7037	0.1628	0.0581	NaN	0.0520	0.3020
123.7039	0.1628	0.0581	NaN	0.0520	0.3020
123.7036	0.1629	0.0581	NaN	0.0521	0.3020
123.7042	0.1629	0.0582	NaN	0.0521	0.3020
123.7063	0.1630	0.0582	NaN	0.0521	0.3020
123.7045	0.1630	0.0582	NaN	0.0521	0.3020
123.7081	0.1630	0.0582	NaN	0.0521	0.3020
123.7094	0.1630	0.0582	NaN	0.0521	0.3020
123.7097	0.1628	0.0582	NaN	0.0521	0.3020
123.7118	0.1627	0.0582	NaN	0.0521	0.3020
123.7108	0.1626	0.0581	NaN	0.0520	0.3020
123.7145	0.1629	0.0581	NaN	0.0520	0.3020
123.7154	0.1633	0.0580	NaN	0.0519	0.3021
123.7162	0.1632	0.0580	NaN	0.0519	0.3020
123.7180	0.1627	0.0579	NaN	0.0518	0.3021
123.7173	0.1630	0.0579	NaN	0.0518	0.3021
123.7198	0.1630	0.0579	NaN	0.0518	0.3021
123.7213	0.1630	0.0579	NaN	0.0518	0.3021
123.7219	0.1629	0.0579	NaN	0.0518	0.3021
123.7235	0.1629	0.0579	NaN	0.0518	0.3021
123.7238	0.1631	0.0579	NaN	0.0518	0.3021
123.7256	0.1630	0.0579	NaN	0.0518	0.3021
123.7278	0.1629	0.0579	NaN	0.0518	0.3021
123.7279	0.1627	0.0578	NaN	0.0517	0.3021
123.7290	0.1627	0.0578	NaN	0.0517	0.3021
123.7309	0.1627	0.0577	NaN	0.0516	0.3021
123.7320	0.1628	0.0577	NaN	0.0516	0.3021
123.7332	0.1631	0.0577	NaN	0.0515	0.3022
123.7353	0.1632	0.0576	NaN	0.0515	0.3021
123.7343	0.1632	0.0576	NaN	0.0515	0.3021
123.7363	0.1634	0.0576	NaN	0.0515	0.3021
123.7368	0.1633	0.0576	NaN	0.0515	0.3021
123.7381	0.1632	0.0576	NaN	0.0515	0.3021
123.7409	0.1632	0.0576	NaN	0.0515	0.3021
123.7400	0.1633	0.0576	NaN	0.0515	0.3021
123.7432	0.1634	0.0576	NaN	0.0514	0.3021
123.7435	0.1636	0.0574	NaN	0.0513	0.3021
123.7433	0.1636	0.0574	NaN	0.0513	0.3020
123.7462	0.1637	0.0573	NaN	0.0512	0.3020
123.7470	0.1638	0.0573	NaN	0.0511	0.3021
123.7495	0.1641	0.0572	NaN	0.0511	0.3020
123.7500	0.1642	0.0572	NaN	0.0511	0.3021
123.7493	0.1640	0.0573	NaN	0.0511	0.3021
123.7516	0.1640	0.0573	NaN	0.0511	0.3021
123.7516	0.1639	0.0573	NaN	0.0511	0.3021
123.7519	0.1639	0.0573	NaN	0.0511	0.3021
123.7549	0.1639	0.0572	NaN	0.0511	0.3020
123.7555	0.1639	0.0572	NaN	0.0511	0.3021
123.7557	0.1640	0.0572	NaN	0.0510	0.3021
123.7594	0.1642	0.0571	NaN	0.0510	0.3020
123.7585	0.1643	0.0571	NaN	0.0510	0.3020
123.7621	0.1644	0.0570	NaN	0.0509	0.3020
123.7624	0.1645	0.0570	NaN	0.0508	0.3020
123.7648	0.1646	0.0570	NaN	0.0508	0.3021
123.7663	0.1647	0.0569	NaN	0.0508	0.3020
123.7642	0.1647	0.0570	NaN	0.0509	0.3021
123.7677	0.1650	0.0571	NaN	0.0509	0.3021
123.7679	0.1647	0.0570	NaN	0.0509	0.3021
123.7697	0.1644	0.0570	NaN	0.0509	0.3021
123.7704	0.1646	0.0569	NaN	0.0508	0.3021
123.7722	0.1648	0.0569	NaN	0.0508	0.3020
123.7724	0.1645	0.0569	NaN	0.0508	0.3021
123.7760	0.1646	0.0569	NaN	0.0507	0.3021
123.7764	0.1647	0.0569	NaN	0.0507	0.3022
123.7774	0.1648	0.0569	NaN	0.0507	0.3022
123.7775	0.1645	0.0569	NaN	0.0507	0.3022
123.7782	0.1645	0.0568	NaN	0.0507	0.3022
123.7807	0.1646	0.0568	NaN	0.0506	0.3021
123.7805	0.1649	0.0567	NaN	0.0506	0.3021
123.7823	0.1651	0.0566	NaN	0.0505	0.3020
123.7804	0.1654	0.0566	NaN	0.0504	0.3020
123.7812	0.1656	0.0565	NaN	0.0504	0.3020
123.7848	0.1657	0.0565	NaN	0.0504	0.3020
123.7850	0.1657	0.0565	NaN	0.0504	0.3020
123.7883	0.1657	0.0565	NaN	0.0503	0.3020
123.7885	0.1656	0.0565	NaN	0.0503	0.3020
123.7897	0.1656	0.0565	NaN	0.0503	0.3020
123.7909	0.1655	0.0564	NaN	0.0503	0.3020
123.7925	0.1658	0.0564	NaN	0.0502	0.3019
123.7945	0.1657	0.0563	NaN	0.0502	0.3019
123.7944	0.1658	0.0563	NaN	0.0502	0.3019
123.7949	0.1662	0.0562	NaN	0.0501	0.3019
123.7972	0.1664	0.0562	NaN	0.0501	0.3019
123.7976	0.1666	0.0562	NaN	0.0501	0.3019
123.7964	0.1666	0.0562	NaN	0.0501	0.3019
123.8003	0.1667	0.0561	NaN	0.0500	0.3019
123.8006	0.1664	0.0562	NaN	0.0500	0.3020
123.8015	0.1663	0.0562	NaN	0.0501	0.3020
123.8034	0.1668	0.0561	NaN	0.0500	0.3021
123.8045	0.1666	0.0561	NaN	0.0500	0.3022
123.8068	0.1666	0.0561	NaN	0.0500	0.3022
123.8080	0.1665	0.0560	NaN	0.0499	0.3021
123.8087	0.1661	0.0560	NaN	0.0499	0.3021
123.8107	0.1664	0.0559	NaN	0.0498	0.3021
123.8099	0.1666	0.0558	NaN	0.0498	0.3021
123.8119	0.1667	0.0558	NaN	0.0498	0.3020
123.8133	0.1670	0.0558	NaN	0.0497	0.3020
123.8145	0.1668	0.0558	NaN	0.0497	0.3020
123.8146	0.1671	0.0558	NaN	0.0497	0.3019
123.8182	0.1672	0.0558	NaN	0.0497	0.3018
123.8186	0.1669	0.0558	NaN	0.0497	0.3019
123.8211	0.1675	0.0557	NaN	0.0496	0.3018
123.8200	0.1673	0.0556	NaN	0.0495	0.3018
123.8221	0.1675	0.0556	NaN	0.0495	0.3018
123.8232	0.1676	0.0556	NaN	0.0495	0.3020
123.8234	0.1672	0.0556	NaN	0.0495	0.3020
123.8263	0.1667	0.0556	NaN	0.0496	0.3021
123.8281	0.1658	0.0556	NaN	0.0496	0.3020
123.8268	0.1659	0.0556	NaN	0.0496	0.3020
123.8283	0.1661	0.0557	NaN	0.0496	0.3020
123.8283	0.1665	0.0557	NaN	0.0496	0.3020
123.8302	0.1665	0.0556	NaN	0.0496	0.3020
123.8313	0.1672	0.0555	NaN	0.0495	0.3020
123.8330	0.1671	0.0555	NaN	0.0494	0.3020
123.8352	0.1676	0.0555	NaN	0.0494	0.3020
123.8337	0.1676	0.0555	NaN	0.0494	0.3021
123.8357	0.1677	0.0554	NaN	0.0493	0.3020
123.8379	0.1677	0.0554	NaN	0.0493	0.3019
123.8381	0.1676	0.0553	NaN	0.0492	0.3019
123.8390	0.1690	0.0553	NaN	0.0492	0.3019
123.8409	0.1690	0.0553	NaN	0.0492	0.3018
123.8419	0.1684	0.0553	NaN	0.0492	0.3019
123.8454	0.1683	0.0553	NaN	0.0492	0.3018
123.8426	0.1682	0.0553	NaN	0.0492	0.3017
123.8459	0.1687	0.0552	NaN	0.0491	0.3016
123.8479	0.1693	0.0550	NaN	0.0489	0.3015
123.8470	0.1688	0.0550	NaN	0.0489	0.3015
123.8501	0.1689	0.0549	NaN	0.0488	0.3015
123.8525	0.1690	0.0548	NaN	0.0487	0.3015
123.8515	0.1696	0.0548	NaN	0.0486	0.3014
123.8539	0.1698	0.0547	NaN	0.0485	0.3013
123.8543	0.1694	0.0546	NaN	0.0485	0.3014
123.8541	0.1692	0.0547	NaN	0.0485	0.3014
123.8553	0.1690	0.0547	NaN	0.0486	0.3014
123.8565	0.1692	0.0547	NaN	0.0486	0.3015
123.8580	0.1687	0.0547	NaN	0.0486	0.3014
123.8588	0.1689	0.0547	NaN	0.0486	0.3014
123.8604	0.1690	0.0546	NaN	0.0485	0.3014
123.8626	0.1692	0.0546	NaN	0.0485	0.3014
123.8627	0.1685	0.0545	NaN	0.0484	0.3013
123.8624	0.1689	0.0544	NaN	0.0483	0.3013
123.8648	0.1696	0.0543	NaN	0.0482	0.3013
123.8659	0.1701	0.0542	NaN	0.0481	0.3013
123.8679	0.1699	0.0542	NaN	0.0481	0.3013
123.8679	0.1699	0.0543	NaN	0.0481	0.3013
123.8697	0.1699	0.0542	NaN	0.0481	0.3013
123.8724	0.1698	0.0542	NaN	0.0480	0.3013
123.8704	0.1696	0.0542	NaN	0.0481	0.3014
123.8734	0.1699	0.0542	NaN	0.0481	0.3015
123.8751	0.1700	0.0542	NaN	0.0481	0.3016
123.8753	0.1699	0.0542	NaN	0.0481	0.3016
123.8771	0.1706	0.0542	NaN	0.0481	0.3016
123.8756	0.1706	0.0542	NaN	0.0481	0.3016
123.8783	0.1712	0.0541	NaN	0.0479	0.3016
123.8817	0.1711	0.0540	NaN	0.0478	0.3016
123.8809	0.1710	0.0539	NaN	0.0478	0.3017
123.8813	0.1707	0.0539	NaN	0.0478	0.3017
123.8848	0.1711	0.0538	NaN	0.0477	0.3017
123.8864	0.1710	0.0538	NaN	0.0476	0.3019
123.8871	0.1707	0.0537	NaN	0.0476	0.3018
123.8875	0.1711	0.0537	NaN	0.0475	0.3018
123.8890	0.1714	0.0537	NaN	0.0475	0.3019
123.8893	0.1713	0.0536	NaN	0.0475	0.3020
123.8914	0.1717	0.0536	NaN	0.0474	0.3023
123.8916	0.1718	0.0536	NaN	0.0474	0.3025
123.8914	0.1718	0.0536	NaN	0.0474	0.3027
123.8936	0.1712	0.0535	NaN	0.0474	0.3027
123.8955	0.1713	0.0534	NaN	0.0472	0.3028
123.8949	0.1714	0.0534	NaN	0.0472	0.3028
123.8971	0.1715	0.0533	NaN	0.0472	0.3027
123.8989	0.1718	0.0532	NaN	0.0470	0.3026
123.8981	0.1719	0.0532	NaN	0.0470	0.3027
123.9014	0.1719	0.0531	NaN	0.0469	0.3027
123.8994	0.1719	0.0531	NaN	0.0469	0.3027
123.9020	0.1718	0.0530	NaN	0.0468	0.3026
123.9034	0.1717	0.0530	NaN	0.0468	0.3026
123.9049	0.1713	0.0530	NaN	0.0468	0.3026
123.9066	0.1710	0.0529	NaN	0.0467	0.3026
123.9080	0.1710	0.0528	NaN	0.0467	0.3026
123.9070	0.1713	0.0528	NaN	0.0467	0.3025
123.9111	0.1715	0.0528	NaN	0.0466	0.3027
123.9100	0.1716	0.0529	NaN	0.0467	0.3027
123.9119	0.1714	0.0529	NaN	0.0468	0.3027
123.9144	0.1709	0.0529	NaN	0.0467	0.3026
123.9126	0.1710	0.0528	NaN	0.0467	0.3026
123.9166	0.1714	0.0527	NaN	0.0465	0.3025
123.9166	0.1717	0.0526	NaN	0.0464	0.3025
123.9176	0.1718	0.0525	NaN	0.0463	0.3025
123.9207	0.1719	0.0525	NaN	0.0463	0.3025
123.9201	0.1719	0.0525	NaN	0.0463	0.3024
123.9218	0.1718	0.0525	NaN	0.0463	0.3025
123.9244	0.1721	0.0525	NaN	0.0463	0.3027
123.9243	0.1721	0.0525	NaN	0.0463	0.3027
123.9257	0.1723	0.0525	NaN	0.0463	0.3028
123.9241	0.1721	0.0525	NaN	0.0463	0.3028
123.9270	0.1723	0.0525	NaN	0.0463	0.3028
123.9280	0.1729	0.0525	NaN	0.0462	0.3029
123.9275	0.1729	0.0525	NaN	0.0462	0.3029
123.9307	0.1726	0.0524	NaN	0.0462	0.3029
123.9333	0.1727	0.0523	NaN	0.0461	0.3030
123.9345	0.1731	0.0523	NaN	0.0460	0.3030
123.9353	0.1733	0.0522	NaN	0.0459	0.3030
123.9354	0.1733	0.0522	NaN	0.0459	0.3030
123.9367	0.1735	0.0521	NaN	0.0459	0.3030
123.9389	0.1736	0.0520	NaN	0.0457	0.3029
123.9393	0.1737	0.0519	NaN	0.0456	0.3029
123.9419	0.1739	0.0518	NaN	0.0455	0.3028
123.9422	0.1738	0.0517	NaN	0.0454	0.3027
123.9428	0.1737	0.0516	NaN	0.0453	0.3026
123.9439	0.1735	0.0516	NaN	0.0454	0.3026
123.9448	0.1737	0.0517	NaN	0.0454	0.3026
123.9471	0.1738	0.0517	NaN	0.0454	0.3025
123.9482	0.1738	0.0516	NaN	0.0454	0.3026
123.9479	0.1738	0.0516	NaN	0.0453	0.3027
123.9505	0.1736	0.0516	NaN	0.0453	0.3027
123.9487	0.1736	0.0516	NaN	0.0453	0.3028
123.9495	0.1735	0.0515	NaN	0.0452	0.3028
123.9526	0.1736	0.0514	NaN	0.0451	0.3029
123.9531	0.1739	0.0513	NaN	0.0450	0.3031
123.9556	0.1741	0.0511	NaN	0.0449	0.3032
123.9570	0.1741	0.0510	NaN	0.0447	0.3032
123.9569	0.1742	0.0510	NaN	0.0447	0.3032
123.9586	0.1740	0.0510	NaN	0.0447	0.3031
123.9569	0.1742	0.0510	NaN	0.0447	0.3031
123.9593	0.1741	0.0510	NaN	0.0447	0.3031
123.9620	0.1744	0.0509	NaN	0.0446	0.3032
123.9611	0.1744	0.0508	NaN	0.0445	0.3031
123.9643	0.1745	0.0507	NaN	0.0445	0.3031
123.9637	0.1744	0.0508	NaN	0.0445	0.3031
123.9676	0.1746	0.0508	NaN	0.0444	0.3031
123.9674	0.1748	0.0507	NaN	0.0444	0.3031
123.9672	0.1748	0.0507	NaN	0.0443	0.3031
123.9703	0.1749	0.0506	NaN	0.0443	0.3032
123.9708	0.1749	0.0506	NaN	0.0442	0.3032
123.9720	0.1750	0.0506	NaN	0.0442	0.3032
123.9722	0.1751	0.0506	NaN	0.0442	0.3033
123.9714	0.1752	0.0506	NaN	0.0442	0.3033
123.9727	0.1753	0.0505	NaN	0.0441	0.3033
123.9771	0.1752	0.0504	NaN	0.0440	0.3033
123.9761	0.1751	0.0504	NaN	0.0440	0.3033
123.9800	0.1754	0.0503	NaN	0.0439	0.3033
123.9799	0.1756	0.0502	NaN	0.0438	0.3032
123.9799	0.1758	0.0502	NaN	0.0437	0.3031
123.9835	0.1759	0.0501	NaN	0.0436	0.3030
123.9813	0.1756	0.0500	NaN	0.0436	0.3030
123.9829	0.1756	0.0500	NaN	0.0435	0.3030
123.9854	0.1759	0.0499	NaN	0.0434	0.3029
123.9868	0.1760	0.0500	NaN	0.0435	0.3030
123.9880	0.1758	0.0499	NaN	0.0434	0.3032
123.9893	0.1758	0.0499	NaN	0.0434	0.3033
123.9914	0.1759	0.0499	NaN	0.0433	0.3033
123.9894	0.1756	0.0499	NaN	0.0434	0.3033
123.9908	0.1757	0.0499	NaN	0.0434	0.3033
123.9941	0.1758	0.0499	NaN	0.0434	0.3032
123.9961	0.1758	0.0499	NaN	0.0434	0.3032
123.9942	0.1759	0.0499	NaN	0.0434	0.3032
123.9970	0.1760	0.0498	NaN	0.0433	0.3030
123.9983	0.1760	0.0499	NaN	0.0433	0.3030
123.9993	0.1761	0.0498	NaN	0.0432	0.3029
124.0011	0.1761	0.0496	NaN	0.0431	0.3029
124.0011	0.1762	0.0496	NaN	0.0430	0.3028
124.0025	0.1764	0.0496	NaN	0.0430	0.3028
124.0059	0.1765	0.0495	NaN	0.0429	0.3027
124.0040	0.1766	0.0495	NaN	0.0429	0.3028
124.0055	0.1767	0.0494	NaN	0.0428	0.3027
124.0051	0.1768	0.0494	NaN	0.0428	0.3027
124.0096	0.1768	0.0494	NaN	0.0428	0.3027
124.0094	0.1767	0.0493	NaN	0.0428	0.3026
124.0101	0.1765	0.0493	NaN	0.0427	0.3025
124.0138	0.1767	0.0493	NaN	0.0427	0.3025
124.0145	0.1768	0.0493	NaN	0.0427	0.3025
124.0154	0.1766	0.0492	NaN	0.0426	0.3023
124.0176	0.1766	0.0491	NaN	0.0425	0.3022
124.0164	0.1770	0.0491	NaN	0.0425	0.3022
124.0192	0.1770	0.0491	NaN	0.0425	0.3022
124.0210	0.1766	0.0491	NaN	0.0425	0.3022
124.0199	0.1768	0.0491	NaN	0.0425	0.3022
124.0223	0.1770	0.0489	NaN	0.0423	0.3021
124.0214	0.1773	0.0489	NaN	0.0422	0.3020
124.0239	0.1771	0.0488	NaN	0.0422	0.3020
124.0258	0.1769	0.0488	NaN	0.0422	0.3020
124.0262	0.1768	0.0488	NaN	0.0422	0.3020
124.0276	0.1769	0.0486	NaN	0.0420	0.3019
124.0270	0.1771	0.0485	NaN	0.0419	0.3019
124.0300	0.1770	0.0485	NaN	0.0418	0.3019
124.0322	0.1772	0.0483	NaN	0.0417	0.3019
124.0327	0.1774	0.0482	NaN	0.0416	0.3019
124.0344	0.1773	0.0481	NaN	0.0415	0.3019
124.0356	0.1773	0.0482	NaN	0.0416	0.3020
124.0349	0.1774	0.0482	NaN	0.0416	0.3020
124.0370	0.1773	0.0482	NaN	0.0416	0.3021
124.0390	0.1774	0.0481	NaN	0.0415	0.3020
124.0392	0.1776	0.0481	NaN	0.0414	0.3020
124.0387	0.1777	0.0479	NaN	0.0413	0.3021
124.0394	0.1777	0.0479	NaN	0.0413	0.3020
124.0425	0.1776	0.0479	NaN	0.0412	0.3021
124.0455	0.1777	0.0478	NaN	0.0412	0.3022
124.0439	0.1777	0.0479	NaN	0.0413	0.3023
124.0457	0.1781	0.0479	NaN	0.0413	0.3022
124.0486	0.1783	0.0479	NaN	0.0412	0.3022
124.0467	0.1782	0.0480	NaN	0.0414	0.3022
124.0489	0.1782	0.0479	NaN	0.0413	0.3024
124.0493	0.1780	0.0479	NaN	0.0412	0.3025
124.0501	0.1777	0.0478	NaN	0.0412	0.3027
124.0538	0.1778	0.0477	NaN	0.0410	0.3028
124.0525	0.1778	0.0476	NaN	0.0409	0.3030
124.0551	0.1779	0.0475	NaN	0.0408	0.3030
124.0551	0.1780	0.0475	NaN	0.0408	0.3029
124.0562	0.1779	0.0474	NaN	0.0408	0.3029
124.0609	0.1781	0.0473	NaN	0.0406	0.3030
124.0602	0.1784	0.0472	NaN	0.0405	0.3030
124.0620	0.1786	0.0471	NaN	0.0404	0.3030
124.0629	0.1786	0.0470	NaN	0.0403	0.3031
124.0625	0.1786	0.0469	NaN	0.0402	0.3031
124.0642	0.1791	0.0468	NaN	0.0401	0.3032
124.0641	0.1791	0.0466	NaN	0.0399	0.3034
124.0687	0.1785	0.0465	NaN	0.0398	0.3035
124.0697	0.1790	0.0463	NaN	0.0397	0.3036
124.0697	0.1793	0.0463	NaN	0.0396	0.3036
124.0724	0.1790	0.0462	NaN	0.0396	0.3037
124.0728	0.1789	0.0462	NaN	0.0396	0.3037
124.0714	0.1788	0.0463	NaN	0.0396	0.3035
124.0744	0.1788	0.0462	NaN	0.0396	0.3036
124.0759	0.1788	0.0462	NaN	0.0395	0.3036
124.0770	0.1789	0.0461	NaN	0.0394	0.3036
124.0797	0.1790	0.0459	NaN	0.0392	0.3037
124.0781	0.1790	0.0459	NaN	0.0392	0.3036
124.0803	0.1792	0.0458	NaN	0.0392	0.3036
124.0805	0.1793	0.0458	NaN	0.0391	0.3034
124.0827	0.1793	0.0457	NaN	0.0390	0.3035
124.0850	0.1794	0.0455	NaN	0.0388	0.3037
124.0839	0.1793	0.0454	NaN	0.0388	0.3037
124.0843	0.1792	0.0453	NaN	0.0386	0.3035
124.0866	0.1790	0.0453	NaN	0.0386	0.3037
124.0865	0.1792	0.0452	NaN	0.0385	0.3037
124.0877	0.1792	0.0453	NaN	0.0386	0.3037
124.0874	0.1790	0.0454	NaN	0.0387	0.3037
124.0894	0.1790	0.0454	NaN	0.0387	0.3037
124.0918	0.1791	0.0451	NaN	0.0384	0.3037
124.0935	0.1794	0.0450	NaN	0.0383	0.3037
124.0944	0.1795	0.0449	NaN	0.0382	0.3038
124.0977	0.1795	0.0448	NaN	0.0381	0.3038
124.0965	0.1792	0.0449	NaN	0.0382	0.3037
124.0999	0.1792	0.0448	NaN	0.0381	0.3033
124.0993	0.1791	0.0449	NaN	0.0382	0.3032
124.1013	0.1792	0.0450	NaN	0.0383	0.3032
124.1042	0.1794	0.0450	NaN	0.0383	0.3030
124.1037	0.1795	0.0450	NaN	0.0383	0.3029
124.1059	0.1793	0.0451	NaN	0.0384	0.3028
124.1038	0.1791	0.0451	NaN	0.0384	0.3027
124.1061	0.1791	0.0449	NaN	0.0382	0.3029
124.1097	0.1792	0.0447	NaN	0.0380	0.3031
124.1098	0.1793	0.0445	NaN	0.0378	0.3032
124.1105	0.1793	0.0445	NaN	0.0378	0.3032
124.1134	0.1793	0.0444	NaN	0.0377	0.3033
124.1131	0.1793	0.0443	NaN	0.0376	0.3033
124.1136	0.1795	0.0442	NaN	0.0375	0.3032
124.1152	0.1796	0.0442	NaN	0.0375	0.3032
124.1163	0.1796	0.0442	NaN	0.0375	0.3033
124.1185	0.1797	0.0442	NaN	0.0375	0.3034
124.1193	0.1796	0.0442	NaN	0.0375	0.3034
124.1212	0.1796	0.0442	NaN	0.0375	0.3033
124.1227	0.1797	0.0440	NaN	0.0373	0.3034
124.1228	0.1798	0.0439	NaN	0.0372	0.3034
124.1242	0.1798	0.0439	NaN	0.0372	0.3033
124.1240	0.1797	0.0439	NaN	0.0372	0.3032
124.1261	0.1798	0.0437	NaN	0.0370	0.3032
124.1271	0.1797	0.0437	NaN	0.0370	0.3033
124.1288	0.1797	0.0436	NaN	0.0370	0.3033
124.1304	0.1794	0.0436	NaN	0.0369	0.3032
124.1325	0.1794	0.0435	NaN	0.0368	0.3031
124.1303	0.1794	0.0434	NaN	0.0368	0.3032
124.1332	0.1797	0.0434	NaN	0.0367	0.3033
124.1322	0.1799	0.0433	NaN	0.0366	0.3033
124.1338	0.1798	0.0433	NaN	0.0366	0.3034
124.1373	0.1797	0.0433	NaN	0.0366	0.3034
124.1365	0.1796	0.0434	NaN	0.0367	0.3032
124.1383	0.1796	0.0434	NaN	0.0368	0.3032
124.1394	0.1798	0.0434	NaN	0.0367	0.3032
124.1402	0.1797	0.0432	NaN	0.0365	0.3034
124.1415	0.1796	0.0430	NaN	0.0363	0.3035
124.1428	0.1796	0.0430	NaN	0.0363	0.3035
124.1448	0.1796	0.0429	NaN	0.0363	0.3035
124.1473	0.1799	0.0427	NaN	0.0361	0.3036
124.1482	0.1797	0.0427	NaN	0.0360	0.3037
124.1501	0.1796	0.0425	NaN	0.0359	0.3038
124.1495	0.1798	0.0424	NaN	0.0358	0.3039
124.1506	0.1795	0.0423	NaN	0.0356	0.3041
124.1514	0.1793	0.0422	NaN	0.0355	0.3041
124.1508	0.1793	0.0422	NaN	0.0355	0.3039
124.1546	0.1793	0.0422	NaN	0.0355	0.3039
124.1546	0.1793	0.0421	NaN	0.0355	0.3040
124.1550	0.1794	0.0422	NaN	0.0355	0.3040
124.1569	0.1794	0.0421	NaN	0.0355	0.3041
124.1581	0.1795	0.0421	NaN	0.0354	0.3042
124.1608	0.1792	0.0419	NaN	0.0353	0.3042
124.1621	0.1791	0.0418	NaN	0.0352	0.3042
124.1631	0.1792	0.0418	NaN	0.0351	0.3043
124.1632	0.1794	0.0418	NaN	0.0351	0.3043
124.1647	0.1793	0.0418	NaN	0.0351	0.3043
124.1661	0.1792	0.0416	NaN	0.0349	0.3044
124.1677	0.1791	0.0415	NaN	0.0348	0.3044
124.1680	0.1789	0.0414	NaN	0.0348	0.3044
124.1722	0.1792	0.0414	NaN	0.0347	0.3044
124.1732	0.1792	0.0413	NaN	0.0346	0.3044
124.1719	0.1792	0.0413	NaN	0.0346	0.3044
124.1744	0.1792	0.0413	NaN	0.0347	0.3044
124.1741	0.1792	0.0415	NaN	0.0349	0.3044
124.1754	0.1792	0.0415	NaN	0.0349	0.3045
124.1762	0.1791	0.0414	NaN	0.0348	0.3045
124.1770	0.1790	0.0414	NaN	0.0347	0.3044
124.1777	0.1790	0.0413	NaN	0.0346	0.3044
124.1810	0.1788	0.0411	NaN	0.0345	0.3045
124.1798	0.1789	0.0412	NaN	0.0345	0.3045
124.1828	0.1790	0.0411	NaN	0.0344	0.3045
124.1818	0.1791	0.0411	NaN	0.0344	0.3044
124.1842	0.1789	0.0410	NaN	0.0344	0.3044
124.1863	0.1787	0.0408	NaN	0.0342	0.3044
124.1866	0.1785	0.0406	NaN	0.0340	0.3044
124.1879	0.1788	0.0405	NaN	0.0338	0.3044
124.1907	0.1788	0.0404	NaN	0.0337	0.3044
124.1907	0.1785	0.0405	NaN	0.0338	0.3044
124.1925	0.1785	0.0405	NaN	0.0338	0.3044
124.1916	0.1783	0.0404	NaN	0.0338	0.3044
124.1937	0.1784	0.0403	NaN	0.0337	0.3044
124.1961	0.1783	0.0403	NaN	0.0337	0.3044
124.1977	0.1782	0.0402	NaN	0.0336	0.3044
124.1990	0.1782	0.0402	NaN	0.0335	0.3045
124.1981	0.1783	0.0401	NaN	0.0335	0.3045
124.2023	0.1783	0.0401	NaN	0.0335	0.3045
124.2029	0.1784	0.0401	NaN	0.0334	0.3045
124.2025	0.1784	0.0400	NaN	0.0334	0.3045
124.2035	0.1783	0.0399	NaN	0.0332	0.3045
124.2045	0.1782	0.0398	NaN	0.0332	0.3045
124.2051	0.1782	0.0397	NaN	0.0331	0.3045
124.2101	0.1780	0.0396	NaN	0.0330	0.3045
124.2089	0.1780	0.0396	NaN	0.0330	0.3046
124.2096	0.1780	0.0396	NaN	0.0330	0.3046
124.2092	0.1780	0.0395	NaN	0.0329	0.3045
124.2108	0.1781	0.0395	NaN	0.0329	0.3045
124.2136	0.1781	0.0394	NaN	0.0328	0.3044
124.2138	0.1779	0.0393	NaN	0.0326	0.3044
124.2145	0.1778	0.0392	NaN	0.0326	0.3043
124.2163	0.1777	0.0391	NaN	0.0325	0.3041
124.2165	0.1778	0.0390	NaN	0.0324	0.3042
124.2166	0.1779	0.0389	NaN	0.0323	0.3045
124.2191	0.1779	0.0388	NaN	0.0321	0.3046
124.2199	0.1781	0.0388	NaN	0.0322	0.3047
124.2216	0.1776	0.0388	NaN	0.0322	0.3047
124.2235	0.1776	0.0387	NaN	0.0321	0.3047
124.2242	0.1776	0.0386	NaN	0.0320	0.3048
124.2275	0.1775	0.0386	NaN	0.0320	0.3047
124.2263	0.1778	0.0386	NaN	0.0320	0.3046
124.2281	0.1779	0.0385	NaN	0.0319	0.3047
124.2287	0.1777	0.0384	NaN	0.0318	0.3047
124.2302	0.1775	0.0384	NaN	0.0318	0.3047
124.2318	0.1776	0.0384	NaN	0.0318	0.3047
124.2320	0.1773	0.0382	NaN	0.0316	0.3047
124.2334	0.1773	0.0380	NaN	0.0314	0.3047
124.2367	0.1773	0.0378	NaN	0.0313	0.3048
124.2357	0.1774	0.0378	NaN	0.0312	0.3048
124.2378	0.1773	0.0377	NaN	0.0311	0.3048
124.2402	0.1772	0.0377	NaN	0.0311	0.3048
124.2396	0.1768	0.0376	NaN	0.0311	0.3048
124.2412	0.1768	0.0376	NaN	0.0310	0.3047
124.2392	0.1769	0.0376	NaN	0.0310	0.3047
124.2424	0.1769	0.0375	NaN	0.0309	0.3046
124.2436	0.1768	0.0374	NaN	0.0309	0.3046
124.2432	0.1769	0.0374	NaN	0.0309	0.3045
124.2440	0.1769	0.0374	NaN	0.0309	0.3045
124.2471	0.1769	0.0374	NaN	0.0308	0.3045
124.2476	0.1769	0.0374	NaN	0.0308	0.3045
124.2491	0.1768	0.0373	NaN	0.0307	0.3045
124.2483	0.1767	0.0371	NaN	0.0306	0.3044
124.2508	0.1765	0.0371	NaN	0.0306	0.3045
124.2517	0.1765	0.0371	NaN	0.0306	0.3045
124.2492	0.1765	0.0372	NaN	0.0306	0.3045
124.2529	0.1764	0.0370	NaN	0.0305	0.3044
124.2544	0.1764	0.0370	NaN	0.0304	0.3043
124.2553	0.1763	0.0370	NaN	0.0304	0.3043
124.2588	0.1764	0.0370	NaN	0.0305	0.3043
124.2576	0.1765	0.0371	NaN	0.0305	0.3042
124.2613	0.1764	0.0370	NaN	0.0304	0.3041
124.2615	0.1763	0.0369	NaN	0.0303	0.3039
124.2618	0.1763	0.0368	NaN	0.0303	0.3037
124.2642	0.1762	0.0366	NaN	0.0300	0.3036
124.2637	0.1761	0.0364	NaN	0.0299	0.3035
124.2666	0.1761	0.0363	NaN	0.0297	0.3035
124.2677	0.1760	0.0362	NaN	0.0297	0.3035
124.2651	0.1759	0.0363	NaN	0.0297	0.3034
124.2691	0.1758	0.0362	NaN	0.0297	0.3034
124.2708	0.1757	0.0362	NaN	0.0297	0.3034
124.2708	0.1757	0.0362	NaN	0.0296	0.3034
124.2721	0.1757	0.0360	NaN	0.0295	0.3033
124.2710	0.1758	0.0361	NaN	0.0295	0.3033
124.2747	0.1756	0.0359	NaN	0.0294	0.3033
124.2772	0.1755	0.0358	NaN	0.0292	0.3032
124.2768	0.1753	0.0358	NaN	0.0292	0.3032
124.2797	0.1753	0.0357	NaN	0.0292	0.3032
124.2802	0.1753	0.0357	NaN	0.0292	0.3032
124.2828	0.1753	0.0356	NaN	0.0291	0.3032
124.2846	0.1753	0.0355	NaN	0.0290	0.3033
124.2856	0.1753	0.0355	NaN	0.0290	0.3033
124.2861	0.1753	0.0356	NaN	0.0290	0.3033
124.2904	0.1754	0.0355	NaN	0.0290	0.3033
124.2862	0.1755	0.0355	NaN	0.0290	0.3033
124.2892	0.1753	0.0354	NaN	0.0289	0.3033
124.2894	0.1749	0.0352	NaN	0.0287	0.3033
124.2927	0.1747	0.0349	NaN	0.0285	0.3033
124.2931	0.1746	0.0349	NaN	0.0284	0.3033
124.2937	0.1746	0.0349	NaN	0.0284	0.3033
124.2943	0.1746	0.0349	NaN	0.0284	0.3033
124.2979	0.1744	0.0348	NaN	0.0283	0.3033
124.2969	0.1744	0.0348	NaN	0.0283	0.3033
124.2989	0.1743	0.0347	NaN	0.0282	0.3033
124.2986	0.1742	0.0347	NaN	0.0282	0.3033
124.2997	0.1741	0.0346	NaN	0.0281	0.3034
124.3035	0.1741	0.0345	NaN	0.0281	0.3033
124.3029	0.1742	0.0346	NaN	0.0281	0.3033
124.3048	0.1742	0.0346	NaN	0.0282	0.3034
124.3048	0.1741	0.0346	NaN	0.0281	0.3034
124.3075	0.1740	0.0344	NaN	0.0280	0.3034
124.3085	0.1739	0.0343	NaN	0.0279	0.3034
124.3087	0.1739	0.0343	NaN	0.0279	0.3034
124.3125	0.1738	0.0342	NaN	0.0278	0.3034
124.3138	0.1738	0.0343	NaN	0.0278	0.3035
124.3103	0.1739	0.0344	NaN	0.0279	0.3034
124.3136	0.1738	0.0343	NaN	0.0279	0.3034
124.3144	0.1738	0.0343	NaN	0.0279	0.3034
124.3160	0.1737	0.0343	NaN	0.0278	0.3035
124.3189	0.1735	0.0342	NaN	0.0277	0.3034
124.3181	0.1735	0.0342	NaN	0.0277	0.3034
124.3191	0.1733	0.0341	NaN	0.0277	0.3035
124.3219	0.1732	0.0340	NaN	0.0276	0.3035
124.3219	0.1732	0.0340	NaN	0.0276	0.3034
124.3234	0.1731	0.0339	NaN	0.0274	0.3034
124.3213	0.1731	0.0339	NaN	0.0274	0.3034
124.3256	0.1730	0.0338	NaN	0.0273	0.3034
124.3271	0.1729	0.0336	NaN	0.0272	0.3035
124.3272	0.1728	0.0336	NaN	0.0271	0.3035
124.3288	0.1724	0.0334	NaN	0.0269	0.3035
124.3296	0.1723	0.0332	NaN	0.0268	0.3035
124.3330	0.1722	0.0331	NaN	0.0267	0.3035
124.3347	0.1722	0.0330	NaN	0.0266	0.3038
124.3350	0.1722	0.0330	NaN	0.0266	0.3037
124.3367	0.1719	0.0328	NaN	0.0264	0.3035
124.3374	0.1718	0.0328	NaN	0.0264	0.3036
124.3369	0.1717	0.0327	NaN	0.0263	0.3036
124.3372	0.1716	0.0327	NaN	0.0263	0.3036
124.3382	0.1717	0.0327	NaN	0.0263	0.3036
124.3382	0.1717	0.0327	NaN	0.0263	0.3036
124.3410	0.1715	0.0325	NaN	0.0262	0.3036
124.3410	0.1714	0.0325	NaN	0.0261	0.3036
124.3422	0.1715	0.0324	NaN	0.0261	0.3036
124.3438	0.1712	0.0324	NaN	0.0261	0.3037
124.3458	0.1711	0.0323	NaN	0.0260	0.3037
124.3478	0.1704	0.0323	NaN	0.0260	0.3038
124.3469	0.1706	0.0323	NaN	0.0260	0.3038
124.3485	0.1708	0.0323	NaN	0.0260	0.3038
124.3516	0.1706	0.0321	NaN	0.0258	0.3037
124.3500	0.1708	0.0322	NaN	0.0258	0.3037
124.3526	0.1705	0.0321	NaN	0.0258	0.3038
124.3549	0.1700	0.0320	NaN	0.0257	0.3037
124.3534	0.1701	0.0322	NaN	0.0258	0.3038
124.3540	0.1699	0.0322	NaN	0.0258	0.3039
124.3553	0.1703	0.0322	NaN	0.0258	0.3041
124.3563	0.1701	0.0322	NaN	0.0259	0.3042
124.3604	0.1702	0.0320	NaN	0.0257	0.3042
124.3617	0.1703	0.0320	NaN	0.0256	0.3041
124.3629	0.1699	0.0319	NaN	0.0256	0.3040
124.3627	0.1696	0.0318	NaN	0.0255	0.3039
124.3658	0.1700	0.0318	NaN	0.0255	0.3038
124.3668	0.1700	0.0317	NaN	0.0254	0.3040
124.3660	0.1699	0.0315	NaN	0.0252	0.3042
124.3691	0.1699	0.0314	NaN	0.0250	0.3043
124.3701	0.1694	0.0313	NaN	0.0250	0.3042
124.3700	0.1691	0.0312	NaN	0.0249	0.3041
124.3722	0.1687	0.0310	NaN	0.0248	0.3041
124.3722	0.1685	0.0309	NaN	0.0247	0.3041
124.3745	0.1683	0.0309	NaN	0.0246	0.3042
124.3767	0.1681	0.0308	NaN	0.0245	0.3042
124.3761	0.1684	0.0308	NaN	0.0245	0.3041
124.3796	0.1682	0.0308	NaN	0.0245	0.3041
124.3811	0.1676	0.0307	NaN	0.0245	0.3041
124.3791	0.1669	0.0306	NaN	0.0244	0.3041
124.3813	0.1677	0.0305	NaN	0.0243	0.3040
124.3825	0.1682	0.0306	NaN	0.0243	0.3040
124.3841	0.1681	0.0305	NaN	0.0243	0.3039
124.3858	0.1681	0.0306	NaN	0.0243	0.3039
124.3868	0.1686	0.0306	NaN	0.0243	0.3040
124.3874	0.1681	0.0305	NaN	0.0243	0.3039
124.3864	0.1682	0.0305	NaN	0.0242	0.3040
124.3884	0.1677	0.0304	NaN	0.0241	0.3040
124.3909	0.1674	0.0302	NaN	0.0239	0.3039
124.3900	0.1673	0.0300	NaN	0.0238	0.3039
124.3919	0.1674	0.0300	NaN	0.0237	0.3040
124.3916	0.1672	0.0300	NaN	0.0238	0.3039
124.3933	0.1671	0.0300	NaN	0.0238	0.3038
124.3949	0.1666	0.0299	NaN	0.0237	0.3038
124.3941	0.1667	0.0299	NaN	0.0237	0.3039
124.3975	0.1670	0.0298	NaN	0.0236	0.3039
124.3998	0.1668	0.0297	NaN	0.0235	0.3040
124.3998	0.1664	0.0296	NaN	0.0234	0.3042
124.4029	0.1659	0.0294	NaN	0.0232	0.3041
124.4024	0.1660	0.0294	NaN	0.0233	0.3041
124.4030	0.1659	0.0295	NaN	0.0233	0.3041
124.4077	0.1659	0.0294	NaN	0.0232	0.3040
124.4064	0.1659	0.0294	NaN	0.0232	0.3041
124.4078	0.1657	0.0294	NaN	0.0232	0.3044
124.4100	0.1654	0.0292	NaN	0.0231	0.3043
124.4101	0.1654	0.0292	NaN	0.0231	0.3043
124.4104	0.1650	0.0292	NaN	0.0231	0.3044
124.4110	0.1647	0.0292	NaN	0.0231	0.3045
124.4119	0.1648	0.0292	NaN	0.0231	0.3045
124.4146	0.1648	0.0292	NaN	0.0230	0.3042
124.4167	0.1644	0.0290	NaN	0.0229	0.3042
124.4161	0.1640	0.0289	NaN	0.0229	0.3041
124.4190	0.1640	0.0289	NaN	0.0228	0.3044
124.4197	0.1639	0.0288	NaN	0.0227	0.3044
124.4209	0.1638	0.0288	NaN	0.0227	0.3043
124.4202	0.1633	0.0288	NaN	0.0227	0.3043
124.4225	0.1638	0.0287	NaN	0.0226	0.3045
124.4245	0.1639	0.0286	NaN	0.0225	0.3045
124.4244	0.1640	0.0285	NaN	0.0224	0.3046
124.4277	0.1626	0.0282	NaN	0.0222	0.3049
124.4288	0.1627	0.0281	NaN	0.0220	0.3055
124.4277	0.1627	0.0281	NaN	0.0220	0.3056
124.4303	0.1629	0.0279	NaN	0.0219	0.3055
124.4306	0.1629	0.0279	NaN	0.0219	0.3056
124.4334	0.1622	0.0278	NaN	0.0218	0.3057
124.4326	0.1618	0.0277	NaN	0.0217	0.3058
124.4323	0.1618	0.0277	NaN	0.0217	0.3060
124.4346	0.1615	0.0275	NaN	0.0216	0.3061
124.4374	0.1608	0.0275	NaN	0.0215	0.3061
124.4368	0.1614	0.0275	NaN	0.0215	0.3061
124.4408	0.1617	0.0274	NaN	0.0214	0.3060
124.4409	0.1618	0.0273	NaN	0.0213	0.3060
124.4426	0.1618	0.0273	NaN	0.0213	0.3060
124.4442	0.1611	0.0272	NaN	0.0212	0.3061
124.4445	0.1601	0.0273	NaN	0.0214	0.3060
124.4455	0.1608	0.0273	NaN	0.0214	0.3059
124.4472	0.1611	0.0273	NaN	0.0213	0.3060
124.4478	0.1601	0.0272	NaN	0.0213	0.3059
124.4512	0.1602	0.0271	NaN	0.0212	0.3057
124.4508	0.1603	0.0271	NaN	0.0211	0.3057
124.4511	0.1602	0.0270	NaN	0.0211	0.3056
124.4527	0.1605	0.0269	NaN	0.0210	0.3056
124.4534	0.1602	0.0268	NaN	0.0209	0.3054
124.4548	0.1598	0.0267	NaN	0.0208	0.3054
124.4553	0.1598	0.0267	NaN	0.0208	0.3054
124.4551	0.1600	0.0266	NaN	0.0207	0.3050
124.4585	0.1597	0.0265	NaN	0.0206	0.3050
124.4575	0.1594	0.0264	NaN	0.0205	0.3054
124.4584	0.1590	0.0264	NaN	0.0205	0.3056
124.4608	0.1588	0.0263	NaN	0.0204	0.3056
124.4609	0.1591	0.0263	NaN	0.0204	0.3057
124.4635	0.1589	0.0262	NaN	0.0203	0.3056
124.4631	0.1591	0.0263	NaN	0.0204	0.3057
124.4655	0.1593	0.0263	NaN	0.0204	0.3059
124.4676	0.1592	0.0262	NaN	0.0203	0.3060
124.4674	0.1586	0.0262	NaN	0.0203	0.3060
124.4709	0.1581	0.0261	NaN	0.0202	0.3060
124.4705	0.1583	0.0261	NaN	0.0203	0.3060
124.4718	0.1581	0.0261	NaN	0.0202	0.3060
124.4740	0.1581	0.0260	NaN	0.0201	0.3060
124.4730	0.1574	0.0258	NaN	0.0200	0.3059
124.4731	0.1575	0.0258	NaN	0.0200	0.3059
124.4753	0.1578	0.0258	NaN	0.0200	0.3060
124.4763	0.1574	0.0258	NaN	0.0199	0.3059
124.4800	0.1568	0.0255	NaN	0.0197	0.3059
124.4800	0.1568	0.0254	NaN	0.0195	0.3059
124.4825	0.1562	0.0252	NaN	0.0194	0.3059
124.4816	0.1562	0.0251	NaN	0.0192	0.3058
124.4840	0.1560	0.0250	NaN	0.0192	0.3058
124.4856	0.1557	0.0249	NaN	0.0191	0.3058
124.4879	0.1553	0.0249	NaN	0.0191	0.3059
124.4872	0.1553	0.0249	NaN	0.0191	0.3059
124.4884	0.1552	0.0248	NaN	0.0191	0.3058
124.4889	0.1553	0.0249	NaN	0.0192	0.3058
124.4901	0.1550	0.0249	NaN	0.0191	0.3058
124.4922	0.1551	0.0249	NaN	0.0192	0.3058
124.4927	0.1552	0.0250	NaN	0.0192	0.3058
124.4948	0.1553	0.0249	NaN	0.0191	0.3059
124.4961	0.1556	0.0250	NaN	0.0192	0.3059
124.4965	0.1558	0.0250	NaN	0.0192	0.3060
124.4974	0.1555	0.0249	NaN	0.0191	0.3060
124.4983	0.1551	0.0248	NaN	0.0190	0.3059
124.4992	0.1551	0.0247	NaN	0.0189	0.3059
124.5018	0.1548	0.0246	NaN	0.0188	0.3058
124.5015	0.1547	0.0246	NaN	0.0188	0.3057
124.5039	0.1544	0.0244	NaN	0.0186	0.3057
124.5030	0.1542	0.0244	NaN	0.0186	0.3057
124.5027	0.1539	0.0243	NaN	0.0185	0.3057
124.5059	0.1536	0.0242	NaN	0.0184	0.3056
124.5054	0.1538	0.0242	NaN	0.0185	0.3057
124.5066	0.1539	0.0242	NaN	0.0184	0.3057
124.5100	0.1537	0.0241	NaN	0.0184	0.3057
124.5081	0.1539	0.0241	NaN	0.0184	0.3057
124.5105	0.1535	0.0240	NaN	0.0183	0.3057
124.5109	0.1535	0.0240	NaN	0.0183	0.3057
124.5137	0.1533	0.0240	NaN	0.0183	0.3056
124.5174	0.1529	0.0239	NaN	0.0182	0.3054
124.5154	0.1529	0.0239	NaN	0.0182	0.3053
124.5184	0.1532	0.0239	NaN	0.0182	0.3053
124.5209	0.1527	0.0238	NaN	0.0181	0.3053
124.5195	0.1526	0.0237	NaN	0.0180	0.3052
124.5230	0.1524	0.0236	NaN	0.0180	0.3052
124.5207	0.1524	0.0237	NaN	0.0180	0.3053
124.5224	0.1525	0.0237	NaN	0.0180	0.3053
124.5261	0.1523	0.0236	NaN	0.0180	0.3052
124.5254	0.1526	0.0237	NaN	0.0180	0.3052
124.5275	0.1527	0.0236	NaN	0.0179	0.3052
124.5280	0.1527	0.0236	NaN	0.0179	0.3051
124.5298	0.1521	0.0234	NaN	0.0178	0.3050
124.5297	0.1520	0.0233	NaN	0.0177	0.3049
124.5305	0.1518	0.0233	NaN	0.0177	0.3050
124.5318	0.1514	0.0231	NaN	0.0175	0.3049
124.5334	0.1512	0.0230	NaN	0.0174	0.3049
124.5342	0.1510	0.0229	NaN	0.0173	0.3048
124.5356	0.1508	0.0229	NaN	0.0173	0.3049
124.5340	0.1509	0.0229	NaN	0.0173	0.3050
124.5370	0.1507	0.0228	NaN	0.0173	0.3050
124.5403	0.1503	0.0228	NaN	0.0172	0.3050
124.5395	0.1504	0.0228	NaN	0.0172	0.3050
124.5415	0.1506	0.0229	NaN	0.0173	0.3050
124.5421	0.1506	0.0229	NaN	0.0173	0.3050
124.5430	0.1507	0.0229	NaN	0.0173	0.3050
124.5446	0.1506	0.0229	NaN	0.0173	0.3049
124.5440	0.1505	0.0229	NaN	0.0173	0.3050
124.5462	0.1503	0.0228	NaN	0.0172	0.3050
124.5476	0.1500	0.0227	NaN	0.0171	0.3050
124.5485	0.1498	0.0227	NaN	0.0171	0.3050
124.5494	0.1499	0.0226	NaN	0.0170	0.3050
124.5512	0.1497	0.0226	NaN	0.0170	0.3050
124.5509	0.1493	0.0225	NaN	0.0169	0.3050
124.5532	0.1492	0.0224	NaN	0.0168	0.3050
124.5546	0.1492	0.0224	NaN	0.0168	0.3050
124.5554	0.1491	0.0223	NaN	0.0168	0.3050
124.5581	0.1490	0.0223	NaN	0.0167	0.3050
124.5578	0.1490	0.0223	NaN	0.0167	0.3051
124.5585	0.1490	0.0222	NaN	0.0167	0.3051
124.5590	0.1491	0.0222	NaN	0.0167	0.3050
124.5614	0.1487	0.0222	NaN	0.0166	0.3051
124.5638	0.1485	0.0221	NaN	0.0166	0.3050
124.5623	0.1487	0.0222	NaN	0.0166	0.3051
124.5647	0.1487	0.0221	NaN	0.0166	0.3051
124.5673	0.1483	0.0220	NaN	0.0165	0.3052
124.5657	0.1478	0.0220	NaN	0.0165	0.3052
124.5688	0.1476	0.0219	NaN	0.0165	0.3052
124.5700	0.1473	0.0219	NaN	0.0164	0.3050
124.5707	0.1475	0.0218	NaN	0.0164	0.3051
124.5724	0.1475	0.0218	NaN	0.0163	0.3050
124.5730	0.1476	0.0217	NaN	0.0162	0.3050
124.5753	0.1473	0.0217	NaN	0.0162	0.3052
124.5766	0.1471	0.0217	NaN	0.0162	0.3051
124.5772	0.1470	0.0216	NaN	0.0161	0.3050
124.5802	0.1470	0.0215	NaN	0.0160	0.3051
124.5794	0.1470	0.0215	NaN	0.0160	0.3053
124.5811	0.1467	0.0214	NaN	0.0160	0.3053
124.5822	0.1467	0.0214	NaN	0.0159	0.3053
124.5818	0.1469	0.0214	NaN	0.0159	0.3053
124.5847	0.1466	0.0213	NaN	0.0159	0.3054
124.5854	0.1467	0.0213	NaN	0.0158	0.3054
124.5871	0.1464	0.0212	NaN	0.0158	0.3055
124.5896	0.1463	0.0212	NaN	0.0158	0.3055
124.5908	0.1464	0.0213	NaN	0.0158	0.3056
124.5925	0.1466	0.0213	NaN	0.0158	0.3058
124.5928	0.1466	0.0213	NaN	0.0158	0.3060
124.5925	0.1465	0.0212	NaN	0.0158	0.3061
124.5946	0.1464	0.0211	NaN	0.0157	0.3060
124.5935	0.1463	0.0210	NaN	0.0156	0.3060
124.5966	0.1459	0.0209	NaN	0.0155	0.3062
124.5989	0.1458	0.0209	NaN	0.0155	0.3063
124.5965	0.1457	0.0209	NaN	0.0155	0.3066
124.6004	0.1454	0.0209	NaN	0.0155	0.3067
124.5999	0.1452	0.0208	NaN	0.0154	0.3067
124.6008	0.1451	0.0207	NaN	0.0153	0.3066
124.6026	0.1448	0.0206	NaN	0.0152	0.3066
124.6028	0.1448	0.0206	NaN	0.0152	0.3067
124.6054	0.1448	0.0206	NaN	0.0152	0.3067
124.6065	0.1448	0.0206	NaN	0.0152	0.3067
124.6068	0.1447	0.0206	NaN	0.0152	0.3068
124.6092	0.1446	0.0205	NaN	0.0151	0.3067
124.6084	0.1444	0.0205	NaN	0.0151	0.3067
124.6097	0.1442	0.0204	NaN	0.0150	0.3067
124.6120	0.1441	0.0204	NaN	0.0150	0.3068
124.6122	0.1441	0.0202	NaN	0.0149	0.3066
124.6128	0.1441	0.0202	NaN	0.0148	0.3065
124.6165	0.1440	0.0202	NaN	0.0149	0.3064
124.6147	0.1441	0.0203	NaN	0.0149	0.3063
124.6169	0.1441	0.0202	NaN	0.0149	0.3061
124.6185	0.1440	0.0202	NaN	0.0148	0.3061
124.6203	0.1438	0.0201	NaN	0.0148	0.3061
124.6215	0.1436	0.0201	NaN	0.0147	0.3062
124.6199	0.1436	0.0201	NaN	0.0147	0.3063
124.6231	0.1433	0.0200	NaN	0.0146	0.3064
124.6238	0.1432	0.0199	NaN	0.0146	0.3065
124.6240	0.1432	0.0198	NaN	0.0145	0.3064
124.6269	0.1432	0.0197	NaN	0.0144	0.3062
124.6290	0.1432	0.0197	NaN	0.0143	0.3062
124.6286	0.1432	0.0197	NaN	0.0143	0.3064
124.6327	0.1432	0.0196	NaN	0.0143	0.3065
124.6323	0.1432	0.0197	NaN	0.0143	0.3066
124.6320	0.1432	0.0197	NaN	0.0143	0.3066
124.6321	0.1431	0.0196	NaN	0.0143	0.3066
124.6352	0.1430	0.0195	NaN	0.0142	0.3063
124.6368	0.1430	0.0195	NaN	0.0142	0.3061
124.6362	0.1430	0.0196	NaN	0.0142	0.3060
124.6364	0.1431	0.0196	NaN	0.0142	0.3059
124.6379	0.1431	0.0195	NaN	0.0142	0.3060
124.6389	0.1430	0.0195	NaN	0.0141	0.3060
124.6422	0.1430	0.0195	NaN	0.0141	0.3060
124.6434	0.1429	0.0194	NaN	0.0140	0.3060
124.6439	0.1428	0.0193	NaN	0.0140	0.3059
124.6459	0.1428	0.0193	NaN	0.0140	0.3057
124.6459	0.1430	0.0193	NaN	0.0139	0.3057
124.6479	0.1431	0.0192	NaN	0.0138	0.3055
124.6500	0.1428	0.0191	NaN	0.0138	0.3054
124.6494	0.1425	0.0191	NaN	0.0138	0.3055
124.6504	0.1427	0.0191	NaN	0.0137	0.3055
124.6500	0.1430	0.0191	NaN	0.0138	0.3055
124.6514	0.1432	0.0191	NaN	0.0138	0.3056
124.6527	0.1427	0.0191	NaN	0.0137	0.3055
124.6549	0.1427	0.0190	NaN	0.0137	0.3054
124.6570	0.1425	0.0190	NaN	0.0136	0.3054
124.6570	0.1427	0.0190	NaN	0.0136	0.3054
124.6575	0.1429	0.0190	NaN	0.0136	0.3054
124.6602	0.1428	0.0190	NaN	0.0136	0.3055
124.6595	0.1428	0.0190	NaN	0.0136	0.3055
124.6604	0.1426	0.0189	NaN	0.0136	0.3057
124.6619	0.1428	0.0189	NaN	0.0135	0.3055
124.6638	0.1427	0.0189	NaN	0.0135	0.3055
124.6661	0.1426	0.0188	NaN	0.0135	0.3056
124.6653	0.1429	0.0188	NaN	0.0134	0.3055
124.6675	0.1428	0.0188	NaN	0.0134	0.3056
124.6695	0.1428	0.0187	NaN	0.0133	0.3056
124.6697	0.1431	0.0187	NaN	0.0133	0.3056
124.6727	0.1427	0.0186	NaN	0.0133	0.3056
124.6744	0.1426	0.0186	NaN	0.0132	0.3056
124.6730	0.1429	0.0186	NaN	0.0132	0.3056
124.6748	0.1430	0.0186	NaN	0.0132	0.3057
124.6751	0.1425	0.0186	NaN	0.0132	0.3058
124.6775	0.1427	0.0185	NaN	0.0131	0.3056
124.6779	0.1431	0.0184	NaN	0.0131	0.3056
124.6791	0.1433	0.0184	NaN	0.0130	0.3057
124.6818	0.1435	0.0184	NaN	0.0130	0.3059
124.6825	0.1435	0.0183	NaN	0.0130	0.3062
124.6840	0.1437	0.0183	NaN	0.0129	0.3063
124.6861	0.1437	0.0183	NaN	0.0129	0.3064
124.6863	0.1435	0.0183	NaN	0.0129	0.3064
124.6889	0.1432	0.0183	NaN	0.0130	0.3063
124.6884	0.1430	0.0184	NaN	0.0130	0.3061
124.6885	0.1429	0.0184	NaN	0.0130	0.3061
124.6902	0.1437	0.0184	NaN	0.0130	0.3061
124.6906	0.1437	0.0184	NaN	0.0130	0.3061
124.6911	0.1438	0.0183	NaN	0.0129	0.3063
124.6933	0.1440	0.0183	NaN	0.0129	0.3065
124.6940	0.1442	0.0182	NaN	0.0128	0.3065
124.6954	0.1442	0.0181	NaN	0.0127	0.3066
124.6972	0.1445	0.0181	NaN	0.0127	0.3066
124.6978	0.1446	0.0181	NaN	0.0126	0.3066
124.6990	0.1448	0.0180	NaN	0.0126	0.3071
124.6992	0.1448	0.0181	NaN	0.0126	0.3071
124.7021	0.1451	0.0180	NaN	0.0126	0.3073
124.7035	0.1451	0.0180	NaN	0.0125	0.3073
124.7029	0.1452	0.0179	NaN	0.0125	0.3075
124.7063	0.1455	0.0179	NaN	0.0125	0.3075
124.7067	0.1456	0.0179	NaN	0.0125	0.3073
124.7056	0.1453	0.0180	NaN	0.0125	0.3074
124.7077	0.1454	0.0180	NaN	0.0125	0.3077
124.7075	0.1454	0.0179	NaN	0.0125	0.3078
124.7094	0.1461	0.0179	NaN	0.0124	0.3077
124.7112	0.1465	0.0179	NaN	0.0124	0.3075
124.7118	0.1463	0.0178	NaN	0.0124	0.3073
124.7139	0.1463	0.0179	NaN	0.0124	0.3073
124.7130	0.1461	0.0179	NaN	0.0124	0.3070
124.7173	0.1464	0.0178	NaN	0.0123	0.3069
124.7191	0.1469	0.0178	NaN	0.0123	0.3070
124.7192	0.1472	0.0177	NaN	0.0122	0.3069
124.7197	0.1482	0.0177	NaN	0.0122	0.3071
124.7214	0.1492	0.0177	NaN	0.0121	0.3073
124.7226	0.1496	0.0177	NaN	0.0121	0.3075
124.7236	0.1501	0.0176	NaN	0.0120	0.3076
124.7236	0.1504	0.0176	NaN	0.0120	0.3075
124.7250	0.1508	0.0176	NaN	0.0120	0.3075
124.7291	0.1518	0.0176	NaN	0.0119	0.3077
124.7266	0.1518	0.0176	NaN	0.0119	0.3077
124.7306	0.1519	0.0176	NaN	0.0119	0.3078
124.7327	0.1524	0.0176	NaN	0.0119	0.3079
124.7326	0.1527	0.0176	NaN	0.0119	0.3079
124.7343	0.1530	0.0176	NaN	0.0119	0.3079
124.7341	0.1531	0.0176	NaN	0.0119	0.3079
124.7357	0.1531	0.0176	NaN	0.0119	0.3079
124.7362	0.1533	0.0176	NaN	0.0119	0.3079
124.7369	0.1542	0.0176	NaN	0.0118	0.3080
124.7385	0.1541	0.0176	NaN	0.0118	0.3080
124.7398	0.1539	0.0176	NaN	0.0118	0.3080
124.7406	0.1544	0.0176	NaN	0.0118	0.3080
124.7430	0.1553	0.0176	NaN	0.0118	0.3079
124.7441	0.1564	0.0176	NaN	0.0117	0.3078
124.7461	0.1572	0.0176	NaN	0.0117	0.3078
124.7476	0.1579	0.0176	NaN	0.0117	0.3079
124.7469	0.1590	0.0176	NaN	0.0117	0.3079
124.7496	0.1609	0.0176	NaN	0.0116	0.3077
124.7482	0.1614	0.0176	NaN	0.0116	0.3075
124.7506	0.1616	0.0176	NaN	0.0116	0.3074
124.7521	0.1611	0.0176	NaN	0.0116	0.3075
124.7521	0.1602	0.0176	NaN	0.0116	0.3079
124.7540	0.1613	0.0176	NaN	0.0116	0.3081
124.7561	0.1629	0.0177	NaN	0.0116	0.3081
124.7574	0.1631	0.0177	NaN	0.0116	0.3080
124.7578	0.1621	0.0176	NaN	0.0116	0.3081
124.7556	0.1604	0.0176	NaN	0.0116	0.3081
124.7580	0.1602	0.0176	NaN	0.0116	0.3081
124.7593	0.1610	0.0176	NaN	0.0116	0.3081
124.7595	0.1615	0.0176	NaN	0.0116	0.3081
124.7614	0.1623	0.0177	NaN	0.0116	0.3081
124.7644	0.1643	0.0177	NaN	0.0116	0.3081
124.7652	0.1643	0.0177	NaN	0.0116	0.3081
124.7666	0.1653	0.0177	NaN	0.0116	0.3079
124.7659	0.1671	0.0177	NaN	0.0115	0.3077
124.7693	0.1695	0.0178	NaN	0.0115	0.3077
124.7705	0.1711	0.0178	NaN	0.0114	0.3076
124.7709	0.1741	0.0179	NaN	0.0114	0.3071
124.7723	0.1775	0.0180	NaN	0.0114	0.3068
124.7721	0.1797	0.0180	NaN	0.0113	0.3065
124.7745	0.1819	0.0181	NaN	0.0113	0.3068
124.7767	0.1845	0.0181	NaN	0.0113	0.3069
124.7773	0.1828	0.0181	NaN	0.0113	0.3072
124.7785	0.1842	0.0181	NaN	0.0113	0.3074
124.7824	0.1890	0.0182	NaN	0.0113	0.3076
124.7810	0.1880	0.0182	NaN	0.0113	0.3077
124.7810	0.1883	0.0182	NaN	0.0112	0.3078
124.7823	0.1891	0.0182	NaN	0.0112	0.3077
124.7835	0.1936	0.0184	NaN	0.0112	0.3074
124.7858	0.2010	0.0186	NaN	0.0112	0.3073
124.7854	0.2029	0.0186	NaN	0.0111	0.3073
124.7868	0.2055	0.0187	NaN	0.0111	0.3071
124.7884	0.2088	0.0188	NaN	0.0111	0.3073
124.7907	0.2113	0.0189	NaN	0.0111	0.3075
124.7916	0.2093	0.0189	NaN	0.0111	0.3076
124.7918	0.2051	0.0187	NaN	0.0111	0.3077
124.7941	0.2056	0.0188	NaN	0.0111	0.3079
124.7968	0.2070	0.0188	NaN	0.0111	0.3077
124.7952	0.2077	0.0188	NaN	0.0111	0.3077
124.7968	0.2138	0.0190	NaN	0.0111	0.3078
124.7983	0.2163	0.0191	NaN	0.0111	0.3079
124.7976	0.2127	0.0189	NaN	0.0111	0.3078
124.8015	0.2197	0.0192	NaN	0.0111	0.3077
124.8005	0.2228	0.0193	NaN	0.0111	0.3077
124.8033	0.2241	0.0193	NaN	0.0110	0.3078
124.8041	0.2326	0.0196	NaN	0.0110	0.3078
124.8048	0.2358	0.0197	NaN	0.0110	0.3079
124.8063	0.2382	0.0198	NaN	0.0110	0.3080
124.8074	0.2407	0.0199	NaN	0.0110	0.3082
124.8085	0.2432	0.0199	NaN	0.0110	0.3082
124.8116	0.2579	0.0204	NaN	0.0109	0.3079
124.8120	0.2683	0.0208	NaN	0.0109	0.3079
124.8134	0.2792	0.0211	NaN	0.0109	0.3080
124.8155	0.2816	0.0212	NaN	0.0109	0.3079
124.8143	0.2830	0.0212	NaN	0.0109	0.3080
124.8177	0.2846	0.0213	NaN	0.0108	0.3080
124.8165	0.2841	0.0212	NaN	0.0108	0.3078
124.8187	0.2830	0.0212	NaN	0.0108	0.3077
124.8206	0.2825	0.0212	NaN	0.0108	0.3077
124.8207	0.2830	0.0212	NaN	0.0108	0.3078
124.8217	0.2834	0.0212	NaN	0.0109	0.3078
124.8239	0.2836	0.0212	NaN	0.0108	0.3078
124.8232	0.2823	0.0212	NaN	0.0108	0.3080
124.8245	0.2791	0.0210	NaN	0.0108	0.3080
124.8246	0.2787	0.0210	NaN	0.0108	0.3080
124.8274	0.2770	0.0209	NaN	0.0108	0.3080
124.8279	0.2785	0.0210	NaN	0.0108	0.3078
124.8291	0.2791	0.0210	NaN	0.0108	0.3077
124.8305	0.2742	0.0208	NaN	0.0108	0.3076
124.8314	0.2698	0.0206	NaN	0.0107	0.3075
124.8336	0.2651	0.0204	NaN	0.0107	0.3072
124.8333	0.2641	0.0204	NaN	0.0107	0.3070
124.8354	0.2634	0.0203	NaN	0.0107	0.3070
124.8365	0.2641	0.0204	NaN	0.0107	0.3069
124.8375	0.2653	0.0204	NaN	0.0107	0.3069
124.8378	0.2675	0.0205	NaN	0.0107	0.3073
124.8399	0.2648	0.0204	NaN	0.0107	0.3076
124.8393	0.2651	0.0204	NaN	0.0107	0.3076
124.8426	0.2639	0.0203	NaN	0.0107	0.3074
124.8426	0.2632	0.0203	NaN	0.0107	0.3073
124.8438	0.2640	0.0204	NaN	0.0107	0.3074
124.8448	0.2625	0.0203	NaN	0.0107	0.3071
124.8471	0.2620	0.0203	NaN	0.0107	0.3070
124.8469	0.2621	0.0203	NaN	0.0107	0.3069
124.8485	0.2630	0.0203	NaN	0.0106	0.3068
124.8486	0.2632	0.0202	NaN	0.0106	0.3068
124.8511	0.2644	0.0203	NaN	0.0106	0.3068
124.8527	0.2664	0.0203	NaN	0.0106	0.3067
124.8518	0.2703	0.0205	NaN	0.0106	0.3067
124.8559	0.2782	0.0207	NaN	0.0105	0.3067
124.8547	0.2776	0.0207	NaN	0.0105	0.3067
124.8563	0.2774	0.0207	NaN	0.0105	0.3067
124.8584	0.2750	0.0206	NaN	0.0106	0.3068
124.8585	0.2768	0.0207	NaN	0.0105	0.3067
124.8607	0.2816	0.0208	NaN	0.0105	0.3066
124.8622	0.2839	0.0209	NaN	0.0105	0.3066
124.8613	0.2789	0.0208	NaN	0.0106	0.3066
124.8642	0.2845	0.0209	NaN	0.0105	0.3068
124.8628	0.2857	0.0210	NaN	0.0105	0.3068
124.8661	0.2937	0.0213	NaN	0.0105	0.3067
124.8687	0.3048	0.0216	NaN	0.0105	0.3066
124.8693	0.3044	0.0216	NaN	0.0105	0.3066
124.8704	0.3046	0.0216	NaN	0.0105	0.3066
124.8727	0.3031	0.0216	NaN	0.0105	0.3066
124.8719	0.3008	0.0215	NaN	0.0105	0.3066
124.8745	0.3016	0.0215	NaN	0.0105	0.3066
124.8745	0.3144	0.0220	NaN	0.0105	0.3066
124.8750	0.3219	0.0222	NaN	0.0105	0.3067
124.8752	0.3378	0.0228	NaN	0.0105	0.3066
124.8762	0.3460	0.0231	NaN	0.0105	0.3066
124.8792	0.3630	0.0236	NaN	0.0105	0.3067
124.8797	0.3977	0.0249	NaN	0.0104	0.3068
124.8794	0.4018	0.0250	NaN	0.0104	0.3067
124.8818	0.4441	0.0265	NaN	0.0104	0.3068
124.8825	0.4521	0.0268	NaN	0.0104	0.3069
124.8838	0.4628	0.0272	NaN	0.0104	0.3070
124.8869	0.4850	0.0280	NaN	0.0104	0.3070
124.8865	0.4733	0.0275	NaN	0.0104	0.3069
124.8873	0.4751	0.0276	NaN	0.0104	0.3068
124.8871	0.4671	0.0273	NaN	0.0104	0.3068
124.8916	0.4529	0.0268	NaN	0.0104	0.3068
124.8927	0.4462	0.0266	NaN	0.0104	0.3068
124.8921	0.4513	0.0268	NaN	0.0104	0.3068
124.8951	0.4776	0.0278	NaN	0.0104	0.3068
124.8976	0.4963	0.0284	NaN	0.0104	0.3071
124.8972	0.5093	0.0289	NaN	0.0104	0.3069
124.8988	0.5291	0.0295	NaN	0.0104	0.3070
124.8974	0.5321	0.0297	NaN	0.0104	0.3071
124.8995	0.5378	0.0298	NaN	0.0104	0.3072
124.9014	0.5361	0.0298	NaN	0.0104	0.3073
124.9035	0.5326	0.0297	NaN	0.0104	0.3074
124.9047	0.5320	0.0296	NaN	0.0104	0.3074
124.9066	0.5284	0.0295	NaN	0.0104	0.3074
124.9080	0.5251	0.0294	NaN	0.0104	0.3074
124.9091	0.5221	0.0293	NaN	0.0104	0.3074
124.9079	0.5246	0.0294	NaN	0.0104	0.3074
124.9107	0.5212	0.0292	NaN	0.0104	0.3074
124.9127	0.5135	0.0290	NaN	0.0104	0.3073
124.9113	0.5093	0.0288	NaN	0.0104	0.3074
124.9127	0.5055	0.0287	NaN	0.0104	0.3073
124.9148	0.5050	0.0286	NaN	0.0104	0.3072
124.9169	0.5049	0.0286	NaN	0.0104	0.3071
124.9176	0.5052	0.0286	NaN	0.0104	0.3072
124.9172	0.5046	0.0286	NaN	0.0104	0.3072
124.9183	0.5055	0.0287	NaN	0.0104	0.3073
124.9226	0.5104	0.0288	NaN	0.0103	0.3072
124.9213	0.5150	0.0290	NaN	0.0103	0.3072
124.9240	0.5246	0.0293	NaN	0.0103	0.3072
124.9233	0.5251	0.0293	NaN	0.0103	0.3072
124.9249	0.5293	0.0295	NaN	0.0103	0.3072
124.9262	0.5301	0.0295	NaN	0.0103	0.3073
124.9266	0.5299	0.0295	NaN	0.0103	0.3075
124.9281	0.5318	0.0295	NaN	0.0103	0.3077
124.9303	0.5331	0.0296	NaN	0.0103	0.3076
124.9310	0.5325	0.0296	NaN	0.0103	0.3075
124.9335	0.5327	0.0296	NaN	0.0103	0.3075
124.9319	0.5332	0.0296	NaN	0.0103	0.3075
124.9354	0.5193	0.0291	NaN	0.0103	0.3077
124.9371	0.5052	0.0286	NaN	0.0103	0.3079
124.9374	0.5017	0.0285	NaN	0.0103	0.3080
124.9390	0.4867	0.0279	NaN	0.0103	0.3082
124.9416	0.4754	0.0275	NaN	0.0103	0.3082
124.9405	0.4622	0.0270	NaN	0.0103	0.3083
124.9417	0.4412	0.0263	NaN	0.0103	0.3083
124.9419	0.4433	0.0263	NaN	0.0103	0.3084
124.9432	0.4281	0.0258	NaN	0.0103	0.3085
124.9457	0.4157	0.0254	NaN	0.0103	0.3085
124.9432	0.4186	0.0255	NaN	0.0103	0.3085
124.9454	0.4102	0.0252	NaN	0.0103	0.3086
124.9477	0.4119	0.0252	NaN	0.0103	0.3085
124.9495	0.4151	0.0253	NaN	0.0103	0.3085
124.9499	0.4063	0.0250	NaN	0.0103	0.3085
124.9494	0.4051	0.0250	NaN	0.0103	0.3086
124.9520	0.3995	0.0248	NaN	0.0102	0.3086
124.9544	0.3957	0.0247	NaN	0.0103	0.3086
124.9542	0.3954	0.0246	NaN	0.0103	0.3086
124.9557	0.3954	0.0246	NaN	0.0103	0.3087
124.9568	0.3955	0.0246	NaN	0.0103	0.3088
124.9585	0.3959	0.0247	NaN	0.0103	0.3089
124.9592	0.3989	0.0248	NaN	0.0103	0.3089
124.9594	0.3994	0.0248	NaN	0.0102	0.3089
124.9629	0.4030	0.0249	NaN	0.0103	0.3090
124.9629	0.4043	0.0249	NaN	0.0103	0.3090
124.9629	0.4035	0.0249	NaN	0.0102	0.3091
124.9641	0.4029	0.0249	NaN	0.0102	0.3090
124.9645	0.3994	0.0248	NaN	0.0103	0.3090
124.9673	0.3994	0.0248	NaN	0.0103	0.3090
124.9665	0.4022	0.0249	NaN	0.0103	0.3089
124.9675	0.4056	0.0250	NaN	0.0103	0.3089
124.9690	0.4113	0.0252	NaN	0.0103	0.3089
124.9713	0.4137	0.0253	NaN	0.0102	0.3090
124.9727	0.4152	0.0253	NaN	0.0103	0.3091
124.9749	0.4152	0.0253	NaN	0.0103	0.3091
124.9733	0.4153	0.0253	NaN	0.0103	0.3091
124.9758	0.4145	0.0253	NaN	0.0103	0.3091
124.9781	0.4139	0.0253	NaN	0.0103	0.3091
124.9773	0.4135	0.0253	NaN	0.0103	0.3090
124.9796	0.4124	0.0252	NaN	0.0102	0.3088
124.9770	0.4158	0.0253	NaN	0.0102	0.3089
124.9804	0.4110	0.0252	NaN	0.0102	0.3089
124.9842	0.4056	0.0250	NaN	0.0103	0.3089
124.9830	0.4071	0.0250	NaN	0.0103	0.3087
124.9851	0.3985	0.0247	NaN	0.0103	0.3086
124.9857	0.3973	0.0247	NaN	0.0102	0.3085
124.9852	0.3969	0.0247	NaN	0.0102	0.3083
124.9883	0.3961	0.0247	NaN	0.0103	0.3082
124.9873	0.3962	0.0246	NaN	0.0103	0.3082
124.9890	0.3954	0.0246	NaN	0.0103	0.3084
124.9922	0.3969	0.0247	NaN	0.0103	0.3086
124.9916	0.3973	0.0247	NaN	0.0103	0.3087
124.9938	0.4012	0.0248	NaN	0.0103	0.3086
124.9929	0.4007	0.0248	NaN	0.0102	0.3085
124.9953	0.4040	0.0249	NaN	0.0103	0.3087
124.9967	0.4082	0.0251	NaN	0.0103	0.3088
124.9964	0.4087	0.0251	NaN	0.0103	0.3088
124.9989	0.4137	0.0253	NaN	0.0103	0.3089
125.0022	0.4239	0.0257	NaN	0.0103	0.3089
125.0034	0.4300	0.0259	NaN	0.0103	0.3089
125.0038	0.4305	0.0259	NaN	0.0103	0.3089
125.0040	0.4289	0.0259	NaN	0.0103	0.3089
125.0064	0.4245	0.0257	NaN	0.0103	0.3089
125.0064	0.4236	0.0257	NaN	0.0103	0.3089
125.0073	0.4173	0.0255	NaN	0.0103	0.3089
125.0110	0.3997	0.0249	NaN	0.0103	0.3090
125.0130	0.3768	0.0241	NaN	0.0103	0.3090
125.0114	0.3586	0.0234	NaN	0.0104	0.3090
125.0119	0.3456	0.0229	NaN	0.0104	0.3090
125.0108	0.3424	0.0228	NaN	0.0104	0.3090
125.0144	0.3301	0.0224	NaN	0.0103	0.3091
125.0166	0.3040	0.0215	NaN	0.0104	0.3092
125.0161	0.3081	0.0216	NaN	0.0104	0.3092
125.0172	0.3081	0.0216	NaN	0.0104	0.3092
125.0174	0.3023	0.0214	NaN	0.0104	0.3091
125.0200	0.2755	0.0204	NaN	0.0104	0.3092
125.0214	0.2499	0.0195	NaN	0.0104	0.3092
125.0208	0.2441	0.0193	NaN	0.0104	0.3093
125.0229	0.2317	0.0189	NaN	0.0104	0.3093
125.0245	0.2177	0.0184	NaN	0.0104	0.3093
125.0250	0.2252	0.0187	NaN	0.0104	0.3091
125.0271	0.2191	0.0185	NaN	0.0104	0.3091
125.0277	0.2123	0.0182	NaN	0.0104	0.3091
125.0300	0.2108	0.0182	NaN	0.0104	0.3090
125.0308	0.2072	0.0181	NaN	0.0104	0.3087
125.0307	0.2020	0.0179	NaN	0.0104	0.3085
125.0315	0.2008	0.0178	NaN	0.0104	0.3087
125.0350	0.1978	0.0177	NaN	0.0104	0.3089
125.0367	0.1967	0.0177	NaN	0.0104	0.3092
125.0381	0.1903	0.0175	NaN	0.0105	0.3094
125.0381	0.1922	0.0176	NaN	0.0104	0.3095
125.0391	0.1881	0.0174	NaN	0.0105	0.3095
125.0410	0.1875	0.0174	NaN	0.0104	0.3095
125.0408	0.1926	0.0176	NaN	0.0105	0.3088
125.0414	0.1959	0.0177	NaN	0.0104	0.3086
125.0460	0.1880	0.0174	NaN	0.0105	0.3086
125.0455	0.1841	0.0173	NaN	0.0105	0.3086
125.0462	0.1832	0.0173	NaN	0.0105	0.3086
125.0456	0.1836	0.0173	NaN	0.0105	0.3086
125.0483	0.1831	0.0173	NaN	0.0105	0.3088
125.0494	0.1827	0.0173	NaN	0.0105	0.3090
125.0500	0.1818	0.0172	NaN	0.0105	0.3090
125.0523	0.1792	0.0172	NaN	0.0105	0.3090
125.0527	0.1787	0.0172	NaN	0.0106	0.3091
125.0536	0.1760	0.0171	NaN	0.0106	0.3094
125.0564	0.1753	0.0171	NaN	0.0106	0.3096
125.0568	0.1747	0.0171	NaN	0.0106	0.3097
125.0571	0.1746	0.0171	NaN	0.0106	0.3096
125.0604	0.1729	0.0170	NaN	0.0106	0.3097
125.0592	0.1726	0.0170	NaN	0.0106	0.3097
125.0615	0.1704	0.0169	NaN	0.0106	0.3097
125.0619	0.1705	0.0169	NaN	0.0106	0.3098
125.0625	0.1709	0.0169	NaN	0.0106	0.3098
125.0649	0.1726	0.0170	NaN	0.0106	0.3098
125.0672	0.1727	0.0170	NaN	0.0106	0.3098
125.0669	0.1723	0.0170	NaN	0.0106	0.3098
125.0691	0.1713	0.0170	NaN	0.0106	0.3098
125.0687	0.1712	0.0170	NaN	0.0106	0.3098
125.0695	0.1691	0.0169	NaN	0.0106	0.3098
125.0711	0.1707	0.0169	NaN	0.0106	0.3098
125.0711	0.1699	0.0169	NaN	0.0106	0.3098
125.0735	0.1678	0.0169	NaN	0.0106	0.3097
125.0750	0.1678	0.0169	NaN	0.0106	0.3097
125.0759	0.1663	0.0168	NaN	0.0107	0.3092
125.0768	0.1664	0.0168	NaN	0.0107	0.3095
125.0789	0.1642	0.0168	NaN	0.0107	0.3097
125.0813	0.1604	0.0167	NaN	0.0107	0.3095
125.0808	0.1600	0.0167	NaN	0.0107	0.3095
125.0828	0.1602	0.0167	NaN	0.0107	0.3096
125.0839	0.1599	0.0167	NaN	0.0107	0.3098
125.0845	0.1601	0.0167	NaN	0.0107	0.3096
125.0845	0.1581	0.0166	NaN	0.0107	0.3096
125.0863	0.1557	0.0166	NaN	0.0108	0.3096
125.0867	0.1533	0.0165	NaN	0.0108	0.3096
125.0895	0.1527	0.0165	NaN	0.0108	0.3096
125.0879	0.1542	0.0165	NaN	0.0108	0.3095
125.0900	0.1522	0.0165	NaN	0.0108	0.3095
125.0936	0.1510	0.0164	NaN	0.0108	0.3095
125.0919	0.1495	0.0164	NaN	0.0108	0.3093
125.0951	0.1471	0.0164	NaN	0.0109	0.3092
125.0941	0.1470	0.0164	NaN	0.0109	0.3092
125.0952	0.1460	0.0164	NaN	0.0109	0.3091
125.0967	0.1449	0.0164	NaN	0.0109	0.3090
125.0977	0.1439	0.0163	NaN	0.0110	0.3087
125.1006	0.1430	0.0164	NaN	0.0110	0.3086
125.1020	0.1427	0.0164	NaN	0.0110	0.3086
125.1007	0.1437	0.0164	NaN	0.0110	0.3087
125.1036	0.1436	0.0164	NaN	0.0110	0.3087
125.1026	0.1434	0.0164	NaN	0.0110	0.3086
125.1055	0.1429	0.0164	NaN	0.0110	0.3085
125.1078	0.1424	0.0164	NaN	0.0110	0.3085
125.1072	0.1423	0.0164	NaN	0.0110	0.3085
125.1092	0.1415	0.0164	NaN	0.0110	0.3084
125.1084	0.1416	0.0164	NaN	0.0111	0.3085
125.1122	0.1409	0.0163	NaN	0.0111	0.3084
125.1146	0.1400	0.0164	NaN	0.0111	0.3084
125.1142	0.1392	0.0164	NaN	0.0112	0.3084
125.1158	0.1386	0.0164	NaN	0.0112	0.3084
125.1161	0.1383	0.0164	NaN	0.0112	0.3084
125.1173	0.1378	0.0164	NaN	0.0112	0.3084
125.1186	0.1378	0.0164	NaN	0.0112	0.3084
125.1175	0.1378	0.0164	NaN	0.0112	0.3084
125.1192	0.1377	0.0164	NaN	0.0112	0.3085
125.1223	0.1378	0.0164	NaN	0.0112	0.3085
125.1215	0.1380	0.0164	NaN	0.0112	0.3085
125.1224	0.1381	0.0164	NaN	0.0112	0.3085
125.1249	0.1378	0.0164	NaN	0.0112	0.3085
125.1251	0.1379	0.0164	NaN	0.0112	0.3085
125.1269	0.1375	0.0164	NaN	0.0112	0.3085
125.1256	0.1371	0.0164	NaN	0.0112	0.3085
125.1284	0.1366	0.0164	NaN	0.0113	0.3085
125.1311	0.1364	0.0164	NaN	0.0113	0.3085
125.1308	0.1362	0.0164	NaN	0.0113	0.3085
125.1326	0.1360	0.0164	NaN	0.0113	0.3085
125.1328	0.1357	0.0165	NaN	0.0114	0.3085
125.1341	0.1353	0.0165	NaN	0.0114	0.3085
125.1366	0.1349	0.0165	NaN	0.0114	0.3086
125.1383	0.1346	0.0165	NaN	0.0114	0.3086
125.1371	0.1345	0.0165	NaN	0.0115	0.3085
125.1414	0.1340	0.0165	NaN	0.0115	0.3085
125.1410	0.1339	0.0166	NaN	0.0115	0.3085
125.1426	0.1337	0.0166	NaN	0.0115	0.3085
125.1445	0.1338	0.0166	NaN	0.0116	0.3084
125.1444	0.1341	0.0166	NaN	0.0115	0.3085
125.1462	0.1341	0.0166	NaN	0.0115	0.3085
125.1463	0.1340	0.0166	NaN	0.0115	0.3086
125.1479	0.1338	0.0166	NaN	0.0116	0.3086
125.1514	0.1333	0.0166	NaN	0.0116	0.3086
125.1494	0.1331	0.0166	NaN	0.0116	0.3086
125.1523	0.1329	0.0166	NaN	0.0116	0.3086
125.1522	0.1329	0.0167	NaN	0.0117	0.3085
125.1545	0.1326	0.0167	NaN	0.0117	0.3085
125.1557	0.1324	0.0167	NaN	0.0118	0.3086
125.1566	0.1324	0.0168	NaN	0.0118	0.3086
125.1588	0.1323	0.0168	NaN	0.0118	0.3086
125.1590	0.1323	0.0168	NaN	0.0118	0.3086
125.1598	0.1325	0.0167	NaN	0.0118	0.3087
125.1616	0.1325	0.0167	NaN	0.0118	0.3088
125.1633	0.1325	0.0167	NaN	0.0118	0.3089
125.1644	0.1326	0.0168	NaN	0.0118	0.3089
125.1664	0.1324	0.0168	NaN	0.0118	0.3088
125.1636	0.1321	0.0168	NaN	0.0118	0.3088
125.1655	0.1321	0.0168	NaN	0.0118	0.3088
125.1669	0.1319	0.0169	NaN	0.0119	0.3088
125.1684	0.1315	0.0169	NaN	0.0120	0.3088
125.1729	0.1312	0.0169	NaN	0.0120	0.3088
125.1724	0.1311	0.0170	NaN	0.0121	0.3087
125.1730	0.1313	0.0170	NaN	0.0121	0.3089
125.1746	0.1313	0.0170	NaN	0.0120	0.3088
125.1735	0.1311	0.0169	NaN	0.0120	0.3090
125.1757	0.1312	0.0169	NaN	0.0120	0.3089
125.1760	0.1313	0.0169	NaN	0.0120	0.3088
125.1785	0.1310	0.0171	NaN	0.0121	0.3089
125.1796	0.1309	0.0171	NaN	0.0122	0.3090
125.1787	0.1309	0.0171	NaN	0.0122	0.3090
125.1802	0.1308	0.0171	NaN	0.0122	0.3091
125.1820	0.1310	0.0171	NaN	0.0122	0.3091
125.1817	0.1329	0.0171	NaN	0.0121	0.3091
125.1832	0.1308	0.0171	NaN	0.0122	0.3092
125.1844	0.1307	0.0171	NaN	0.0122	0.3092
125.1848	0.1310	0.0171	NaN	0.0122	0.3091
125.1871	0.1307	0.0171	NaN	0.0122	0.3091
125.1877	0.1308	0.0172	NaN	0.0122	0.3095
125.1878	0.1306	0.0172	NaN	0.0123	0.3095
125.1900	0.1309	0.0172	NaN	0.0123	0.3096
125.1907	0.1305	0.0172	NaN	0.0123	0.3096
125.1922	0.1305	0.0172	NaN	0.0123	0.3097
125.1908	0.1310	0.0173	NaN	0.0123	0.3096
125.1965	0.1310	0.0173	NaN	0.0124	0.3094
125.1983	0.1303	0.0174	NaN	0.0125	0.3094
125.1968	0.1302	0.0174	NaN	0.0125	0.3093
125.1998	0.1303	0.0174	NaN	0.0125	0.3094
125.1973	0.1298	0.0174	NaN	0.0125	0.3098
125.2001	0.1300	0.0174	NaN	0.0125	0.3100
125.2027	0.1303	0.0174	NaN	0.0126	0.3098
125.2036	0.1306	0.0175	NaN	0.0126	0.3098
125.2049	0.1305	0.0175	NaN	0.0126	0.3097
125.2064	0.1306	0.0175	NaN	0.0126	0.3096
125.2073	0.1305	0.0175	NaN	0.0126	0.3097
125.2098	0.1301	0.0176	NaN	0.0127	0.3095
125.2086	0.1301	0.0176	NaN	0.0127	0.3095
125.2124	0.1300	0.0177	NaN	0.0128	0.3099
125.2139	0.1302	0.0177	NaN	0.0128	0.3099
125.2136	0.1303	0.0178	NaN	0.0129	0.3099
125.2144	0.1305	0.0178	NaN	0.0129	0.3099
125.2158	0.1304	0.0177	NaN	0.0128	0.3099
125.2172	0.1302	0.0177	NaN	0.0128	0.3099
125.2189	0.1302	0.0177	NaN	0.0128	0.3099
125.2189	0.1303	0.0178	NaN	0.0129	0.3099
125.2206	0.1302	0.0178	NaN	0.0129	0.3100
125.2212	0.1301	0.0178	NaN	0.0129	0.3099
125.2230	0.1303	0.0179	NaN	0.0130	0.3098
125.2235	0.1301	0.0179	NaN	0.0130	0.3098
125.2231	0.1301	0.0179	NaN	0.0130	0.3100
125.2266	0.1304	0.0180	NaN	0.0131	0.3101
125.2268	0.1304	0.0180	NaN	0.0131	0.3101
125.2275	0.1306	0.0181	NaN	0.0132	0.3102
125.2299	0.1303	0.0181	NaN	0.0132	0.3100
125.2315	0.1302	0.0182	NaN	0.0133	0.3099
125.2330	0.1302	0.0182	NaN	0.0133	0.3096
125.2315	0.1303	0.0183	NaN	0.0133	0.3092
125.2322	0.1299	0.0183	NaN	0.0134	0.3092
125.2343	0.1297	0.0182	NaN	0.0134	0.3094
125.2350	0.1294	0.0183	NaN	0.0134	0.3095
125.2372	0.1302	0.0183	NaN	0.0134	0.3096
125.2400	0.1309	0.0182	NaN	0.0133	0.3094
125.2383	0.1310	0.0183	NaN	0.0133	0.3094
125.2419	0.1310	0.0183	NaN	0.0133	0.3093
125.2449	0.1309	0.0183	NaN	0.0134	0.3092
125.2437	0.1312	0.0183	NaN	0.0134	0.3091
125.2459	0.1313	0.0185	NaN	0.0135	0.3091
125.2478	0.1315	0.0185	NaN	0.0136	0.3091
125.2475	0.1315	0.0185	NaN	0.0136	0.3091
125.2495	0.1315	0.0185	NaN	0.0136	0.3091
125.2506	0.1317	0.0186	NaN	0.0136	0.3091
125.2526	0.1317	0.0186	NaN	0.0136	0.3091
125.2542	0.1317	0.0186	NaN	0.0137	0.3091
125.2537	0.1319	0.0187	NaN	0.0138	0.3091
125.2573	0.1319	0.0188	NaN	0.0139	0.3090
125.2587	0.1322	0.0189	NaN	0.0139	0.3090
125.2577	0.1321	0.0188	NaN	0.0139	0.3090
125.2607	0.1321	0.0189	NaN	0.0139	0.3091
125.2612	0.1321	0.0189	NaN	0.0140	0.3091
125.2634	0.1323	0.0190	NaN	0.0141	0.3093
125.2656	0.1325	0.0191	NaN	0.0142	0.3096
125.2650	0.1324	0.0191	NaN	0.0142	0.3097
125.2659	0.1323	0.0192	NaN	0.0143	0.3096
125.2690	0.1325	0.0193	NaN	0.0143	0.3097
125.2691	0.1325	0.0193	NaN	0.0144	0.3097
125.2705	0.1326	0.0193	NaN	0.0144	0.3099
125.2707	0.1325	0.0194	NaN	0.0144	0.3101
125.2719	0.1326	0.0194	NaN	0.0144	0.3101
125.2749	0.1331	0.0195	NaN	0.0145	0.3103
125.2741	0.1327	0.0194	NaN	0.0145	0.3104
125.2783	0.1330	0.0195	NaN	0.0146	0.3106
125.2760	0.1329	0.0195	NaN	0.0146	0.3106
125.2770	0.1331	0.0195	NaN	0.0146	0.3107
125.2801	0.1332	0.0196	NaN	0.0147	0.3106
125.2809	0.1333	0.0196	NaN	0.0146	0.3106
125.2834	0.1333	0.0197	NaN	0.0147	0.3106
125.2830	0.1334	0.0197	NaN	0.0147	0.3104
125.2831	0.1333	0.0197	NaN	0.0147	0.3102
125.2861	0.1334	0.0197	NaN	0.0147	0.3102
125.2851	0.1335	0.0197	NaN	0.0147	0.3102
125.2872	0.1335	0.0197	NaN	0.0147	0.3104
125.2893	0.1336	0.0198	NaN	0.0148	0.3106
125.2872	0.1336	0.0197	NaN	0.0148	0.3106
125.2921	0.1336	0.0198	NaN	0.0148	0.3106
125.2944	0.1337	0.0198	NaN	0.0148	0.3105
125.2938	0.1338	0.0199	NaN	0.0149	0.3106
125.2952	0.1338	0.0199	NaN	0.0149	0.3106
125.2964	0.1338	0.0199	NaN	0.0149	0.3106
125.2974	0.1339	0.0199	NaN	0.0149	0.3109
125.2988	0.1340	0.0200	NaN	0.0150	0.3111
125.2981	0.1342	0.0200	NaN	0.0150	0.3111
125.3000	0.1346	0.0201	NaN	0.0151	0.3111
125.3016	0.1348	0.0202	NaN	0.0152	0.3112
125.3023	0.1352	0.0202	NaN	0.0152	0.3112
125.3037	0.1345	0.0203	NaN	0.0153	0.3112
125.3039	0.1343	0.0202	NaN	0.0152	0.3112
125.3055	0.1344	0.0202	NaN	0.0152	0.3112
125.3069	0.1344	0.0203	NaN	0.0153	0.3112
125.3077	0.1348	0.0204	NaN	0.0153	0.3112
125.3097	0.1349	0.0204	NaN	0.0154	0.3112
125.3088	0.1350	0.0204	NaN	0.0154	0.3113
125.3115	0.1353	0.0206	NaN	0.0155	0.3112
125.3124	0.1353	0.0206	NaN	0.0156	0.3112
125.3131	0.1355	0.0207	NaN	0.0156	0.3112
125.3144	0.1357	0.0208	NaN	0.0157	0.3113
125.3162	0.1359	0.0209	NaN	0.0158	0.3112
125.3150	0.1357	0.0209	NaN	0.0158	0.3112
125.3177	0.1357	0.0209	NaN	0.0158	0.3111
125.3196	0.1359	0.0210	NaN	0.0159	0.3112
125.3211	0.1362	0.0211	NaN	0.0160	0.3111
125.3237	0.1364	0.0211	NaN	0.0161	0.3111
125.3228	0.1367	0.0211	NaN	0.0160	0.3111
125.3251	0.1367	0.0211	NaN	0.0160	0.3112
125.3259	0.1363	0.0211	NaN	0.0160	0.3112
125.3277	0.1363	0.0211	NaN	0.0160	0.3113
125.3276	0.1361	0.0211	NaN	0.0160	0.3113
125.3290	0.1360	0.0212	NaN	0.0161	0.3112
125.3305	0.1365	0.0213	NaN	0.0162	0.3112
125.3331	0.1365	0.0213	NaN	0.0162	0.3113
125.3321	0.1368	0.0213	NaN	0.0162	0.3113
125.3348	0.1370	0.0214	NaN	0.0163	0.3112
125.3342	0.1369	0.0215	NaN	0.0164	0.3112
125.3380	0.1371	0.0216	NaN	0.0164	0.3113
125.3401	0.1374	0.0217	NaN	0.0166	0.3112
125.3385	0.1375	0.0217	NaN	0.0166	0.3112
125.3408	0.1377	0.0217	NaN	0.0166	0.3113
125.3424	0.1377	0.0217	NaN	0.0166	0.3113
125.3414	0.1380	0.0218	NaN	0.0167	0.3114
125.3433	0.1381	0.0219	NaN	0.0167	0.3114
125.3429	0.1378	0.0219	NaN	0.0167	0.3114
125.3469	0.1381	0.0219	NaN	0.0168	0.3114
125.3483	0.1383	0.0220	NaN	0.0168	0.3114
125.3489	0.1386	0.0221	NaN	0.0169	0.3111
125.3513	0.1393	0.0222	NaN	0.0170	0.3112
125.3528	0.1393	0.0223	NaN	0.0170	0.3113
125.3514	0.1392	0.0223	NaN	0.0171	0.3113
125.3538	0.1394	0.0224	NaN	0.0172	0.3112
125.3531	0.1389	0.0223	NaN	0.0171	0.3110
125.3546	0.1387	0.0223	NaN	0.0171	0.3111
125.3555	0.1391	0.0223	NaN	0.0171	0.3111
125.3563	0.1390	0.0223	NaN	0.0171	0.3112
125.3596	0.1391	0.0223	NaN	0.0171	0.3112
125.3586	0.1391	0.0223	NaN	0.0171	0.3111
125.3627	0.1394	0.0224	NaN	0.0172	0.3113
125.3643	0.1396	0.0225	NaN	0.0172	0.3111
125.3620	0.1395	0.0224	NaN	0.0172	0.3111
125.3657	0.1397	0.0224	NaN	0.0172	0.3108
125.3668	0.1400	0.0225	NaN	0.0172	0.3107
125.3675	0.1401	0.0226	NaN	0.0173	0.3108
125.3700	0.1402	0.0226	NaN	0.0174	0.3111
125.3673	0.1400	0.0226	NaN	0.0173	0.3113
125.3688	0.1402	0.0226	NaN	0.0174	0.3110
125.3714	0.1403	0.0227	NaN	0.0175	0.3105
125.3736	0.1403	0.0227	NaN	0.0175	0.3106
125.3752	0.1405	0.0228	NaN	0.0175	0.3106
125.3759	0.1406	0.0228	NaN	0.0176	0.3107
125.3743	0.1405	0.0228	NaN	0.0175	0.3106
125.3784	0.1407	0.0229	NaN	0.0176	0.3105
125.3795	0.1409	0.0229	NaN	0.0177	0.3107
125.3804	0.1408	0.0230	NaN	0.0177	0.3105
125.3812	0.1409	0.0230	NaN	0.0178	0.3105
125.3813	0.1413	0.0231	NaN	0.0179	0.3104
125.3842	0.1415	0.0233	NaN	0.0180	0.3102
125.3837	0.1414	0.0233	NaN	0.0180	0.3102
125.3858	0.1417	0.0234	NaN	0.0181	0.3103
125.3882	0.1420	0.0236	NaN	0.0183	0.3101
125.3887	0.1421	0.0236	NaN	0.0183	0.3101
125.3906	0.1419	0.0235	NaN	0.0183	0.3102
125.3924	0.1421	0.0236	NaN	0.0183	0.3104
125.3927	0.1418	0.0237	NaN	0.0184	0.3105
125.3947	0.1421	0.0237	NaN	0.0184	0.3104
125.3923	0.1427	0.0238	NaN	0.0185	0.3103
125.3967	0.1427	0.0239	NaN	0.0186	0.3104
125.3980	0.1427	0.0239	NaN	0.0186	0.3105
125.3981	0.1424	0.0238	NaN	0.0185	0.3106
125.3984	0.1415	0.0238	NaN	0.0185	0.3108
125.4009	0.1428	0.0239	NaN	0.0185	0.3107
125.4014	0.1423	0.0239	NaN	0.0186	0.3106
125.4036	0.1431	0.0240	NaN	0.0187	0.3107
125.4041	0.1429	0.0240	NaN	0.0187	0.3107
125.4059	0.1431	0.0240	NaN	0.0187	0.3108
125.4064	0.1428	0.0240	NaN	0.0187	0.3106
125.4071	0.1430	0.0240	NaN	0.0187	0.3107
125.4104	0.1432	0.0241	NaN	0.0187	0.3109
125.4130	0.1437	0.0241	NaN	0.0188	0.3109
125.4128	0.1437	0.0242	NaN	0.0188	0.3108
125.4133	0.1437	0.0242	NaN	0.0189	0.3108
125.4126	0.1437	0.0242	NaN	0.0188	0.3112
125.4136	0.1438	0.0242	NaN	0.0188	0.3113
125.4164	0.1440	0.0242	NaN	0.0189	0.3112
125.4164	0.1441	0.0243	NaN	0.0189	0.3111
125.4177	0.1444	0.0244	NaN	0.0191	0.3108
125.4179	0.1447	0.0246	NaN	0.0192	0.3106
125.4189	0.1447	0.0247	NaN	0.0193	0.3106
125.4212	0.1445	0.0248	NaN	0.0194	0.3106
125.4217	0.1449	0.0248	NaN	0.0194	0.3107
125.4247	0.1453	0.0249	NaN	0.0195	0.3106
125.4257	0.1454	0.0250	NaN	0.0196	0.3106
125.4257	0.1457	0.0249	NaN	0.0195	0.3107
125.4275	0.1460	0.0250	NaN	0.0195	0.3106
125.4292	0.1458	0.0250	NaN	0.0196	0.3105
125.4296	0.1459	0.0251	NaN	0.0196	0.3104
125.4306	0.1460	0.0251	NaN	0.0197	0.3104
125.4313	0.1458	0.0251	NaN	0.0197	0.3104
125.4335	0.1459	0.0251	NaN	0.0197	0.3104
125.4341	0.1462	0.0252	NaN	0.0198	0.3105
125.4349	0.1463	0.0253	NaN	0.0198	0.3105
125.4354	0.1467	0.0254	NaN	0.0200	0.3105
125.4373	0.1470	0.0255	NaN	0.0201	0.3105
125.4380	0.1471	0.0257	NaN	0.0202	0.3104
125.4414	0.1476	0.0258	NaN	0.0203	0.3103
125.4412	0.1477	0.0259	NaN	0.0204	0.3106
125.4432	0.1478	0.0259	NaN	0.0205	0.3106
125.4438	0.1478	0.0260	NaN	0.0205	0.3104
125.4450	0.1479	0.0261	NaN	0.0206	0.3102
125.4479	0.1479	0.0262	NaN	0.0207	0.3101
125.4465	0.1479	0.0262	NaN	0.0207	0.3101
125.4499	0.1479	0.0262	NaN	0.0207	0.3101
125.4496	0.1481	0.0262	NaN	0.0208	0.3101
125.4514	0.1482	0.0263	NaN	0.0208	0.3103
125.4510	0.1480	0.0263	NaN	0.0208	0.3103
125.4529	0.1481	0.0263	NaN	0.0208	0.3105
125.4554	0.1484	0.0264	NaN	0.0209	0.3109
125.4575	0.1486	0.0265	NaN	0.0210	0.3109
125.4561	0.1488	0.0266	NaN	0.0211	0.3105
125.4596	0.1488	0.0266	NaN	0.0211	0.3104
125.4605	0.1490	0.0268	NaN	0.0212	0.3104
125.4618	0.1494	0.0268	NaN	0.0212	0.3104
125.4615	0.1492	0.0268	NaN	0.0212	0.3105
125.4626	0.1491	0.0268	NaN	0.0213	0.3106
125.4653	0.1492	0.0269	NaN	0.0214	0.3105
125.4654	0.1491	0.0269	NaN	0.0214	0.3104
125.4648	0.1490	0.0269	NaN	0.0213	0.3103
125.4683	0.1498	0.0269	NaN	0.0214	0.3102
125.4686	0.1502	0.0270	NaN	0.0214	0.3103
125.4709	0.1499	0.0271	NaN	0.0215	0.3103
125.4706	0.1499	0.0272	NaN	0.0216	0.3105
125.4702	0.1499	0.0272	NaN	0.0216	0.3107
125.4732	0.1502	0.0273	NaN	0.0217	0.3109
125.4741	0.1503	0.0274	NaN	0.0218	0.3109
125.4745	0.1505	0.0274	NaN	0.0219	0.3109
125.4753	0.1507	0.0275	NaN	0.0219	0.3108
125.4766	0.1507	0.0275	NaN	0.0219	0.3106
125.4777	0.1507	0.0276	NaN	0.0220	0.3107
125.4782	0.1508	0.0275	NaN	0.0219	0.3105
125.4772	0.1508	0.0275	NaN	0.0219	0.3104
125.4793	0.1508	0.0275	NaN	0.0219	0.3104
125.4817	0.1510	0.0275	NaN	0.0219	0.3103
125.4815	0.1511	0.0276	NaN	0.0220	0.3102
125.4835	0.1513	0.0277	NaN	0.0221	0.3102
125.4835	0.1514	0.0277	NaN	0.0221	0.3103
125.4858	0.1515	0.0279	NaN	0.0222	0.3103
125.4885	0.1519	0.0279	NaN	0.0223	0.3104
125.4886	0.1519	0.0279	NaN	0.0223	0.3103
125.4912	0.1521	0.0280	NaN	0.0223	0.3104
125.4932	0.1521	0.0281	NaN	0.0224	0.3105
125.4928	0.1521	0.0282	NaN	0.0225	0.3105
125.4941	0.1523	0.0284	NaN	0.0227	0.3106
125.4935	0.1524	0.0284	NaN	0.0227	0.3107
125.4948	0.1526	0.0285	NaN	0.0228	0.3108
125.4961	0.1526	0.0285	NaN	0.0228	0.3108
125.4996	0.1528	0.0286	NaN	0.0229	0.3108
125.4997	0.1531	0.0287	NaN	0.0229	0.3109
125.5003	0.1532	0.0288	NaN	0.0230	0.3110
125.5018	0.1536	0.0289	NaN	0.0231	0.3111
125.5049	0.1536	0.0290	NaN	0.0233	0.3112
125.5034	0.1534	0.0290	NaN	0.0233	0.3111
125.5071	0.1538	0.0292	NaN	0.0234	0.3112
125.5081	0.1539	0.0292	NaN	0.0235	0.3112
125.5089	0.1540	0.0293	NaN	0.0235	0.3112
125.5090	0.1542	0.0294	NaN	0.0236	0.3113
125.5094	0.1541	0.0294	NaN	0.0236	0.3113
125.5110	0.1540	0.0294	NaN	0.0236	0.3111
125.5127	0.1542	0.0295	NaN	0.0238	0.3109
125.5133	0.1543	0.0295	NaN	0.0238	0.3107
125.5143	0.1543	0.0296	NaN	0.0238	0.3106
125.5172	0.1546	0.0298	NaN	0.0240	0.3106
125.5168	0.1550	0.0300	NaN	0.0242	0.3107
125.5187	0.1552	0.0301	NaN	0.0243	0.3109
125.5205	0.1554	0.0302	NaN	0.0244	0.3111
125.5200	0.1556	0.0302	NaN	0.0244	0.3109
125.5231	0.1557	0.0302	NaN	0.0244	0.3109
125.5221	0.1555	0.0301	NaN	0.0243	0.3108
125.5245	0.1551	0.0300	NaN	0.0242	0.3109
125.5243	0.1549	0.0300	NaN	0.0242	0.3113
125.5258	0.1551	0.0300	NaN	0.0242	0.3115
125.5272	0.1556	0.0301	NaN	0.0243	0.3114
125.5250	0.1557	0.0302	NaN	0.0243	0.3111
125.5274	0.1557	0.0302	NaN	0.0244	0.3110
125.5303	0.1557	0.0303	NaN	0.0245	0.3110
125.5305	0.1555	0.0302	NaN	0.0244	0.3111
125.5333	0.1559	0.0304	NaN	0.0246	0.3113
125.5333	0.1558	0.0304	NaN	0.0246	0.3114
125.5367	0.1559	0.0306	NaN	0.0247	0.3117
125.5385	0.1561	0.0306	NaN	0.0248	0.3120
125.5392	0.1561	0.0306	NaN	0.0248	0.3120
125.5389	0.1562	0.0306	NaN	0.0248	0.3120
125.5405	0.1561	0.0306	NaN	0.0248	0.3118
125.5403	0.1562	0.0307	NaN	0.0248	0.3117
125.5436	0.1564	0.0308	NaN	0.0250	0.3116
125.5449	0.1565	0.0309	NaN	0.0250	0.3115
125.5451	0.1567	0.0309	NaN	0.0251	0.3116
125.5470	0.1568	0.0311	NaN	0.0252	0.3119
125.5476	0.1567	0.0311	NaN	0.0253	0.3120
125.5505	0.1569	0.0312	NaN	0.0254	0.3121
125.5506	0.1568	0.0312	NaN	0.0254	0.3122
125.5520	0.1569	0.0313	NaN	0.0255	0.3122
125.5533	0.1571	0.0314	NaN	0.0256	0.3122
125.5542	0.1574	0.0316	NaN	0.0257	0.3121
125.5554	0.1577	0.0317	NaN	0.0258	0.3123
125.5557	0.1584	0.0318	NaN	0.0260	0.3124
125.5551	0.1586	0.0318	NaN	0.0259	0.3124
125.5570	0.1577	0.0319	NaN	0.0260	0.3124
125.5593	0.1572	0.0319	NaN	0.0260	0.3125
125.5609	0.1577	0.0320	NaN	0.0261	0.3125
125.5622	0.1578	0.0320	NaN	0.0261	0.3125
125.5627	0.1580	0.0320	NaN	0.0261	0.3125
125.5652	0.1581	0.0319	NaN	0.0261	0.3125
125.5670	0.1582	0.0320	NaN	0.0261	0.3125
125.5680	0.1584	0.0320	NaN	0.0261	0.3126
125.5682	0.1588	0.0322	NaN	0.0263	0.3125
125.5696	0.1589	0.0323	NaN	0.0264	0.3125
125.5704	0.1590	0.0323	NaN	0.0264	0.3125
125.5715	0.1591	0.0324	NaN	0.0265	0.3124
125.5725	0.1593	0.0325	NaN	0.0265	0.3126
125.5738	0.1593	0.0326	NaN	0.0267	0.3125
125.5752	0.1594	0.0327	NaN	0.0267	0.3124
125.5759	0.1594	0.0328	NaN	0.0268	0.3124
125.5781	0.1592	0.0328	NaN	0.0269	0.3123
125.5779	0.1595	0.0329	NaN	0.0270	0.3122
125.5785	0.1598	0.0331	NaN	0.0271	0.3122
125.5804	0.1600	0.0333	NaN	0.0273	0.3120
125.5795	0.1600	0.0334	NaN	0.0274	0.3120
125.5819	0.1602	0.0335	NaN	0.0275	0.3119
125.5836	0.1601	0.0336	NaN	0.0276	0.3120
125.5837	0.1601	0.0335	NaN	0.0276	0.3121
125.5860	0.1602	0.0336	NaN	0.0276	0.3119
125.5856	0.1601	0.0336	NaN	0.0276	0.3118
125.5893	0.1602	0.0337	NaN	0.0277	0.3116
125.5909	0.1603	0.0338	NaN	0.0278	0.3115
125.5906	0.1603	0.0339	NaN	0.0279	0.3115
125.5921	0.1601	0.0339	NaN	0.0279	0.3117
125.5936	0.1603	0.0338	NaN	0.0278	0.3119
125.5946	0.1600	0.0337	NaN	0.0277	0.3120
125.5943	0.1598	0.0337	NaN	0.0277	0.3120
125.5950	0.1601	0.0338	NaN	0.0278	0.3118
125.5977	0.1601	0.0339	NaN	0.0279	0.3116
125.5988	0.1600	0.0340	NaN	0.0280	0.3115
125.5998	0.1600	0.0340	NaN	0.0280	0.3115
125.6014	0.1601	0.0340	NaN	0.0281	0.3115
125.6021	0.1603	0.0341	NaN	0.0281	0.3114
125.6027	0.1601	0.0342	NaN	0.0283	0.3113
125.6059	0.1604	0.0344	NaN	0.0284	0.3112
125.6052	0.1604	0.0344	NaN	0.0285	0.3112
125.6067	0.1606	0.0345	NaN	0.0286	0.3112
125.6050	0.1606	0.0345	NaN	0.0285	0.3112
125.6074	0.1607	0.0345	NaN	0.0286	0.3111
125.6082	0.1608	0.0347	NaN	0.0287	0.3111
125.6104	0.1609	0.0348	NaN	0.0288	0.3110
125.6119	0.1614	0.0349	NaN	0.0289	0.3110
125.6140	0.1616	0.0351	NaN	0.0291	0.3110
125.6136	0.1616	0.0350	NaN	0.0290	0.3111
125.6159	0.1618	0.0352	NaN	0.0291	0.3111
125.6162	0.1621	0.0352	NaN	0.0292	0.3111
125.6170	0.1622	0.0353	NaN	0.0293	0.3111
125.6202	0.1624	0.0354	NaN	0.0294	0.3111
125.6216	0.1626	0.0355	NaN	0.0294	0.3111
125.6213	0.1629	0.0355	NaN	0.0294	0.3111
125.6239	0.1630	0.0355	NaN	0.0295	0.3112
125.6238	0.1632	0.0356	NaN	0.0296	0.3112
125.6252	0.1632	0.0357	NaN	0.0296	0.3111
125.6266	0.1629	0.0357	NaN	0.0296	0.3110
125.6281	0.1627	0.0358	NaN	0.0297	0.3111
125.6283	0.1629	0.0357	NaN	0.0297	0.3110
125.6286	0.1627	0.0357	NaN	0.0297	0.3110
125.6306	0.1627	0.0357	NaN	0.0297	0.3110
125.6311	0.1622	0.0357	NaN	0.0297	0.3110
125.6337	0.1626	0.0358	NaN	0.0297	0.3109
125.6341	0.1629	0.0358	NaN	0.0298	0.3111
125.6363	0.1628	0.0359	NaN	0.0298	0.3111
125.6372	0.1627	0.0361	NaN	0.0300	0.3111
125.6388	0.1630	0.0362	NaN	0.0301	0.3111
125.6392	0.1626	0.0362	NaN	0.0301	0.3111
125.6400	0.1621	0.0361	NaN	0.0301	0.3112
125.6406	0.1625	0.0362	NaN	0.0302	0.3114
125.6420	0.1630	0.0363	NaN	0.0302	0.3114
125.6444	0.1631	0.0364	NaN	0.0303	0.3114
125.6437	0.1634	0.0365	NaN	0.0304	0.3116
125.6458	0.1635	0.0366	NaN	0.0305	0.3118
125.6476	0.1637	0.0367	NaN	0.0306	0.3124
125.6482	0.1638	0.0368	NaN	0.0307	0.3124
125.6496	0.1641	0.0370	NaN	0.0309	0.3120
125.6489	0.1643	0.0371	NaN	0.0310	0.3119
125.6516	0.1644	0.0372	NaN	0.0311	0.3119
125.6522	0.1643	0.0372	NaN	0.0311	0.3120
125.6535	0.1643	0.0373	NaN	0.0312	0.3121
125.6553	0.1643	0.0373	NaN	0.0312	0.3119
125.6563	0.1642	0.0373	NaN	0.0313	0.3117
125.6564	0.1643	0.0373	NaN	0.0312	0.3113
125.6575	0.1643	0.0374	NaN	0.0313	0.3111
125.6584	0.1645	0.0374	NaN	0.0313	0.3116
125.6609	0.1648	0.0376	NaN	0.0315	0.3116
125.6628	0.1650	0.0378	NaN	0.0316	0.3115
125.6632	0.1653	0.0379	NaN	0.0318	0.3115
125.6653	0.1652	0.0380	NaN	0.0319	0.3115
125.6631	0.1653	0.0380	NaN	0.0318	0.3118
125.6660	0.1653	0.0381	NaN	0.0319	0.3116
125.6675	0.1652	0.0382	NaN	0.0320	0.3113
125.6670	0.1650	0.0382	NaN	0.0320	0.3114
125.6700	0.1653	0.0383	NaN	0.0321	0.3114
125.6712	0.1654	0.0383	NaN	0.0322	0.3113
125.6707	0.1655	0.0383	NaN	0.0322	0.3114
125.6720	0.1654	0.0383	NaN	0.0322	0.3117
125.6728	0.1651	0.0384	NaN	0.0322	0.3117
125.6741	0.1649	0.0385	NaN	0.0323	0.3118
125.6760	0.1649	0.0385	NaN	0.0323	0.3124
125.6777	0.1648	0.0384	NaN	0.0323	0.3127
125.6803	0.1654	0.0384	NaN	0.0323	0.3124
125.6820	0.1656	0.0386	NaN	0.0324	0.3117
125.6804	0.1655	0.0385	NaN	0.0324	0.3114
125.6836	0.1659	0.0385	NaN	0.0324	0.3114
125.6841	0.1649	0.0386	NaN	0.0324	0.3116
125.6853	0.1646	0.0386	NaN	0.0325	0.3119
125.6868	0.1649	0.0388	NaN	0.0326	0.3115
125.6868	0.1646	0.0388	NaN	0.0327	0.3113
125.6889	0.1648	0.0389	NaN	0.0328	0.3113
125.6894	0.1651	0.0390	NaN	0.0328	0.3114
125.6905	0.1649	0.0390	NaN	0.0329	0.3116
125.6926	0.1651	0.0391	NaN	0.0329	0.3119
125.6929	0.1656	0.0391	NaN	0.0329	0.3119
125.6954	0.1656	0.0392	NaN	0.0330	0.3120
125.6978	0.1657	0.0394	NaN	0.0332	0.3119
125.6961	0.1658	0.0393	NaN	0.0332	0.3121
125.6981	0.1662	0.0395	NaN	0.0333	0.3123
125.7003	0.1659	0.0396	NaN	0.0334	0.3126
125.7007	0.1654	0.0396	NaN	0.0334	0.3127
125.7017	0.1652	0.0397	NaN	0.0335	0.3127
125.7030	0.1655	0.0398	NaN	0.0337	0.3128
125.7050	0.1660	0.0400	NaN	0.0339	0.3129
125.7058	0.1658	0.0402	NaN	0.0340	0.3129
125.7063	0.1656	0.0401	NaN	0.0340	0.3131
125.7072	0.1656	0.0402	NaN	0.0341	0.3131
125.7078	0.1660	0.0403	NaN	0.0341	0.3130
125.7120	0.1659	0.0404	NaN	0.0342	0.3132
125.7120	0.1659	0.0405	NaN	0.0343	0.3133
125.7123	0.1660	0.0407	NaN	0.0345	0.3132
125.7138	0.1661	0.0408	NaN	0.0346	0.3131
125.7149	0.1660	0.0408	NaN	0.0347	0.3131
125.7143	0.1662	0.0408	NaN	0.0346	0.3132
125.7164	0.1658	0.0408	NaN	0.0346	0.3133
125.7162	0.1662	0.0409	NaN	0.0347	0.3133
125.7212	0.1667	0.0410	NaN	0.0348	0.3131
125.7207	0.1666	0.0410	NaN	0.0348	0.3130
125.7221	0.1666	0.0411	NaN	0.0349	0.3133
125.7227	0.1664	0.0412	NaN	0.0350	0.3134
125.7235	0.1663	0.0412	NaN	0.0350	0.3134
125.7249	0.1663	0.0413	NaN	0.0351	0.3133
125.7255	0.1669	0.0413	NaN	0.0351	0.3132
125.7272	0.1672	0.0414	NaN	0.0352	0.3133
125.7275	0.1672	0.0415	NaN	0.0353	0.3134
125.7307	0.1676	0.0415	NaN	0.0353	0.3134
125.7293	0.1671	0.0415	NaN	0.0353	0.3133
125.7316	0.1671	0.0416	NaN	0.0354	0.3133
125.7309	0.1668	0.0416	NaN	0.0354	0.3133
125.7321	0.1669	0.0417	NaN	0.0355	0.3131
125.7351	0.1667	0.0418	NaN	0.0356	0.3131
125.7366	0.1668	0.0418	NaN	0.0356	0.3129
125.7374	0.1669	0.0418	NaN	0.0356	0.3126
125.7374	0.1671	0.0420	NaN	0.0357	0.3120
125.7390	0.1674	0.0420	NaN	0.0358	0.3119
125.7410	0.1677	0.0422	NaN	0.0360	0.3120
125.7418	0.1676	0.0423	NaN	0.0361	0.3120
125.7438	0.1674	0.0423	NaN	0.0361	0.3117
125.7470	0.1673	0.0424	NaN	0.0362	0.3116
125.7471	0.1673	0.0424	NaN	0.0362	0.3117
125.7478	0.1670	0.0425	NaN	0.0363	0.3117
125.7475	0.1670	0.0425	NaN	0.0363	0.3117
125.7497	0.1673	0.0425	NaN	0.0363	0.3118
125.7501	0.1674	0.0426	NaN	0.0364	0.3117
125.7499	0.1674	0.0425	NaN	0.0363	0.3117
125.7531	0.1674	0.0427	NaN	0.0365	0.3117
