GRUPPE_Greyline10.dat
13.09.2021
14:56:20
GRUPPE

Gauss coefficients notation:
Amplitude
FWHM
Std.Abw.
[Fehler]
offset
BEAMCUT  LINES:

X H  in mm	Y H rel	Gauss fit H	H Gauss Coefficients	X V in mm	Y V rel	Gauss fit V	V Gauss Coefficientes
0,00000	20,00000	0,00000	0,00000	0,00000	20,00000	0,00000	0,00000
0,01238	19,00000	0,00000	0,00000	0,01238	20,00000	0,00000	0,00000
0,02475	20,00000	0,00000	0,00000	0,02475	22,00000	0,00000	0,00000
0,03713	20,00000	0,00000	0,00000	0,03713	20,00000	0,00000	0,00000
0,04950	20,00000	0,00000	0,00000	0,04950	22,00000	0,00000	0,00000
0,06187	20,00000	0,00000	0,00000	0,06188	20,00000	0,00000	0,00000
0,07425	18,00000	0,00000	0,00000	0,07425	20,00000	0,00000	0,00000
0,08663	19,00000	0,00000	0,00000	0,08663	20,00000	0,00000	0,00000
0,09900	22,00000	0,00000	0,00000	0,09900	22,00000	0,00000	0,00000
0,11138	22,00000	0,00000	0,00000	0,11138	22,00000	0,00000	0,00000
0,12375	22,00000	0,00000	0,00000	0,12375	23,00000	0,00000	0,00000
0,13612	19,00000	0,00000	0,00000	0,13613	20,00000	0,00000	0,00000
0,14850	19,00000	0,00000	0,00000	0,14850	20,00000	0,00000	0,00000
0,16088	22,00000	0,00000	0,00000	0,16088	20,00000	0,00000	0,00000
0,17325	22,00000	0,00000	0,00000	0,17325	22,00000	0,00000	0,00000
0,18563	22,00000	0,00000	0,00000	0,18563	20,00000	0,00000	0,00000
0,19800	22,00000	0,00000	0,00000	0,19800	20,00000	0,00000	0,00000
0,21038	22,00000	0,00000	0,00000	0,21038	20,00000	0,00000	0,00000
0,22275	22,00000	0,00000	0,00000	0,22275	18,00000	0,00000	0,00000
0,23513	19,00000	0,00000	0,00000	0,23513	20,00000	0,00000	0,00000
0,24750	19,00000	0,00000	0,00000	0,24750	22,00000	0,00000	0,00000
0,25988	22,00000	0,00000	0,00000	0,25988	22,00000	0,00000	0,00000
0,27225	22,00000	0,00000	0,00000	0,27225	20,00000	0,00000	0,00000
0,28463	22,00000	0,00000	0,00000	0,28463	20,00000	0,00000	0,00000
0,29700	22,00000	0,00000	0,00000	0,29700	23,00000	0,00000	0,00000
0,30938	22,00000	0,00000	0,00000	0,30938	20,00000	0,00000	0,00000
0,32175	22,00000	0,00000	0,00000	0,32175	20,00000	0,00000	0,00000
0,33413	22,00000	0,00000	0,00000	0,33413	22,00000	0,00000	0,00000
0,34650	18,00000	0,00000	0,00000	0,34650	20,00000	0,00000	0,00000
0,35887	20,00000	0,00000	0,00000	0,35888	22,00000	0,00000	0,00000
0,37125	20,00000	0,00000	0,00000	0,37125	22,00000	0,00000	0,00000
0,38362	20,00000	0,00000	0,00000	0,38363	22,00000	0,00000	0,00000
0,39600	20,00000	0,00000	0,00000	0,39600	23,00000	0,00000	0,00000
0,40838	18,00000	0,00000	0,00000	0,40838	22,00000	0,00000	0,00000
0,42075	18,00000	0,00000	0,00000	0,42075	20,00000	0,00000	0,00000
0,43313	20,00000	0,00000	0,00000	0,43313	20,00000	0,00000	0,00000
0,44550	20,00000	0,00000	0,00000	0,44550	20,00000	0,00000	0,00000
0,45788	18,00000	0,00000	0,00000	0,45788	22,00000	0,00000	0,00000
0,47025	18,00000	0,00000	0,00000	0,47025	22,00000	0,00000	0,00000
0,48263	20,00000	0,00000	0,00000	0,48263	22,00000	0,00000	0,00000
0,49500	20,00000	0,00000	0,00000	0,49500	19,00000	0,00000	0,00000
0,50738	18,00000	0,00000	0,00000	0,50738	20,00000	0,00000	0,00000
0,51975	20,00000	0,00000	0,00000	0,51975	19,00000	0,00000	0,00000
0,53213	22,00000	0,00000	0,00000	0,53213	20,00000	0,00000	0,00000
0,54450	19,00000	0,00000	0,00000	0,54450	22,00000	0,00000	0,00000
0,55688	19,00000	0,00000	0,00000	0,55688	22,00000	0,00000	0,00000
0,56925	22,00000	0,00000	0,00000	0,56925	22,00000	0,00000	0,00000
0,58163	22,00000	0,00000	0,00000	0,58163	22,00000	0,00000	0,00000
0,59400	19,00000	0,00000	0,00000	0,59400	22,00000	0,00000	0,00000
0,60637	19,00000	0,00000	0,00000	0,60638	22,00000	0,00000	0,00000
0,61875	22,00000	0,00000	0,00000	0,61875	22,00000	0,00000	0,00000
0,63113	19,00000	0,00000	0,00000	0,63113	23,00000	0,00000	0,00000
0,64350	18,00000	0,00000	0,00000	0,64350	19,00000	0,00000	0,00000
0,65587	22,00000	0,00000	0,00000	0,65588	23,00000	0,00000	0,00000
0,66825	22,00000	0,00000	0,00000	0,66825	22,00000	0,00000	0,00000
0,68063	22,00000	0,00000	0,00000	0,68063	23,00000	0,00000	0,00000
0,69300	22,00000	0,00000	0,00000	0,69300	22,00000	0,00000	0,00000
0,70538	22,00000	0,00000	0,00000	0,70538	22,00000	0,00000	0,00000
0,71775	22,00000	0,00000	0,00000	0,71775	22,00000	0,00000	0,00000
0,73013	22,00000	0,00000	0,00000	0,73013	22,00000	0,00000	0,00000
0,74250	19,00000	0,00000	0,00000	0,74250	20,00000	0,00000	0,00000
0,75488	22,00000	0,00000	0,00000	0,75488	20,00000	0,00000	0,00000
0,76725	23,00000	0,00000	0,00000	0,76725	22,00000	0,00000	0,00000
0,77963	22,00000	0,00000	0,00000	0,77963	19,00000	0,00000	0,00000
0,79200	19,00000	0,00000	0,00000	0,79200	20,00000	0,00000	0,00000
0,80438	19,00000	0,00000	0,00000	0,80438	19,00000	0,00000	0,00000
0,81675	22,00000	0,00000	0,00000	0,81675	18,00000	0,00000	0,00000
0,82913	22,00000	0,00000	0,00000	0,82913	19,00000	0,00000	0,00000
0,84150	22,00000	0,00000	0,00000	0,84150	19,00000	0,00000	0,00000
0,85388	19,00000	0,00000	0,00000	0,85388	20,00000	0,00000	0,00000
0,86625	19,00000	0,00000	0,00000	0,86625	22,00000	0,00000	0,00000
0,87862	22,00000	0,00000	0,00000	0,87863	20,00000	0,00000	0,00000
0,89100	20,00000	0,00000	0,00000	0,89100	20,00000	0,00000	0,00000
0,90338	18,00000	0,00000	0,00000	0,90338	20,00000	0,00000	0,00000
0,91575	18,00000	0,00000	0,00000	0,91575	18,00000	0,00000	0,00000
0,92813	22,00000	0,00000	0,00000	0,92813	22,00000	0,00000	0,00000
0,94050	22,00000	0,00000	0,00000	0,94050	19,00000	0,00000	0,00000
0,95288	19,00000	0,00000	0,00000	0,95288	19,00000	0,00000	0,00000
0,96525	19,00000	0,00000	0,00000	0,96525	22,00000	0,00000	0,00000
0,97763	22,00000	0,00000	0,00000	0,97763	20,00000	0,00000	0,00000
0,99000	19,00000	0,00000	0,00000	0,99000	22,00000	0,00000	0,00000
1,00238	19,00000	0,00000	0,00000	1,00238	22,00000	0,00000	0,00000
1,01475	22,00000	0,00000	0,00000	1,01475	22,00000	0,00000	0,00000
1,02713	23,00000	0,00000	0,00000	1,02713	20,00000	0,00000	0,00000
1,03950	22,00000	0,00000	0,00000	1,03950	20,00000	0,00000	0,00000
1,05188	22,00000	0,00000	0,00000	1,05188	19,00000	0,00000	0,00000
1,06425	19,00000	0,00000	0,00000	1,06425	23,00000	0,00000	0,00000
1,07662	19,00000	0,00000	0,00000	1,07663	22,00000	0,00000	0,00000
1,08900	22,00000	0,00000	0,00000	1,08900	18,00000	0,00000	0,00000
1,10137	22,00000	0,00000	0,00000	1,10138	23,00000	0,00000	0,00000
1,11375	19,00000	0,00000	0,00000	1,11375	20,00000	0,00000	0,00000
1,12613	19,00000	0,00000	0,00000	1,12613	19,00000	0,00000	0,00000
1,13850	19,00000	0,00000	0,00000	1,13850	19,00000	0,00000	0,00000
1,15088	22,00000	0,00000	0,00000	1,15088	19,00000	0,00000	0,00000
1,16325	19,00000	0,00000	0,00000	1,16325	22,00000	0,00000	0,00000
1,17563	19,00000	0,00000	0,00000	1,17563	22,00000	0,00000	0,00000
1,18800	20,00000	0,00000	0,00000	1,18800	22,00000	0,00000	0,00000
1,20037	20,00000	0,00000	0,00000	1,20038	20,00000	0,00000	0,00000
1,21275	20,00000	0,00000	0,00000	1,21275	19,00000	0,00000	0,00000
1,22513	18,00000	0,00000	0,00000	1,22513	20,00000	0,00000	0,00000
1,23750	18,00000	0,00000	0,00000	1,23750	22,00000	0,00000	0,00000
1,24988	19,00000	0,00000	0,00000	1,24988	22,00000	0,00000	0,00000
1,26225	19,00000	0,00000	0,00000	1,26225	22,00000	0,00000	0,00000
1,27463	18,00000	0,00000	0,00000	1,27463	19,00000	0,00000	0,00000
1,28700	18,00000	0,00000	0,00000	1,28700	19,00000	0,00000	0,00000
1,29938	22,00000	0,00000	0,00000	1,29938	19,00000	0,00000	0,00000
1,31175	22,00000	0,00000	0,00000	1,31175	19,00000	0,00000	0,00000
1,32412	22,00000	0,00000	0,00000	1,32413	20,00000	0,00000	0,00000
1,33650	22,00000	0,00000	0,00000	1,33650	22,00000	0,00000	0,00000
1,34888	19,00000	0,00000	0,00000	1,34888	20,00000	0,00000	0,00000
1,36125	18,00000	0,00000	0,00000	1,36125	18,00000	0,00000	0,00000
1,37363	19,00000	0,00000	0,00000	1,37363	22,00000	0,00000	0,00000
1,38600	22,00000	0,00000	0,00000	1,38600	20,00000	0,00000	0,00000
1,39838	22,00000	0,00000	0,00000	1,39838	18,00000	0,00000	0,00000
1,41075	22,00000	0,00000	0,00000	1,41075	20,00000	0,00000	0,00000
1,42312	22,00000	0,00000	0,00000	1,42313	19,00000	0,00000	0,00000
1,43550	22,00000	0,00000	0,00000	1,43550	18,00000	0,00000	0,00000
1,44788	19,00000	0,00000	0,00000	1,44788	22,00000	0,00000	0,00000
1,46025	19,00000	0,00000	0,00000	1,46025	20,00000	0,00000	0,00000
1,47263	22,00000	0,00000	0,00000	1,47263	22,00000	0,00000	0,00000
1,48500	22,00000	0,00000	0,00000	1,48500	19,00000	0,00000	0,00000
1,49738	19,00000	0,00000	0,00000	1,49738	19,00000	0,00000	0,00000
1,50975	19,00000	0,00000	0,00000	1,50975	19,00000	0,00000	0,00000
1,52213	22,00000	0,00000	0,00000	1,52213	19,00000	0,00000	0,00000
1,53450	19,00000	0,00000	0,00000	1,53450	18,00000	0,00000	0,00000
1,54688	19,00000	0,00000	0,00000	1,54688	23,00000	0,00000	0,00000
1,55925	22,00000	0,00000	0,00000	1,55925	19,00000	0,00000	0,00000
1,57163	23,00000	0,00000	0,00000	1,57163	20,00000	0,00000	0,00000
1,58400	20,00000	0,00000	0,00000	1,58400	19,00000	0,00000	0,00000
1,59638	20,00000	0,00000	0,00000	1,59638	22,00000	0,00000	0,00000
1,60875	23,00000	0,00000	0,00000	1,60875	19,00000	0,00000	0,00000
1,62113	22,00000	0,00000	0,00000	1,62113	22,00000	0,00000	0,00000
1,63350	19,00000	0,00000	0,00000	1,63350	20,00000	0,00000	0,00000
1,64587	22,00000	0,00000	0,00000	1,64588	22,00000	0,00000	0,00000
1,65825	22,00000	0,00000	0,00000	1,65825	22,00000	0,00000	0,00000
1,67063	22,00000	0,00000	0,00000	1,67063	22,00000	0,00000	0,00000
1,68300	22,00000	0,00000	0,00000	1,68300	22,00000	0,00000	0,00000
1,69538	18,00000	0,00000	0,00000	1,69538	20,00000	0,00000	0,00000
1,70775	18,00000	0,00000	0,00000	1,70775	22,00000	0,00000	0,00000
1,72013	20,00000	0,00000	0,00000	1,72013	18,00000	0,00000	0,00000
1,73250	22,00000	0,00000	0,00000	1,73250	19,00000	0,00000	0,00000
1,74488	22,00000	0,00000	0,00000	1,74488	19,00000	0,00000	0,00000
1,75725	22,00000	0,00000	0,00000	1,75725	20,00000	0,00000	0,00000
1,76963	22,00000	0,00000	0,00000	1,76963	19,00000	0,00000	0,00000
1,78200	22,00000	0,00000	0,00000	1,78200	22,00000	0,00000	0,00000
1,79438	22,00000	0,00000	0,00000	1,79438	20,00000	0,00000	0,00000
1,80675	19,00000	0,00000	0,00000	1,80675	22,00000	0,00000	0,00000
1,81913	19,00000	0,00000	0,00000	1,81913	22,00000	0,00000	0,00000
1,83150	19,00000	0,00000	0,00000	1,83150	22,00000	0,00000	0,00000
1,84388	22,00000	0,00000	0,00000	1,84388	19,00000	0,00000	0,00000
1,85625	23,00000	0,00000	0,00000	1,85625	19,00000	0,00000	0,00000
1,86862	22,00000	0,00000	0,00000	1,86863	19,00000	0,00000	0,00000
1,88100	19,00000	0,00000	0,00000	1,88100	22,00000	0,00000	0,00000
1,89338	18,00000	0,00000	0,00000	1,89338	19,00000	0,00000	0,00000
1,90575	18,00000	0,00000	0,00000	1,90575	19,00000	0,00000	0,00000
1,91813	22,00000	0,00000	0,00000	1,91813	19,00000	0,00000	0,00000
1,93050	22,00000	0,00000	0,00000	1,93050	20,00000	0,00000	0,00000
1,94288	18,00000	0,00000	0,00000	1,94288	20,00000	0,00000	0,00000
1,95525	18,00000	0,00000	0,00000	1,95525	22,00000	0,00000	0,00000
1,96763	20,00000	0,00000	0,00000	1,96763	19,00000	0,00000	0,00000
1,98000	20,00000	0,00000	0,00000	1,98000	22,00000	0,00000	0,00000
1,99238	18,00000	0,00000	0,00000	1,99238	22,00000	0,00000	0,00000
2,00475	18,00000	0,00000	0,00000	2,00475	22,00000	0,00000	0,00000
2,01713	22,00000	0,00000	0,00000	2,01713	22,00000	0,00000	0,00000
2,02950	22,00000	0,00000	0,00000	2,02950	19,00000	0,00000	0,00000
2,04188	22,00000	0,00000	0,00000	2,04188	18,00000	0,00000	0,00000
2,05425	20,00000	0,00000	0,00000	2,05425	19,00000	0,00000	0,00000
2,06663	20,00000	0,00000	0,00000	2,06663	20,00000	0,00000	0,00000
2,07900	23,00000	0,00000	0,00000	2,07900	22,00000	0,00000	0,00000
2,09138	23,00000	0,00000	0,00000	2,09138	22,00000	0,00000	0,00000
2,10375	20,00000	0,00000	0,00000	2,10375	22,00000	0,00000	0,00000
2,11613	20,00000	0,00000	0,00000	2,11613	19,00000	0,00000	0,00000
2,12850	22,00000	0,00000	0,00000	2,12850	18,00000	0,00000	0,00000
2,14088	22,00000	0,00000	0,00000	2,14088	22,00000	0,00000	0,00000
2,15325	22,00000	0,00000	0,00000	2,15325	19,00000	0,00000	0,00000
2,16562	19,00000	0,00000	0,00000	2,16563	19,00000	0,00000	0,00000
2,17800	19,00000	0,00000	0,00000	2,17800	19,00000	0,00000	0,00000
2,19037	22,00000	0,00000	0,00000	2,19038	19,00000	0,00000	0,00000
2,20275	18,00000	0,00000	0,00000	2,20275	19,00000	0,00000	0,00000
2,21513	18,00000	0,00000	0,00000	2,21513	22,00000	0,00000	0,00000
2,22750	22,00000	0,00000	0,00000	2,22750	19,00000	0,00000	0,00000
2,23988	22,00000	0,00000	0,00000	2,23988	22,00000	0,00000	0,00000
2,25225	19,00000	0,00000	0,00000	2,25225	22,00000	0,00000	0,00000
2,26463	18,00000	0,00000	0,00000	2,26463	19,00000	0,00000	0,00000
2,27700	20,00000	0,00000	0,00000	2,27700	19,00000	0,00000	0,00000
2,28938	22,00000	0,00000	0,00000	2,28938	18,00000	0,00000	0,00000
2,30175	19,00000	0,00000	0,00000	2,30175	20,00000	0,00000	0,00000
2,31413	19,00000	0,00000	0,00000	2,31413	18,00000	0,00000	0,00000
2,32650	20,00000	0,00000	0,00000	2,32650	20,00000	0,00000	0,00000
2,33888	20,00000	0,00000	0,00000	2,33888	19,00000	0,00000	0,00000
2,35125	18,00000	0,00000	0,00000	2,35125	22,00000	0,00000	0,00000
2,36363	20,00000	0,00000	0,00000	2,36363	19,00000	0,00000	0,00000
2,37600	20,00000	0,00000	0,00000	2,37600	22,00000	0,00000	0,00000
2,38837	18,00000	0,00000	0,00000	2,38838	19,00000	0,00000	0,00000
2,40075	18,00000	0,00000	0,00000	2,40075	20,00000	0,00000	0,00000
2,41312	22,00000	0,00000	0,00000	2,41313	20,00000	0,00000	0,00000
2,42550	22,00000	0,00000	0,00000	2,42550	19,00000	0,00000	0,00000
2,43788	18,00000	0,00000	0,00000	2,43788	22,00000	0,00000	0,00000
2,45025	18,00000	0,00000	0,00000	2,45025	19,00000	0,00000	0,00000
2,46263	18,00000	0,00000	0,00000	2,46263	20,00000	0,00000	0,00000
2,47500	22,00000	0,00000	0,00000	2,47500	22,00000	0,00000	0,00000
2,48738	20,00000	0,00000	0,00000	2,48738	22,00000	0,00000	0,00000
2,49975	19,00000	0,00000	0,00000	2,49975	20,00000	0,00000	0,00000
2,51213	19,00000	0,00000	0,00000	2,51213	19,00000	0,00000	0,00000
2,52450	19,00000	0,00000	0,00000	2,52450	20,00000	0,00000	0,00000
2,53688	22,00000	0,00000	0,00000	2,53688	20,00000	0,00000	0,00000
2,54925	22,00000	0,00000	0,00000	2,54925	20,00000	0,00000	0,00000
2,56163	19,00000	0,00000	0,00000	2,56163	19,00000	0,00000	0,00000
2,57400	19,00000	0,00000	0,00000	2,57400	19,00000	0,00000	0,00000
2,58638	22,00000	0,00000	0,00000	2,58638	19,00000	0,00000	0,00000
2,59875	22,00000	0,00000	0,00000	2,59875	19,00000	0,00000	0,00000
2,61112	19,00000	0,00000	0,00000	2,61113	20,00000	0,00000	0,00000
2,62350	18,00000	0,00000	0,00000	2,62350	19,00000	0,00000	0,00000
2,63587	22,00000	0,00000	0,00000	2,63588	22,00000	0,00000	0,00000
2,64825	22,00000	0,00000	0,00000	2,64825	19,00000	0,00000	0,00000
2,66063	19,00000	0,00000	0,00000	2,66063	22,00000	0,00000	0,00000
2,67300	19,00000	0,00000	0,00000	2,67300	19,00000	0,00000	0,00000
2,68538	22,00000	0,00000	0,00000	2,68538	22,00000	0,00000	0,00000
2,69775	19,00000	0,00000	0,00000	2,69775	22,00000	0,00000	0,00000
2,71013	18,00000	0,00000	0,00000	2,71013	22,00000	0,00000	0,00000
2,72250	22,00000	0,00000	0,00000	2,72250	22,00000	0,00000	0,00000
2,73488	22,00000	0,00000	0,00000	2,73488	22,00000	0,00000	0,00000
2,74725	22,00000	0,00000	0,00000	2,74725	22,00000	0,00000	0,00000
2,75963	19,00000	0,00000	0,00000	2,75963	19,00000	0,00000	0,00000
2,77200	19,00000	0,00000	0,00000	2,77200	20,00000	0,00000	0,00000
2,78438	22,00000	0,00000	0,00000	2,78438	23,00000	0,00000	0,00000
2,79675	19,00000	0,00000	0,00000	2,79675	23,00000	0,00000	0,00000
2,80913	19,00000	0,00000	0,00000	2,80913	29,00000	0,00000	0,00000
2,82150	22,00000	0,00000	0,00000	2,82150	29,00000	0,00000	0,00000
2,83387	22,00000	0,00000	0,00000	2,83388	38,00000	0,00000	0,00000
2,84625	22,00000	0,00000	0,00000	2,84625	64,00000	0,00000	0,00000
2,85862	20,00000	0,00000	0,00000	2,85863	80,00000	0,00000	0,00000
2,87100	18,00000	0,00000	0,00000	2,87100	101,00000	0,00000	0,00000
2,88338	18,00000	0,00000	0,00000	2,88338	118,00000	0,00000	0,00000
2,89575	18,00000	0,00000	0,00000	2,89575	153,00000	0,00000	0,00000
2,90813	22,00000	0,00000	0,00000	2,90813	180,00000	0,00000	0,00000
2,92050	22,00000	0,00000	0,00000	2,92050	211,00000	0,00000	0,00000
2,93288	19,00000	0,00000	0,00000	2,93288	213,00000	0,00000	0,00000
2,94525	19,00000	0,00000	0,00000	2,94525	194,00000	0,00000	0,00000
2,95763	22,00000	0,00000	0,00000	2,95763	189,00000	0,00000	0,00000
2,97000	22,00000	0,00000	0,00000	2,97000	162,00000	0,00000	0,00000
2,98238	19,00000	0,00000	0,00000	2,98238	130,00000	0,00000	0,00000
2,99475	19,00000	0,00000	0,00000	2,99475	101,00000	0,00000	0,00000
3,00713	22,00000	0,00000	0,00000	3,00713	79,00000	0,00000	0,00000
3,01950	23,00000	0,00000	0,00000	3,01950	55,00000	0,00000	0,00000
3,03188	22,00000	0,00000	0,00000	3,03188	43,00000	0,00000	0,00000
3,04425	19,00000	0,00000	0,00000	3,04425	30,00000	0,00000	0,00000
3,05662	19,00000	0,00000	0,00000	3,05663	24,00000	0,00000	0,00000
3,06900	19,00000	0,00000	0,00000	3,06900	20,00000	0,00000	0,00000
3,08137	19,00000	0,00000	0,00000	3,08138	23,00000	0,00000	0,00000
3,09375	23,00000	0,00000	0,00000	3,09375	19,00000	0,00000	0,00000
3,10613	22,00000	0,00000	0,00000	3,10613	22,00000	0,00000	0,00000
3,11850	22,00000	0,00000	0,00000	3,11850	18,00000	0,00000	0,00000
3,13088	20,00000	0,00000	0,00000	3,13088	22,00000	0,00000	0,00000
3,14325	18,00000	0,00000	0,00000	3,14325	20,00000	0,00000	0,00000
3,15563	18,00000	0,00000	0,00000	3,15563	19,00000	0,00000	0,00000
3,16800	19,00000	0,00000	0,00000	3,16800	22,00000	0,00000	0,00000
3,18038	18,00000	0,00000	0,00000	3,18038	20,00000	0,00000	0,00000
3,19275	18,00000	0,00000	0,00000	3,19275	19,00000	0,00000	0,00000
3,20513	20,00000	0,00000	0,00000	3,20513	22,00000	0,00000	0,00000
3,21750	22,00000	0,00000	0,00000	3,21750	20,00000	0,00000	0,00000
3,22988	22,00000	0,00000	0,00000	3,22988	22,00000	0,00000	0,00000
3,24225	19,00000	0,00000	0,00000	3,24225	22,00000	0,00000	0,00000
3,25463	19,00000	0,00000	0,00000	3,25463	22,00000	0,00000	0,00000
3,26700	22,00000	0,00000	0,00000	3,26700	19,00000	0,00000	0,00000
3,27938	19,00000	0,00000	0,00000	3,27938	19,00000	0,00000	0,00000
3,29175	19,00000	0,00000	0,00000	3,29175	19,00000	0,00000	0,00000
3,30412	22,00000	0,00000	0,00000	3,30413	19,00000	0,00000	0,00000
3,31650	22,00000	0,00000	0,00000	3,31650	19,00000	0,00000	0,00000
3,32888	19,00000	0,00000	0,00000	3,32888	19,00000	0,00000	0,00000
3,34125	19,00000	0,00000	0,00000	3,34125	22,00000	0,00000	0,00000
3,35363	22,00000	0,00000	0,00000	3,35363	19,00000	0,00000	0,00000
3,36600	22,00000	0,00000	0,00000	3,36600	22,00000	0,00000	0,00000
3,37838	22,00000	0,00000	0,00000	3,37838	18,00000	0,00000	0,00000
3,39075	19,00000	0,00000	0,00000	3,39075	22,00000	0,00000	0,00000
3,40313	19,00000	0,00000	0,00000	3,40313	19,00000	0,00000	0,00000
3,41550	20,00000	0,00000	0,00000	3,41550	22,00000	0,00000	0,00000
3,42788	20,00000	0,00000	0,00000	3,42788	22,00000	0,00000	0,00000
3,44025	19,00000	0,00000	0,00000	3,44025	19,00000	0,00000	0,00000
3,45263	19,00000	0,00000	0,00000	3,45263	22,00000	0,00000	0,00000
3,46500	22,00000	0,00000	0,00000	3,46500	19,00000	0,00000	0,00000
3,47738	22,00000	0,00000	0,00000	3,47738	19,00000	0,00000	0,00000
3,48975	20,00000	0,00000	0,00000	3,48975	22,00000	0,00000	0,00000
3,50213	18,00000	0,00000	0,00000	3,50213	19,00000	0,00000	0,00000
3,51450	18,00000	0,00000	0,00000	3,51450	20,00000	0,00000	0,00000
3,52687	18,00000	0,00000	0,00000	3,52688	18,00000	0,00000	0,00000
3,53925	22,00000	0,00000	0,00000	3,53925	22,00000	0,00000	0,00000
3,55163	22,00000	0,00000	0,00000	3,55163	18,00000	0,00000	0,00000
3,56400	20,00000	0,00000	0,00000	3,56400	18,00000	0,00000	0,00000
3,57638	20,00000	0,00000	0,00000	3,57638	19,00000	0,00000	0,00000
3,58875	23,00000	0,00000	0,00000	3,58875	19,00000	0,00000	0,00000
3,60113	20,00000	0,00000	0,00000	3,60113	20,00000	0,00000	0,00000
3,61350	20,00000	0,00000	0,00000	3,61350	18,00000	0,00000	0,00000
3,62588	22,00000	0,00000	0,00000	3,62588	18,00000	0,00000	0,00000
3,63825	22,00000	0,00000	0,00000	3,63825	18,00000	0,00000	0,00000
3,65063	19,00000	0,00000	0,00000	3,65063	19,00000	0,00000	0,00000
3,66300	19,00000	0,00000	0,00000	3,66300	22,00000	0,00000	0,00000
3,67538	22,00000	0,00000	0,00000	3,67538	19,00000	0,00000	0,00000
3,68775	22,00000	0,00000	0,00000	3,68775	20,00000	0,00000	0,00000
3,70013	18,00000	0,00000	0,00000	3,70013	20,00000	0,00000	0,00000
3,71250	18,00000	0,00000	0,00000	3,71250	22,00000	0,00000	0,00000
3,72488	22,00000	0,00000	0,00000	3,72488	22,00000	0,00000	0,00000
3,73725	22,00000	0,00000	0,00000	3,73725	19,00000	0,00000	0,00000
3,74962	22,00000	0,00000	0,00000	3,74963	19,00000	0,00000	0,00000
3,76200	22,00000	0,00000	0,00000	3,76200	18,00000	0,00000	0,00000
3,77438	22,00000	0,00000	0,00000	3,77438	20,00000	0,00000	0,00000
3,78675	20,00000	0,00000	0,00000	3,78675	19,00000	0,00000	0,00000
3,79913	20,00000	0,00000	0,00000	3,79913	20,00000	0,00000	0,00000
3,81150	23,00000	0,00000	0,00000	3,81150	19,00000	0,00000	0,00000
3,82388	23,00000	0,00000	0,00000	3,82388	18,00000	0,00000	0,00000
3,83625	20,00000	0,00000	0,00000	3,83625	20,00000	0,00000	0,00000
3,84863	22,00000	0,00000	0,00000	3,84863	19,00000	0,00000	0,00000
3,86100	23,00000	0,00000	0,00000	3,86100	19,00000	0,00000	0,00000
3,87338	26,00000	0,00000	0,00000	3,87338	22,00000	0,00000	0,00000
3,88575	29,00000	0,00000	0,00000	3,88575	22,00000	0,00000	0,00000
3,89813	37,00000	0,00000	0,00000	3,89813	18,00000	0,00000	0,00000
3,91050	48,00000	0,00000	0,00000	3,91050	18,00000	0,00000	0,00000
3,92288	62,00000	0,00000	0,00000	3,92288	22,00000	0,00000	0,00000
3,93525	83,00000	0,00000	0,00000	3,93525	20,00000	0,00000	0,00000
3,94763	108,00000	0,00000	0,00000	3,94763	20,00000	0,00000	0,00000
3,96000	135,00000	0,00000	0,00000	3,96000	17,00000	0,00000	0,00000
3,97237	157,00000	0,00000	0,00000	3,97238	18,00000	0,00000	0,00000
3,98475	174,00000	0,00000	0,00000	3,98475	17,00000	0,00000	0,00000
3,99713	197,00000	0,00000	0,00000	3,99713	18,00000	0,00000	0,00000
4,00950	213,00000	0,00000	0,00000	4,00950	22,00000	0,00000	0,00000
4,02188	213,00000	0,00000	0,00000	4,02188	18,00000	0,00000	0,00000
4,03425	194,00000	0,00000	0,00000	4,03425	22,00000	0,00000	0,00000
4,04663	169,00000	0,00000	0,00000	4,04663	20,00000	0,00000	0,00000
4,05900	147,00000	0,00000	0,00000	4,05900	22,00000	0,00000	0,00000
4,07138	128,00000	0,00000	0,00000	4,07138	20,00000	0,00000	0,00000
4,08375	96,00000	0,00000	0,00000	4,08375	20,00000	0,00000	0,00000
4,09612	72,00000	0,00000	0,00000	4,09613	20,00000	0,00000	0,00000
4,10850	53,00000	0,00000	0,00000	4,10850	19,00000	0,00000	0,00000
4,12087	43,00000	0,00000	0,00000	4,12088	19,00000	0,00000	0,00000
4,13325	33,00000	0,00000	0,00000	4,13325	22,00000	0,00000	0,00000
4,14562	27,00000	0,00000	0,00000	4,14563	18,00000	0,00000	0,00000
4,15800	25,00000	0,00000	0,00000	4,15800	22,00000	0,00000	0,00000
4,17037	20,00000	0,00000	0,00000	4,17038	22,00000	0,00000	0,00000
4,18275	22,00000	0,00000	0,00000	4,18275	22,00000	0,00000	0,00000
4,19512	23,00000	0,00000	0,00000	4,19513	22,00000	0,00000	0,00000
4,20750	22,00000	0,00000	0,00000	4,20750	20,00000	0,00000	0,00000
4,21988	19,00000	0,00000	0,00000	4,21988	18,00000	0,00000	0,00000
4,23225	19,00000	0,00000	0,00000	4,23225	20,00000	0,00000	0,00000
4,24463	22,00000	0,00000	0,00000	4,24463	20,00000	0,00000	0,00000
4,25700	22,00000	0,00000	0,00000	4,25700	20,00000	0,00000	0,00000
4,26938	22,00000	0,00000	0,00000	4,26938	18,00000	0,00000	0,00000
4,28175	22,00000	0,00000	0,00000	4,28175	19,00000	0,00000	0,00000
4,29413	22,00000	0,00000	0,00000	4,29413	20,00000	0,00000	0,00000
4,30650	19,00000	0,00000	0,00000	4,30650	19,00000	0,00000	0,00000
4,31888	19,00000	0,00000	0,00000	4,31888	19,00000	0,00000	0,00000
4,33125	22,00000	0,00000	0,00000	4,33125	18,00000	0,00000	0,00000
4,34363	22,00000	0,00000	0,00000	4,34363	18,00000	0,00000	0,00000
4,35600	19,00000	0,00000	0,00000	4,35600	19,00000	0,00000	0,00000
4,36838	19,00000	0,00000	0,00000	4,36838	22,00000	0,00000	0,00000
4,38075	19,00000	0,00000	0,00000	4,38075	20,00000	0,00000	0,00000
4,39313	22,00000	0,00000	0,00000	4,39313	19,00000	0,00000	0,00000
4,40550	22,00000	0,00000	0,00000	4,40550	20,00000	0,00000	0,00000
4,41788	18,00000	0,00000	0,00000	4,41788	18,00000	0,00000	0,00000
4,43025	18,00000	0,00000	0,00000	4,43025	19,00000	0,00000	0,00000
4,44263	18,00000	0,00000	0,00000	4,44263	20,00000	0,00000	0,00000
4,45500	20,00000	0,00000	0,00000	4,45500	18,00000	0,00000	0,00000
4,46738	20,00000	0,00000	0,00000	4,46738	20,00000	0,00000	0,00000
4,47975	20,00000	0,00000	0,00000	4,47975	20,00000	0,00000	0,00000
4,49213	20,00000	0,00000	0,00000	4,49213	20,00000	0,00000	0,00000
4,50450	18,00000	0,00000	0,00000	4,50450	18,00000	0,00000	0,00000
4,51688	18,00000	0,00000	0,00000	4,51688	19,00000	0,00000	0,00000
4,52925	22,00000	0,00000	0,00000	4,52925	20,00000	0,00000	0,00000
4,54162	22,00000	0,00000	0,00000	4,54163	19,00000	0,00000	0,00000
4,55400	22,00000	0,00000	0,00000	4,55400	20,00000	0,00000	0,00000
4,56637	22,00000	0,00000	0,00000	4,56638	18,00000	0,00000	0,00000
4,57875	20,00000	0,00000	0,00000	4,57875	18,00000	0,00000	0,00000
4,59112	18,00000	0,00000	0,00000	4,59113	18,00000	0,00000	0,00000
4,60350	18,00000	0,00000	0,00000	4,60350	20,00000	0,00000	0,00000
4,61587	22,00000	0,00000	0,00000	4,61588	18,00000	0,00000	0,00000
4,62825	22,00000	0,00000	0,00000	4,62825	18,00000	0,00000	0,00000
4,64063	22,00000	0,00000	0,00000	4,64063	18,00000	0,00000	0,00000
4,65300	19,00000	0,00000	0,00000	4,65300	20,00000	0,00000	0,00000
4,66538	18,00000	0,00000	0,00000	4,66538	22,00000	0,00000	0,00000
4,67775	20,00000	0,00000	0,00000	4,67775	22,00000	0,00000	0,00000
4,69013	20,00000	0,00000	0,00000	4,69013	19,00000	0,00000	0,00000
4,70250	20,00000	0,00000	0,00000	4,70250	18,00000	0,00000	0,00000
4,71488	18,00000	0,00000	0,00000	4,71488	19,00000	0,00000	0,00000
4,72725	20,00000	0,00000	0,00000	4,72725	18,00000	0,00000	0,00000
4,73963	20,00000	0,00000	0,00000	4,73963	20,00000	0,00000	0,00000
4,75200	20,00000	0,00000	0,00000	4,75200	22,00000	0,00000	0,00000
4,76438	20,00000	0,00000	0,00000	4,76438	22,00000	0,00000	0,00000
4,77675	18,00000	0,00000	0,00000	4,77675	22,00000	0,00000	0,00000
4,78913	18,00000	0,00000	0,00000	4,78913	22,00000	0,00000	0,00000
4,80150	18,00000	0,00000	0,00000	4,80150	22,00000	0,00000	0,00000
4,81388	20,00000	0,00000	0,00000	4,81388	22,00000	0,00000	0,00000
4,82625	22,00000	0,00000	0,00000	4,82625	19,00000	0,00000	0,00000
4,83863	19,00000	0,00000	0,00000	4,83863	19,00000	0,00000	0,00000
4,85100	19,00000	0,00000	0,00000	4,85100	19,00000	0,00000	0,00000
4,86338	22,00000	0,00000	0,00000	4,86338	18,00000	0,00000	0,00000
4,87575	22,00000	0,00000	0,00000	4,87575	20,00000	0,00000	0,00000
4,88813	19,00000	0,00000	0,00000	4,88813	19,00000	0,00000	0,00000
4,90050	18,00000	0,00000	0,00000	4,90050	20,00000	0,00000	0,00000
4,91288	19,00000	0,00000	0,00000	4,91288	19,00000	0,00000	0,00000
4,92525	22,00000	0,00000	0,00000	4,92525	19,00000	0,00000	0,00000
4,93763	22,00000	0,00000	0,00000	4,93763	20,00000	0,00000	0,00000
4,95000	22,00000	0,00000	0,00000	4,95000	18,00000	0,00000	0,00000
4,96238	19,00000	0,00000	0,00000	4,96238	19,00000	0,00000	0,00000
4,97475	22,00000	0,00000	0,00000	4,97475	22,00000	0,00000	0,00000
4,98712	22,00000	0,00000	0,00000	4,98713	22,00000	0,00000	0,00000
4,99950	19,00000	0,00000	0,00000	4,99950	19,00000	0,00000	0,00000
5,01187	18,00000	0,00000	0,00000	5,01188	22,00000	0,00000	0,00000
5,02425	20,00000	0,00000	0,00000	5,02425	18,00000	0,00000	0,00000
5,03662	22,00000	0,00000	0,00000	5,03663	19,00000	0,00000	0,00000
5,04900	19,00000	0,00000	0,00000	5,04900	20,00000	0,00000	0,00000
5,06137	19,00000	0,00000	0,00000	5,06138	22,00000	0,00000	0,00000
5,07375	19,00000	0,00000	0,00000	5,07375	19,00000	0,00000	0,00000
5,08613	22,00000	0,00000	0,00000	5,08613	18,00000	0,00000	0,00000
5,09850	22,00000	0,00000	0,00000	5,09850	19,00000	0,00000	0,00000
5,11088	19,00000	0,00000	0,00000	5,11088	22,00000	0,00000	0,00000
5,12325	19,00000	0,00000	0,00000	5,12325	19,00000	0,00000	0,00000
5,13563	19,00000	0,00000	0,00000	5,13563	20,00000	0,00000	0,00000
5,14800	22,00000	0,00000	0,00000	5,14800	20,00000	0,00000	0,00000
5,16038	22,00000	0,00000	0,00000	5,16038	20,00000	0,00000	0,00000
5,17275	22,00000	0,00000	0,00000	5,17275	19,00000	0,00000	0,00000
5,18513	19,00000	0,00000	0,00000	5,18513	19,00000	0,00000	0,00000
5,19750	19,00000	0,00000	0,00000	5,19750	20,00000	0,00000	0,00000
5,20988	19,00000	0,00000	0,00000	5,20988	22,00000	0,00000	0,00000
5,22225	19,00000	0,00000	0,00000	5,22225	19,00000	0,00000	0,00000
5,23463	22,00000	0,00000	0,00000	5,23463	20,00000	0,00000	0,00000
5,24700	22,00000	0,00000	0,00000	5,24700	19,00000	0,00000	0,00000
5,25938	22,00000	0,00000	0,00000	5,25938	20,00000	0,00000	0,00000
5,27175	18,00000	0,00000	0,00000	5,27175	19,00000	0,00000	0,00000
5,28413	18,00000	0,00000	0,00000	5,28413	18,00000	0,00000	0,00000
5,29650	20,00000	0,00000	0,00000	5,29650	20,00000	0,00000	0,00000
5,30888	22,00000	0,00000	0,00000	5,30888	20,00000	0,00000	0,00000
5,32125	22,00000	0,00000	0,00000	5,32125	19,00000	0,00000	0,00000
5,33363	22,00000	0,00000	0,00000	5,33363	18,00000	0,00000	0,00000
5,34600	22,00000	0,00000	0,00000	5,34600	19,00000	0,00000	0,00000
5,35838	20,00000	0,00000	0,00000	5,35838	18,00000	0,00000	0,00000
5,37075	18,00000	0,00000	0,00000	5,37075	19,00000	0,00000	0,00000
5,38313	18,00000	0,00000	0,00000	5,38313	19,00000	0,00000	0,00000
5,39550	20,00000	0,00000	0,00000	5,39550	18,00000	0,00000	0,00000
5,40788	22,00000	0,00000	0,00000	5,40788	18,00000	0,00000	0,00000
5,42025	22,00000	0,00000	0,00000	5,42025	19,00000	0,00000	0,00000
5,43262	22,00000	0,00000	0,00000	5,43263	19,00000	0,00000	0,00000
5,44500	22,00000	0,00000	0,00000	5,44500	18,00000	0,00000	0,00000
5,45737	22,00000	0,00000	0,00000	5,45738	19,00000	0,00000	0,00000
5,46975	19,00000	0,00000	0,00000	5,46975	22,00000	0,00000	0,00000
5,48212	20,00000	0,00000	0,00000	5,48213	19,00000	0,00000	0,00000
5,49450	20,00000	0,00000	0,00000	5,49450	22,00000	0,00000	0,00000
5,50687	18,00000	0,00000	0,00000	5,50688	19,00000	0,00000	0,00000
5,51925	19,00000	0,00000	0,00000	5,51925	19,00000	0,00000	0,00000
5,53163	22,00000	0,00000	0,00000	5,53163	19,00000	0,00000	0,00000
5,54400	22,00000	0,00000	0,00000	5,54400	20,00000	0,00000	0,00000
5,55638	19,00000	0,00000	0,00000	5,55638	20,00000	0,00000	0,00000
5,56875	20,00000	0,00000	0,00000	5,56875	19,00000	0,00000	0,00000
5,58113	20,00000	0,00000	0,00000	5,58113	19,00000	0,00000	0,00000
5,59350	18,00000	0,00000	0,00000	5,59350	20,00000	0,00000	0,00000
5,60588	18,00000	0,00000	0,00000	5,60588	20,00000	0,00000	0,00000
5,61825	22,00000	0,00000	0,00000	5,61825	17,00000	0,00000	0,00000
5,63063	22,00000	0,00000	0,00000	5,63063	18,00000	0,00000	0,00000
5,64300	18,00000	0,00000	0,00000	5,64300	20,00000	0,00000	0,00000
5,65538	18,00000	0,00000	0,00000	5,65538	18,00000	0,00000	0,00000
5,66775	18,00000	0,00000	0,00000	5,66775	20,00000	0,00000	0,00000
5,68013	20,00000	0,00000	0,00000	5,68013	18,00000	0,00000	0,00000
5,69250	19,00000	0,00000	0,00000	5,69250	20,00000	0,00000	0,00000
5,70488	22,00000	0,00000	0,00000	5,70488	18,00000	0,00000	0,00000
5,71725	22,00000	0,00000	0,00000	5,71725	19,00000	0,00000	0,00000
5,72963	22,00000	0,00000	0,00000	5,72963	19,00000	0,00000	0,00000
5,74200	22,00000	0,00000	0,00000	5,74200	20,00000	0,00000	0,00000
5,75438	20,00000	0,00000	0,00000	5,75438	20,00000	0,00000	0,00000
5,76675	18,00000	0,00000	0,00000	5,76675	19,00000	0,00000	0,00000
5,77913	18,00000	0,00000	0,00000	5,77913	19,00000	0,00000	0,00000
5,79150	20,00000	0,00000	0,00000	5,79150	20,00000	0,00000	0,00000
5,80388	22,00000	0,00000	0,00000	5,80388	18,00000	0,00000	0,00000
5,81625	19,00000	0,00000	0,00000	5,81625	20,00000	0,00000	0,00000
5,82863	22,00000	0,00000	0,00000	5,82863	20,00000	0,00000	0,00000
5,84100	20,00000	0,00000	0,00000	5,84100	17,00000	0,00000	0,00000
5,85338	18,00000	0,00000	0,00000	5,85338	18,00000	0,00000	0,00000
5,86575	18,00000	0,00000	0,00000	5,86575	17,00000	0,00000	0,00000
5,87813	20,00000	0,00000	0,00000	5,87813	18,00000	0,00000	0,00000
5,89050	22,00000	0,00000	0,00000	5,89050	19,00000	0,00000	0,00000
5,90287	22,00000	0,00000	0,00000	5,90288	22,00000	0,00000	0,00000
5,91525	22,00000	0,00000	0,00000	0,00000	20,00000	0,00000	0,00000
5,92762	22,00000	0,00000	0,00000	0,00000	10,00000	0,00000	0,00000
5,94000	22,00000	0,00000	0,00000	0,00000	0,00000	0,00000	0,00000
5,95237	22,00000	0,00000	0,00000	0,00000	0,00000	0,00000	0,00000
5,96475	19,00000	0,00000	0,00000	0,00000	0,00000	0,00000	0,00000
5,97713	22,00000	0,00000	0,00000	0,00000	0,00000	0,00000	0,00000
5,98950	22,00000	0,00000	0,00000	0,00000	0,00000	0,00000	0,00000
6,00188	22,00000	0,00000	0,00000	0,00000	0,00000	0,00000	0,00000
6,01425	22,00000	0,00000	0,00000	0,00000	0,00000	0,00000	0,00000
6,02663	22,00000	0,00000	0,00000	0,00000	0,00000	0,00000	0,00000
6,03900	18,00000	0,00000	0,00000	0,00000	0,00000	0,00000	0,00000
6,05138	18,00000	0,00000	0,00000	0,00000	0,00000	0,00000	0,00000
6,06375	20,00000	0,00000	0,00000	0,00000	0,00000	0,00000	0,00000
6,07613	20,00000	0,00000	0,00000	0,00000	0,00000	0,00000	0,00000
6,08850	18,00000	0,00000	0,00000	0,00000	0,00000	0,00000	0,00000
6,10088	20,00000	0,00000	0,00000	0,00000	0,00000	0,00000	0,00000
6,11325	20,00000	0,00000	0,00000	0,00000	0,00000	0,00000	0,00000
6,12563	19,00000	0,00000	0,00000	0,00000	0,00000	0,00000	0,00000
6,13800	19,00000	0,00000	0,00000	0,00000	0,00000	0,00000	0,00000
6,15038	22,00000	0,00000	0,00000	0,00000	0,00000	0,00000	0,00000
6,16275	23,00000	0,00000	0,00000	0,00000	0,00000	0,00000	0,00000
6,17513	20,00000	0,00000	0,00000	0,00000	0,00000	0,00000	0,00000
6,18750	22,00000	0,00000	0,00000	0,00000	0,00000	0,00000	0,00000
6,19988	22,00000	0,00000	0,00000	0,00000	0,00000	0,00000	0,00000
6,21225	19,00000	0,00000	0,00000	0,00000	0,00000	0,00000	0,00000
6,22463	19,00000	0,00000	0,00000	0,00000	0,00000	0,00000	0,00000
6,23700	22,00000	0,00000	0,00000	0,00000	0,00000	0,00000	0,00000
6,24938	22,00000	0,00000	0,00000	0,00000	0,00000	0,00000	0,00000
6,26175	22,00000	0,00000	0,00000	0,00000	0,00000	0,00000	0,00000
6,27413	22,00000	0,00000	0,00000	0,00000	0,00000	0,00000	0,00000
6,28650	19,00000	0,00000	0,00000	0,00000	0,00000	0,00000	0,00000
6,29888	19,00000	0,00000	0,00000	0,00000	0,00000	0,00000	0,00000
6,31125	22,00000	0,00000	0,00000	0,00000	0,00000	0,00000	0,00000
6,32363	23,00000	0,00000	0,00000	0,00000	0,00000	0,00000	0,00000
6,33600	20,00000	0,00000	0,00000	0,00000	0,00000	0,00000	0,00000
6,34837	22,00000	0,00000	0,00000	0,00000	0,00000	0,00000	0,00000
6,36075	22,00000	0,00000	0,00000	0,00000	0,00000	0,00000	0,00000
6,37312	19,00000	0,00000	0,00000	0,00000	0,00000	0,00000	0,00000
6,38550	18,00000	0,00000	0,00000	0,00000	0,00000	0,00000	0,00000
6,39787	19,00000	0,00000	0,00000	0,00000	0,00000	0,00000	0,00000
6,41025	22,00000	0,00000	0,00000	0,00000	0,00000	0,00000	0,00000
6,42263	22,00000	0,00000	0,00000	0,00000	0,00000	0,00000	0,00000
6,43500	22,00000	0,00000	0,00000	0,00000	0,00000	0,00000	0,00000
6,44738	22,00000	0,00000	0,00000	0,00000	0,00000	0,00000	0,00000
6,45975	19,00000	0,00000	0,00000	0,00000	0,00000	0,00000	0,00000
6,47213	19,00000	0,00000	0,00000	0,00000	0,00000	0,00000	0,00000
6,48450	19,00000	0,00000	0,00000	0,00000	0,00000	0,00000	0,00000
6,49688	22,00000	0,00000	0,00000	0,00000	0,00000	0,00000	0,00000
6,50925	22,00000	0,00000	0,00000	0,00000	0,00000	0,00000	0,00000
6,52163	22,00000	0,00000	0,00000	0,00000	0,00000	0,00000	0,00000
6,53400	19,00000	0,00000	0,00000	0,00000	0,00000	0,00000	0,00000
6,54638	19,00000	0,00000	0,00000	0,00000	0,00000	0,00000	0,00000
6,55875	19,00000	0,00000	0,00000	0,00000	0,00000	0,00000	0,00000
6,57113	19,00000	0,00000	0,00000	0,00000	0,00000	0,00000	0,00000
6,58350	22,00000	0,00000	0,00000	0,00000	0,00000	0,00000	0,00000
6,59588	22,00000	0,00000	0,00000	0,00000	0,00000	0,00000	0,00000
6,60825	22,00000	0,00000	0,00000	0,00000	0,00000	0,00000	0,00000
6,62063	22,00000	0,00000	0,00000	0,00000	0,00000	0,00000	0,00000
6,63300	19,00000	0,00000	0,00000	0,00000	0,00000	0,00000	0,00000
6,64538	19,00000	0,00000	0,00000	0,00000	0,00000	0,00000	0,00000
6,65775	19,00000	0,00000	0,00000	0,00000	0,00000	0,00000	0,00000
6,67013	19,00000	0,00000	0,00000	0,00000	0,00000	0,00000	0,00000
6,68250	22,00000	0,00000	0,00000	0,00000	0,00000	0,00000	0,00000
6,69488	22,00000	0,00000	0,00000	0,00000	0,00000	0,00000	0,00000
6,70725	18,00000	0,00000	0,00000	0,00000	0,00000	0,00000	0,00000
6,71963	18,00000	0,00000	0,00000	0,00000	0,00000	0,00000	0,00000
6,73200	20,00000	0,00000	0,00000	0,00000	0,00000	0,00000	0,00000
6,74438	22,00000	0,00000	0,00000	0,00000	0,00000	0,00000	0,00000
6,75675	22,00000	0,00000	0,00000	0,00000	0,00000	0,00000	0,00000
6,76913	19,00000	0,00000	0,00000	0,00000	0,00000	0,00000	0,00000
6,78150	19,00000	0,00000	0,00000	0,00000	0,00000	0,00000	0,00000
6,79387	22,00000	0,00000	0,00000	0,00000	0,00000	0,00000	0,00000
6,80625	19,00000	0,00000	0,00000	0,00000	0,00000	0,00000	0,00000
6,81862	19,00000	0,00000	0,00000	0,00000	0,00000	0,00000	0,00000
6,83100	22,00000	0,00000	0,00000	0,00000	0,00000	0,00000	0,00000
6,84337	19,00000	0,00000	0,00000	0,00000	0,00000	0,00000	0,00000
6,85575	19,00000	0,00000	0,00000	0,00000	0,00000	0,00000	0,00000
6,86813	22,00000	0,00000	0,00000	0,00000	0,00000	0,00000	0,00000
6,88050	22,00000	0,00000	0,00000	0,00000	0,00000	0,00000	0,00000
6,89288	22,00000	0,00000	0,00000	0,00000	0,00000	0,00000	0,00000
6,90525	19,00000	0,00000	0,00000	0,00000	0,00000	0,00000	0,00000
6,91763	19,00000	0,00000	0,00000	0,00000	0,00000	0,00000	0,00000
6,93000	20,00000	0,00000	0,00000	0,00000	0,00000	0,00000	0,00000
6,94238	20,00000	0,00000	0,00000	0,00000	0,00000	0,00000	0,00000
6,95475	20,00000	0,00000	0,00000	0,00000	0,00000	0,00000	0,00000
6,96713	19,00000	0,00000	0,00000	0,00000	0,00000	0,00000	0,00000
6,97950	19,00000	0,00000	0,00000	0,00000	0,00000	0,00000	0,00000
6,99188	22,00000	0,00000	0,00000	0,00000	0,00000	0,00000	0,00000
7,00425	22,00000	0,00000	0,00000	0,00000	0,00000	0,00000	0,00000
7,01663	22,00000	0,00000	0,00000	0,00000	0,00000	0,00000	0,00000
7,02900	18,00000	0,00000	0,00000	0,00000	0,00000	0,00000	0,00000
7,04138	18,00000	0,00000	0,00000	0,00000	0,00000	0,00000	0,00000
7,05375	20,00000	0,00000	0,00000	0,00000	0,00000	0,00000	0,00000
7,06613	22,00000	0,00000	0,00000	0,00000	0,00000	0,00000	0,00000
7,07850	19,00000	0,00000	0,00000	0,00000	0,00000	0,00000	0,00000
7,09088	19,00000	0,00000	0,00000	0,00000	0,00000	0,00000	0,00000
7,10325	19,00000	0,00000	0,00000	0,00000	0,00000	0,00000	0,00000
7,11563	19,00000	0,00000	0,00000	0,00000	0,00000	0,00000	0,00000
7,12800	22,00000	0,00000	0,00000	0,00000	0,00000	0,00000	0,00000
7,14038	22,00000	0,00000	0,00000	0,00000	0,00000	0,00000	0,00000
7,15275	22,00000	0,00000	0,00000	0,00000	0,00000	0,00000	0,00000
7,16513	19,00000	0,00000	0,00000	0,00000	0,00000	0,00000	0,00000
7,17750	20,00000	0,00000	0,00000	0,00000	0,00000	0,00000	0,00000
7,18988	18,00000	0,00000	0,00000	0,00000	0,00000	0,00000	0,00000
7,20225	18,00000	0,00000	0,00000	0,00000	0,00000	0,00000	0,00000
7,21463	18,00000	0,00000	0,00000	0,00000	0,00000	0,00000	0,00000
7,22700	20,00000	0,00000	0,00000	0,00000	0,00000	0,00000	0,00000
7,23938	22,00000	0,00000	0,00000	0,00000	0,00000	0,00000	0,00000
7,25175	22,00000	0,00000	0,00000	0,00000	0,00000	0,00000	0,00000
7,26412	22,00000	0,00000	0,00000	0,00000	0,00000	0,00000	0,00000
7,27650	22,00000	0,00000	0,00000	0,00000	0,00000	0,00000	0,00000
7,28887	22,00000	0,00000	0,00000	0,00000	0,00000	0,00000	0,00000
7,30125	22,00000	0,00000	0,00000	0,00000	0,00000	0,00000	0,00000
7,31363	22,00000	0,00000	0,00000	0,00000	0,00000	0,00000	0,00000
7,32600	22,00000	0,00000	0,00000	0,00000	0,00000	0,00000	0,00000
7,33838	22,00000	0,00000	0,00000	0,00000	0,00000	0,00000	0,00000
7,35075	22,00000	0,00000	0,00000	0,00000	0,00000	0,00000	0,00000
7,36313	19,00000	0,00000	0,00000	0,00000	0,00000	0,00000	0,00000
7,37550	20,00000	0,00000	0,00000	0,00000	0,00000	0,00000	0,00000
7,38788	18,00000	0,00000	0,00000	0,00000	0,00000	0,00000	0,00000
7,40025	19,00000	0,00000	0,00000	0,00000	0,00000	0,00000	0,00000
7,41263	22,00000	0,00000	0,00000	0,00000	0,00000	0,00000	0,00000
7,42500	22,00000	0,00000	0,00000	0,00000	0,00000	0,00000	0,00000
7,43738	22,00000	0,00000	0,00000	0,00000	0,00000	0,00000	0,00000
7,44975	22,00000	0,00000	0,00000	0,00000	0,00000	0,00000	0,00000
7,46213	22,00000	0,00000	0,00000	0,00000	0,00000	0,00000	0,00000
7,47450	19,00000	0,00000	0,00000	0,00000	0,00000	0,00000	0,00000
7,48688	19,00000	0,00000	0,00000	0,00000	0,00000	0,00000	0,00000
7,49925	19,00000	0,00000	0,00000	0,00000	0,00000	0,00000	0,00000
7,51163	22,00000	0,00000	0,00000	0,00000	0,00000	0,00000	0,00000
7,52400	19,00000	0,00000	0,00000	0,00000	0,00000	0,00000	0,00000
7,53638	19,00000	0,00000	0,00000	0,00000	0,00000	0,00000	0,00000
7,54875	22,00000	0,00000	0,00000	0,00000	0,00000	0,00000	0,00000
7,56113	22,00000	0,00000	0,00000	0,00000	0,00000	0,00000	0,00000
7,57350	22,00000	0,00000	0,00000	0,00000	0,00000	0,00000	0,00000
7,58588	22,00000	0,00000	0,00000	0,00000	0,00000	0,00000	0,00000
7,59825	20,00000	0,00000	0,00000	0,00000	0,00000	0,00000	0,00000
7,61063	18,00000	0,00000	0,00000	0,00000	0,00000	0,00000	0,00000
7,62300	17,00000	0,00000	0,00000	0,00000	0,00000	0,00000	0,00000
7,63538	18,00000	0,00000	0,00000	0,00000	0,00000	0,00000	0,00000
7,64775	20,00000	0,00000	0,00000	0,00000	0,00000	0,00000	0,00000
7,66013	22,00000	0,00000	0,00000	0,00000	0,00000	0,00000	0,00000
7,67250	22,00000	0,00000	0,00000	0,00000	0,00000	0,00000	0,00000
7,68488	19,00000	0,00000	0,00000	0,00000	0,00000	0,00000	0,00000
7,69725	22,00000	0,00000	0,00000	0,00000	0,00000	0,00000	0,00000
7,70962	22,00000	0,00000	0,00000	0,00000	0,00000	0,00000	0,00000
7,72200	20,00000	0,00000	0,00000	0,00000	0,00000	0,00000	0,00000
7,73438	18,00000	0,00000	0,00000	0,00000	0,00000	0,00000	0,00000
7,74675	18,00000	0,00000	0,00000	0,00000	0,00000	0,00000	0,00000
7,75913	20,00000	0,00000	0,00000	0,00000	0,00000	0,00000	0,00000
7,77150	20,00000	0,00000	0,00000	0,00000	0,00000	0,00000	0,00000
7,78388	20,00000	0,00000	0,00000	0,00000	0,00000	0,00000	0,00000
7,79625	19,00000	0,00000	0,00000	0,00000	0,00000	0,00000	0,00000
7,80863	19,00000	0,00000	0,00000	0,00000	0,00000	0,00000	0,00000
7,82100	22,00000	0,00000	0,00000	0,00000	0,00000	0,00000	0,00000
7,83338	19,00000	0,00000	0,00000	0,00000	0,00000	0,00000	0,00000
7,84575	19,00000	0,00000	0,00000	0,00000	0,00000	0,00000	0,00000
7,85813	20,00000	0,00000	0,00000	0,00000	0,00000	0,00000	0,00000
7,87050	22,00000	0,00000	0,00000	0,00000	0,00000	0,00000	0,00000
7,88288	17,00000	0,00000	0,00000	0,00000	0,00000	0,00000	0,00000
0,00000	12,00000	0,00000	0,00000	0,00000	0,00000	0,00000	0,00000
0,00000	9,00000	0,00000	0,00000	0,00000	0,00000	0,00000	0,00000
