# 21092021_14_19_49_group11_Mes7_Temp38_1Peak.dat
# Measuring of the Zeemann splitting 
# modus: scanning laser current/frequency via I/P MOD
# 
x(A/Hz/V/nm) yai0(V) yai1(V) yai2(V) yai3(V) yai4(V)
117.5193	0.1384	0.0546	NaN	0.0496	0.2665
117.5206	0.1375	0.0548	NaN	0.0498	0.2656
117.5215	0.1370	0.0549	NaN	0.0499	0.2655
117.5221	0.1370	0.0550	NaN	0.0499	0.2655
117.5237	0.1364	0.0551	NaN	0.0500	0.2656
117.5245	0.1364	0.0551	NaN	0.0501	0.2658
117.5270	0.1360	0.0551	NaN	0.0501	0.2661
117.5269	0.1359	0.0552	NaN	0.0501	0.2666
117.5284	0.1354	0.0552	NaN	0.0502	0.2664
117.5284	0.1352	0.0552	NaN	0.0502	0.2667
117.5296	0.1355	0.0552	NaN	0.0502	0.2668
117.5326	0.1354	0.0552	NaN	0.0502	0.2670
117.5317	0.1358	0.0553	NaN	0.0502	0.2669
117.5344	0.1354	0.0553	NaN	0.0502	0.2668
117.5364	0.1356	0.0553	NaN	0.0502	0.2667
117.5348	0.1357	0.0553	NaN	0.0503	0.2666
117.5366	0.1362	0.0553	NaN	0.0502	0.2665
117.5376	0.1358	0.0553	NaN	0.0503	0.2664
117.5408	0.1359	0.0553	NaN	0.0503	0.2665
117.5413	0.1354	0.0553	NaN	0.0503	0.2664
117.5411	0.1351	0.0553	NaN	0.0503	0.2664
117.5430	0.1354	0.0553	NaN	0.0503	0.2663
117.5451	0.1360	0.0554	NaN	0.0503	0.2664
117.5460	0.1355	0.0554	NaN	0.0503	0.2662
117.5465	0.1351	0.0553	NaN	0.0503	0.2663
117.5469	0.1356	0.0554	NaN	0.0503	0.2667
117.5482	0.1355	0.0554	NaN	0.0503	0.2670
117.5511	0.1351	0.0553	NaN	0.0503	0.2670
117.5498	0.1353	0.0554	NaN	0.0503	0.2670
117.5513	0.1355	0.0554	NaN	0.0503	0.2670
117.5512	0.1355	0.0553	NaN	0.0503	0.2669
117.5511	0.1354	0.0554	NaN	0.0503	0.2668
117.5547	0.1353	0.0554	NaN	0.0503	0.2670
117.5533	0.1353	0.0554	NaN	0.0503	0.2671
117.5568	0.1356	0.0554	NaN	0.0503	0.2669
117.5583	0.1356	0.0554	NaN	0.0503	0.2671
117.5612	0.1353	0.0554	NaN	0.0503	0.2671
117.5609	0.1350	0.0553	NaN	0.0503	0.2671
117.5619	0.1352	0.0554	NaN	0.0503	0.2670
117.5651	0.1361	0.0554	NaN	0.0503	0.2671
117.5666	0.1356	0.0554	NaN	0.0503	0.2669
117.5655	0.1358	0.0554	NaN	0.0503	0.2669
117.5676	0.1355	0.0554	NaN	0.0503	0.2669
117.5695	0.1353	0.0554	NaN	0.0503	0.2671
117.5700	0.1353	0.0554	NaN	0.0503	0.2671
117.5727	0.1357	0.0554	NaN	0.0503	0.2672
117.5709	0.1354	0.0553	NaN	0.0503	0.2672
117.5731	0.1341	0.0553	NaN	0.0503	0.2671
117.5763	0.1362	0.0554	NaN	0.0503	0.2672
117.5755	0.1360	0.0554	NaN	0.0503	0.2672
117.5771	0.1357	0.0554	NaN	0.0503	0.2670
117.5767	0.1350	0.0554	NaN	0.0503	0.2670
117.5799	0.1353	0.0554	NaN	0.0503	0.2670
117.5805	0.1349	0.0554	NaN	0.0503	0.2671
117.5817	0.1354	0.0554	NaN	0.0503	0.2672
117.5826	0.1361	0.0554	NaN	0.0503	0.2673
117.5847	0.1365	0.0554	NaN	0.0503	0.2673
117.5857	0.1361	0.0554	NaN	0.0503	0.2673
117.5893	0.1362	0.0554	NaN	0.0503	0.2672
117.5871	0.1361	0.0554	NaN	0.0503	0.2666
117.5903	0.1373	0.0554	NaN	0.0503	0.2662
117.5906	0.1371	0.0554	NaN	0.0503	0.2663
117.5895	0.1372	0.0554	NaN	0.0503	0.2662
117.5939	0.1371	0.0554	NaN	0.0503	0.2664
117.5954	0.1367	0.0554	NaN	0.0503	0.2664
117.5954	0.1362	0.0554	NaN	0.0503	0.2666
117.5978	0.1366	0.0554	NaN	0.0503	0.2666
117.5972	0.1359	0.0554	NaN	0.0503	0.2666
117.5992	0.1354	0.0554	NaN	0.0503	0.2664
117.6010	0.1356	0.0554	NaN	0.0503	0.2666
117.6008	0.1354	0.0554	NaN	0.0503	0.2668
117.6014	0.1355	0.0554	NaN	0.0503	0.2669
117.6032	0.1357	0.0554	NaN	0.0503	0.2667
117.6042	0.1360	0.0554	NaN	0.0503	0.2669
117.6049	0.1362	0.0554	NaN	0.0503	0.2673
117.6047	0.1361	0.0554	NaN	0.0503	0.2672
117.6081	0.1359	0.0554	NaN	0.0503	0.2670
117.6096	0.1354	0.0554	NaN	0.0503	0.2671
117.6086	0.1357	0.0554	NaN	0.0503	0.2670
117.6108	0.1361	0.0554	NaN	0.0503	0.2670
117.6109	0.1367	0.0554	NaN	0.0503	0.2668
117.6121	0.1362	0.0554	NaN	0.0503	0.2667
117.6150	0.1363	0.0554	NaN	0.0503	0.2665
117.6145	0.1365	0.0554	NaN	0.0503	0.2663
117.6168	0.1362	0.0554	NaN	0.0503	0.2663
117.6192	0.1357	0.0554	NaN	0.0503	0.2663
117.6191	0.1355	0.0554	NaN	0.0503	0.2664
117.6207	0.1359	0.0554	NaN	0.0503	0.2664
117.6202	0.1367	0.0554	NaN	0.0503	0.2663
117.6211	0.1369	0.0554	NaN	0.0503	0.2663
117.6239	0.1365	0.0554	NaN	0.0503	0.2662
117.6250	0.1355	0.0554	NaN	0.0503	0.2662
117.6266	0.1356	0.0554	NaN	0.0503	0.2662
117.6298	0.1364	0.0554	NaN	0.0503	0.2661
117.6272	0.1366	0.0554	NaN	0.0503	0.2660
117.6307	0.1365	0.0554	NaN	0.0503	0.2659
117.6328	0.1366	0.0554	NaN	0.0503	0.2659
117.6322	0.1363	0.0554	NaN	0.0503	0.2659
117.6337	0.1368	0.0554	NaN	0.0503	0.2658
117.6337	0.1367	0.0554	NaN	0.0503	0.2659
117.6371	0.1368	0.0554	NaN	0.0503	0.2659
117.6369	0.1370	0.0554	NaN	0.0503	0.2659
117.6377	0.1371	0.0554	NaN	0.0503	0.2659
117.6396	0.1374	0.0554	NaN	0.0503	0.2659
117.6383	0.1372	0.0554	NaN	0.0503	0.2659
117.6405	0.1371	0.0554	NaN	0.0503	0.2659
117.6444	0.1369	0.0554	NaN	0.0503	0.2660
117.6443	0.1371	0.0554	NaN	0.0503	0.2660
117.6452	0.1376	0.0554	NaN	0.0503	0.2661
117.6455	0.1377	0.0554	NaN	0.0503	0.2660
117.6488	0.1374	0.0554	NaN	0.0502	0.2660
117.6480	0.1366	0.0554	NaN	0.0503	0.2661
117.6482	0.1362	0.0554	NaN	0.0503	0.2661
117.6514	0.1362	0.0554	NaN	0.0503	0.2663
117.6530	0.1363	0.0554	NaN	0.0503	0.2666
117.6531	0.1371	0.0554	NaN	0.0503	0.2665
117.6557	0.1367	0.0554	NaN	0.0503	0.2668
117.6554	0.1366	0.0554	NaN	0.0503	0.2667
117.6591	0.1364	0.0554	NaN	0.0503	0.2667
117.6595	0.1362	0.0554	NaN	0.0503	0.2666
117.6588	0.1365	0.0554	NaN	0.0503	0.2667
117.6609	0.1365	0.0554	NaN	0.0502	0.2665
117.6617	0.1363	0.0553	NaN	0.0502	0.2665
117.6622	0.1363	0.0554	NaN	0.0503	0.2667
117.6655	0.1364	0.0554	NaN	0.0503	0.2671
117.6652	0.1365	0.0554	NaN	0.0503	0.2667
117.6684	0.1366	0.0554	NaN	0.0503	0.2670
117.6688	0.1366	0.0554	NaN	0.0503	0.2673
117.6695	0.1369	0.0554	NaN	0.0503	0.2672
117.6713	0.1368	0.0554	NaN	0.0503	0.2673
117.6708	0.1367	0.0554	NaN	0.0503	0.2674
117.6722	0.1371	0.0553	NaN	0.0502	0.2675
117.6737	0.1371	0.0554	NaN	0.0502	0.2677
117.6742	0.1367	0.0554	NaN	0.0503	0.2676
117.6743	0.1366	0.0553	NaN	0.0502	0.2676
117.6772	0.1370	0.0554	NaN	0.0502	0.2674
117.6770	0.1367	0.0554	NaN	0.0503	0.2674
117.6782	0.1370	0.0553	NaN	0.0502	0.2676
117.6796	0.1369	0.0553	NaN	0.0502	0.2677
117.6812	0.1370	0.0553	NaN	0.0502	0.2678
117.6838	0.1371	0.0553	NaN	0.0502	0.2677
117.6836	0.1369	0.0553	NaN	0.0502	0.2678
117.6867	0.1369	0.0553	NaN	0.0502	0.2679
117.6873	0.1368	0.0553	NaN	0.0502	0.2679
117.6875	0.1366	0.0553	NaN	0.0502	0.2678
117.6902	0.1373	0.0553	NaN	0.0502	0.2679
117.6887	0.1379	0.0554	NaN	0.0502	0.2679
117.6902	0.1373	0.0553	NaN	0.0502	0.2678
117.6927	0.1370	0.0553	NaN	0.0502	0.2679
117.6921	0.1367	0.0553	NaN	0.0502	0.2679
117.6940	0.1374	0.0553	NaN	0.0502	0.2680
117.6937	0.1375	0.0553	NaN	0.0502	0.2680
117.6954	0.1372	0.0553	NaN	0.0502	0.2679
117.6971	0.1372	0.0553	NaN	0.0502	0.2679
117.6977	0.1377	0.0553	NaN	0.0502	0.2680
117.7002	0.1374	0.0553	NaN	0.0502	0.2680
117.7023	0.1370	0.0553	NaN	0.0502	0.2680
117.7012	0.1370	0.0553	NaN	0.0502	0.2680
117.7033	0.1367	0.0553	NaN	0.0502	0.2680
117.7028	0.1369	0.0553	NaN	0.0502	0.2680
117.7043	0.1367	0.0553	NaN	0.0502	0.2680
117.7084	0.1362	0.0553	NaN	0.0502	0.2680
117.7076	0.1365	0.0553	NaN	0.0502	0.2680
117.7096	0.1369	0.0553	NaN	0.0502	0.2681
117.7102	0.1365	0.0553	NaN	0.0502	0.2681
117.7118	0.1370	0.0553	NaN	0.0502	0.2681
117.7124	0.1368	0.0553	NaN	0.0502	0.2681
117.7121	0.1367	0.0553	NaN	0.0502	0.2681
117.7145	0.1367	0.0553	NaN	0.0502	0.2681
117.7149	0.1370	0.0553	NaN	0.0502	0.2681
117.7142	0.1373	0.0553	NaN	0.0502	0.2681
117.7174	0.1370	0.0553	NaN	0.0502	0.2680
117.7186	0.1368	0.0553	NaN	0.0502	0.2677
117.7200	0.1371	0.0553	NaN	0.0502	0.2679
117.7216	0.1374	0.0553	NaN	0.0502	0.2680
117.7209	0.1376	0.0553	NaN	0.0502	0.2680
117.7236	0.1373	0.0553	NaN	0.0502	0.2680
117.7252	0.1373	0.0553	NaN	0.0502	0.2679
117.7266	0.1372	0.0553	NaN	0.0502	0.2680
117.7284	0.1370	0.0553	NaN	0.0502	0.2680
117.7281	0.1368	0.0553	NaN	0.0502	0.2679
117.7294	0.1367	0.0552	NaN	0.0502	0.2679
117.7310	0.1367	0.0553	NaN	0.0502	0.2679
117.7320	0.1367	0.0553	NaN	0.0502	0.2679
117.7342	0.1367	0.0553	NaN	0.0502	0.2679
117.7344	0.1371	0.0552	NaN	0.0501	0.2676
117.7353	0.1375	0.0552	NaN	0.0501	0.2679
117.7373	0.1377	0.0553	NaN	0.0501	0.2675
117.7362	0.1377	0.0552	NaN	0.0501	0.2677
117.7381	0.1374	0.0552	NaN	0.0501	0.2678
117.7385	0.1372	0.0552	NaN	0.0501	0.2677
117.7407	0.1371	0.0552	NaN	0.0501	0.2675
117.7415	0.1370	0.0552	NaN	0.0501	0.2678
117.7428	0.1374	0.0552	NaN	0.0501	0.2677
117.7431	0.1373	0.0553	NaN	0.0502	0.2677
117.7465	0.1372	0.0553	NaN	0.0501	0.2677
117.7465	0.1374	0.0553	NaN	0.0501	0.2678
117.7479	0.1379	0.0552	NaN	0.0501	0.2678
117.7490	0.1382	0.0553	NaN	0.0501	0.2678
117.7489	0.1381	0.0552	NaN	0.0501	0.2676
117.7514	0.1379	0.0552	NaN	0.0501	0.2676
117.7517	0.1379	0.0552	NaN	0.0501	0.2676
117.7519	0.1377	0.0553	NaN	0.0501	0.2677
117.7546	0.1380	0.0553	NaN	0.0501	0.2677
117.7562	0.1381	0.0553	NaN	0.0501	0.2678
117.7572	0.1377	0.0553	NaN	0.0502	0.2678
117.7596	0.1378	0.0553	NaN	0.0501	0.2679
117.7592	0.1381	0.0553	NaN	0.0501	0.2679
117.7613	0.1384	0.0553	NaN	0.0501	0.2677
117.7628	0.1384	0.0553	NaN	0.0501	0.2677
117.7635	0.1380	0.0553	NaN	0.0501	0.2678
117.7639	0.1380	0.0552	NaN	0.0501	0.2679
117.7641	0.1380	0.0553	NaN	0.0502	0.2680
117.7673	0.1377	0.0552	NaN	0.0501	0.2680
117.7671	0.1378	0.0552	NaN	0.0501	0.2678
117.7681	0.1378	0.0552	NaN	0.0501	0.2678
117.7717	0.1379	0.0552	NaN	0.0501	0.2676
117.7694	0.1379	0.0552	NaN	0.0501	0.2676
117.7716	0.1383	0.0552	NaN	0.0501	0.2676
117.7735	0.1384	0.0552	NaN	0.0501	0.2677
117.7751	0.1385	0.0552	NaN	0.0501	0.2680
117.7759	0.1386	0.0552	NaN	0.0501	0.2678
117.7755	0.1384	0.0552	NaN	0.0501	0.2676
117.7787	0.1382	0.0552	NaN	0.0501	0.2676
117.7808	0.1381	0.0552	NaN	0.0501	0.2676
117.7802	0.1382	0.0552	NaN	0.0501	0.2677
117.7821	0.1385	0.0552	NaN	0.0501	0.2677
117.7843	0.1390	0.0552	NaN	0.0501	0.2676
117.7844	0.1392	0.0552	NaN	0.0501	0.2676
117.7853	0.1389	0.0552	NaN	0.0501	0.2673
117.7858	0.1386	0.0552	NaN	0.0501	0.2671
117.7870	0.1385	0.0552	NaN	0.0501	0.2670
117.7892	0.1385	0.0552	NaN	0.0501	0.2670
117.7915	0.1384	0.0552	NaN	0.0501	0.2670
117.7928	0.1386	0.0552	NaN	0.0500	0.2670
117.7944	0.1386	0.0552	NaN	0.0500	0.2670
117.7944	0.1380	0.0552	NaN	0.0501	0.2669
117.7949	0.1382	0.0552	NaN	0.0501	0.2669
117.7957	0.1381	0.0552	NaN	0.0500	0.2669
117.7975	0.1387	0.0552	NaN	0.0500	0.2670
117.7985	0.1386	0.0552	NaN	0.0500	0.2670
117.7998	0.1390	0.0552	NaN	0.0500	0.2670
117.8006	0.1391	0.0552	NaN	0.0500	0.2670
117.8002	0.1387	0.0552	NaN	0.0500	0.2670
117.8030	0.1383	0.0552	NaN	0.0500	0.2670
117.8054	0.1387	0.0551	NaN	0.0500	0.2671
117.8067	0.1389	0.0552	NaN	0.0500	0.2671
117.8073	0.1388	0.0552	NaN	0.0500	0.2671
117.8101	0.1391	0.0552	NaN	0.0500	0.2671
117.8108	0.1395	0.0552	NaN	0.0500	0.2671
117.8108	0.1392	0.0552	NaN	0.0500	0.2671
117.8101	0.1388	0.0551	NaN	0.0500	0.2671
117.8125	0.1385	0.0551	NaN	0.0500	0.2671
117.8138	0.1387	0.0551	NaN	0.0500	0.2670
117.8121	0.1389	0.0552	NaN	0.0500	0.2670
117.8141	0.1389	0.0552	NaN	0.0500	0.2671
117.8174	0.1388	0.0552	NaN	0.0500	0.2671
117.8181	0.1391	0.0552	NaN	0.0500	0.2673
117.8182	0.1393	0.0551	NaN	0.0500	0.2674
117.8183	0.1391	0.0551	NaN	0.0500	0.2674
117.8200	0.1393	0.0551	NaN	0.0500	0.2673
117.8206	0.1391	0.0551	NaN	0.0500	0.2673
117.8210	0.1390	0.0551	NaN	0.0500	0.2673
117.8237	0.1386	0.0551	NaN	0.0500	0.2673
117.8262	0.1389	0.0551	NaN	0.0500	0.2675
117.8260	0.1387	0.0551	NaN	0.0500	0.2675
117.8282	0.1385	0.0551	NaN	0.0500	0.2675
117.8279	0.1384	0.0551	NaN	0.0500	0.2675
117.8289	0.1388	0.0551	NaN	0.0500	0.2676
117.8299	0.1390	0.0551	NaN	0.0500	0.2678
117.8291	0.1385	0.0551	NaN	0.0500	0.2679
117.8315	0.1383	0.0551	NaN	0.0500	0.2680
117.8321	0.1384	0.0551	NaN	0.0500	0.2680
117.8320	0.1389	0.0551	NaN	0.0500	0.2680
117.8341	0.1393	0.0551	NaN	0.0499	0.2681
117.8359	0.1395	0.0551	NaN	0.0499	0.2680
117.8397	0.1399	0.0551	NaN	0.0499	0.2680
117.8405	0.1394	0.0551	NaN	0.0499	0.2679
117.8393	0.1395	0.0550	NaN	0.0499	0.2679
117.8419	0.1399	0.0550	NaN	0.0499	0.2681
117.8421	0.1395	0.0550	NaN	0.0499	0.2682
117.8433	0.1394	0.0551	NaN	0.0499	0.2682
117.8441	0.1395	0.0551	NaN	0.0499	0.2683
117.8445	0.1397	0.0551	NaN	0.0499	0.2683
117.8461	0.1395	0.0551	NaN	0.0499	0.2684
117.8495	0.1396	0.0551	NaN	0.0499	0.2682
117.8480	0.1397	0.0551	NaN	0.0499	0.2682
117.8506	0.1398	0.0551	NaN	0.0499	0.2681
117.8523	0.1398	0.0550	NaN	0.0499	0.2682
117.8541	0.1398	0.0550	NaN	0.0499	0.2685
117.8574	0.1401	0.0551	NaN	0.0499	0.2687
117.8570	0.1398	0.0550	NaN	0.0499	0.2688
117.8577	0.1393	0.0550	NaN	0.0499	0.2688
117.8584	0.1392	0.0550	NaN	0.0499	0.2688
117.8600	0.1392	0.0550	NaN	0.0499	0.2688
117.8628	0.1391	0.0550	NaN	0.0499	0.2689
117.8631	0.1393	0.0550	NaN	0.0499	0.2690
117.8640	0.1395	0.0550	NaN	0.0499	0.2690
117.8666	0.1398	0.0550	NaN	0.0499	0.2690
117.8660	0.1400	0.0550	NaN	0.0498	0.2691
117.8682	0.1402	0.0550	NaN	0.0498	0.2692
117.8687	0.1402	0.0550	NaN	0.0498	0.2691
117.8696	0.1402	0.0550	NaN	0.0498	0.2691
117.8714	0.1401	0.0550	NaN	0.0498	0.2691
117.8713	0.1402	0.0550	NaN	0.0498	0.2690
117.8732	0.1402	0.0550	NaN	0.0499	0.2689
117.8775	0.1400	0.0550	NaN	0.0499	0.2689
117.8756	0.1398	0.0550	NaN	0.0499	0.2684
117.8778	0.1398	0.0550	NaN	0.0498	0.2683
117.8781	0.1400	0.0550	NaN	0.0498	0.2685
117.8791	0.1402	0.0549	NaN	0.0498	0.2686
117.8819	0.1407	0.0550	NaN	0.0498	0.2687
117.8810	0.1411	0.0550	NaN	0.0498	0.2687
117.8818	0.1414	0.0550	NaN	0.0498	0.2690
117.8835	0.1414	0.0550	NaN	0.0498	0.2691
117.8851	0.1415	0.0550	NaN	0.0498	0.2691
117.8858	0.1417	0.0550	NaN	0.0498	0.2693
117.8861	0.1407	0.0549	NaN	0.0498	0.2693
117.8882	0.1402	0.0549	NaN	0.0498	0.2694
117.8896	0.1399	0.0549	NaN	0.0498	0.2693
117.8886	0.1400	0.0549	NaN	0.0498	0.2693
117.8891	0.1400	0.0549	NaN	0.0498	0.2692
117.8902	0.1397	0.0549	NaN	0.0498	0.2692
117.8925	0.1396	0.0549	NaN	0.0498	0.2692
117.8940	0.1397	0.0549	NaN	0.0498	0.2692
117.8945	0.1397	0.0549	NaN	0.0498	0.2691
117.8968	0.1402	0.0549	NaN	0.0498	0.2690
117.8989	0.1405	0.0549	NaN	0.0498	0.2691
117.8979	0.1406	0.0549	NaN	0.0497	0.2690
117.9004	0.1407	0.0549	NaN	0.0497	0.2691
117.9000	0.1411	0.0549	NaN	0.0497	0.2691
117.9025	0.1413	0.0549	NaN	0.0497	0.2691
117.9043	0.1411	0.0549	NaN	0.0497	0.2690
117.9058	0.1407	0.0549	NaN	0.0497	0.2690
117.9058	0.1406	0.0549	NaN	0.0497	0.2690
117.9097	0.1404	0.0549	NaN	0.0497	0.2689
117.9110	0.1402	0.0549	NaN	0.0497	0.2689
117.9098	0.1405	0.0549	NaN	0.0497	0.2691
117.9094	0.1403	0.0548	NaN	0.0497	0.2691
117.9127	0.1404	0.0549	NaN	0.0497	0.2693
117.9115	0.1403	0.0549	NaN	0.0497	0.2693
117.9134	0.1407	0.0549	NaN	0.0497	0.2694
117.9147	0.1411	0.0549	NaN	0.0497	0.2694
117.9149	0.1411	0.0549	NaN	0.0497	0.2695
117.9171	0.1419	0.0549	NaN	0.0497	0.2695
117.9191	0.1417	0.0549	NaN	0.0497	0.2695
117.9203	0.1413	0.0548	NaN	0.0497	0.2694
117.9219	0.1414	0.0549	NaN	0.0497	0.2695
117.9236	0.1415	0.0548	NaN	0.0497	0.2695
117.9230	0.1414	0.0549	NaN	0.0497	0.2695
117.9245	0.1413	0.0548	NaN	0.0497	0.2695
117.9253	0.1409	0.0548	NaN	0.0497	0.2694
117.9272	0.1411	0.0548	NaN	0.0497	0.2694
117.9296	0.1414	0.0548	NaN	0.0496	0.2693
117.9295	0.1413	0.0548	NaN	0.0497	0.2693
117.9315	0.1415	0.0548	NaN	0.0497	0.2693
117.9342	0.1416	0.0548	NaN	0.0496	0.2693
117.9335	0.1416	0.0548	NaN	0.0496	0.2693
117.9344	0.1419	0.0548	NaN	0.0496	0.2695
117.9338	0.1419	0.0548	NaN	0.0497	0.2696
117.9354	0.1416	0.0548	NaN	0.0497	0.2696
117.9362	0.1416	0.0548	NaN	0.0496	0.2696
117.9359	0.1419	0.0548	NaN	0.0496	0.2696
117.9382	0.1421	0.0548	NaN	0.0496	0.2696
117.9381	0.1420	0.0548	NaN	0.0496	0.2696
117.9418	0.1420	0.0548	NaN	0.0496	0.2696
117.9446	0.1419	0.0548	NaN	0.0496	0.2695
117.9433	0.1416	0.0548	NaN	0.0496	0.2696
117.9457	0.1417	0.0547	NaN	0.0496	0.2696
117.9464	0.1416	0.0547	NaN	0.0496	0.2696
117.9463	0.1419	0.0548	NaN	0.0496	0.2696
117.9479	0.1421	0.0547	NaN	0.0495	0.2697
117.9487	0.1420	0.0547	NaN	0.0496	0.2696
117.9509	0.1420	0.0547	NaN	0.0496	0.2697
117.9518	0.1421	0.0548	NaN	0.0496	0.2697
117.9524	0.1420	0.0547	NaN	0.0496	0.2697
117.9541	0.1415	0.0547	NaN	0.0496	0.2697
117.9555	0.1414	0.0547	NaN	0.0496	0.2697
117.9556	0.1418	0.0547	NaN	0.0496	0.2698
117.9566	0.1425	0.0547	NaN	0.0495	0.2698
117.9580	0.1430	0.0547	NaN	0.0495	0.2698
117.9591	0.1430	0.0547	NaN	0.0495	0.2696
117.9611	0.1431	0.0547	NaN	0.0495	0.2695
117.9610	0.1430	0.0547	NaN	0.0495	0.2695
117.9634	0.1430	0.0547	NaN	0.0495	0.2695
117.9666	0.1429	0.0547	NaN	0.0495	0.2696
117.9651	0.1426	0.0547	NaN	0.0495	0.2695
117.9680	0.1420	0.0547	NaN	0.0495	0.2696
117.9680	0.1422	0.0546	NaN	0.0495	0.2696
117.9693	0.1421	0.0546	NaN	0.0495	0.2696
117.9711	0.1423	0.0546	NaN	0.0495	0.2698
117.9722	0.1422	0.0546	NaN	0.0494	0.2698
117.9711	0.1422	0.0546	NaN	0.0495	0.2698
117.9733	0.1422	0.0546	NaN	0.0495	0.2699
117.9737	0.1427	0.0546	NaN	0.0494	0.2699
117.9775	0.1424	0.0546	NaN	0.0494	0.2699
117.9779	0.1429	0.0546	NaN	0.0494	0.2699
117.9804	0.1427	0.0546	NaN	0.0494	0.2699
117.9809	0.1426	0.0546	NaN	0.0494	0.2699
117.9815	0.1427	0.0546	NaN	0.0494	0.2700
117.9834	0.1423	0.0546	NaN	0.0494	0.2699
117.9842	0.1424	0.0546	NaN	0.0494	0.2696
117.9852	0.1430	0.0546	NaN	0.0494	0.2695
117.9868	0.1438	0.0546	NaN	0.0494	0.2687
117.9870	0.1427	0.0546	NaN	0.0494	0.2687
117.9877	0.1426	0.0546	NaN	0.0494	0.2689
117.9878	0.1429	0.0546	NaN	0.0494	0.2691
117.9897	0.1431	0.0545	NaN	0.0493	0.2694
117.9907	0.1432	0.0545	NaN	0.0493	0.2696
117.9904	0.1430	0.0545	NaN	0.0493	0.2699
117.9924	0.1427	0.0545	NaN	0.0494	0.2700
117.9934	0.1429	0.0545	NaN	0.0494	0.2700
117.9951	0.1428	0.0545	NaN	0.0494	0.2700
117.9962	0.1427	0.0545	NaN	0.0493	0.2700
117.9956	0.1430	0.0545	NaN	0.0493	0.2700
117.9980	0.1434	0.0545	NaN	0.0493	0.2699
117.9994	0.1432	0.0545	NaN	0.0493	0.2696
118.0007	0.1430	0.0545	NaN	0.0493	0.2695
117.9999	0.1435	0.0545	NaN	0.0493	0.2697
118.0031	0.1435	0.0545	NaN	0.0493	0.2698
118.0029	0.1431	0.0545	NaN	0.0493	0.2697
118.0040	0.1425	0.0545	NaN	0.0493	0.2696
118.0050	0.1423	0.0544	NaN	0.0493	0.2694
118.0061	0.1425	0.0544	NaN	0.0493	0.2693
118.0087	0.1427	0.0544	NaN	0.0492	0.2693
118.0093	0.1428	0.0544	NaN	0.0492	0.2694
118.0131	0.1426	0.0544	NaN	0.0493	0.2696
118.0132	0.1423	0.0544	NaN	0.0492	0.2697
118.0146	0.1422	0.0544	NaN	0.0493	0.2698
118.0159	0.1422	0.0544	NaN	0.0493	0.2697
118.0170	0.1423	0.0544	NaN	0.0493	0.2698
118.0173	0.1432	0.0544	NaN	0.0492	0.2697
118.0180	0.1439	0.0544	NaN	0.0492	0.2698
118.0183	0.1438	0.0544	NaN	0.0492	0.2698
118.0219	0.1433	0.0544	NaN	0.0492	0.2698
118.0209	0.1432	0.0544	NaN	0.0492	0.2697
118.0234	0.1436	0.0544	NaN	0.0492	0.2698
118.0248	0.1437	0.0544	NaN	0.0492	0.2698
118.0249	0.1438	0.0544	NaN	0.0492	0.2700
118.0255	0.1436	0.0544	NaN	0.0492	0.2701
118.0284	0.1430	0.0544	NaN	0.0492	0.2701
118.0290	0.1436	0.0544	NaN	0.0492	0.2700
118.0299	0.1441	0.0544	NaN	0.0492	0.2700
118.0298	0.1440	0.0544	NaN	0.0492	0.2699
118.0323	0.1437	0.0544	NaN	0.0492	0.2699
118.0355	0.1436	0.0544	NaN	0.0492	0.2698
118.0348	0.1437	0.0544	NaN	0.0492	0.2696
118.0371	0.1437	0.0544	NaN	0.0491	0.2694
118.0385	0.1436	0.0543	NaN	0.0491	0.2693
118.0384	0.1437	0.0543	NaN	0.0491	0.2692
118.0402	0.1436	0.0543	NaN	0.0491	0.2692
118.0391	0.1433	0.0543	NaN	0.0491	0.2690
118.0417	0.1433	0.0543	NaN	0.0491	0.2689
118.0429	0.1435	0.0543	NaN	0.0491	0.2689
118.0437	0.1435	0.0543	NaN	0.0491	0.2689
118.0463	0.1435	0.0543	NaN	0.0491	0.2688
118.0488	0.1440	0.0543	NaN	0.0491	0.2688
118.0475	0.1442	0.0543	NaN	0.0491	0.2688
118.0502	0.1440	0.0543	NaN	0.0491	0.2687
118.0491	0.1439	0.0543	NaN	0.0491	0.2687
118.0507	0.1440	0.0543	NaN	0.0491	0.2687
118.0517	0.1442	0.0543	NaN	0.0491	0.2688
118.0513	0.1440	0.0543	NaN	0.0491	0.2688
118.0542	0.1441	0.0543	NaN	0.0491	0.2688
118.0530	0.1441	0.0543	NaN	0.0490	0.2689
118.0548	0.1439	0.0543	NaN	0.0491	0.2690
118.0580	0.1442	0.0543	NaN	0.0490	0.2690
118.0584	0.1444	0.0542	NaN	0.0490	0.2688
118.0602	0.1440	0.0542	NaN	0.0490	0.2688
118.0607	0.1442	0.0542	NaN	0.0490	0.2689
118.0618	0.1445	0.0543	NaN	0.0490	0.2689
118.0646	0.1444	0.0543	NaN	0.0490	0.2690
118.0654	0.1445	0.0542	NaN	0.0490	0.2691
118.0664	0.1446	0.0542	NaN	0.0490	0.2695
118.0688	0.1446	0.0542	NaN	0.0490	0.2696
118.0691	0.1447	0.0542	NaN	0.0490	0.2695
118.0713	0.1448	0.0542	NaN	0.0489	0.2696
118.0729	0.1448	0.0542	NaN	0.0489	0.2697
118.0719	0.1446	0.0542	NaN	0.0489	0.2700
118.0734	0.1449	0.0542	NaN	0.0489	0.2701
118.0745	0.1452	0.0542	NaN	0.0489	0.2701
118.0768	0.1448	0.0542	NaN	0.0489	0.2699
118.0788	0.1447	0.0542	NaN	0.0489	0.2698
118.0760	0.1447	0.0541	NaN	0.0489	0.2698
118.0797	0.1450	0.0541	NaN	0.0489	0.2698
118.0793	0.1445	0.0542	NaN	0.0489	0.2698
118.0836	0.1444	0.0542	NaN	0.0489	0.2697
118.0843	0.1447	0.0542	NaN	0.0489	0.2695
118.0835	0.1448	0.0541	NaN	0.0489	0.2695
118.0859	0.1449	0.0541	NaN	0.0489	0.2697
118.0886	0.1450	0.0541	NaN	0.0489	0.2696
118.0868	0.1451	0.0541	NaN	0.0489	0.2695
118.0878	0.1449	0.0541	NaN	0.0489	0.2694
118.0883	0.1446	0.0541	NaN	0.0489	0.2696
118.0904	0.1448	0.0541	NaN	0.0489	0.2700
118.0925	0.1449	0.0541	NaN	0.0489	0.2699
118.0901	0.1450	0.0541	NaN	0.0489	0.2701
118.0934	0.1452	0.0541	NaN	0.0488	0.2703
118.0968	0.1458	0.0541	NaN	0.0488	0.2701
118.0961	0.1457	0.0541	NaN	0.0488	0.2700
118.0976	0.1454	0.0541	NaN	0.0488	0.2703
118.0989	0.1453	0.0541	NaN	0.0488	0.2704
118.1010	0.1453	0.0541	NaN	0.0488	0.2706
118.1032	0.1457	0.0541	NaN	0.0488	0.2705
118.1023	0.1457	0.0541	NaN	0.0488	0.2705
118.1040	0.1458	0.0541	NaN	0.0488	0.2707
118.1053	0.1446	0.0540	NaN	0.0488	0.2708
118.1076	0.1447	0.0540	NaN	0.0488	0.2709
118.1092	0.1451	0.0540	NaN	0.0487	0.2709
118.1082	0.1453	0.0540	NaN	0.0487	0.2709
118.1099	0.1453	0.0540	NaN	0.0487	0.2709
118.1114	0.1453	0.0540	NaN	0.0487	0.2709
118.1120	0.1454	0.0540	NaN	0.0487	0.2709
118.1133	0.1456	0.0540	NaN	0.0487	0.2709
118.1138	0.1458	0.0540	NaN	0.0487	0.2708
118.1151	0.1464	0.0540	NaN	0.0487	0.2709
118.1193	0.1467	0.0540	NaN	0.0487	0.2709
118.1162	0.1466	0.0540	NaN	0.0487	0.2709
118.1176	0.1470	0.0539	NaN	0.0486	0.2709
118.1217	0.1468	0.0539	NaN	0.0486	0.2709
118.1209	0.1463	0.0539	NaN	0.0486	0.2709
118.1248	0.1459	0.0539	NaN	0.0486	0.2709
118.1223	0.1460	0.0539	NaN	0.0486	0.2708
118.1255	0.1463	0.0539	NaN	0.0486	0.2708
118.1272	0.1466	0.0539	NaN	0.0486	0.2708
118.1269	0.1465	0.0539	NaN	0.0486	0.2707
118.1294	0.1464	0.0539	NaN	0.0486	0.2705
118.1296	0.1461	0.0539	NaN	0.0486	0.2704
118.1301	0.1459	0.0539	NaN	0.0485	0.2704
118.1323	0.1460	0.0538	NaN	0.0485	0.2704
118.1321	0.1462	0.0538	NaN	0.0485	0.2704
118.1343	0.1463	0.0538	NaN	0.0485	0.2704
118.1367	0.1464	0.0538	NaN	0.0485	0.2704
118.1365	0.1462	0.0538	NaN	0.0485	0.2705
118.1367	0.1460	0.0538	NaN	0.0485	0.2706
118.1375	0.1462	0.0538	NaN	0.0485	0.2706
118.1389	0.1463	0.0538	NaN	0.0485	0.2706
118.1413	0.1464	0.0538	NaN	0.0485	0.2706
118.1415	0.1466	0.0538	NaN	0.0485	0.2706
118.1439	0.1465	0.0538	NaN	0.0484	0.2705
118.1456	0.1466	0.0537	NaN	0.0484	0.2703
118.1459	0.1465	0.0537	NaN	0.0484	0.2701
118.1478	0.1465	0.0537	NaN	0.0484	0.2701
118.1475	0.1464	0.0537	NaN	0.0484	0.2700
118.1481	0.1466	0.0537	NaN	0.0484	0.2701
118.1510	0.1466	0.0537	NaN	0.0484	0.2702
118.1524	0.1468	0.0537	NaN	0.0484	0.2701
118.1525	0.1466	0.0537	NaN	0.0484	0.2700
118.1538	0.1466	0.0537	NaN	0.0484	0.2699
118.1553	0.1468	0.0537	NaN	0.0484	0.2698
118.1560	0.1470	0.0537	NaN	0.0484	0.2697
118.1556	0.1471	0.0537	NaN	0.0483	0.2698
118.1570	0.1473	0.0536	NaN	0.0483	0.2698
118.1590	0.1474	0.0536	NaN	0.0483	0.2699
118.1584	0.1475	0.0536	NaN	0.0483	0.2698
118.1613	0.1476	0.0537	NaN	0.0483	0.2699
118.1615	0.1477	0.0537	NaN	0.0483	0.2699
118.1630	0.1476	0.0537	NaN	0.0483	0.2699
118.1640	0.1475	0.0536	NaN	0.0483	0.2697
118.1646	0.1476	0.0536	NaN	0.0483	0.2698
118.1680	0.1477	0.0536	NaN	0.0483	0.2697
118.1711	0.1478	0.0536	NaN	0.0483	0.2699
118.1694	0.1477	0.0536	NaN	0.0483	0.2701
118.1701	0.1477	0.0536	NaN	0.0482	0.2700
118.1703	0.1477	0.0536	NaN	0.0482	0.2702
118.1729	0.1477	0.0536	NaN	0.0482	0.2702
118.1749	0.1477	0.0536	NaN	0.0482	0.2702
118.1744	0.1474	0.0536	NaN	0.0482	0.2700
118.1774	0.1473	0.0536	NaN	0.0482	0.2701
118.1807	0.1473	0.0535	NaN	0.0482	0.2701
118.1812	0.1473	0.0535	NaN	0.0482	0.2701
118.1834	0.1476	0.0535	NaN	0.0482	0.2705
118.1830	0.1477	0.0535	NaN	0.0482	0.2704
118.1831	0.1478	0.0535	NaN	0.0482	0.2703
118.1864	0.1472	0.0535	NaN	0.0482	0.2701
118.1864	0.1471	0.0535	NaN	0.0482	0.2701
118.1911	0.1475	0.0535	NaN	0.0482	0.2699
118.1887	0.1481	0.0535	NaN	0.0481	0.2700
118.1903	0.1482	0.0535	NaN	0.0481	0.2701
118.1933	0.1484	0.0535	NaN	0.0481	0.2701
118.1923	0.1482	0.0535	NaN	0.0481	0.2700
118.1945	0.1482	0.0535	NaN	0.0481	0.2701
118.1972	0.1481	0.0535	NaN	0.0482	0.2701
118.1966	0.1476	0.0535	NaN	0.0482	0.2702
118.1976	0.1474	0.0535	NaN	0.0482	0.2701
118.1975	0.1478	0.0535	NaN	0.0481	0.2701
118.1999	0.1481	0.0535	NaN	0.0481	0.2700
118.2022	0.1480	0.0535	NaN	0.0481	0.2700
118.2016	0.1479	0.0535	NaN	0.0481	0.2702
118.2034	0.1480	0.0535	NaN	0.0481	0.2703
118.2045	0.1482	0.0535	NaN	0.0481	0.2702
118.2057	0.1481	0.0535	NaN	0.0481	0.2700
118.2076	0.1479	0.0534	NaN	0.0481	0.2699
118.2082	0.1481	0.0534	NaN	0.0481	0.2699
118.2101	0.1482	0.0534	NaN	0.0481	0.2700
118.2118	0.1479	0.0534	NaN	0.0480	0.2702
118.2114	0.1475	0.0534	NaN	0.0480	0.2705
118.2131	0.1473	0.0534	NaN	0.0480	0.2710
118.2151	0.1478	0.0534	NaN	0.0480	0.2708
118.2145	0.1479	0.0534	NaN	0.0480	0.2710
118.2157	0.1481	0.0533	NaN	0.0480	0.2712
118.2155	0.1485	0.0533	NaN	0.0480	0.2711
118.2182	0.1485	0.0533	NaN	0.0479	0.2712
118.2194	0.1487	0.0533	NaN	0.0479	0.2714
118.2202	0.1488	0.0533	NaN	0.0479	0.2710
118.2210	0.1494	0.0533	NaN	0.0479	0.2714
118.2253	0.1489	0.0533	NaN	0.0479	0.2715
118.2250	0.1486	0.0532	NaN	0.0479	0.2712
118.2275	0.1484	0.0532	NaN	0.0478	0.2715
118.2258	0.1478	0.0532	NaN	0.0479	0.2716
118.2285	0.1480	0.0532	NaN	0.0478	0.2717
118.2297	0.1486	0.0532	NaN	0.0478	0.2716
118.2288	0.1487	0.0533	NaN	0.0479	0.2716
118.2313	0.1489	0.0533	NaN	0.0479	0.2714
118.2335	0.1488	0.0532	NaN	0.0478	0.2712
118.2340	0.1485	0.0532	NaN	0.0479	0.2714
118.2362	0.1483	0.0532	NaN	0.0478	0.2716
118.2364	0.1487	0.0532	NaN	0.0478	0.2717
118.2379	0.1490	0.0532	NaN	0.0478	0.2717
118.2407	0.1488	0.0531	NaN	0.0478	0.2717
118.2389	0.1487	0.0531	NaN	0.0478	0.2717
118.2404	0.1485	0.0531	NaN	0.0478	0.2716
118.2402	0.1484	0.0532	NaN	0.0478	0.2715
118.2410	0.1488	0.0531	NaN	0.0478	0.2716
118.2440	0.1493	0.0531	NaN	0.0477	0.2714
118.2432	0.1493	0.0531	NaN	0.0477	0.2712
118.2467	0.1493	0.0531	NaN	0.0477	0.2712
118.2455	0.1491	0.0531	NaN	0.0477	0.2713
118.2483	0.1489	0.0531	NaN	0.0477	0.2711
118.2502	0.1493	0.0531	NaN	0.0477	0.2706
118.2496	0.1498	0.0531	NaN	0.0477	0.2705
118.2511	0.1498	0.0531	NaN	0.0477	0.2707
118.2546	0.1497	0.0531	NaN	0.0477	0.2705
118.2531	0.1497	0.0531	NaN	0.0477	0.2702
118.2547	0.1495	0.0531	NaN	0.0477	0.2703
118.2558	0.1496	0.0531	NaN	0.0477	0.2702
118.2603	0.1497	0.0531	NaN	0.0476	0.2707
118.2597	0.1502	0.0530	NaN	0.0476	0.2712
118.2606	0.1492	0.0530	NaN	0.0476	0.2713
118.2618	0.1493	0.0530	NaN	0.0476	0.2711
118.2627	0.1495	0.0530	NaN	0.0476	0.2710
118.2636	0.1498	0.0530	NaN	0.0476	0.2708
118.2662	0.1500	0.0530	NaN	0.0476	0.2706
118.2653	0.1504	0.0530	NaN	0.0475	0.2703
118.2686	0.1501	0.0530	NaN	0.0475	0.2703
118.2702	0.1497	0.0529	NaN	0.0475	0.2702
118.2703	0.1493	0.0529	NaN	0.0475	0.2702
118.2716	0.1492	0.0528	NaN	0.0475	0.2702
118.2736	0.1494	0.0529	NaN	0.0475	0.2702
118.2748	0.1500	0.0529	NaN	0.0475	0.2703
118.2758	0.1501	0.0529	NaN	0.0475	0.2703
118.2765	0.1504	0.0529	NaN	0.0475	0.2702
118.2776	0.1510	0.0529	NaN	0.0474	0.2703
118.2805	0.1513	0.0528	NaN	0.0474	0.2704
118.2815	0.1506	0.0528	NaN	0.0474	0.2704
118.2824	0.1501	0.0528	NaN	0.0474	0.2705
118.2814	0.1500	0.0528	NaN	0.0474	0.2705
118.2834	0.1496	0.0528	NaN	0.0474	0.2705
118.2859	0.1499	0.0528	NaN	0.0474	0.2707
118.2842	0.1498	0.0528	NaN	0.0474	0.2709
118.2871	0.1496	0.0528	NaN	0.0474	0.2714
118.2890	0.1494	0.0528	NaN	0.0474	0.2717
118.2886	0.1492	0.0528	NaN	0.0474	0.2718
118.2898	0.1496	0.0528	NaN	0.0474	0.2714
118.2899	0.1502	0.0528	NaN	0.0474	0.2713
118.2916	0.1503	0.0528	NaN	0.0473	0.2713
118.2947	0.1507	0.0528	NaN	0.0474	0.2715
118.2927	0.1507	0.0528	NaN	0.0473	0.2714
118.2958	0.1508	0.0528	NaN	0.0473	0.2714
118.2973	0.1504	0.0528	NaN	0.0473	0.2715
118.2981	0.1508	0.0527	NaN	0.0473	0.2715
118.3001	0.1509	0.0527	NaN	0.0473	0.2719
118.2998	0.1508	0.0527	NaN	0.0473	0.2720
118.3016	0.1507	0.0527	NaN	0.0473	0.2721
118.3031	0.1509	0.0527	NaN	0.0472	0.2721
118.3035	0.1508	0.0527	NaN	0.0472	0.2720
118.3060	0.1508	0.0527	NaN	0.0472	0.2719
118.3056	0.1513	0.0527	NaN	0.0472	0.2719
118.3076	0.1510	0.0526	NaN	0.0472	0.2717
118.3093	0.1501	0.0526	NaN	0.0472	0.2718
118.3086	0.1493	0.0526	NaN	0.0472	0.2719
118.3096	0.1498	0.0526	NaN	0.0472	0.2720
118.3115	0.1503	0.0526	NaN	0.0471	0.2718
118.3115	0.1506	0.0526	NaN	0.0471	0.2716
118.3150	0.1511	0.0526	NaN	0.0471	0.2711
118.3153	0.1512	0.0526	NaN	0.0471	0.2712
118.3166	0.1509	0.0526	NaN	0.0471	0.2712
118.3193	0.1505	0.0526	NaN	0.0471	0.2711
118.3179	0.1506	0.0526	NaN	0.0472	0.2711
118.3191	0.1508	0.0525	NaN	0.0471	0.2713
118.3210	0.1506	0.0525	NaN	0.0471	0.2716
118.3214	0.1506	0.0525	NaN	0.0471	0.2720
118.3230	0.1509	0.0525	NaN	0.0470	0.2723
118.3236	0.1507	0.0525	NaN	0.0470	0.2723
118.3251	0.1509	0.0525	NaN	0.0470	0.2722
118.3269	0.1506	0.0525	NaN	0.0471	0.2723
118.3285	0.1508	0.0525	NaN	0.0470	0.2723
118.3290	0.1508	0.0525	NaN	0.0470	0.2722
118.3278	0.1501	0.0525	NaN	0.0471	0.2721
118.3312	0.1501	0.0525	NaN	0.0471	0.2720
118.3322	0.1504	0.0525	NaN	0.0470	0.2720
118.3331	0.1512	0.0525	NaN	0.0470	0.2718
118.3354	0.1504	0.0524	NaN	0.0470	0.2718
118.3372	0.1507	0.0524	NaN	0.0469	0.2717
118.3377	0.1507	0.0524	NaN	0.0469	0.2716
118.3391	0.1510	0.0523	NaN	0.0469	0.2719
118.3399	0.1514	0.0523	NaN	0.0469	0.2722
118.3406	0.1510	0.0523	NaN	0.0469	0.2722
118.3413	0.1511	0.0523	NaN	0.0469	0.2723
118.3412	0.1517	0.0524	NaN	0.0469	0.2724
118.3439	0.1517	0.0523	NaN	0.0469	0.2724
118.3455	0.1518	0.0523	NaN	0.0468	0.2724
118.3452	0.1517	0.0523	NaN	0.0468	0.2725
118.3473	0.1521	0.0523	NaN	0.0468	0.2725
118.3476	0.1525	0.0523	NaN	0.0468	0.2725
118.3491	0.1525	0.0523	NaN	0.0468	0.2724
118.3512	0.1518	0.0523	NaN	0.0468	0.2724
118.3517	0.1512	0.0523	NaN	0.0468	0.2724
118.3526	0.1514	0.0522	NaN	0.0468	0.2724
118.3550	0.1521	0.0522	NaN	0.0468	0.2724
118.3559	0.1528	0.0523	NaN	0.0467	0.2723
118.3584	0.1529	0.0523	NaN	0.0467	0.2721
118.3579	0.1523	0.0522	NaN	0.0467	0.2718
118.3588	0.1516	0.0522	NaN	0.0467	0.2716
118.3604	0.1511	0.0522	NaN	0.0467	0.2715
118.3595	0.1513	0.0521	NaN	0.0467	0.2713
118.3652	0.1518	0.0521	NaN	0.0466	0.2713
118.3631	0.1519	0.0521	NaN	0.0467	0.2712
118.3655	0.1520	0.0522	NaN	0.0466	0.2711
118.3673	0.1523	0.0521	NaN	0.0466	0.2711
118.3680	0.1524	0.0521	NaN	0.0466	0.2712
118.3681	0.1523	0.0521	NaN	0.0466	0.2713
118.3711	0.1524	0.0521	NaN	0.0466	0.2712
118.3714	0.1525	0.0521	NaN	0.0466	0.2714
118.3719	0.1528	0.0521	NaN	0.0466	0.2714
118.3720	0.1523	0.0521	NaN	0.0466	0.2712
118.3739	0.1518	0.0521	NaN	0.0466	0.2711
118.3756	0.1515	0.0521	NaN	0.0466	0.2710
118.3767	0.1513	0.0521	NaN	0.0466	0.2710
118.3777	0.1519	0.0521	NaN	0.0466	0.2711
118.3787	0.1522	0.0521	NaN	0.0466	0.2710
118.3795	0.1521	0.0520	NaN	0.0465	0.2711
118.3816	0.1522	0.0520	NaN	0.0465	0.2711
118.3819	0.1528	0.0520	NaN	0.0465	0.2712
118.3829	0.1522	0.0520	NaN	0.0465	0.2713
118.3851	0.1525	0.0520	NaN	0.0465	0.2714
118.3845	0.1526	0.0520	NaN	0.0465	0.2715
118.3866	0.1526	0.0520	NaN	0.0464	0.2717
118.3863	0.1525	0.0519	NaN	0.0464	0.2718
118.3898	0.1524	0.0519	NaN	0.0464	0.2718
118.3897	0.1523	0.0519	NaN	0.0464	0.2720
118.3905	0.1524	0.0518	NaN	0.0463	0.2720
118.3916	0.1525	0.0518	NaN	0.0463	0.2717
118.3929	0.1522	0.0518	NaN	0.0463	0.2715
118.3942	0.1522	0.0518	NaN	0.0463	0.2714
118.3954	0.1523	0.0518	NaN	0.0463	0.2716
118.3982	0.1536	0.0518	NaN	0.0463	0.2716
118.3965	0.1536	0.0518	NaN	0.0463	0.2714
118.3991	0.1531	0.0518	NaN	0.0463	0.2716
118.3999	0.1523	0.0518	NaN	0.0463	0.2716
118.4002	0.1523	0.0518	NaN	0.0463	0.2716
118.4038	0.1528	0.0518	NaN	0.0463	0.2717
118.4031	0.1528	0.0518	NaN	0.0463	0.2720
118.4045	0.1532	0.0518	NaN	0.0462	0.2720
118.4044	0.1532	0.0518	NaN	0.0462	0.2722
118.4067	0.1524	0.0518	NaN	0.0463	0.2721
118.4078	0.1524	0.0518	NaN	0.0463	0.2720
118.4082	0.1530	0.0518	NaN	0.0463	0.2717
118.4102	0.1535	0.0518	NaN	0.0462	0.2717
118.4090	0.1538	0.0518	NaN	0.0462	0.2719
118.4107	0.1540	0.0518	NaN	0.0462	0.2723
118.4128	0.1535	0.0518	NaN	0.0462	0.2724
118.4134	0.1538	0.0518	NaN	0.0462	0.2723
118.4138	0.1538	0.0518	NaN	0.0462	0.2723
118.4161	0.1535	0.0518	NaN	0.0462	0.2720
118.4169	0.1537	0.0517	NaN	0.0462	0.2716
118.4184	0.1539	0.0517	NaN	0.0462	0.2717
118.4188	0.1540	0.0517	NaN	0.0462	0.2718
118.4218	0.1541	0.0517	NaN	0.0462	0.2719
118.4227	0.1540	0.0517	NaN	0.0461	0.2719
118.4223	0.1540	0.0517	NaN	0.0461	0.2719
118.4256	0.1542	0.0517	NaN	0.0461	0.2719
118.4278	0.1546	0.0517	NaN	0.0461	0.2718
118.4263	0.1545	0.0516	NaN	0.0460	0.2717
118.4281	0.1542	0.0516	NaN	0.0460	0.2717
118.4291	0.1541	0.0516	NaN	0.0460	0.2714
118.4317	0.1542	0.0516	NaN	0.0461	0.2715
118.4331	0.1547	0.0516	NaN	0.0460	0.2718
118.4329	0.1554	0.0516	NaN	0.0460	0.2718
118.4352	0.1554	0.0516	NaN	0.0459	0.2717
118.4366	0.1548	0.0515	NaN	0.0459	0.2718
118.4371	0.1543	0.0515	NaN	0.0459	0.2719
118.4382	0.1541	0.0515	NaN	0.0459	0.2720
118.4386	0.1548	0.0515	NaN	0.0459	0.2721
118.4404	0.1548	0.0515	NaN	0.0459	0.2723
118.4427	0.1549	0.0515	NaN	0.0459	0.2723
118.4405	0.1552	0.0515	NaN	0.0459	0.2726
118.4440	0.1551	0.0515	NaN	0.0459	0.2726
118.4431	0.1549	0.0515	NaN	0.0459	0.2721
118.4456	0.1548	0.0515	NaN	0.0459	0.2720
118.4472	0.1551	0.0515	NaN	0.0459	0.2721
118.4486	0.1553	0.0515	NaN	0.0458	0.2723
118.4487	0.1552	0.0515	NaN	0.0458	0.2724
118.4498	0.1557	0.0515	NaN	0.0458	0.2725
118.4516	0.1564	0.0515	NaN	0.0458	0.2729
118.4541	0.1556	0.0514	NaN	0.0458	0.2731
118.4521	0.1551	0.0514	NaN	0.0458	0.2732
118.4534	0.1556	0.0514	NaN	0.0458	0.2732
118.4556	0.1558	0.0514	NaN	0.0458	0.2732
118.4578	0.1551	0.0514	NaN	0.0458	0.2732
118.4584	0.1551	0.0514	NaN	0.0458	0.2732
118.4608	0.1555	0.0514	NaN	0.0457	0.2732
118.4607	0.1557	0.0513	NaN	0.0457	0.2732
118.4622	0.1558	0.0513	NaN	0.0457	0.2733
118.4631	0.1557	0.0513	NaN	0.0457	0.2733
118.4649	0.1557	0.0513	NaN	0.0456	0.2733
118.4693	0.1554	0.0513	NaN	0.0456	0.2733
118.4667	0.1557	0.0512	NaN	0.0456	0.2732
118.4680	0.1560	0.0512	NaN	0.0456	0.2732
118.4690	0.1560	0.0512	NaN	0.0456	0.2731
118.4710	0.1559	0.0512	NaN	0.0456	0.2731
118.4715	0.1562	0.0512	NaN	0.0456	0.2733
118.4721	0.1562	0.0512	NaN	0.0456	0.2734
118.4750	0.1561	0.0512	NaN	0.0456	0.2734
118.4762	0.1559	0.0512	NaN	0.0456	0.2733
118.4757	0.1562	0.0512	NaN	0.0455	0.2730
118.4789	0.1564	0.0512	NaN	0.0455	0.2728
118.4778	0.1564	0.0512	NaN	0.0455	0.2728
118.4805	0.1567	0.0511	NaN	0.0454	0.2728
118.4824	0.1574	0.0511	NaN	0.0454	0.2728
118.4821	0.1570	0.0511	NaN	0.0454	0.2725
118.4814	0.1562	0.0511	NaN	0.0455	0.2725
118.4848	0.1561	0.0511	NaN	0.0455	0.2725
118.4834	0.1559	0.0511	NaN	0.0454	0.2725
118.4865	0.1558	0.0511	NaN	0.0454	0.2724
118.4858	0.1556	0.0511	NaN	0.0455	0.2724
118.4885	0.1554	0.0511	NaN	0.0454	0.2724
118.4900	0.1557	0.0511	NaN	0.0454	0.2723
118.4900	0.1558	0.0510	NaN	0.0454	0.2721
118.4913	0.1556	0.0510	NaN	0.0454	0.2721
118.4908	0.1552	0.0510	NaN	0.0454	0.2721
118.4929	0.1558	0.0510	NaN	0.0454	0.2722
118.4958	0.1563	0.0510	NaN	0.0453	0.2722
118.4949	0.1563	0.0510	NaN	0.0453	0.2720
118.4981	0.1561	0.0510	NaN	0.0453	0.2720
118.4999	0.1557	0.0509	NaN	0.0453	0.2720
118.5017	0.1562	0.0509	NaN	0.0453	0.2721
118.5016	0.1563	0.0509	NaN	0.0452	0.2720
118.4994	0.1564	0.0509	NaN	0.0453	0.2721
118.5022	0.1561	0.0509	NaN	0.0453	0.2722
118.5057	0.1564	0.0509	NaN	0.0452	0.2721
118.5049	0.1568	0.0509	NaN	0.0452	0.2720
118.5064	0.1565	0.0509	NaN	0.0452	0.2720
118.5084	0.1564	0.0509	NaN	0.0452	0.2720
118.5083	0.1556	0.0509	NaN	0.0453	0.2720
118.5102	0.1557	0.0509	NaN	0.0453	0.2720
118.5104	0.1561	0.0509	NaN	0.0453	0.2719
118.5128	0.1561	0.0509	NaN	0.0452	0.2720
118.5142	0.1562	0.0508	NaN	0.0452	0.2720
118.5156	0.1562	0.0508	NaN	0.0451	0.2721
118.5181	0.1566	0.0508	NaN	0.0451	0.2722
118.5187	0.1563	0.0508	NaN	0.0451	0.2720
118.5184	0.1564	0.0508	NaN	0.0451	0.2720
118.5198	0.1569	0.0508	NaN	0.0451	0.2720
118.5197	0.1568	0.0508	NaN	0.0452	0.2721
118.5217	0.1564	0.0508	NaN	0.0452	0.2721
118.5232	0.1567	0.0508	NaN	0.0452	0.2723
118.5218	0.1569	0.0508	NaN	0.0452	0.2724
118.5253	0.1564	0.0508	NaN	0.0452	0.2726
118.5235	0.1562	0.0508	NaN	0.0451	0.2728
118.5255	0.1561	0.0508	NaN	0.0452	0.2727
118.5265	0.1563	0.0507	NaN	0.0451	0.2728
118.5271	0.1566	0.0508	NaN	0.0451	0.2728
118.5308	0.1569	0.0508	NaN	0.0451	0.2730
118.5334	0.1571	0.0508	NaN	0.0451	0.2729
118.5336	0.1578	0.0508	NaN	0.0451	0.2727
118.5381	0.1581	0.0507	NaN	0.0450	0.2728
118.5356	0.1577	0.0507	NaN	0.0450	0.2726
118.5376	0.1577	0.0507	NaN	0.0450	0.2728
118.5391	0.1577	0.0507	NaN	0.0450	0.2728
118.5385	0.1573	0.0506	NaN	0.0449	0.2725
118.5418	0.1572	0.0506	NaN	0.0449	0.2725
118.5437	0.1575	0.0506	NaN	0.0449	0.2727
118.5432	0.1579	0.0506	NaN	0.0449	0.2724
118.5454	0.1575	0.0506	NaN	0.0448	0.2724
118.5453	0.1568	0.0506	NaN	0.0449	0.2725
118.5458	0.1572	0.0506	NaN	0.0449	0.2727
118.5475	0.1575	0.0506	NaN	0.0448	0.2728
118.5473	0.1574	0.0506	NaN	0.0449	0.2722
118.5510	0.1571	0.0506	NaN	0.0449	0.2722
118.5513	0.1571	0.0506	NaN	0.0449	0.2722
118.5538	0.1559	0.0506	NaN	0.0449	0.2724
118.5545	0.1555	0.0505	NaN	0.0449	0.2726
118.5551	0.1555	0.0505	NaN	0.0449	0.2728
118.5570	0.1559	0.0505	NaN	0.0449	0.2731
118.5583	0.1558	0.0505	NaN	0.0449	0.2731
118.5581	0.1560	0.0505	NaN	0.0449	0.2729
118.5608	0.1560	0.0505	NaN	0.0448	0.2724
118.5590	0.1556	0.0505	NaN	0.0448	0.2724
118.5634	0.1554	0.0505	NaN	0.0448	0.2724
118.5642	0.1566	0.0504	NaN	0.0448	0.2724
118.5637	0.1577	0.0504	NaN	0.0447	0.2725
118.5661	0.1577	0.0504	NaN	0.0447	0.2724
118.5676	0.1575	0.0504	NaN	0.0447	0.2724
118.5666	0.1580	0.0504	NaN	0.0447	0.2724
118.5689	0.1580	0.0504	NaN	0.0447	0.2723
118.5694	0.1573	0.0504	NaN	0.0447	0.2724
118.5713	0.1574	0.0504	NaN	0.0446	0.2727
118.5722	0.1585	0.0504	NaN	0.0446	0.2729
118.5713	0.1582	0.0504	NaN	0.0446	0.2729
118.5743	0.1580	0.0504	NaN	0.0446	0.2726
118.5772	0.1584	0.0504	NaN	0.0446	0.2726
118.5761	0.1584	0.0504	NaN	0.0446	0.2726
118.5779	0.1587	0.0504	NaN	0.0446	0.2727
118.5781	0.1587	0.0504	NaN	0.0446	0.2728
118.5808	0.1584	0.0503	NaN	0.0446	0.2731
118.5831	0.1584	0.0503	NaN	0.0446	0.2735
118.5825	0.1586	0.0504	NaN	0.0446	0.2735
118.5855	0.1586	0.0504	NaN	0.0446	0.2733
118.5850	0.1582	0.0503	NaN	0.0446	0.2731
118.5869	0.1578	0.0503	NaN	0.0446	0.2731
118.5893	0.1576	0.0503	NaN	0.0446	0.2733
118.5885	0.1582	0.0503	NaN	0.0445	0.2733
118.5900	0.1588	0.0503	NaN	0.0445	0.2733
118.5916	0.1589	0.0503	NaN	0.0445	0.2733
118.5920	0.1592	0.0503	NaN	0.0444	0.2736
118.5940	0.1591	0.0502	NaN	0.0444	0.2737
118.5936	0.1589	0.0502	NaN	0.0444	0.2735
118.5959	0.1588	0.0502	NaN	0.0445	0.2737
118.5973	0.1592	0.0502	NaN	0.0444	0.2739
118.5979	0.1596	0.0502	NaN	0.0444	0.2741
118.5999	0.1597	0.0502	NaN	0.0444	0.2742
118.6019	0.1595	0.0502	NaN	0.0443	0.2742
118.6021	0.1590	0.0502	NaN	0.0444	0.2741
118.6041	0.1590	0.0502	NaN	0.0443	0.2741
118.6025	0.1593	0.0502	NaN	0.0443	0.2741
118.6065	0.1594	0.0502	NaN	0.0444	0.2742
118.6077	0.1597	0.0502	NaN	0.0443	0.2742
118.6067	0.1597	0.0501	NaN	0.0443	0.2741
118.6091	0.1596	0.0502	NaN	0.0443	0.2740
118.6083	0.1594	0.0502	NaN	0.0443	0.2740
118.6110	0.1601	0.0502	NaN	0.0443	0.2741
118.6121	0.1604	0.0501	NaN	0.0443	0.2741
118.6127	0.1599	0.0501	NaN	0.0443	0.2740
118.6136	0.1596	0.0501	NaN	0.0443	0.2739
118.6141	0.1593	0.0501	NaN	0.0443	0.2739
118.6157	0.1589	0.0501	NaN	0.0442	0.2739
118.6165	0.1590	0.0501	NaN	0.0442	0.2738
118.6166	0.1590	0.0501	NaN	0.0442	0.2737
118.6188	0.1591	0.0500	NaN	0.0442	0.2737
118.6196	0.1590	0.0500	NaN	0.0442	0.2736
118.6218	0.1591	0.0500	NaN	0.0442	0.2737
118.6241	0.1594	0.0500	NaN	0.0441	0.2736
118.6246	0.1593	0.0500	NaN	0.0442	0.2735
118.6248	0.1591	0.0500	NaN	0.0442	0.2735
118.6269	0.1592	0.0500	NaN	0.0442	0.2735
118.6276	0.1592	0.0500	NaN	0.0442	0.2734
118.6296	0.1596	0.0500	NaN	0.0441	0.2733
118.6305	0.1599	0.0500	NaN	0.0441	0.2732
118.6310	0.1601	0.0500	NaN	0.0441	0.2732
118.6328	0.1604	0.0500	NaN	0.0441	0.2730
118.6320	0.1604	0.0500	NaN	0.0441	0.2729
118.6348	0.1604	0.0500	NaN	0.0441	0.2729
118.6361	0.1603	0.0500	NaN	0.0441	0.2730
118.6377	0.1604	0.0500	NaN	0.0440	0.2731
118.6389	0.1607	0.0500	NaN	0.0440	0.2731
118.6428	0.1611	0.0499	NaN	0.0440	0.2732
118.6394	0.1614	0.0499	NaN	0.0440	0.2732
118.6420	0.1613	0.0499	NaN	0.0440	0.2732
118.6427	0.1609	0.0499	NaN	0.0440	0.2732
118.6438	0.1610	0.0499	NaN	0.0440	0.2731
118.6463	0.1611	0.0499	NaN	0.0440	0.2731
118.6465	0.1612	0.0499	NaN	0.0440	0.2730
118.6481	0.1612	0.0499	NaN	0.0440	0.2729
118.6504	0.1611	0.0499	NaN	0.0439	0.2730
118.6496	0.1609	0.0499	NaN	0.0440	0.2729
118.6512	0.1608	0.0499	NaN	0.0440	0.2731
118.6531	0.1613	0.0499	NaN	0.0440	0.2730
118.6540	0.1615	0.0499	NaN	0.0439	0.2730
118.6555	0.1621	0.0499	NaN	0.0439	0.2731
118.6546	0.1622	0.0499	NaN	0.0439	0.2732
118.6565	0.1620	0.0498	NaN	0.0438	0.2732
118.6586	0.1622	0.0498	NaN	0.0438	0.2733
118.6579	0.1623	0.0498	NaN	0.0438	0.2734
118.6607	0.1619	0.0499	NaN	0.0439	0.2735
118.6597	0.1616	0.0499	NaN	0.0439	0.2738
118.6610	0.1615	0.0499	NaN	0.0439	0.2742
118.6642	0.1614	0.0498	NaN	0.0439	0.2742
118.6644	0.1616	0.0498	NaN	0.0439	0.2742
118.6658	0.1618	0.0498	NaN	0.0438	0.2742
118.6648	0.1620	0.0498	NaN	0.0438	0.2742
118.6678	0.1622	0.0498	NaN	0.0438	0.2740
118.6696	0.1624	0.0498	NaN	0.0438	0.2739
118.6695	0.1624	0.0498	NaN	0.0438	0.2737
118.6710	0.1624	0.0498	NaN	0.0438	0.2737
118.6727	0.1625	0.0498	NaN	0.0438	0.2737
118.6746	0.1630	0.0498	NaN	0.0438	0.2738
118.6742	0.1632	0.0498	NaN	0.0437	0.2737
118.6768	0.1631	0.0498	NaN	0.0437	0.2738
118.6762	0.1634	0.0498	NaN	0.0437	0.2735
118.6781	0.1638	0.0497	NaN	0.0437	0.2735
118.6787	0.1638	0.0498	NaN	0.0437	0.2736
118.6804	0.1639	0.0498	NaN	0.0437	0.2734
118.6829	0.1637	0.0498	NaN	0.0437	0.2736
118.6829	0.1634	0.0498	NaN	0.0437	0.2737
118.6837	0.1637	0.0497	NaN	0.0437	0.2738
118.6836	0.1638	0.0498	NaN	0.0437	0.2737
118.6869	0.1647	0.0498	NaN	0.0436	0.2738
118.6873	0.1648	0.0498	NaN	0.0436	0.2736
118.6874	0.1641	0.0497	NaN	0.0436	0.2735
118.6891	0.1642	0.0497	NaN	0.0436	0.2734
118.6893	0.1645	0.0497	NaN	0.0436	0.2734
118.6912	0.1655	0.0497	NaN	0.0435	0.2733
118.6932	0.1662	0.0497	NaN	0.0435	0.2733
118.6935	0.1659	0.0497	NaN	0.0435	0.2732
118.6958	0.1662	0.0497	NaN	0.0435	0.2733
118.6984	0.1664	0.0497	NaN	0.0435	0.2733
118.6977	0.1662	0.0497	NaN	0.0435	0.2733
118.6995	0.1663	0.0497	NaN	0.0435	0.2732
118.6997	0.1669	0.0497	NaN	0.0434	0.2732
118.7012	0.1671	0.0497	NaN	0.0434	0.2733
118.7039	0.1670	0.0496	NaN	0.0434	0.2733
118.7038	0.1666	0.0497	NaN	0.0434	0.2733
118.7053	0.1670	0.0497	NaN	0.0434	0.2734
118.7062	0.1674	0.0497	NaN	0.0434	0.2734
118.7069	0.1673	0.0496	NaN	0.0434	0.2733
118.7096	0.1676	0.0497	NaN	0.0434	0.2733
118.7087	0.1674	0.0496	NaN	0.0434	0.2733
118.7105	0.1679	0.0497	NaN	0.0434	0.2733
118.7122	0.1674	0.0497	NaN	0.0434	0.2733
118.7109	0.1671	0.0496	NaN	0.0434	0.2733
118.7133	0.1675	0.0496	NaN	0.0434	0.2733
118.7156	0.1683	0.0496	NaN	0.0434	0.2733
118.7168	0.1688	0.0496	NaN	0.0433	0.2734
118.7184	0.1693	0.0496	NaN	0.0433	0.2736
118.7195	0.1692	0.0496	NaN	0.0434	0.2736
118.7209	0.1692	0.0496	NaN	0.0433	0.2736
118.7229	0.1697	0.0496	NaN	0.0433	0.2736
118.7229	0.1703	0.0497	NaN	0.0433	0.2734
118.7256	0.1703	0.0497	NaN	0.0433	0.2734
118.7257	0.1701	0.0497	NaN	0.0433	0.2735
118.7266	0.1705	0.0497	NaN	0.0433	0.2735
118.7280	0.1708	0.0497	NaN	0.0433	0.2736
118.7277	0.1706	0.0496	NaN	0.0433	0.2736
118.7315	0.1709	0.0496	NaN	0.0433	0.2737
118.7334	0.1710	0.0497	NaN	0.0433	0.2741
118.7332	0.1716	0.0497	NaN	0.0433	0.2742
118.7348	0.1726	0.0497	NaN	0.0432	0.2743
118.7336	0.1730	0.0497	NaN	0.0432	0.2742
118.7356	0.1732	0.0497	NaN	0.0432	0.2740
118.7375	0.1731	0.0497	NaN	0.0432	0.2736
118.7380	0.1732	0.0497	NaN	0.0432	0.2735
118.7387	0.1738	0.0497	NaN	0.0432	0.2735
118.7408	0.1741	0.0497	NaN	0.0432	0.2737
118.7410	0.1741	0.0497	NaN	0.0432	0.2739
118.7426	0.1755	0.0497	NaN	0.0432	0.2739
118.7441	0.1762	0.0497	NaN	0.0432	0.2739
118.7446	0.1779	0.0497	NaN	0.0431	0.2740
118.7464	0.1797	0.0498	NaN	0.0431	0.2740
118.7479	0.1809	0.0498	NaN	0.0431	0.2739
118.7486	0.1812	0.0498	NaN	0.0431	0.2737
118.7486	0.1803	0.0498	NaN	0.0431	0.2737
118.7513	0.1816	0.0498	NaN	0.0431	0.2738
118.7530	0.1830	0.0499	NaN	0.0431	0.2740
118.7535	0.1838	0.0499	NaN	0.0430	0.2743
118.7552	0.1847	0.0499	NaN	0.0430	0.2746
118.7581	0.1844	0.0499	NaN	0.0431	0.2744
118.7576	0.1843	0.0499	NaN	0.0431	0.2742
118.7598	0.1847	0.0499	NaN	0.0431	0.2740
118.7601	0.1847	0.0499	NaN	0.0431	0.2742
118.7603	0.1844	0.0499	NaN	0.0431	0.2744
118.7628	0.1848	0.0499	NaN	0.0431	0.2748
118.7616	0.1843	0.0499	NaN	0.0431	0.2748
118.7639	0.1860	0.0499	NaN	0.0431	0.2749
118.7663	0.1884	0.0500	NaN	0.0430	0.2749
118.7664	0.1894	0.0500	NaN	0.0430	0.2749
118.7670	0.1906	0.0500	NaN	0.0430	0.2749
118.7682	0.1919	0.0501	NaN	0.0430	0.2750
118.7699	0.1929	0.0501	NaN	0.0430	0.2751
118.7722	0.1951	0.0501	NaN	0.0430	0.2752
118.7708	0.1945	0.0501	NaN	0.0430	0.2752
118.7727	0.1961	0.0502	NaN	0.0430	0.2752
118.7732	0.1983	0.0502	NaN	0.0430	0.2752
118.7748	0.2005	0.0503	NaN	0.0430	0.2752
118.7776	0.2027	0.0503	NaN	0.0430	0.2752
118.7774	0.2035	0.0504	NaN	0.0430	0.2753
118.7816	0.2032	0.0504	NaN	0.0430	0.2753
118.7819	0.2037	0.0504	NaN	0.0430	0.2753
118.7824	0.2032	0.0503	NaN	0.0429	0.2753
118.7822	0.2032	0.0503	NaN	0.0429	0.2753
118.7819	0.2055	0.0504	NaN	0.0430	0.2753
118.7849	0.2073	0.0504	NaN	0.0429	0.2753
118.7862	0.2077	0.0505	NaN	0.0429	0.2754
118.7847	0.2073	0.0504	NaN	0.0429	0.2753
118.7873	0.2074	0.0505	NaN	0.0429	0.2753
118.7894	0.2070	0.0504	NaN	0.0429	0.2753
118.7898	0.2074	0.0504	NaN	0.0429	0.2753
118.7901	0.2077	0.0504	NaN	0.0429	0.2753
118.7898	0.2077	0.0504	NaN	0.0429	0.2752
118.7928	0.2065	0.0504	NaN	0.0429	0.2751
118.7941	0.2065	0.0504	NaN	0.0429	0.2750
118.7958	0.2056	0.0504	NaN	0.0429	0.2748
118.7965	0.2051	0.0503	NaN	0.0428	0.2748
118.7973	0.2036	0.0503	NaN	0.0428	0.2748
118.7976	0.2016	0.0502	NaN	0.0429	0.2751
118.7999	0.1997	0.0502	NaN	0.0428	0.2752
118.7999	0.1989	0.0501	NaN	0.0429	0.2753
118.8022	0.1956	0.0500	NaN	0.0428	0.2754
118.8037	0.1958	0.0500	NaN	0.0428	0.2754
118.8031	0.1964	0.0501	NaN	0.0428	0.2754
118.8066	0.1962	0.0500	NaN	0.0428	0.2754
118.8054	0.1964	0.0500	NaN	0.0428	0.2754
118.8071	0.1947	0.0500	NaN	0.0428	0.2755
118.8094	0.1929	0.0499	NaN	0.0428	0.2755
118.8112	0.1907	0.0499	NaN	0.0428	0.2755
118.8121	0.1882	0.0497	NaN	0.0427	0.2755
118.8170	0.1885	0.0497	NaN	0.0428	0.2755
118.8145	0.1894	0.0498	NaN	0.0427	0.2754
118.8167	0.1888	0.0498	NaN	0.0427	0.2754
118.8155	0.1888	0.0498	NaN	0.0428	0.2753
118.8179	0.1876	0.0497	NaN	0.0428	0.2752
118.8203	0.1871	0.0497	NaN	0.0428	0.2752
118.8189	0.1864	0.0497	NaN	0.0427	0.2752
118.8222	0.1850	0.0496	NaN	0.0427	0.2750
118.8237	0.1830	0.0495	NaN	0.0427	0.2749
118.8231	0.1827	0.0495	NaN	0.0427	0.2749
118.8262	0.1808	0.0494	NaN	0.0427	0.2748
118.8252	0.1805	0.0494	NaN	0.0426	0.2748
118.8268	0.1800	0.0494	NaN	0.0426	0.2748
118.8293	0.1794	0.0493	NaN	0.0426	0.2749
118.8270	0.1796	0.0493	NaN	0.0426	0.2748
118.8322	0.1787	0.0493	NaN	0.0426	0.2747
118.8316	0.1784	0.0493	NaN	0.0426	0.2747
118.8339	0.1776	0.0492	NaN	0.0426	0.2747
118.8342	0.1767	0.0492	NaN	0.0426	0.2747
118.8351	0.1762	0.0491	NaN	0.0425	0.2746
118.8359	0.1758	0.0491	NaN	0.0425	0.2745
118.8382	0.1757	0.0491	NaN	0.0425	0.2744
118.8378	0.1761	0.0491	NaN	0.0425	0.2746
118.8394	0.1764	0.0492	NaN	0.0425	0.2747
118.8404	0.1764	0.0492	NaN	0.0425	0.2746
118.8421	0.1761	0.0491	NaN	0.0425	0.2747
118.8442	0.1759	0.0491	NaN	0.0425	0.2747
118.8440	0.1759	0.0491	NaN	0.0425	0.2748
118.8450	0.1760	0.0491	NaN	0.0425	0.2749
118.8457	0.1761	0.0491	NaN	0.0425	0.2749
118.8487	0.1764	0.0491	NaN	0.0425	0.2751
118.8490	0.1763	0.0491	NaN	0.0425	0.2750
118.8491	0.1763	0.0491	NaN	0.0425	0.2750
118.8507	0.1758	0.0491	NaN	0.0425	0.2750
118.8517	0.1755	0.0491	NaN	0.0425	0.2750
118.8527	0.1751	0.0490	NaN	0.0425	0.2748
118.8549	0.1749	0.0490	NaN	0.0425	0.2746
118.8555	0.1752	0.0490	NaN	0.0424	0.2746
118.8574	0.1756	0.0490	NaN	0.0425	0.2746
118.8600	0.1756	0.0490	NaN	0.0424	0.2746
118.8596	0.1758	0.0490	NaN	0.0424	0.2745
118.8614	0.1754	0.0490	NaN	0.0424	0.2744
118.8634	0.1751	0.0490	NaN	0.0425	0.2744
118.8629	0.1757	0.0490	NaN	0.0424	0.2743
118.8637	0.1756	0.0490	NaN	0.0424	0.2744
118.8650	0.1753	0.0490	NaN	0.0424	0.2744
118.8661	0.1754	0.0490	NaN	0.0424	0.2743
118.8691	0.1755	0.0489	NaN	0.0424	0.2743
118.8680	0.1749	0.0490	NaN	0.0424	0.2743
118.8697	0.1749	0.0490	NaN	0.0424	0.2743
118.8715	0.1749	0.0490	NaN	0.0424	0.2744
118.8703	0.1751	0.0490	NaN	0.0424	0.2743
118.8728	0.1754	0.0490	NaN	0.0424	0.2744
118.8735	0.1753	0.0489	NaN	0.0424	0.2746
118.8751	0.1753	0.0489	NaN	0.0424	0.2747
118.8771	0.1755	0.0489	NaN	0.0423	0.2747
118.8765	0.1757	0.0489	NaN	0.0423	0.2748
118.8782	0.1759	0.0489	NaN	0.0423	0.2748
118.8822	0.1763	0.0489	NaN	0.0423	0.2749
118.8813	0.1764	0.0489	NaN	0.0423	0.2748
118.8862	0.1763	0.0489	NaN	0.0423	0.2748
118.8828	0.1758	0.0489	NaN	0.0424	0.2746
118.8879	0.1754	0.0489	NaN	0.0423	0.2744
118.8888	0.1759	0.0489	NaN	0.0423	0.2745
118.8887	0.1760	0.0489	NaN	0.0423	0.2745
118.8915	0.1769	0.0489	NaN	0.0423	0.2745
118.8894	0.1771	0.0489	NaN	0.0423	0.2745
118.8932	0.1775	0.0489	NaN	0.0423	0.2746
118.8933	0.1775	0.0490	NaN	0.0423	0.2747
118.8935	0.1786	0.0490	NaN	0.0423	0.2748
118.8940	0.1794	0.0490	NaN	0.0423	0.2752
118.8962	0.1792	0.0490	NaN	0.0423	0.2754
118.8957	0.1787	0.0489	NaN	0.0423	0.2753
118.8975	0.1779	0.0489	NaN	0.0423	0.2753
118.8985	0.1776	0.0489	NaN	0.0423	0.2754
118.8997	0.1781	0.0489	NaN	0.0422	0.2754
118.9011	0.1784	0.0489	NaN	0.0422	0.2755
118.9014	0.1792	0.0490	NaN	0.0422	0.2755
118.9048	0.1797	0.0489	NaN	0.0422	0.2753
118.9060	0.1794	0.0489	NaN	0.0422	0.2752
118.9067	0.1791	0.0490	NaN	0.0423	0.2750
118.9088	0.1795	0.0490	NaN	0.0423	0.2748
118.9096	0.1811	0.0490	NaN	0.0422	0.2749
118.9112	0.1814	0.0490	NaN	0.0422	0.2748
118.9112	0.1826	0.0490	NaN	0.0422	0.2748
118.9112	0.1822	0.0490	NaN	0.0422	0.2748
118.9141	0.1830	0.0490	NaN	0.0422	0.2748
118.9150	0.1828	0.0490	NaN	0.0422	0.2749
118.9165	0.1835	0.0490	NaN	0.0422	0.2751
118.9180	0.1842	0.0491	NaN	0.0422	0.2751
118.9187	0.1833	0.0491	NaN	0.0422	0.2749
118.9180	0.1836	0.0491	NaN	0.0422	0.2747
118.9222	0.1848	0.0491	NaN	0.0422	0.2748
118.9201	0.1859	0.0491	NaN	0.0422	0.2748
118.9226	0.1880	0.0492	NaN	0.0422	0.2748
118.9225	0.1895	0.0492	NaN	0.0422	0.2750
118.9243	0.1914	0.0493	NaN	0.0422	0.2752
118.9248	0.1940	0.0493	NaN	0.0421	0.2752
118.9269	0.1942	0.0494	NaN	0.0421	0.2750
118.9266	0.1927	0.0493	NaN	0.0422	0.2749
118.9304	0.1944	0.0494	NaN	0.0422	0.2750
118.9316	0.1953	0.0494	NaN	0.0421	0.2749
118.9336	0.1960	0.0494	NaN	0.0421	0.2748
118.9320	0.1967	0.0494	NaN	0.0421	0.2750
118.9351	0.1973	0.0494	NaN	0.0421	0.2751
118.9338	0.1952	0.0494	NaN	0.0421	0.2752
118.9357	0.1961	0.0494	NaN	0.0421	0.2754
118.9359	0.1980	0.0495	NaN	0.0421	0.2755
118.9381	0.1991	0.0495	NaN	0.0421	0.2757
118.9398	0.2009	0.0496	NaN	0.0421	0.2757
118.9420	0.2012	0.0496	NaN	0.0421	0.2758
118.9413	0.2012	0.0496	NaN	0.0421	0.2757
118.9445	0.2058	0.0497	NaN	0.0421	0.2756
118.9468	0.2104	0.0499	NaN	0.0421	0.2758
118.9477	0.2149	0.0500	NaN	0.0421	0.2759
118.9472	0.2173	0.0501	NaN	0.0421	0.2759
118.9480	0.2143	0.0500	NaN	0.0421	0.2760
118.9515	0.2147	0.0500	NaN	0.0421	0.2760
118.9520	0.2212	0.0502	NaN	0.0421	0.2760
118.9513	0.2226	0.0502	NaN	0.0421	0.2759
118.9540	0.2272	0.0504	NaN	0.0421	0.2759
118.9544	0.2316	0.0505	NaN	0.0421	0.2758
118.9545	0.2285	0.0504	NaN	0.0421	0.2758
118.9567	0.2269	0.0503	NaN	0.0421	0.2756
118.9548	0.2211	0.0502	NaN	0.0421	0.2753
118.9582	0.2235	0.0502	NaN	0.0421	0.2754
118.9590	0.2276	0.0504	NaN	0.0421	0.2757
118.9581	0.2319	0.0505	NaN	0.0421	0.2760
118.9602	0.2337	0.0505	NaN	0.0421	0.2760
118.9631	0.2395	0.0507	NaN	0.0421	0.2762
118.9626	0.2392	0.0507	NaN	0.0421	0.2764
118.9637	0.2390	0.0507	NaN	0.0421	0.2764
118.9636	0.2394	0.0508	NaN	0.0421	0.2764
118.9664	0.2430	0.0509	NaN	0.0421	0.2763
118.9681	0.2507	0.0511	NaN	0.0421	0.2764
118.9684	0.2535	0.0512	NaN	0.0421	0.2764
118.9701	0.2573	0.0514	NaN	0.0421	0.2765
118.9712	0.2598	0.0514	NaN	0.0421	0.2764
118.9735	0.2621	0.0515	NaN	0.0421	0.2763
118.9743	0.2618	0.0515	NaN	0.0421	0.2762
118.9736	0.2615	0.0515	NaN	0.0421	0.2762
118.9771	0.2619	0.0515	NaN	0.0421	0.2762
118.9779	0.2617	0.0515	NaN	0.0421	0.2763
118.9804	0.2611	0.0515	NaN	0.0421	0.2763
118.9801	0.2621	0.0515	NaN	0.0421	0.2764
118.9813	0.2614	0.0515	NaN	0.0421	0.2765
118.9822	0.2618	0.0515	NaN	0.0421	0.2765
118.9857	0.2617	0.0515	NaN	0.0421	0.2764
118.9853	0.2608	0.0515	NaN	0.0421	0.2765
118.9856	0.2597	0.0515	NaN	0.0421	0.2765
118.9899	0.2570	0.0514	NaN	0.0421	0.2766
118.9874	0.2579	0.0514	NaN	0.0421	0.2765
118.9897	0.2538	0.0513	NaN	0.0421	0.2766
118.9898	0.2493	0.0511	NaN	0.0421	0.2766
118.9932	0.2421	0.0508	NaN	0.0420	0.2764
118.9920	0.2365	0.0506	NaN	0.0420	0.2764
118.9925	0.2349	0.0506	NaN	0.0420	0.2762
118.9947	0.2341	0.0505	NaN	0.0420	0.2761
118.9946	0.2334	0.0505	NaN	0.0420	0.2762
118.9978	0.2265	0.0503	NaN	0.0420	0.2761
118.9986	0.2233	0.0502	NaN	0.0420	0.2758
118.9994	0.2213	0.0501	NaN	0.0420	0.2760
119.0015	0.2192	0.0500	NaN	0.0420	0.2760
119.0042	0.2161	0.0499	NaN	0.0420	0.2758
119.0054	0.2153	0.0499	NaN	0.0420	0.2757
119.0073	0.2130	0.0498	NaN	0.0420	0.2756
119.0077	0.2126	0.0498	NaN	0.0420	0.2754
119.0074	0.2113	0.0498	NaN	0.0420	0.2755
119.0086	0.2101	0.0497	NaN	0.0420	0.2756
119.0104	0.2107	0.0497	NaN	0.0420	0.2756
119.0141	0.2090	0.0497	NaN	0.0419	0.2754
119.0135	0.2093	0.0497	NaN	0.0419	0.2755
119.0162	0.2100	0.0497	NaN	0.0419	0.2757
119.0161	0.2088	0.0497	NaN	0.0419	0.2756
119.0166	0.2082	0.0497	NaN	0.0420	0.2755
119.0186	0.2076	0.0496	NaN	0.0420	0.2756
119.0198	0.2059	0.0496	NaN	0.0419	0.2758
119.0191	0.2061	0.0496	NaN	0.0419	0.2759
119.0228	0.2047	0.0495	NaN	0.0420	0.2759
119.0222	0.2045	0.0495	NaN	0.0420	0.2759
119.0243	0.2049	0.0495	NaN	0.0420	0.2758
119.0290	0.2049	0.0496	NaN	0.0420	0.2756
119.0257	0.2052	0.0496	NaN	0.0419	0.2756
119.0273	0.2054	0.0496	NaN	0.0419	0.2756
119.0285	0.2045	0.0495	NaN	0.0420	0.2756
119.0288	0.2044	0.0495	NaN	0.0419	0.2756
119.0308	0.2036	0.0495	NaN	0.0419	0.2755
119.0316	0.2034	0.0495	NaN	0.0419	0.2754
119.0317	0.2038	0.0495	NaN	0.0419	0.2755
119.0330	0.2042	0.0495	NaN	0.0419	0.2756
119.0348	0.2043	0.0495	NaN	0.0419	0.2756
119.0336	0.2041	0.0495	NaN	0.0419	0.2755
119.0381	0.2040	0.0495	NaN	0.0419	0.2755
119.0364	0.2041	0.0495	NaN	0.0419	0.2756
119.0402	0.2050	0.0495	NaN	0.0419	0.2756
119.0393	0.2052	0.0495	NaN	0.0419	0.2756
119.0421	0.2054	0.0495	NaN	0.0419	0.2756
119.0440	0.2066	0.0496	NaN	0.0419	0.2756
119.0433	0.2068	0.0496	NaN	0.0419	0.2756
119.0453	0.2077	0.0496	NaN	0.0419	0.2754
119.0472	0.2092	0.0496	NaN	0.0419	0.2753
119.0493	0.2114	0.0497	NaN	0.0419	0.2753
119.0483	0.2140	0.0498	NaN	0.0419	0.2753
119.0509	0.2164	0.0499	NaN	0.0419	0.2753
119.0532	0.2194	0.0500	NaN	0.0419	0.2755
119.0538	0.2188	0.0500	NaN	0.0419	0.2754
119.0541	0.2195	0.0500	NaN	0.0419	0.2755
119.0577	0.2202	0.0500	NaN	0.0419	0.2756
119.0533	0.2203	0.0500	NaN	0.0419	0.2756
119.0556	0.2192	0.0500	NaN	0.0419	0.2755
119.0587	0.2187	0.0500	NaN	0.0419	0.2755
119.0570	0.2184	0.0500	NaN	0.0419	0.2755
119.0605	0.2202	0.0500	NaN	0.0419	0.2756
119.0628	0.2202	0.0500	NaN	0.0419	0.2756
119.0622	0.2195	0.0500	NaN	0.0420	0.2756
119.0644	0.2202	0.0500	NaN	0.0419	0.2756
119.0650	0.2205	0.0501	NaN	0.0419	0.2755
119.0676	0.2205	0.0500	NaN	0.0419	0.2756
119.0710	0.2203	0.0500	NaN	0.0420	0.2757
119.0706	0.2198	0.0500	NaN	0.0420	0.2757
119.0707	0.2187	0.0500	NaN	0.0420	0.2756
119.0742	0.2174	0.0500	NaN	0.0420	0.2756
119.0713	0.2190	0.0500	NaN	0.0420	0.2755
119.0749	0.2172	0.0499	NaN	0.0419	0.2755
119.0742	0.2169	0.0499	NaN	0.0419	0.2755
119.0747	0.2142	0.0498	NaN	0.0419	0.2755
119.0782	0.2095	0.0497	NaN	0.0419	0.2755
119.0788	0.2076	0.0496	NaN	0.0419	0.2757
119.0808	0.2080	0.0496	NaN	0.0419	0.2756
119.0803	0.2065	0.0496	NaN	0.0419	0.2756
119.0814	0.2037	0.0495	NaN	0.0419	0.2756
119.0820	0.2006	0.0494	NaN	0.0419	0.2756
119.0825	0.1997	0.0493	NaN	0.0419	0.2756
119.0861	0.1991	0.0493	NaN	0.0419	0.2756
119.0885	0.1978	0.0493	NaN	0.0419	0.2756
119.0873	0.1974	0.0493	NaN	0.0419	0.2756
119.0886	0.1962	0.0492	NaN	0.0419	0.2756
119.0901	0.1956	0.0492	NaN	0.0419	0.2756
119.0912	0.1944	0.0492	NaN	0.0419	0.2756
119.0913	0.1940	0.0491	NaN	0.0419	0.2756
119.0941	0.1937	0.0492	NaN	0.0419	0.2756
119.0940	0.1928	0.0491	NaN	0.0419	0.2756
119.0959	0.1931	0.0491	NaN	0.0419	0.2756
119.0964	0.1934	0.0491	NaN	0.0419	0.2756
119.0983	0.1927	0.0491	NaN	0.0419	0.2757
119.0973	0.1918	0.0490	NaN	0.0419	0.2757
119.0996	0.1914	0.0490	NaN	0.0419	0.2757
119.0989	0.1905	0.0490	NaN	0.0419	0.2757
119.1016	0.1893	0.0490	NaN	0.0419	0.2757
119.1028	0.1877	0.0489	NaN	0.0419	0.2757
119.1037	0.1867	0.0489	NaN	0.0419	0.2758
119.1071	0.1863	0.0489	NaN	0.0419	0.2759
119.1092	0.1862	0.0489	NaN	0.0419	0.2760
119.1086	0.1864	0.0489	NaN	0.0419	0.2761
119.1088	0.1867	0.0489	NaN	0.0419	0.2761
119.1122	0.1867	0.0489	NaN	0.0419	0.2761
119.1110	0.1870	0.0489	NaN	0.0419	0.2761
119.1140	0.1865	0.0489	NaN	0.0419	0.2762
119.1147	0.1859	0.0489	NaN	0.0419	0.2762
119.1168	0.1854	0.0489	NaN	0.0419	0.2762
119.1170	0.1849	0.0488	NaN	0.0419	0.2764
119.1192	0.1848	0.0488	NaN	0.0419	0.2764
119.1204	0.1847	0.0488	NaN	0.0419	0.2765
119.1200	0.1846	0.0488	NaN	0.0419	0.2766
119.1207	0.1845	0.0489	NaN	0.0419	0.2766
119.1221	0.1845	0.0488	NaN	0.0419	0.2767
119.1217	0.1845	0.0488	NaN	0.0419	0.2768
119.1231	0.1844	0.0488	NaN	0.0419	0.2770
119.1266	0.1845	0.0488	NaN	0.0420	0.2770
119.1271	0.1844	0.0489	NaN	0.0420	0.2770
119.1318	0.1846	0.0489	NaN	0.0420	0.2771
119.1309	0.1847	0.0488	NaN	0.0419	0.2771
119.1309	0.1847	0.0488	NaN	0.0420	0.2771
119.1324	0.1847	0.0488	NaN	0.0420	0.2772
119.1323	0.1846	0.0489	NaN	0.0420	0.2772
119.1366	0.1850	0.0489	NaN	0.0420	0.2773
119.1353	0.1852	0.0489	NaN	0.0420	0.2774
119.1370	0.1855	0.0489	NaN	0.0420	0.2775
119.1374	0.1854	0.0489	NaN	0.0420	0.2775
119.1383	0.1853	0.0489	NaN	0.0420	0.2775
119.1409	0.1857	0.0489	NaN	0.0420	0.2774
119.1412	0.1861	0.0489	NaN	0.0420	0.2773
119.1407	0.1860	0.0489	NaN	0.0420	0.2773
119.1438	0.1858	0.0489	NaN	0.0420	0.2773
119.1460	0.1860	0.0489	NaN	0.0420	0.2773
119.1457	0.1873	0.0490	NaN	0.0420	0.2774
119.1485	0.1886	0.0490	NaN	0.0420	0.2774
119.1482	0.1879	0.0490	NaN	0.0420	0.2774
119.1496	0.1872	0.0490	NaN	0.0420	0.2774
119.1534	0.1883	0.0490	NaN	0.0420	0.2774
119.1515	0.1889	0.0491	NaN	0.0420	0.2775
119.1524	0.1899	0.0491	NaN	0.0420	0.2775
119.1554	0.1943	0.0492	NaN	0.0420	0.2776
119.1566	0.1960	0.0493	NaN	0.0420	0.2776
119.1565	0.1987	0.0494	NaN	0.0420	0.2776
119.1540	0.1995	0.0494	NaN	0.0420	0.2776
119.1583	0.1994	0.0495	NaN	0.0420	0.2777
119.1612	0.2006	0.0495	NaN	0.0421	0.2776
119.1594	0.2005	0.0495	NaN	0.0420	0.2775
119.1628	0.2024	0.0496	NaN	0.0420	0.2775
119.1627	0.2019	0.0495	NaN	0.0420	0.2776
119.1645	0.2022	0.0495	NaN	0.0420	0.2776
119.1650	0.2029	0.0496	NaN	0.0420	0.2775
119.1666	0.2034	0.0496	NaN	0.0421	0.2775
119.1668	0.2039	0.0496	NaN	0.0421	0.2775
119.1707	0.2027	0.0496	NaN	0.0421	0.2774
119.1690	0.2024	0.0496	NaN	0.0421	0.2774
119.1714	0.2021	0.0496	NaN	0.0421	0.2775
119.1716	0.2023	0.0496	NaN	0.0421	0.2776
119.1721	0.2032	0.0496	NaN	0.0421	0.2776
119.1751	0.2019	0.0496	NaN	0.0421	0.2776
119.1760	0.2014	0.0496	NaN	0.0421	0.2776
119.1781	0.1986	0.0495	NaN	0.0421	0.2777
119.1797	0.1985	0.0494	NaN	0.0421	0.2777
119.1783	0.1989	0.0495	NaN	0.0421	0.2777
119.1811	0.1982	0.0495	NaN	0.0421	0.2777
119.1821	0.1976	0.0494	NaN	0.0421	0.2776
119.1834	0.1949	0.0494	NaN	0.0421	0.2775
119.1844	0.1929	0.0493	NaN	0.0421	0.2773
119.1854	0.1908	0.0492	NaN	0.0421	0.2771
119.1865	0.1894	0.0492	NaN	0.0421	0.2771
119.1872	0.1895	0.0492	NaN	0.0421	0.2770
119.1899	0.1893	0.0492	NaN	0.0421	0.2770
119.1894	0.1878	0.0492	NaN	0.0422	0.2766
119.1904	0.1882	0.0492	NaN	0.0422	0.2765
119.1914	0.1882	0.0492	NaN	0.0421	0.2766
119.1914	0.1877	0.0492	NaN	0.0422	0.2767
119.1929	0.1868	0.0491	NaN	0.0422	0.2768
119.1965	0.1857	0.0491	NaN	0.0422	0.2769
119.1968	0.1857	0.0491	NaN	0.0422	0.2772
119.2009	0.1866	0.0491	NaN	0.0421	0.2771
119.1999	0.1857	0.0491	NaN	0.0422	0.2771
119.1980	0.1859	0.0491	NaN	0.0421	0.2771
119.1994	0.1856	0.0491	NaN	0.0421	0.2770
119.2015	0.1860	0.0491	NaN	0.0422	0.2768
119.2018	0.1866	0.0491	NaN	0.0422	0.2766
119.2040	0.1862	0.0491	NaN	0.0422	0.2766
119.2037	0.1859	0.0491	NaN	0.0422	0.2767
119.2056	0.1853	0.0491	NaN	0.0422	0.2766
119.2073	0.1856	0.0491	NaN	0.0422	0.2765
119.2072	0.1857	0.0491	NaN	0.0422	0.2766
119.2105	0.1859	0.0491	NaN	0.0422	0.2766
119.2115	0.1851	0.0491	NaN	0.0422	0.2766
119.2099	0.1846	0.0491	NaN	0.0422	0.2765
119.2117	0.1844	0.0491	NaN	0.0422	0.2764
119.2114	0.1846	0.0491	NaN	0.0422	0.2764
119.2154	0.1846	0.0491	NaN	0.0422	0.2764
119.2176	0.1848	0.0491	NaN	0.0422	0.2763
119.2165	0.1851	0.0492	NaN	0.0422	0.2763
119.2186	0.1855	0.0491	NaN	0.0422	0.2763
119.2188	0.1862	0.0492	NaN	0.0422	0.2763
119.2206	0.1874	0.0492	NaN	0.0423	0.2764
119.2230	0.1882	0.0493	NaN	0.0422	0.2764
119.2222	0.1880	0.0493	NaN	0.0423	0.2764
119.2236	0.1876	0.0493	NaN	0.0423	0.2764
119.2256	0.1871	0.0492	NaN	0.0423	0.2763
119.2256	0.1870	0.0492	NaN	0.0423	0.2764
119.2270	0.1874	0.0493	NaN	0.0423	0.2764
119.2276	0.1878	0.0493	NaN	0.0423	0.2764
119.2311	0.1894	0.0493	NaN	0.0423	0.2765
119.2342	0.1898	0.0494	NaN	0.0423	0.2764
119.2329	0.1904	0.0494	NaN	0.0423	0.2764
119.2339	0.1917	0.0494	NaN	0.0423	0.2765
119.2360	0.1946	0.0496	NaN	0.0423	0.2765
119.2357	0.1958	0.0496	NaN	0.0423	0.2764
119.2370	0.2002	0.0497	NaN	0.0424	0.2764
119.2369	0.2002	0.0497	NaN	0.0424	0.2764
119.2394	0.2011	0.0498	NaN	0.0424	0.2764
119.2422	0.2048	0.0499	NaN	0.0424	0.2764
119.2427	0.2063	0.0500	NaN	0.0424	0.2764
119.2427	0.2076	0.0500	NaN	0.0424	0.2764
119.2426	0.2083	0.0500	NaN	0.0424	0.2764
119.2447	0.2085	0.0500	NaN	0.0424	0.2764
119.2466	0.2093	0.0500	NaN	0.0424	0.2764
119.2470	0.2095	0.0501	NaN	0.0424	0.2765
119.2489	0.2102	0.0501	NaN	0.0424	0.2765
119.2512	0.2105	0.0502	NaN	0.0424	0.2765
119.2504	0.2108	0.0501	NaN	0.0425	0.2765
119.2524	0.2108	0.0502	NaN	0.0424	0.2766
119.2526	0.2107	0.0502	NaN	0.0424	0.2766
119.2555	0.2092	0.0501	NaN	0.0424	0.2766
119.2568	0.2093	0.0501	NaN	0.0425	0.2765
119.2580	0.2104	0.0501	NaN	0.0425	0.2765
119.2569	0.2108	0.0502	NaN	0.0424	0.2765
119.2608	0.2092	0.0501	NaN	0.0425	0.2766
119.2604	0.2091	0.0501	NaN	0.0425	0.2766
119.2626	0.2076	0.0501	NaN	0.0425	0.2767
119.2627	0.2065	0.0501	NaN	0.0425	0.2768
119.2648	0.2039	0.0500	NaN	0.0425	0.2769
119.2665	0.1989	0.0498	NaN	0.0425	0.2770
119.2677	0.1931	0.0497	NaN	0.0425	0.2772
119.2667	0.1907	0.0496	NaN	0.0425	0.2773
119.2692	0.1871	0.0495	NaN	0.0425	0.2773
119.2690	0.1863	0.0495	NaN	0.0425	0.2773
119.2713	0.1829	0.0494	NaN	0.0425	0.2774
119.2715	0.1814	0.0493	NaN	0.0426	0.2774
119.2743	0.1791	0.0493	NaN	0.0426	0.2775
119.2766	0.1779	0.0492	NaN	0.0426	0.2775
119.2744	0.1777	0.0492	NaN	0.0426	0.2774
119.2771	0.1767	0.0492	NaN	0.0426	0.2774
119.2764	0.1761	0.0491	NaN	0.0426	0.2773
119.2805	0.1748	0.0491	NaN	0.0426	0.2774
119.2811	0.1741	0.0491	NaN	0.0426	0.2774
119.2820	0.1731	0.0491	NaN	0.0426	0.2776
119.2830	0.1719	0.0491	NaN	0.0426	0.2778
119.2853	0.1705	0.0490	NaN	0.0426	0.2782
119.2844	0.1699	0.0490	NaN	0.0426	0.2782
119.2860	0.1698	0.0490	NaN	0.0426	0.2781
119.2879	0.1701	0.0490	NaN	0.0426	0.2779
119.2889	0.1689	0.0490	NaN	0.0426	0.2781
119.2904	0.1685	0.0490	NaN	0.0426	0.2780
119.2903	0.1693	0.0490	NaN	0.0427	0.2780
119.2915	0.1693	0.0490	NaN	0.0426	0.2778
119.2941	0.1687	0.0490	NaN	0.0426	0.2779
119.2948	0.1673	0.0490	NaN	0.0427	0.2781
119.2967	0.1661	0.0489	NaN	0.0427	0.2782
119.2963	0.1657	0.0489	NaN	0.0427	0.2783
119.2999	0.1654	0.0489	NaN	0.0427	0.2782
119.3000	0.1647	0.0489	NaN	0.0427	0.2782
119.3006	0.1642	0.0489	NaN	0.0427	0.2779
119.3037	0.1630	0.0488	NaN	0.0427	0.2779
119.3014	0.1627	0.0488	NaN	0.0427	0.2779
119.3028	0.1620	0.0488	NaN	0.0428	0.2781
119.3055	0.1607	0.0488	NaN	0.0428	0.2783
119.3064	0.1600	0.0488	NaN	0.0428	0.2784
119.3083	0.1595	0.0488	NaN	0.0428	0.2784
119.3086	0.1591	0.0488	NaN	0.0428	0.2784
119.3087	0.1588	0.0488	NaN	0.0428	0.2784
119.3102	0.1585	0.0488	NaN	0.0428	0.2784
119.3104	0.1587	0.0488	NaN	0.0428	0.2785
119.3126	0.1591	0.0488	NaN	0.0428	0.2785
119.3127	0.1594	0.0488	NaN	0.0428	0.2785
119.3132	0.1596	0.0488	NaN	0.0428	0.2784
119.3179	0.1594	0.0488	NaN	0.0428	0.2783
119.3180	0.1587	0.0488	NaN	0.0428	0.2783
119.3171	0.1582	0.0488	NaN	0.0428	0.2783
119.3190	0.1573	0.0487	NaN	0.0428	0.2784
119.3204	0.1562	0.0487	NaN	0.0429	0.2784
119.3212	0.1563	0.0487	NaN	0.0429	0.2783
119.3240	0.1559	0.0487	NaN	0.0429	0.2784
119.3230	0.1563	0.0487	NaN	0.0428	0.2784
119.3257	0.1547	0.0487	NaN	0.0429	0.2785
119.3265	0.1526	0.0487	NaN	0.0429	0.2785
119.3275	0.1514	0.0486	NaN	0.0429	0.2785
119.3292	0.1509	0.0486	NaN	0.0430	0.2786
119.3286	0.1511	0.0486	NaN	0.0430	0.2786
119.3296	0.1511	0.0486	NaN	0.0430	0.2786
119.3319	0.1509	0.0487	NaN	0.0430	0.2786
119.3317	0.1511	0.0487	NaN	0.0429	0.2786
119.3342	0.1509	0.0486	NaN	0.0430	0.2785
119.3346	0.1507	0.0487	NaN	0.0430	0.2785
119.3334	0.1509	0.0487	NaN	0.0430	0.2784
119.3378	0.1515	0.0487	NaN	0.0430	0.2785
119.3369	0.1521	0.0487	NaN	0.0430	0.2785
119.3378	0.1530	0.0488	NaN	0.0430	0.2786
119.3413	0.1542	0.0488	NaN	0.0430	0.2786
119.3411	0.1536	0.0488	NaN	0.0430	0.2786
119.3434	0.1543	0.0488	NaN	0.0430	0.2787
119.3429	0.1539	0.0488	NaN	0.0430	0.2785
119.3462	0.1541	0.0488	NaN	0.0430	0.2785
119.3487	0.1544	0.0489	NaN	0.0430	0.2786
119.3468	0.1543	0.0488	NaN	0.0430	0.2786
119.3467	0.1547	0.0489	NaN	0.0430	0.2786
119.3487	0.1559	0.0489	NaN	0.0431	0.2787
119.3489	0.1566	0.0490	NaN	0.0431	0.2786
119.3510	0.1572	0.0490	NaN	0.0431	0.2784
119.3510	0.1572	0.0491	NaN	0.0431	0.2787
119.3537	0.1572	0.0491	NaN	0.0431	0.2787
119.3566	0.1573	0.0491	NaN	0.0431	0.2787
119.3556	0.1574	0.0490	NaN	0.0431	0.2787
119.3577	0.1578	0.0491	NaN	0.0431	0.2787
119.3582	0.1578	0.0491	NaN	0.0431	0.2787
119.3595	0.1579	0.0491	NaN	0.0432	0.2788
119.3619	0.1578	0.0491	NaN	0.0432	0.2787
119.3612	0.1580	0.0491	NaN	0.0432	0.2787
119.3644	0.1583	0.0492	NaN	0.0432	0.2788
119.3658	0.1584	0.0492	NaN	0.0432	0.2788
119.3654	0.1585	0.0492	NaN	0.0432	0.2788
119.3666	0.1586	0.0492	NaN	0.0432	0.2789
119.3683	0.1588	0.0492	NaN	0.0433	0.2789
119.3698	0.1586	0.0492	NaN	0.0433	0.2789
119.3707	0.1586	0.0492	NaN	0.0433	0.2789
119.3712	0.1585	0.0492	NaN	0.0433	0.2788
119.3724	0.1585	0.0492	NaN	0.0432	0.2788
119.3739	0.1585	0.0492	NaN	0.0433	0.2789
119.3751	0.1584	0.0493	NaN	0.0433	0.2789
119.3760	0.1582	0.0493	NaN	0.0433	0.2788
119.3759	0.1581	0.0493	NaN	0.0433	0.2788
119.3794	0.1579	0.0492	NaN	0.0433	0.2789
119.3807	0.1579	0.0493	NaN	0.0433	0.2788
119.3786	0.1578	0.0493	NaN	0.0433	0.2789
119.3821	0.1578	0.0493	NaN	0.0434	0.2789
119.3816	0.1578	0.0493	NaN	0.0433	0.2789
119.3830	0.1579	0.0493	NaN	0.0433	0.2789
119.3856	0.1578	0.0493	NaN	0.0434	0.2789
119.3865	0.1576	0.0493	NaN	0.0434	0.2789
119.3869	0.1578	0.0493	NaN	0.0434	0.2789
119.3884	0.1581	0.0493	NaN	0.0434	0.2789
119.3899	0.1582	0.0493	NaN	0.0434	0.2789
119.3902	0.1582	0.0493	NaN	0.0434	0.2789
119.3911	0.1579	0.0494	NaN	0.0434	0.2789
119.3940	0.1576	0.0494	NaN	0.0435	0.2790
119.3970	0.1576	0.0494	NaN	0.0435	0.2790
119.3943	0.1576	0.0494	NaN	0.0435	0.2790
119.3966	0.1575	0.0494	NaN	0.0435	0.2790
119.3992	0.1573	0.0494	NaN	0.0435	0.2790
119.3991	0.1571	0.0494	NaN	0.0436	0.2790
119.4014	0.1570	0.0494	NaN	0.0436	0.2790
119.3997	0.1570	0.0494	NaN	0.0436	0.2790
119.4029	0.1572	0.0494	NaN	0.0435	0.2790
119.4082	0.1570	0.0495	NaN	0.0436	0.2790
119.4063	0.1572	0.0494	NaN	0.0435	0.2790
119.4061	0.1575	0.0494	NaN	0.0436	0.2790
119.4091	0.1574	0.0495	NaN	0.0436	0.2791
119.4106	0.1573	0.0495	NaN	0.0436	0.2791
119.4123	0.1572	0.0495	NaN	0.0436	0.2791
119.4112	0.1571	0.0495	NaN	0.0436	0.2791
119.4139	0.1571	0.0495	NaN	0.0436	0.2791
119.4156	0.1570	0.0495	NaN	0.0437	0.2791
119.4150	0.1569	0.0495	NaN	0.0437	0.2791
119.4172	0.1568	0.0496	NaN	0.0437	0.2791
119.4184	0.1569	0.0496	NaN	0.0437	0.2791
119.4191	0.1572	0.0496	NaN	0.0437	0.2791
119.4222	0.1571	0.0496	NaN	0.0437	0.2791
119.4210	0.1569	0.0496	NaN	0.0437	0.2790
119.4224	0.1568	0.0496	NaN	0.0438	0.2791
119.4244	0.1567	0.0496	NaN	0.0437	0.2790
119.4264	0.1567	0.0496	NaN	0.0438	0.2788
119.4267	0.1565	0.0496	NaN	0.0438	0.2789
119.4275	0.1566	0.0496	NaN	0.0438	0.2791
119.4281	0.1565	0.0496	NaN	0.0438	0.2791
119.4293	0.1565	0.0496	NaN	0.0438	0.2791
119.4302	0.1565	0.0496	NaN	0.0438	0.2791
119.4335	0.1566	0.0497	NaN	0.0438	0.2791
119.4342	0.1568	0.0497	NaN	0.0438	0.2791
119.4326	0.1564	0.0497	NaN	0.0438	0.2792
119.4343	0.1561	0.0497	NaN	0.0439	0.2791
119.4362	0.1561	0.0497	NaN	0.0439	0.2791
119.4366	0.1563	0.0497	NaN	0.0439	0.2791
119.4400	0.1564	0.0497	NaN	0.0439	0.2791
119.4419	0.1563	0.0498	NaN	0.0439	0.2791
119.4410	0.1562	0.0497	NaN	0.0439	0.2791
119.4410	0.1563	0.0497	NaN	0.0439	0.2791
119.4428	0.1562	0.0498	NaN	0.0439	0.2792
119.4442	0.1559	0.0498	NaN	0.0439	0.2792
119.4450	0.1559	0.0498	NaN	0.0440	0.2791
119.4480	0.1558	0.0498	NaN	0.0440	0.2791
119.4464	0.1559	0.0498	NaN	0.0440	0.2791
119.4484	0.1558	0.0498	NaN	0.0440	0.2791
119.4487	0.1559	0.0498	NaN	0.0440	0.2791
119.4498	0.1558	0.0498	NaN	0.0440	0.2791
119.4512	0.1558	0.0498	NaN	0.0440	0.2792
119.4527	0.1556	0.0498	NaN	0.0440	0.2791
119.4541	0.1556	0.0498	NaN	0.0441	0.2791
119.4565	0.1556	0.0499	NaN	0.0441	0.2789
119.4583	0.1556	0.0499	NaN	0.0441	0.2789
119.4579	0.1557	0.0499	NaN	0.0441	0.2789
119.4587	0.1557	0.0499	NaN	0.0441	0.2789
119.4592	0.1556	0.0499	NaN	0.0441	0.2787
119.4616	0.1555	0.0499	NaN	0.0442	0.2788
119.4638	0.1555	0.0499	NaN	0.0441	0.2787
119.4643	0.1556	0.0499	NaN	0.0442	0.2787
119.4655	0.1555	0.0499	NaN	0.0442	0.2787
119.4659	0.1556	0.0499	NaN	0.0442	0.2787
119.4679	0.1555	0.0500	NaN	0.0442	0.2787
119.4703	0.1555	0.0500	NaN	0.0443	0.2788
119.4694	0.1555	0.0500	NaN	0.0443	0.2789
119.4729	0.1555	0.0500	NaN	0.0443	0.2789
119.4752	0.1555	0.0501	NaN	0.0443	0.2789
119.4730	0.1556	0.0500	NaN	0.0443	0.2789
119.4733	0.1556	0.0500	NaN	0.0443	0.2789
119.4731	0.1556	0.0500	NaN	0.0443	0.2789
119.4743	0.1555	0.0500	NaN	0.0443	0.2789
119.4778	0.1554	0.0501	NaN	0.0443	0.2788
119.4795	0.1552	0.0501	NaN	0.0443	0.2788
119.4814	0.1550	0.0501	NaN	0.0444	0.2787
119.4829	0.1548	0.0501	NaN	0.0444	0.2787
119.4820	0.1548	0.0501	NaN	0.0444	0.2788
119.4853	0.1546	0.0501	NaN	0.0444	0.2788
119.4844	0.1546	0.0501	NaN	0.0444	0.2788
119.4851	0.1546	0.0501	NaN	0.0444	0.2787
119.4877	0.1545	0.0501	NaN	0.0445	0.2786
119.4878	0.1546	0.0501	NaN	0.0445	0.2786
119.4914	0.1545	0.0501	NaN	0.0445	0.2786
119.4911	0.1545	0.0502	NaN	0.0445	0.2785
119.4922	0.1545	0.0502	NaN	0.0445	0.2784
119.4945	0.1545	0.0502	NaN	0.0445	0.2784
119.4944	0.1545	0.0502	NaN	0.0445	0.2784
119.4952	0.1545	0.0502	NaN	0.0445	0.2784
119.4990	0.1546	0.0502	NaN	0.0446	0.2784
119.4984	0.1546	0.0502	NaN	0.0446	0.2784
119.4998	0.1545	0.0502	NaN	0.0446	0.2783
119.5009	0.1544	0.0503	NaN	0.0446	0.2783
119.5024	0.1544	0.0503	NaN	0.0446	0.2784
119.5026	0.1544	0.0503	NaN	0.0446	0.2784
119.5039	0.1544	0.0503	NaN	0.0446	0.2785
119.5047	0.1544	0.0503	NaN	0.0447	0.2784
119.5082	0.1543	0.0503	NaN	0.0447	0.2784
119.5064	0.1542	0.0503	NaN	0.0447	0.2784
119.5092	0.1543	0.0503	NaN	0.0447	0.2784
119.5106	0.1543	0.0503	NaN	0.0447	0.2784
119.5100	0.1543	0.0503	NaN	0.0447	0.2783
119.5116	0.1544	0.0504	NaN	0.0447	0.2784
119.5127	0.1544	0.0504	NaN	0.0447	0.2785
119.5143	0.1543	0.0504	NaN	0.0448	0.2785
119.5158	0.1542	0.0504	NaN	0.0448	0.2785
119.5152	0.1541	0.0504	NaN	0.0448	0.2785
119.5171	0.1542	0.0504	NaN	0.0448	0.2784
119.5199	0.1544	0.0504	NaN	0.0448	0.2785
119.5205	0.1546	0.0504	NaN	0.0448	0.2785
119.5241	0.1547	0.0505	NaN	0.0448	0.2786
119.5227	0.1549	0.0505	NaN	0.0449	0.2787
119.5229	0.1548	0.0505	NaN	0.0449	0.2787
119.5247	0.1548	0.0505	NaN	0.0449	0.2787
119.5270	0.1547	0.0505	NaN	0.0449	0.2786
119.5298	0.1545	0.0505	NaN	0.0449	0.2785
119.5301	0.1543	0.0505	NaN	0.0449	0.2784
119.5305	0.1544	0.0505	NaN	0.0449	0.2783
119.5331	0.1545	0.0506	NaN	0.0450	0.2783
119.5330	0.1544	0.0506	NaN	0.0450	0.2782
119.5336	0.1542	0.0506	NaN	0.0450	0.2782
119.5342	0.1540	0.0506	NaN	0.0450	0.2782
119.5354	0.1540	0.0506	NaN	0.0450	0.2782
119.5377	0.1539	0.0506	NaN	0.0450	0.2782
119.5379	0.1536	0.0506	NaN	0.0450	0.2782
119.5410	0.1534	0.0506	NaN	0.0450	0.2783
119.5411	0.1535	0.0506	NaN	0.0450	0.2783
119.5411	0.1537	0.0506	NaN	0.0450	0.2783
119.5429	0.1536	0.0506	NaN	0.0450	0.2784
119.5442	0.1537	0.0506	NaN	0.0451	0.2783
119.5482	0.1538	0.0507	NaN	0.0451	0.2785
119.5472	0.1541	0.0507	NaN	0.0451	0.2785
119.5472	0.1542	0.0507	NaN	0.0451	0.2786
119.5495	0.1542	0.0507	NaN	0.0451	0.2786
119.5491	0.1541	0.0507	NaN	0.0451	0.2787
119.5511	0.1539	0.0507	NaN	0.0451	0.2785
119.5516	0.1536	0.0507	NaN	0.0452	0.2785
119.5521	0.1536	0.0508	NaN	0.0452	0.2784
119.5551	0.1536	0.0508	NaN	0.0452	0.2784
119.5576	0.1537	0.0508	NaN	0.0452	0.2784
119.5565	0.1537	0.0508	NaN	0.0453	0.2784
119.5599	0.1536	0.0509	NaN	0.0453	0.2784
119.5578	0.1536	0.0509	NaN	0.0453	0.2784
119.5597	0.1537	0.0509	NaN	0.0453	0.2785
119.5602	0.1533	0.0509	NaN	0.0453	0.2784
119.5597	0.1532	0.0508	NaN	0.0453	0.2785
119.5638	0.1531	0.0509	NaN	0.0453	0.2784
119.5656	0.1532	0.0509	NaN	0.0454	0.2784
119.5646	0.1532	0.0509	NaN	0.0453	0.2784
119.5651	0.1533	0.0509	NaN	0.0453	0.2784
119.5657	0.1533	0.0509	NaN	0.0453	0.2784
119.5679	0.1533	0.0509	NaN	0.0454	0.2784
119.5687	0.1533	0.0510	NaN	0.0454	0.2784
119.5713	0.1532	0.0510	NaN	0.0454	0.2784
119.5720	0.1531	0.0510	NaN	0.0454	0.2784
119.5746	0.1530	0.0510	NaN	0.0455	0.2785
119.5751	0.1531	0.0510	NaN	0.0455	0.2786
119.5781	0.1534	0.0510	NaN	0.0455	0.2787
119.5758	0.1535	0.0511	NaN	0.0455	0.2787
119.5793	0.1533	0.0511	NaN	0.0455	0.2788
119.5836	0.1527	0.0511	NaN	0.0456	0.2788
119.5821	0.1526	0.0511	NaN	0.0456	0.2787
119.5819	0.1524	0.0511	NaN	0.0456	0.2788
119.5822	0.1523	0.0511	NaN	0.0456	0.2788
119.5860	0.1524	0.0511	NaN	0.0456	0.2787
119.5860	0.1525	0.0511	NaN	0.0456	0.2787
119.5867	0.1528	0.0511	NaN	0.0456	0.2789
119.5871	0.1530	0.0511	NaN	0.0456	0.2790
119.5900	0.1532	0.0511	NaN	0.0456	0.2789
119.5901	0.1530	0.0512	NaN	0.0456	0.2789
119.5918	0.1531	0.0512	NaN	0.0456	0.2790
119.5928	0.1533	0.0512	NaN	0.0456	0.2791
119.5955	0.1534	0.0512	NaN	0.0456	0.2794
119.5971	0.1534	0.0512	NaN	0.0457	0.2797
119.5977	0.1532	0.0512	NaN	0.0457	0.2794
119.5994	0.1530	0.0512	NaN	0.0457	0.2794
119.6010	0.1531	0.0513	NaN	0.0457	0.2796
119.5991	0.1532	0.0513	NaN	0.0457	0.2792
119.6014	0.1531	0.0513	NaN	0.0457	0.2798
119.6024	0.1530	0.0513	NaN	0.0457	0.2799
119.6049	0.1528	0.0513	NaN	0.0457	0.2800
119.6064	0.1528	0.0513	NaN	0.0458	0.2801
119.6055	0.1528	0.0513	NaN	0.0458	0.2801
119.6078	0.1529	0.0513	NaN	0.0458	0.2800
119.6086	0.1528	0.0513	NaN	0.0458	0.2800
119.6108	0.1528	0.0514	NaN	0.0458	0.2801
119.6115	0.1528	0.0514	NaN	0.0459	0.2801
119.6121	0.1528	0.0514	NaN	0.0458	0.2801
119.6139	0.1528	0.0514	NaN	0.0459	0.2800
119.6148	0.1526	0.0514	NaN	0.0459	0.2801
119.6169	0.1525	0.0514	NaN	0.0459	0.2802
119.6177	0.1525	0.0515	NaN	0.0460	0.2802
119.6164	0.1527	0.0515	NaN	0.0459	0.2803
119.6175	0.1528	0.0515	NaN	0.0460	0.2803
119.6216	0.1528	0.0516	NaN	0.0460	0.2804
119.6193	0.1527	0.0515	NaN	0.0460	0.2803
119.6196	0.1526	0.0516	NaN	0.0460	0.2803
119.6219	0.1527	0.0516	NaN	0.0460	0.2804
119.6226	0.1528	0.0515	NaN	0.0460	0.2803
119.6239	0.1527	0.0515	NaN	0.0460	0.2803
119.6254	0.1527	0.0515	NaN	0.0460	0.2802
119.6276	0.1529	0.0515	NaN	0.0460	0.2801
119.6288	0.1528	0.0515	NaN	0.0460	0.2795
119.6271	0.1526	0.0516	NaN	0.0461	0.2801
119.6313	0.1526	0.0516	NaN	0.0461	0.2802
119.6317	0.1529	0.0516	NaN	0.0460	0.2803
119.6338	0.1533	0.0516	NaN	0.0460	0.2803
119.6338	0.1533	0.0516	NaN	0.0460	0.2803
119.6350	0.1532	0.0516	NaN	0.0460	0.2803
119.6388	0.1530	0.0516	NaN	0.0461	0.2800
119.6405	0.1530	0.0516	NaN	0.0461	0.2798
119.6397	0.1529	0.0516	NaN	0.0461	0.2801
119.6411	0.1527	0.0516	NaN	0.0461	0.2802
119.6405	0.1526	0.0516	NaN	0.0461	0.2802
119.6430	0.1525	0.0517	NaN	0.0462	0.2803
119.6444	0.1524	0.0517	NaN	0.0462	0.2803
119.6447	0.1523	0.0517	NaN	0.0462	0.2803
119.6476	0.1523	0.0517	NaN	0.0462	0.2804
119.6489	0.1524	0.0517	NaN	0.0462	0.2804
119.6486	0.1524	0.0517	NaN	0.0462	0.2805
119.6515	0.1524	0.0517	NaN	0.0463	0.2802
119.6506	0.1524	0.0517	NaN	0.0462	0.2800
119.6530	0.1524	0.0518	NaN	0.0462	0.2805
119.6556	0.1523	0.0518	NaN	0.0463	0.2805
119.6550	0.1524	0.0518	NaN	0.0462	0.2804
119.6560	0.1524	0.0518	NaN	0.0463	0.2805
119.6574	0.1526	0.0518	NaN	0.0463	0.2805
119.6577	0.1528	0.0518	NaN	0.0463	0.2804
119.6596	0.1529	0.0519	NaN	0.0463	0.2804
119.6600	0.1528	0.0519	NaN	0.0464	0.2805
119.6611	0.1528	0.0519	NaN	0.0464	0.2805
119.6644	0.1528	0.0519	NaN	0.0464	0.2806
119.6641	0.1528	0.0519	NaN	0.0464	0.2804
119.6642	0.1527	0.0519	NaN	0.0464	0.2805
119.6642	0.1526	0.0519	NaN	0.0464	0.2805
119.6670	0.1525	0.0520	NaN	0.0465	0.2806
119.6688	0.1526	0.0520	NaN	0.0465	0.2806
119.6681	0.1526	0.0520	NaN	0.0465	0.2806
119.6701	0.1528	0.0520	NaN	0.0465	0.2806
119.6717	0.1532	0.0521	NaN	0.0465	0.2806
119.6717	0.1529	0.0520	NaN	0.0465	0.2806
119.6746	0.1523	0.0521	NaN	0.0466	0.2806
119.6741	0.1522	0.0521	NaN	0.0466	0.2806
119.6748	0.1519	0.0521	NaN	0.0466	0.2806
119.6759	0.1523	0.0521	NaN	0.0466	0.2807
119.6758	0.1522	0.0521	NaN	0.0467	0.2806
119.6776	0.1521	0.0522	NaN	0.0467	0.2806
119.6808	0.1520	0.0522	NaN	0.0467	0.2804
119.6805	0.1521	0.0522	NaN	0.0467	0.2806
119.6825	0.1521	0.0522	NaN	0.0468	0.2806
119.6826	0.1520	0.0523	NaN	0.0468	0.2806
119.6822	0.1519	0.0523	NaN	0.0468	0.2806
119.6858	0.1518	0.0523	NaN	0.0468	0.2806
119.6866	0.1517	0.0523	NaN	0.0469	0.2806
119.6883	0.1514	0.0523	NaN	0.0469	0.2804
119.6866	0.1514	0.0523	NaN	0.0468	0.2806
119.6889	0.1518	0.0523	NaN	0.0468	0.2807
119.6895	0.1518	0.0522	NaN	0.0468	0.2807
119.6903	0.1517	0.0523	NaN	0.0468	0.2807
119.6913	0.1517	0.0523	NaN	0.0468	0.2805
119.6938	0.1518	0.0523	NaN	0.0468	0.2805
119.6928	0.1518	0.0524	NaN	0.0468	0.2804
119.6969	0.1518	0.0524	NaN	0.0469	0.2803
119.6953	0.1520	0.0524	NaN	0.0469	0.2804
119.6978	0.1519	0.0524	NaN	0.0469	0.2802
119.6993	0.1524	0.0525	NaN	0.0470	0.2802
119.7006	0.1524	0.0525	NaN	0.0470	0.2803
119.7015	0.1525	0.0525	NaN	0.0470	0.2804
119.7038	0.1523	0.0526	NaN	0.0470	0.2804
119.7045	0.1521	0.0526	NaN	0.0471	0.2804
119.7080	0.1518	0.0526	NaN	0.0471	0.2805
119.7083	0.1521	0.0526	NaN	0.0471	0.2805
119.7084	0.1522	0.0526	NaN	0.0472	0.2804
119.7104	0.1520	0.0527	NaN	0.0472	0.2804
119.7099	0.1516	0.0527	NaN	0.0472	0.2802
119.7110	0.1517	0.0527	NaN	0.0472	0.2800
119.7114	0.1516	0.0527	NaN	0.0472	0.2799
119.7146	0.1514	0.0527	NaN	0.0472	0.2798
119.7167	0.1518	0.0527	NaN	0.0472	0.2798
119.7175	0.1518	0.0527	NaN	0.0472	0.2798
119.7190	0.1518	0.0527	NaN	0.0472	0.2798
119.7213	0.1516	0.0527	NaN	0.0473	0.2797
119.7210	0.1517	0.0527	NaN	0.0472	0.2798
119.7209	0.1517	0.0527	NaN	0.0472	0.2799
119.7222	0.1518	0.0527	NaN	0.0472	0.2799
119.7252	0.1520	0.0527	NaN	0.0472	0.2798
119.7271	0.1520	0.0527	NaN	0.0472	0.2798
119.7273	0.1519	0.0527	NaN	0.0472	0.2797
119.7293	0.1518	0.0527	NaN	0.0472	0.2796
119.7290	0.1518	0.0527	NaN	0.0473	0.2795
119.7290	0.1518	0.0528	NaN	0.0473	0.2795
119.7316	0.1519	0.0528	NaN	0.0473	0.2795
119.7308	0.1520	0.0528	NaN	0.0473	0.2795
119.7305	0.1520	0.0528	NaN	0.0473	0.2794
119.7349	0.1519	0.0528	NaN	0.0473	0.2794
119.7356	0.1518	0.0528	NaN	0.0473	0.2794
119.7360	0.1519	0.0529	NaN	0.0474	0.2794
119.7390	0.1520	0.0529	NaN	0.0474	0.2794
119.7396	0.1520	0.0529	NaN	0.0474	0.2794
119.7409	0.1521	0.0529	NaN	0.0474	0.2794
119.7409	0.1521	0.0529	NaN	0.0475	0.2794
119.7433	0.1521	0.0530	NaN	0.0475	0.2794
119.7441	0.1520	0.0530	NaN	0.0475	0.2794
119.7453	0.1521	0.0530	NaN	0.0475	0.2795
119.7460	0.1522	0.0530	NaN	0.0475	0.2794
119.7467	0.1518	0.0530	NaN	0.0475	0.2794
119.7466	0.1516	0.0530	NaN	0.0475	0.2794
119.7495	0.1515	0.0531	NaN	0.0476	0.2794
119.7476	0.1517	0.0531	NaN	0.0476	0.2794
119.7520	0.1518	0.0531	NaN	0.0476	0.2795
119.7542	0.1517	0.0532	NaN	0.0477	0.2795
119.7528	0.1515	0.0531	NaN	0.0477	0.2794
119.7537	0.1512	0.0532	NaN	0.0477	0.2795
119.7555	0.1512	0.0532	NaN	0.0477	0.2795
119.7585	0.1511	0.0532	NaN	0.0477	0.2796
119.7595	0.1511	0.0532	NaN	0.0478	0.2795
119.7590	0.1511	0.0532	NaN	0.0478	0.2795
119.7585	0.1511	0.0532	NaN	0.0477	0.2796
119.7618	0.1510	0.0532	NaN	0.0477	0.2796
119.7613	0.1512	0.0532	NaN	0.0478	0.2796
119.7640	0.1515	0.0533	NaN	0.0478	0.2795
119.7647	0.1518	0.0533	NaN	0.0478	0.2795
119.7657	0.1517	0.0533	NaN	0.0478	0.2795
119.7671	0.1514	0.0533	NaN	0.0478	0.2795
119.7681	0.1512	0.0533	NaN	0.0478	0.2795
119.7685	0.1512	0.0533	NaN	0.0478	0.2796
119.7685	0.1511	0.0533	NaN	0.0479	0.2796
119.7713	0.1508	0.0533	NaN	0.0479	0.2796
119.7742	0.1510	0.0533	NaN	0.0479	0.2797
119.7728	0.1511	0.0533	NaN	0.0479	0.2797
119.7739	0.1511	0.0534	NaN	0.0479	0.2797
119.7773	0.1511	0.0534	NaN	0.0479	0.2797
119.7762	0.1511	0.0534	NaN	0.0479	0.2797
119.7788	0.1512	0.0534	NaN	0.0479	0.2797
119.7784	0.1513	0.0534	NaN	0.0479	0.2797
119.7818	0.1512	0.0534	NaN	0.0479	0.2796
119.7825	0.1512	0.0534	NaN	0.0480	0.2798
119.7817	0.1513	0.0535	NaN	0.0480	0.2798
119.7854	0.1510	0.0535	NaN	0.0480	0.2799
119.7878	0.1506	0.0535	NaN	0.0481	0.2799
119.7906	0.1505	0.0536	NaN	0.0481	0.2799
119.7912	0.1506	0.0536	NaN	0.0481	0.2799
119.7889	0.1510	0.0536	NaN	0.0481	0.2798
119.7918	0.1510	0.0536	NaN	0.0481	0.2798
119.7935	0.1511	0.0536	NaN	0.0482	0.2797
119.7932	0.1512	0.0536	NaN	0.0482	0.2798
119.7942	0.1513	0.0536	NaN	0.0482	0.2800
119.7956	0.1512	0.0536	NaN	0.0482	0.2799
119.7962	0.1513	0.0536	NaN	0.0482	0.2799
119.7975	0.1514	0.0536	NaN	0.0482	0.2799
119.7985	0.1516	0.0536	NaN	0.0481	0.2799
119.7993	0.1515	0.0536	NaN	0.0481	0.2800
119.8028	0.1515	0.0536	NaN	0.0482	0.2801
119.8042	0.1515	0.0537	NaN	0.0482	0.2800
119.8044	0.1510	0.0537	NaN	0.0482	0.2799
119.8051	0.1510	0.0537	NaN	0.0482	0.2799
119.8081	0.1510	0.0537	NaN	0.0483	0.2800
119.8072	0.1510	0.0538	NaN	0.0483	0.2801
119.8088	0.1511	0.0538	NaN	0.0483	0.2802
119.8115	0.1512	0.0538	NaN	0.0484	0.2804
119.8121	0.1511	0.0539	NaN	0.0484	0.2804
119.8122	0.1512	0.0538	NaN	0.0484	0.2804
119.8147	0.1512	0.0539	NaN	0.0484	0.2805
119.8149	0.1512	0.0539	NaN	0.0484	0.2805
119.8170	0.1514	0.0539	NaN	0.0484	0.2804
119.8173	0.1514	0.0539	NaN	0.0484	0.2804
119.8173	0.1513	0.0539	NaN	0.0484	0.2807
119.8208	0.1512	0.0539	NaN	0.0485	0.2806
119.8216	0.1513	0.0540	NaN	0.0485	0.2804
119.8212	0.1512	0.0540	NaN	0.0485	0.2804
119.8243	0.1511	0.0540	NaN	0.0485	0.2805
119.8210	0.1508	0.0540	NaN	0.0485	0.2805
119.8236	0.1500	0.0540	NaN	0.0485	0.2805
119.8263	0.1499	0.0540	NaN	0.0486	0.2805
119.8264	0.1501	0.0540	NaN	0.0485	0.2806
119.8299	0.1505	0.0540	NaN	0.0486	0.2807
119.8274	0.1508	0.0540	NaN	0.0486	0.2807
119.8306	0.1507	0.0540	NaN	0.0486	0.2806
119.8328	0.1512	0.0541	NaN	0.0486	0.2807
119.8331	0.1513	0.0541	NaN	0.0486	0.2807
119.8342	0.1512	0.0541	NaN	0.0486	0.2807
