# 21092021_15_30_28_group11_Mes11_Temp56_1Peak.dat
# Measuring of the Zeemann splitting 
# modus: scanning laser current/frequency via I/P MOD
# 
x(A/Hz/V/nm) yai0(V) yai1(V) yai2(V) yai3(V) yai4(V)
117.5136	0.1385	0.0536	NaN	0.0485	0.2654
117.5154	0.1380	0.0538	NaN	0.0488	0.2652
117.5165	0.1361	0.0540	NaN	0.0490	0.2656
117.5171	0.1355	0.0541	NaN	0.0491	0.2660
117.5160	0.1352	0.0542	NaN	0.0493	0.2661
117.5190	0.1355	0.0542	NaN	0.0493	0.2663
117.5207	0.1356	0.0543	NaN	0.0493	0.2665
117.5212	0.1356	0.0543	NaN	0.0494	0.2664
117.5235	0.1360	0.0543	NaN	0.0494	0.2664
117.5256	0.1356	0.0544	NaN	0.0494	0.2663
117.5260	0.1350	0.0544	NaN	0.0495	0.2662
117.5276	0.1354	0.0544	NaN	0.0495	0.2663
117.5284	0.1359	0.0544	NaN	0.0495	0.2663
117.5308	0.1354	0.0544	NaN	0.0495	0.2664
117.5314	0.1353	0.0544	NaN	0.0495	0.2664
117.5319	0.1353	0.0545	NaN	0.0495	0.2664
117.5352	0.1352	0.0545	NaN	0.0496	0.2664
117.5328	0.1353	0.0545	NaN	0.0496	0.2664
117.5351	0.1354	0.0545	NaN	0.0496	0.2664
117.5389	0.1356	0.0545	NaN	0.0496	0.2664
117.5373	0.1355	0.0545	NaN	0.0495	0.2664
117.5383	0.1352	0.0545	NaN	0.0496	0.2664
117.5436	0.1350	0.0545	NaN	0.0496	0.2664
117.5448	0.1351	0.0545	NaN	0.0496	0.2663
117.5450	0.1350	0.0545	NaN	0.0496	0.2663
117.5435	0.1351	0.0545	NaN	0.0496	0.2661
117.5473	0.1352	0.0545	NaN	0.0496	0.2662
117.5492	0.1346	0.0545	NaN	0.0496	0.2662
117.5489	0.1348	0.0545	NaN	0.0496	0.2661
117.5513	0.1351	0.0545	NaN	0.0496	0.2662
117.5502	0.1350	0.0545	NaN	0.0496	0.2663
117.5515	0.1352	0.0545	NaN	0.0496	0.2663
117.5527	0.1352	0.0545	NaN	0.0496	0.2664
117.5538	0.1352	0.0545	NaN	0.0496	0.2664
117.5549	0.1352	0.0545	NaN	0.0496	0.2664
117.5579	0.1357	0.0545	NaN	0.0496	0.2662
117.5582	0.1356	0.0545	NaN	0.0496	0.2661
117.5600	0.1352	0.0545	NaN	0.0496	0.2659
117.5588	0.1350	0.0545	NaN	0.0496	0.2657
117.5617	0.1347	0.0545	NaN	0.0496	0.2657
117.5626	0.1350	0.0545	NaN	0.0496	0.2657
117.5625	0.1350	0.0546	NaN	0.0496	0.2657
117.5654	0.1348	0.0545	NaN	0.0496	0.2657
117.5657	0.1348	0.0545	NaN	0.0496	0.2657
117.5662	0.1351	0.0545	NaN	0.0496	0.2658
117.5680	0.1350	0.0545	NaN	0.0496	0.2659
117.5681	0.1350	0.0545	NaN	0.0496	0.2664
117.5723	0.1356	0.0545	NaN	0.0496	0.2665
117.5724	0.1351	0.0546	NaN	0.0496	0.2665
117.5745	0.1347	0.0545	NaN	0.0496	0.2664
117.5752	0.1352	0.0545	NaN	0.0496	0.2664
117.5733	0.1355	0.0545	NaN	0.0496	0.2664
117.5758	0.1354	0.0545	NaN	0.0496	0.2662
117.5781	0.1350	0.0545	NaN	0.0496	0.2661
117.5785	0.1353	0.0545	NaN	0.0496	0.2662
117.5792	0.1351	0.0546	NaN	0.0496	0.2663
117.5816	0.1349	0.0545	NaN	0.0496	0.2664
117.5828	0.1351	0.0545	NaN	0.0496	0.2663
117.5843	0.1353	0.0545	NaN	0.0496	0.2660
117.5838	0.1355	0.0545	NaN	0.0496	0.2658
117.5871	0.1356	0.0546	NaN	0.0496	0.2656
117.5871	0.1354	0.0545	NaN	0.0496	0.2654
117.5884	0.1352	0.0545	NaN	0.0496	0.2654
117.5888	0.1353	0.0546	NaN	0.0496	0.2655
117.5918	0.1351	0.0545	NaN	0.0496	0.2656
117.5926	0.1349	0.0545	NaN	0.0496	0.2656
117.5959	0.1353	0.0546	NaN	0.0496	0.2655
117.5934	0.1355	0.0545	NaN	0.0496	0.2654
117.5985	0.1356	0.0546	NaN	0.0496	0.2654
117.5988	0.1356	0.0545	NaN	0.0496	0.2655
117.5989	0.1355	0.0545	NaN	0.0496	0.2656
117.6029	0.1356	0.0546	NaN	0.0496	0.2655
117.6014	0.1355	0.0545	NaN	0.0496	0.2654
117.6016	0.1358	0.0545	NaN	0.0496	0.2654
117.6035	0.1356	0.0545	NaN	0.0496	0.2654
117.6032	0.1353	0.0545	NaN	0.0496	0.2654
117.6053	0.1348	0.0545	NaN	0.0496	0.2655
117.6062	0.1353	0.0545	NaN	0.0496	0.2655
117.6060	0.1354	0.0545	NaN	0.0496	0.2655
117.6089	0.1355	0.0545	NaN	0.0496	0.2654
117.6074	0.1355	0.0545	NaN	0.0496	0.2655
117.6100	0.1353	0.0545	NaN	0.0496	0.2653
117.6122	0.1354	0.0545	NaN	0.0496	0.2653
117.6122	0.1359	0.0545	NaN	0.0495	0.2653
117.6145	0.1353	0.0545	NaN	0.0496	0.2653
117.6157	0.1356	0.0545	NaN	0.0496	0.2653
117.6175	0.1359	0.0545	NaN	0.0496	0.2654
117.6190	0.1360	0.0545	NaN	0.0496	0.2655
117.6205	0.1362	0.0545	NaN	0.0496	0.2654
117.6207	0.1362	0.0545	NaN	0.0495	0.2654
117.6207	0.1363	0.0545	NaN	0.0495	0.2654
117.6208	0.1357	0.0545	NaN	0.0496	0.2654
117.6231	0.1357	0.0545	NaN	0.0496	0.2654
117.6253	0.1360	0.0545	NaN	0.0496	0.2654
117.6254	0.1355	0.0545	NaN	0.0496	0.2654
117.6289	0.1353	0.0545	NaN	0.0496	0.2654
117.6283	0.1354	0.0545	NaN	0.0496	0.2654
117.6295	0.1355	0.0545	NaN	0.0496	0.2654
117.6313	0.1353	0.0545	NaN	0.0496	0.2654
117.6310	0.1352	0.0545	NaN	0.0496	0.2654
117.6342	0.1354	0.0545	NaN	0.0496	0.2654
117.6345	0.1360	0.0545	NaN	0.0495	0.2655
117.6334	0.1368	0.0545	NaN	0.0495	0.2655
117.6372	0.1366	0.0545	NaN	0.0495	0.2656
117.6376	0.1372	0.0545	NaN	0.0495	0.2656
117.6400	0.1361	0.0545	NaN	0.0495	0.2658
117.6400	0.1354	0.0545	NaN	0.0495	0.2659
117.6401	0.1357	0.0545	NaN	0.0495	0.2660
117.6417	0.1361	0.0545	NaN	0.0495	0.2659
117.6440	0.1358	0.0545	NaN	0.0496	0.2658
117.6458	0.1358	0.0545	NaN	0.0495	0.2659
117.6480	0.1358	0.0545	NaN	0.0495	0.2660
117.6458	0.1363	0.0545	NaN	0.0495	0.2661
117.6482	0.1364	0.0545	NaN	0.0495	0.2662
117.6488	0.1364	0.0544	NaN	0.0495	0.2663
117.6489	0.1369	0.0545	NaN	0.0495	0.2660
117.6536	0.1359	0.0545	NaN	0.0495	0.2660
117.6529	0.1363	0.0545	NaN	0.0495	0.2660
117.6550	0.1356	0.0545	NaN	0.0495	0.2660
117.6573	0.1359	0.0545	NaN	0.0495	0.2663
117.6570	0.1370	0.0545	NaN	0.0495	0.2665
117.6590	0.1363	0.0545	NaN	0.0495	0.2664
117.6573	0.1363	0.0544	NaN	0.0495	0.2666
117.6587	0.1366	0.0545	NaN	0.0495	0.2667
117.6598	0.1365	0.0545	NaN	0.0495	0.2667
117.6604	0.1363	0.0545	NaN	0.0495	0.2667
117.6620	0.1363	0.0545	NaN	0.0495	0.2667
117.6639	0.1363	0.0545	NaN	0.0495	0.2668
117.6644	0.1360	0.0545	NaN	0.0495	0.2668
117.6666	0.1356	0.0544	NaN	0.0495	0.2669
117.6643	0.1356	0.0545	NaN	0.0495	0.2668
117.6677	0.1355	0.0544	NaN	0.0495	0.2668
117.6687	0.1355	0.0545	NaN	0.0495	0.2669
117.6691	0.1358	0.0545	NaN	0.0495	0.2670
117.6720	0.1361	0.0545	NaN	0.0495	0.2672
117.6751	0.1360	0.0545	NaN	0.0495	0.2672
117.6735	0.1355	0.0545	NaN	0.0495	0.2672
117.6749	0.1355	0.0544	NaN	0.0495	0.2673
117.6741	0.1359	0.0544	NaN	0.0495	0.2673
117.6790	0.1365	0.0545	NaN	0.0495	0.2674
117.6791	0.1365	0.0544	NaN	0.0495	0.2673
117.6789	0.1364	0.0544	NaN	0.0495	0.2673
117.6815	0.1364	0.0544	NaN	0.0495	0.2672
117.6830	0.1364	0.0544	NaN	0.0495	0.2672
117.6822	0.1363	0.0544	NaN	0.0495	0.2671
117.6835	0.1362	0.0544	NaN	0.0495	0.2670
117.6862	0.1358	0.0544	NaN	0.0495	0.2669
117.6881	0.1354	0.0544	NaN	0.0495	0.2668
117.6885	0.1355	0.0544	NaN	0.0495	0.2666
117.6892	0.1357	0.0544	NaN	0.0495	0.2665
117.6903	0.1360	0.0544	NaN	0.0495	0.2666
117.6900	0.1365	0.0544	NaN	0.0494	0.2668
117.6940	0.1366	0.0544	NaN	0.0494	0.2668
117.6966	0.1365	0.0544	NaN	0.0495	0.2668
117.6955	0.1363	0.0544	NaN	0.0495	0.2668
117.6977	0.1363	0.0544	NaN	0.0494	0.2668
117.6987	0.1364	0.0544	NaN	0.0495	0.2669
117.6974	0.1360	0.0544	NaN	0.0495	0.2670
117.6991	0.1358	0.0544	NaN	0.0495	0.2671
117.6996	0.1360	0.0544	NaN	0.0494	0.2671
117.7026	0.1365	0.0544	NaN	0.0494	0.2672
117.7039	0.1365	0.0544	NaN	0.0494	0.2672
117.7040	0.1362	0.0544	NaN	0.0494	0.2672
117.7045	0.1359	0.0544	NaN	0.0495	0.2672
117.7078	0.1357	0.0544	NaN	0.0494	0.2672
117.7077	0.1357	0.0544	NaN	0.0494	0.2672
117.7105	0.1357	0.0544	NaN	0.0494	0.2672
117.7092	0.1359	0.0544	NaN	0.0494	0.2672
117.7104	0.1363	0.0544	NaN	0.0494	0.2671
117.7154	0.1365	0.0544	NaN	0.0494	0.2671
117.7132	0.1360	0.0544	NaN	0.0494	0.2672
117.7152	0.1362	0.0544	NaN	0.0494	0.2673
117.7143	0.1367	0.0544	NaN	0.0494	0.2673
117.7171	0.1367	0.0544	NaN	0.0494	0.2674
117.7184	0.1367	0.0544	NaN	0.0494	0.2673
117.7177	0.1368	0.0544	NaN	0.0494	0.2673
117.7211	0.1365	0.0543	NaN	0.0494	0.2673
117.7220	0.1364	0.0543	NaN	0.0494	0.2673
117.7235	0.1363	0.0543	NaN	0.0494	0.2672
117.7255	0.1367	0.0543	NaN	0.0494	0.2670
117.7238	0.1367	0.0543	NaN	0.0494	0.2670
117.7266	0.1365	0.0543	NaN	0.0494	0.2671
117.7283	0.1365	0.0543	NaN	0.0494	0.2671
117.7274	0.1365	0.0543	NaN	0.0493	0.2672
117.7309	0.1371	0.0543	NaN	0.0493	0.2673
117.7314	0.1371	0.0543	NaN	0.0493	0.2673
117.7324	0.1371	0.0543	NaN	0.0493	0.2673
117.7346	0.1378	0.0543	NaN	0.0493	0.2673
117.7341	0.1359	0.0543	NaN	0.0493	0.2673
117.7373	0.1356	0.0543	NaN	0.0493	0.2673
117.7379	0.1350	0.0543	NaN	0.0494	0.2673
117.7393	0.1353	0.0543	NaN	0.0493	0.2673
117.7399	0.1354	0.0543	NaN	0.0494	0.2674
117.7416	0.1356	0.0543	NaN	0.0493	0.2675
117.7400	0.1352	0.0543	NaN	0.0494	0.2675
117.7445	0.1358	0.0543	NaN	0.0493	0.2675
117.7423	0.1360	0.0543	NaN	0.0493	0.2675
117.7453	0.1370	0.0543	NaN	0.0493	0.2676
117.7458	0.1368	0.0543	NaN	0.0493	0.2676
117.7484	0.1366	0.0543	NaN	0.0493	0.2676
117.7484	0.1361	0.0543	NaN	0.0493	0.2677
117.7471	0.1360	0.0543	NaN	0.0493	0.2677
117.7479	0.1362	0.0543	NaN	0.0493	0.2677
117.7506	0.1362	0.0543	NaN	0.0493	0.2677
117.7528	0.1363	0.0543	NaN	0.0493	0.2677
117.7558	0.1371	0.0543	NaN	0.0493	0.2676
117.7582	0.1371	0.0543	NaN	0.0493	0.2675
117.7567	0.1364	0.0542	NaN	0.0493	0.2676
117.7562	0.1368	0.0542	NaN	0.0493	0.2675
117.7574	0.1368	0.0542	NaN	0.0493	0.2675
117.7596	0.1370	0.0543	NaN	0.0493	0.2674
117.7605	0.1369	0.0543	NaN	0.0493	0.2671
117.7604	0.1369	0.0543	NaN	0.0493	0.2670
117.7617	0.1367	0.0542	NaN	0.0493	0.2669
117.7643	0.1367	0.0542	NaN	0.0493	0.2668
117.7646	0.1369	0.0542	NaN	0.0492	0.2666
117.7669	0.1373	0.0542	NaN	0.0492	0.2665
117.7670	0.1379	0.0542	NaN	0.0492	0.2664
117.7683	0.1377	0.0542	NaN	0.0492	0.2664
117.7701	0.1374	0.0542	NaN	0.0492	0.2664
117.7703	0.1373	0.0542	NaN	0.0492	0.2664
117.7721	0.1377	0.0542	NaN	0.0492	0.2664
117.7720	0.1376	0.0542	NaN	0.0492	0.2664
117.7748	0.1373	0.0542	NaN	0.0492	0.2665
117.7748	0.1372	0.0542	NaN	0.0492	0.2666
117.7750	0.1373	0.0542	NaN	0.0492	0.2666
117.7782	0.1376	0.0542	NaN	0.0492	0.2667
117.7796	0.1375	0.0542	NaN	0.0492	0.2668
117.7800	0.1377	0.0541	NaN	0.0492	0.2667
117.7828	0.1378	0.0542	NaN	0.0491	0.2666
117.7808	0.1377	0.0541	NaN	0.0491	0.2665
117.7829	0.1380	0.0541	NaN	0.0491	0.2668
117.7848	0.1382	0.0541	NaN	0.0491	0.2670
117.7857	0.1379	0.0542	NaN	0.0492	0.2672
117.7881	0.1374	0.0542	NaN	0.0492	0.2669
117.7902	0.1374	0.0541	NaN	0.0492	0.2669
117.7894	0.1375	0.0541	NaN	0.0492	0.2671
117.7921	0.1376	0.0541	NaN	0.0492	0.2673
117.7908	0.1373	0.0542	NaN	0.0492	0.2673
117.7936	0.1370	0.0541	NaN	0.0492	0.2674
117.7953	0.1373	0.0541	NaN	0.0492	0.2675
117.7951	0.1385	0.0541	NaN	0.0491	0.2677
117.7973	0.1380	0.0541	NaN	0.0491	0.2679
117.7992	0.1373	0.0541	NaN	0.0491	0.2679
117.7999	0.1373	0.0541	NaN	0.0491	0.2679
117.8014	0.1374	0.0541	NaN	0.0491	0.2680
117.8017	0.1384	0.0541	NaN	0.0491	0.2681
117.8021	0.1377	0.0541	NaN	0.0491	0.2681
117.8058	0.1384	0.0541	NaN	0.0491	0.2682
117.8052	0.1376	0.0541	NaN	0.0491	0.2682
117.8079	0.1386	0.0541	NaN	0.0491	0.2682
117.8104	0.1391	0.0541	NaN	0.0491	0.2682
117.8082	0.1380	0.0541	NaN	0.0491	0.2681
117.8095	0.1374	0.0541	NaN	0.0491	0.2682
117.8109	0.1380	0.0541	NaN	0.0491	0.2682
117.8111	0.1386	0.0541	NaN	0.0491	0.2681
117.8145	0.1381	0.0540	NaN	0.0490	0.2680
117.8150	0.1374	0.0540	NaN	0.0490	0.2680
117.8153	0.1382	0.0540	NaN	0.0490	0.2679
117.8185	0.1388	0.0540	NaN	0.0490	0.2678
117.8173	0.1388	0.0540	NaN	0.0490	0.2678
117.8199	0.1375	0.0540	NaN	0.0490	0.2678
117.8204	0.1378	0.0540	NaN	0.0490	0.2677
117.8214	0.1386	0.0540	NaN	0.0490	0.2677
117.8233	0.1389	0.0540	NaN	0.0490	0.2676
117.8234	0.1382	0.0540	NaN	0.0490	0.2677
117.8276	0.1382	0.0540	NaN	0.0490	0.2676
117.8265	0.1378	0.0540	NaN	0.0490	0.2675
117.8281	0.1378	0.0540	NaN	0.0490	0.2674
117.8302	0.1378	0.0540	NaN	0.0490	0.2673
117.8287	0.1372	0.0540	NaN	0.0490	0.2672
117.8329	0.1371	0.0540	NaN	0.0490	0.2671
117.8329	0.1375	0.0540	NaN	0.0491	0.2671
117.8333	0.1369	0.0540	NaN	0.0490	0.2671
117.8350	0.1367	0.0540	NaN	0.0490	0.2670
117.8360	0.1375	0.0540	NaN	0.0490	0.2672
117.8372	0.1382	0.0540	NaN	0.0490	0.2675
117.8378	0.1383	0.0540	NaN	0.0490	0.2676
117.8386	0.1380	0.0540	NaN	0.0490	0.2676
117.8413	0.1375	0.0540	NaN	0.0490	0.2676
117.8401	0.1380	0.0540	NaN	0.0489	0.2673
117.8408	0.1384	0.0539	NaN	0.0489	0.2672
117.8430	0.1380	0.0539	NaN	0.0489	0.2671
117.8444	0.1379	0.0539	NaN	0.0489	0.2671
117.8460	0.1382	0.0539	NaN	0.0489	0.2672
117.8478	0.1388	0.0539	NaN	0.0489	0.2671
117.8480	0.1384	0.0539	NaN	0.0489	0.2672
117.8516	0.1375	0.0539	NaN	0.0489	0.2672
117.8511	0.1373	0.0539	NaN	0.0489	0.2674
117.8540	0.1366	0.0539	NaN	0.0489	0.2674
117.8558	0.1379	0.0539	NaN	0.0489	0.2673
117.8554	0.1389	0.0539	NaN	0.0488	0.2673
117.8570	0.1393	0.0539	NaN	0.0488	0.2672
117.8554	0.1385	0.0539	NaN	0.0488	0.2671
117.8580	0.1385	0.0539	NaN	0.0488	0.2671
117.8596	0.1386	0.0538	NaN	0.0488	0.2671
117.8597	0.1378	0.0538	NaN	0.0488	0.2671
117.8624	0.1380	0.0538	NaN	0.0488	0.2670
117.8641	0.1386	0.0538	NaN	0.0488	0.2671
117.8631	0.1391	0.0538	NaN	0.0488	0.2671
117.8664	0.1387	0.0538	NaN	0.0488	0.2671
117.8661	0.1386	0.0538	NaN	0.0488	0.2671
117.8665	0.1383	0.0538	NaN	0.0488	0.2671
117.8681	0.1384	0.0538	NaN	0.0488	0.2672
117.8687	0.1393	0.0538	NaN	0.0487	0.2673
117.8696	0.1389	0.0538	NaN	0.0488	0.2675
117.8732	0.1391	0.0538	NaN	0.0487	0.2677
117.8716	0.1393	0.0538	NaN	0.0487	0.2677
117.8752	0.1385	0.0538	NaN	0.0488	0.2678
117.8738	0.1385	0.0538	NaN	0.0488	0.2679
117.8767	0.1386	0.0538	NaN	0.0488	0.2679
117.8768	0.1391	0.0538	NaN	0.0488	0.2681
117.8781	0.1393	0.0538	NaN	0.0487	0.2680
117.8810	0.1396	0.0538	NaN	0.0487	0.2680
117.8800	0.1397	0.0538	NaN	0.0487	0.2680
117.8817	0.1389	0.0538	NaN	0.0487	0.2679
117.8841	0.1389	0.0538	NaN	0.0487	0.2679
117.8844	0.1391	0.0538	NaN	0.0487	0.2677
117.8859	0.1391	0.0538	NaN	0.0487	0.2676
117.8899	0.1407	0.0538	NaN	0.0487	0.2678
117.8886	0.1410	0.0538	NaN	0.0487	0.2681
117.8891	0.1399	0.0537	NaN	0.0487	0.2682
117.8902	0.1389	0.0537	NaN	0.0487	0.2682
117.8920	0.1390	0.0537	NaN	0.0487	0.2681
117.8936	0.1394	0.0537	NaN	0.0487	0.2679
117.8938	0.1400	0.0537	NaN	0.0487	0.2679
117.8958	0.1403	0.0537	NaN	0.0487	0.2678
117.8972	0.1401	0.0537	NaN	0.0486	0.2679
117.8965	0.1401	0.0537	NaN	0.0486	0.2679
117.8977	0.1399	0.0537	NaN	0.0486	0.2679
117.8980	0.1401	0.0537	NaN	0.0486	0.2679
117.8996	0.1394	0.0537	NaN	0.0486	0.2680
117.9019	0.1394	0.0537	NaN	0.0486	0.2681
117.9014	0.1406	0.0537	NaN	0.0486	0.2682
117.9044	0.1402	0.0537	NaN	0.0486	0.2682
117.9062	0.1392	0.0536	NaN	0.0486	0.2682
117.9061	0.1387	0.0537	NaN	0.0486	0.2680
117.9066	0.1389	0.0536	NaN	0.0486	0.2681
117.9078	0.1391	0.0537	NaN	0.0486	0.2681
117.9105	0.1394	0.0537	NaN	0.0486	0.2682
117.9115	0.1396	0.0537	NaN	0.0486	0.2682
117.9115	0.1392	0.0537	NaN	0.0486	0.2681
117.9120	0.1392	0.0536	NaN	0.0486	0.2681
117.9132	0.1394	0.0536	NaN	0.0486	0.2681
117.9146	0.1399	0.0536	NaN	0.0485	0.2682
117.9158	0.1404	0.0536	NaN	0.0485	0.2682
117.9170	0.1407	0.0536	NaN	0.0485	0.2682
117.9180	0.1406	0.0536	NaN	0.0485	0.2681
117.9206	0.1403	0.0535	NaN	0.0485	0.2682
117.9210	0.1402	0.0536	NaN	0.0485	0.2681
117.9231	0.1400	0.0536	NaN	0.0485	0.2681
117.9221	0.1402	0.0535	NaN	0.0484	0.2681
117.9256	0.1404	0.0535	NaN	0.0484	0.2683
117.9258	0.1405	0.0535	NaN	0.0484	0.2684
117.9256	0.1405	0.0535	NaN	0.0484	0.2685
117.9292	0.1407	0.0535	NaN	0.0484	0.2685
117.9298	0.1408	0.0535	NaN	0.0484	0.2685
117.9295	0.1405	0.0535	NaN	0.0484	0.2685
117.9332	0.1408	0.0535	NaN	0.0484	0.2687
117.9328	0.1409	0.0535	NaN	0.0484	0.2687
117.9351	0.1409	0.0535	NaN	0.0484	0.2688
117.9370	0.1412	0.0535	NaN	0.0484	0.2688
117.9361	0.1408	0.0535	NaN	0.0484	0.2689
117.9376	0.1405	0.0535	NaN	0.0484	0.2687
117.9389	0.1409	0.0535	NaN	0.0484	0.2685
117.9396	0.1413	0.0535	NaN	0.0484	0.2683
117.9416	0.1413	0.0534	NaN	0.0483	0.2684
117.9429	0.1412	0.0534	NaN	0.0483	0.2685
117.9443	0.1411	0.0534	NaN	0.0483	0.2687
117.9461	0.1410	0.0534	NaN	0.0483	0.2687
117.9464	0.1410	0.0534	NaN	0.0483	0.2687
117.9489	0.1411	0.0534	NaN	0.0482	0.2688
117.9490	0.1411	0.0534	NaN	0.0483	0.2688
117.9505	0.1412	0.0534	NaN	0.0483	0.2688
117.9523	0.1415	0.0534	NaN	0.0482	0.2686
117.9513	0.1414	0.0534	NaN	0.0483	0.2685
117.9549	0.1413	0.0533	NaN	0.0482	0.2683
117.9573	0.1414	0.0533	NaN	0.0482	0.2683
117.9546	0.1412	0.0533	NaN	0.0482	0.2683
117.9597	0.1411	0.0534	NaN	0.0482	0.2684
117.9579	0.1409	0.0533	NaN	0.0482	0.2685
117.9598	0.1410	0.0533	NaN	0.0482	0.2686
117.9613	0.1412	0.0533	NaN	0.0482	0.2687
117.9613	0.1414	0.0533	NaN	0.0482	0.2690
117.9643	0.1415	0.0533	NaN	0.0481	0.2692
117.9645	0.1419	0.0533	NaN	0.0482	0.2693
117.9656	0.1419	0.0533	NaN	0.0481	0.2693
117.9673	0.1422	0.0533	NaN	0.0481	0.2693
117.9679	0.1420	0.0533	NaN	0.0481	0.2693
117.9689	0.1420	0.0532	NaN	0.0481	0.2693
117.9704	0.1423	0.0533	NaN	0.0481	0.2693
117.9711	0.1424	0.0532	NaN	0.0481	0.2693
117.9740	0.1425	0.0532	NaN	0.0481	0.2693
117.9719	0.1421	0.0532	NaN	0.0481	0.2693
117.9739	0.1415	0.0532	NaN	0.0481	0.2693
117.9744	0.1415	0.0532	NaN	0.0480	0.2693
117.9743	0.1418	0.0532	NaN	0.0481	0.2694
117.9768	0.1421	0.0532	NaN	0.0481	0.2693
117.9804	0.1425	0.0532	NaN	0.0480	0.2693
117.9797	0.1428	0.0531	NaN	0.0480	0.2693
117.9812	0.1427	0.0531	NaN	0.0479	0.2694
117.9800	0.1427	0.0531	NaN	0.0479	0.2694
117.9835	0.1425	0.0531	NaN	0.0480	0.2694
117.9861	0.1426	0.0531	NaN	0.0480	0.2694
117.9860	0.1429	0.0531	NaN	0.0479	0.2694
117.9859	0.1426	0.0531	NaN	0.0480	0.2694
117.9877	0.1424	0.0531	NaN	0.0480	0.2694
117.9889	0.1422	0.0531	NaN	0.0480	0.2693
117.9911	0.1419	0.0531	NaN	0.0480	0.2693
117.9924	0.1420	0.0531	NaN	0.0479	0.2692
117.9913	0.1423	0.0531	NaN	0.0479	0.2691
117.9943	0.1426	0.0531	NaN	0.0479	0.2690
117.9944	0.1429	0.0531	NaN	0.0479	0.2688
117.9968	0.1427	0.0530	NaN	0.0479	0.2688
117.9973	0.1429	0.0531	NaN	0.0479	0.2688
117.9989	0.1429	0.0531	NaN	0.0479	0.2689
118.0005	0.1431	0.0531	NaN	0.0479	0.2692
118.0008	0.1429	0.0531	NaN	0.0479	0.2693
118.0023	0.1426	0.0531	NaN	0.0479	0.2694
118.0031	0.1428	0.0530	NaN	0.0479	0.2694
118.0045	0.1424	0.0530	NaN	0.0479	0.2694
118.0061	0.1425	0.0530	NaN	0.0479	0.2693
118.0063	0.1424	0.0530	NaN	0.0479	0.2693
118.0056	0.1423	0.0530	NaN	0.0479	0.2692
118.0077	0.1421	0.0530	NaN	0.0479	0.2692
118.0090	0.1421	0.0530	NaN	0.0479	0.2692
118.0102	0.1424	0.0530	NaN	0.0479	0.2692
118.0119	0.1429	0.0530	NaN	0.0478	0.2693
118.0130	0.1427	0.0529	NaN	0.0478	0.2691
118.0136	0.1430	0.0529	NaN	0.0478	0.2691
118.0133	0.1435	0.0529	NaN	0.0478	0.2688
118.0194	0.1435	0.0530	NaN	0.0477	0.2687
118.0187	0.1434	0.0529	NaN	0.0477	0.2686
118.0174	0.1430	0.0530	NaN	0.0478	0.2686
118.0198	0.1424	0.0529	NaN	0.0478	0.2686
118.0209	0.1423	0.0529	NaN	0.0478	0.2687
118.0231	0.1429	0.0529	NaN	0.0477	0.2685
118.0232	0.1429	0.0529	NaN	0.0477	0.2684
118.0231	0.1430	0.0529	NaN	0.0477	0.2683
118.0262	0.1435	0.0529	NaN	0.0477	0.2683
118.0283	0.1437	0.0528	NaN	0.0476	0.2684
118.0278	0.1435	0.0528	NaN	0.0477	0.2684
118.0301	0.1440	0.0528	NaN	0.0476	0.2681
118.0290	0.1439	0.0528	NaN	0.0476	0.2681
118.0314	0.1442	0.0528	NaN	0.0476	0.2681
118.0334	0.1440	0.0528	NaN	0.0476	0.2681
118.0339	0.1443	0.0528	NaN	0.0476	0.2682
118.0351	0.1436	0.0527	NaN	0.0476	0.2682
118.0374	0.1429	0.0527	NaN	0.0475	0.2683
118.0368	0.1428	0.0527	NaN	0.0476	0.2683
118.0382	0.1439	0.0527	NaN	0.0475	0.2685
118.0397	0.1447	0.0527	NaN	0.0475	0.2687
118.0417	0.1448	0.0527	NaN	0.0474	0.2686
118.0431	0.1447	0.0527	NaN	0.0474	0.2686
118.0433	0.1439	0.0527	NaN	0.0475	0.2687
118.0455	0.1454	0.0527	NaN	0.0474	0.2686
118.0457	0.1456	0.0527	NaN	0.0474	0.2684
118.0453	0.1452	0.0527	NaN	0.0474	0.2683
118.0479	0.1447	0.0527	NaN	0.0474	0.2682
118.0476	0.1449	0.0527	NaN	0.0475	0.2683
118.0507	0.1443	0.0527	NaN	0.0475	0.2683
118.0520	0.1445	0.0527	NaN	0.0475	0.2683
118.0529	0.1446	0.0526	NaN	0.0474	0.2683
118.0542	0.1444	0.0527	NaN	0.0474	0.2683
118.0527	0.1440	0.0526	NaN	0.0474	0.2683
118.0547	0.1442	0.0526	NaN	0.0474	0.2682
118.0581	0.1438	0.0526	NaN	0.0474	0.2689
118.0577	0.1440	0.0526	NaN	0.0474	0.2685
118.0589	0.1446	0.0526	NaN	0.0474	0.2684
118.0633	0.1458	0.0526	NaN	0.0473	0.2683
118.0617	0.1452	0.0526	NaN	0.0473	0.2685
118.0621	0.1451	0.0525	NaN	0.0473	0.2686
118.0616	0.1449	0.0525	NaN	0.0473	0.2684
118.0649	0.1451	0.0525	NaN	0.0473	0.2685
118.0661	0.1450	0.0525	NaN	0.0473	0.2684
118.0656	0.1446	0.0525	NaN	0.0473	0.2684
118.0683	0.1444	0.0525	NaN	0.0473	0.2685
118.0702	0.1451	0.0525	NaN	0.0472	0.2686
118.0711	0.1449	0.0525	NaN	0.0472	0.2684
118.0709	0.1447	0.0524	NaN	0.0472	0.2683
118.0726	0.1448	0.0524	NaN	0.0472	0.2683
118.0737	0.1449	0.0524	NaN	0.0472	0.2684
118.0759	0.1452	0.0524	NaN	0.0472	0.2684
118.0751	0.1454	0.0524	NaN	0.0471	0.2684
118.0761	0.1454	0.0524	NaN	0.0472	0.2686
118.0770	0.1457	0.0524	NaN	0.0472	0.2686
118.0795	0.1462	0.0524	NaN	0.0471	0.2686
118.0812	0.1464	0.0524	NaN	0.0471	0.2687
118.0807	0.1466	0.0524	NaN	0.0471	0.2689
118.0825	0.1469	0.0524	NaN	0.0471	0.2690
118.0859	0.1466	0.0524	NaN	0.0471	0.2690
118.0837	0.1457	0.0524	NaN	0.0471	0.2689
118.0869	0.1453	0.0524	NaN	0.0471	0.2690
118.0862	0.1452	0.0524	NaN	0.0471	0.2691
118.0891	0.1451	0.0523	NaN	0.0471	0.2695
118.0888	0.1456	0.0523	NaN	0.0471	0.2697
118.0888	0.1458	0.0523	NaN	0.0471	0.2699
118.0918	0.1449	0.0523	NaN	0.0470	0.2699
118.0929	0.1448	0.0523	NaN	0.0470	0.2700
118.0936	0.1453	0.0523	NaN	0.0471	0.2699
118.0969	0.1456	0.0523	NaN	0.0470	0.2699
118.0950	0.1461	0.0523	NaN	0.0470	0.2700
118.0973	0.1461	0.0523	NaN	0.0470	0.2700
118.0983	0.1464	0.0522	NaN	0.0469	0.2700
118.0993	0.1465	0.0522	NaN	0.0469	0.2700
118.0993	0.1469	0.0522	NaN	0.0469	0.2701
118.1008	0.1475	0.0522	NaN	0.0469	0.2700
118.1012	0.1476	0.0522	NaN	0.0469	0.2700
118.1050	0.1475	0.0522	NaN	0.0469	0.2701
118.1036	0.1472	0.0522	NaN	0.0469	0.2700
118.1055	0.1466	0.0522	NaN	0.0469	0.2699
118.1082	0.1467	0.0521	NaN	0.0468	0.2698
118.1098	0.1461	0.0521	NaN	0.0468	0.2697
118.1117	0.1465	0.0522	NaN	0.0468	0.2697
118.1108	0.1471	0.0522	NaN	0.0468	0.2697
118.1134	0.1469	0.0521	NaN	0.0468	0.2696
118.1161	0.1471	0.0521	NaN	0.0467	0.2697
118.1152	0.1472	0.0521	NaN	0.0467	0.2697
118.1160	0.1465	0.0521	NaN	0.0468	0.2697
118.1165	0.1462	0.0521	NaN	0.0468	0.2696
118.1188	0.1462	0.0521	NaN	0.0468	0.2695
118.1206	0.1464	0.0520	NaN	0.0468	0.2695
118.1196	0.1466	0.0520	NaN	0.0467	0.2695
118.1221	0.1471	0.0520	NaN	0.0467	0.2694
118.1228	0.1469	0.0519	NaN	0.0466	0.2693
118.1241	0.1470	0.0520	NaN	0.0466	0.2692
118.1253	0.1471	0.0520	NaN	0.0466	0.2692
118.1289	0.1480	0.0519	NaN	0.0466	0.2693
118.1285	0.1471	0.0520	NaN	0.0466	0.2694
118.1320	0.1469	0.0520	NaN	0.0466	0.2693
118.1297	0.1468	0.0519	NaN	0.0466	0.2692
118.1323	0.1462	0.0519	NaN	0.0466	0.2691
118.1332	0.1456	0.0519	NaN	0.0467	0.2690
118.1335	0.1453	0.0519	NaN	0.0466	0.2689
118.1362	0.1467	0.0519	NaN	0.0466	0.2688
118.1368	0.1464	0.0518	NaN	0.0465	0.2688
118.1373	0.1465	0.0518	NaN	0.0465	0.2688
118.1403	0.1471	0.0517	NaN	0.0464	0.2688
118.1391	0.1477	0.0517	NaN	0.0464	0.2688
118.1433	0.1469	0.0517	NaN	0.0464	0.2688
118.1437	0.1465	0.0517	NaN	0.0464	0.2688
118.1437	0.1475	0.0517	NaN	0.0464	0.2688
118.1487	0.1479	0.0517	NaN	0.0463	0.2688
118.1468	0.1477	0.0517	NaN	0.0463	0.2688
118.1490	0.1478	0.0517	NaN	0.0463	0.2688
118.1505	0.1476	0.0517	NaN	0.0464	0.2688
118.1491	0.1475	0.0517	NaN	0.0464	0.2688
118.1522	0.1475	0.0517	NaN	0.0464	0.2688
118.1533	0.1478	0.0517	NaN	0.0463	0.2688
118.1528	0.1479	0.0517	NaN	0.0463	0.2689
118.1556	0.1479	0.0517	NaN	0.0463	0.2688
118.1564	0.1486	0.0517	NaN	0.0463	0.2688
118.1565	0.1488	0.0517	NaN	0.0463	0.2689
118.1600	0.1481	0.0516	NaN	0.0463	0.2689
118.1604	0.1489	0.0516	NaN	0.0462	0.2690
118.1614	0.1485	0.0516	NaN	0.0462	0.2691
118.1601	0.1481	0.0516	NaN	0.0462	0.2691
118.1628	0.1485	0.0516	NaN	0.0462	0.2691
118.1634	0.1485	0.0516	NaN	0.0462	0.2691
118.1662	0.1485	0.0515	NaN	0.0462	0.2691
118.1657	0.1486	0.0515	NaN	0.0461	0.2692
118.1688	0.1488	0.0515	NaN	0.0461	0.2692
118.1705	0.1491	0.0515	NaN	0.0461	0.2692
118.1722	0.1491	0.0514	NaN	0.0461	0.2692
118.1717	0.1489	0.0514	NaN	0.0460	0.2691
118.1730	0.1489	0.0514	NaN	0.0460	0.2691
118.1767	0.1489	0.0514	NaN	0.0460	0.2691
118.1757	0.1487	0.0514	NaN	0.0461	0.2692
118.1789	0.1488	0.0514	NaN	0.0460	0.2694
118.1812	0.1489	0.0514	NaN	0.0460	0.2694
118.1801	0.1488	0.0514	NaN	0.0460	0.2694
118.1831	0.1485	0.0513	NaN	0.0460	0.2694
118.1823	0.1481	0.0513	NaN	0.0459	0.2693
118.1839	0.1481	0.0513	NaN	0.0459	0.2694
118.1863	0.1485	0.0512	NaN	0.0459	0.2695
118.1869	0.1483	0.0512	NaN	0.0458	0.2697
118.1881	0.1469	0.0511	NaN	0.0458	0.2698
118.1856	0.1473	0.0512	NaN	0.0458	0.2697
118.1887	0.1462	0.0512	NaN	0.0459	0.2697
118.1896	0.1472	0.0512	NaN	0.0459	0.2697
118.1904	0.1487	0.0512	NaN	0.0458	0.2696
118.1934	0.1492	0.0511	NaN	0.0457	0.2696
118.1928	0.1500	0.0511	NaN	0.0457	0.2696
118.1921	0.1499	0.0511	NaN	0.0457	0.2696
118.1964	0.1496	0.0511	NaN	0.0457	0.2696
118.1973	0.1489	0.0511	NaN	0.0457	0.2696
118.1996	0.1491	0.0511	NaN	0.0458	0.2696
118.2021	0.1490	0.0511	NaN	0.0457	0.2696
118.2025	0.1487	0.0511	NaN	0.0458	0.2693
118.2042	0.1481	0.0511	NaN	0.0457	0.2694
118.2063	0.1481	0.0510	NaN	0.0457	0.2694
118.2069	0.1494	0.0510	NaN	0.0456	0.2694
118.2077	0.1491	0.0510	NaN	0.0456	0.2694
118.2086	0.1489	0.0510	NaN	0.0456	0.2694
118.2108	0.1486	0.0510	NaN	0.0456	0.2695
118.2122	0.1485	0.0510	NaN	0.0456	0.2695
118.2113	0.1486	0.0510	NaN	0.0456	0.2694
118.2113	0.1490	0.0510	NaN	0.0456	0.2696
118.2140	0.1493	0.0510	NaN	0.0456	0.2696
118.2144	0.1496	0.0510	NaN	0.0455	0.2696
118.2155	0.1498	0.0509	NaN	0.0455	0.2697
118.2160	0.1496	0.0509	NaN	0.0455	0.2695
118.2188	0.1494	0.0509	NaN	0.0455	0.2696
118.2206	0.1492	0.0509	NaN	0.0455	0.2696
118.2196	0.1490	0.0509	NaN	0.0455	0.2696
118.2222	0.1492	0.0508	NaN	0.0454	0.2695
118.2234	0.1495	0.0508	NaN	0.0454	0.2696
118.2255	0.1500	0.0508	NaN	0.0454	0.2697
118.2260	0.1504	0.0508	NaN	0.0453	0.2696
118.2262	0.1505	0.0508	NaN	0.0454	0.2694
118.2281	0.1505	0.0508	NaN	0.0453	0.2693
118.2302	0.1504	0.0508	NaN	0.0453	0.2693
118.2299	0.1504	0.0508	NaN	0.0453	0.2693
118.2317	0.1506	0.0508	NaN	0.0453	0.2696
118.2324	0.1505	0.0507	NaN	0.0453	0.2696
118.2339	0.1506	0.0507	NaN	0.0453	0.2694
118.2370	0.1505	0.0507	NaN	0.0452	0.2694
118.2363	0.1503	0.0506	NaN	0.0452	0.2693
118.2360	0.1502	0.0506	NaN	0.0452	0.2695
118.2394	0.1503	0.0506	NaN	0.0452	0.2697
118.2394	0.1505	0.0506	NaN	0.0451	0.2699
118.2415	0.1506	0.0506	NaN	0.0451	0.2697
118.2401	0.1505	0.0506	NaN	0.0451	0.2696
118.2435	0.1506	0.0505	NaN	0.0451	0.2698
118.2435	0.1507	0.0505	NaN	0.0450	0.2698
118.2441	0.1510	0.0505	NaN	0.0450	0.2698
118.2460	0.1511	0.0505	NaN	0.0450	0.2701
118.2468	0.1512	0.0505	NaN	0.0450	0.2703
118.2506	0.1518	0.0505	NaN	0.0450	0.2704
118.2517	0.1525	0.0505	NaN	0.0449	0.2704
118.2521	0.1521	0.0505	NaN	0.0449	0.2704
118.2516	0.1515	0.0504	NaN	0.0449	0.2702
118.2540	0.1516	0.0504	NaN	0.0449	0.2702
118.2558	0.1518	0.0504	NaN	0.0449	0.2702
118.2572	0.1516	0.0505	NaN	0.0449	0.2702
118.2562	0.1513	0.0504	NaN	0.0450	0.2702
118.2581	0.1510	0.0504	NaN	0.0449	0.2703
118.2597	0.1511	0.0504	NaN	0.0449	0.2703
118.2609	0.1512	0.0504	NaN	0.0449	0.2703
118.2612	0.1512	0.0504	NaN	0.0449	0.2702
118.2628	0.1513	0.0504	NaN	0.0449	0.2701
118.2629	0.1512	0.0504	NaN	0.0448	0.2701
118.2644	0.1513	0.0503	NaN	0.0448	0.2700
118.2638	0.1514	0.0503	NaN	0.0448	0.2699
118.2667	0.1516	0.0503	NaN	0.0448	0.2700
118.2682	0.1517	0.0503	NaN	0.0447	0.2700
118.2688	0.1519	0.0503	NaN	0.0447	0.2701
118.2712	0.1519	0.0502	NaN	0.0447	0.2701
118.2736	0.1519	0.0503	NaN	0.0447	0.2700
118.2759	0.1519	0.0502	NaN	0.0447	0.2700
118.2748	0.1518	0.0502	NaN	0.0447	0.2699
118.2746	0.1518	0.0502	NaN	0.0447	0.2699
118.2782	0.1520	0.0502	NaN	0.0446	0.2699
118.2808	0.1522	0.0502	NaN	0.0446	0.2699
118.2807	0.1520	0.0502	NaN	0.0446	0.2698
118.2810	0.1520	0.0502	NaN	0.0446	0.2697
118.2820	0.1521	0.0502	NaN	0.0446	0.2696
118.2836	0.1524	0.0502	NaN	0.0446	0.2696
118.2849	0.1528	0.0501	NaN	0.0445	0.2696
118.2839	0.1527	0.0501	NaN	0.0445	0.2696
118.2875	0.1525	0.0501	NaN	0.0445	0.2696
118.2900	0.1519	0.0501	NaN	0.0445	0.2697
118.2876	0.1522	0.0501	NaN	0.0445	0.2697
118.2894	0.1520	0.0501	NaN	0.0445	0.2701
118.2908	0.1520	0.0500	NaN	0.0445	0.2703
118.2922	0.1525	0.0500	NaN	0.0444	0.2698
118.2931	0.1528	0.0500	NaN	0.0444	0.2697
118.2931	0.1531	0.0500	NaN	0.0444	0.2696
118.2957	0.1534	0.0500	NaN	0.0443	0.2696
118.2964	0.1534	0.0500	NaN	0.0443	0.2696
118.2983	0.1533	0.0500	NaN	0.0443	0.2697
118.2992	0.1532	0.0500	NaN	0.0443	0.2697
118.3012	0.1531	0.0500	NaN	0.0443	0.2696
118.3018	0.1535	0.0500	NaN	0.0443	0.2697
118.3023	0.1531	0.0499	NaN	0.0443	0.2698
118.3025	0.1529	0.0499	NaN	0.0442	0.2697
118.3059	0.1524	0.0498	NaN	0.0442	0.2697
118.3023	0.1521	0.0499	NaN	0.0442	0.2700
118.3046	0.1523	0.0499	NaN	0.0442	0.2699
118.3091	0.1528	0.0499	NaN	0.0442	0.2698
118.3068	0.1527	0.0498	NaN	0.0442	0.2698
118.3098	0.1530	0.0498	NaN	0.0441	0.2697
118.3116	0.1533	0.0498	NaN	0.0441	0.2698
118.3113	0.1532	0.0498	NaN	0.0441	0.2703
118.3125	0.1532	0.0497	NaN	0.0440	0.2705
118.3129	0.1532	0.0497	NaN	0.0440	0.2707
118.3167	0.1531	0.0497	NaN	0.0440	0.2709
118.3170	0.1531	0.0497	NaN	0.0440	0.2710
118.3167	0.1527	0.0497	NaN	0.0441	0.2710
118.3173	0.1526	0.0497	NaN	0.0440	0.2709
118.3211	0.1528	0.0497	NaN	0.0440	0.2709
118.3224	0.1532	0.0497	NaN	0.0440	0.2710
118.3235	0.1537	0.0496	NaN	0.0439	0.2709
118.3230	0.1539	0.0496	NaN	0.0439	0.2708
118.3247	0.1540	0.0496	NaN	0.0438	0.2706
118.3276	0.1539	0.0496	NaN	0.0438	0.2707
118.3277	0.1539	0.0495	NaN	0.0438	0.2706
118.3302	0.1541	0.0495	NaN	0.0438	0.2707
118.3282	0.1541	0.0495	NaN	0.0438	0.2709
118.3315	0.1542	0.0495	NaN	0.0438	0.2710
118.3339	0.1539	0.0495	NaN	0.0437	0.2711
118.3327	0.1541	0.0495	NaN	0.0437	0.2708
118.3348	0.1543	0.0495	NaN	0.0437	0.2704
118.3360	0.1541	0.0494	NaN	0.0437	0.2702
118.3356	0.1540	0.0494	NaN	0.0437	0.2700
118.3380	0.1540	0.0494	NaN	0.0436	0.2701
118.3379	0.1538	0.0494	NaN	0.0436	0.2700
118.3401	0.1536	0.0494	NaN	0.0436	0.2700
118.3419	0.1535	0.0494	NaN	0.0437	0.2700
118.3429	0.1538	0.0494	NaN	0.0437	0.2700
118.3467	0.1545	0.0494	NaN	0.0436	0.2701
118.3474	0.1549	0.0494	NaN	0.0436	0.2700
118.3458	0.1542	0.0493	NaN	0.0436	0.2701
118.3483	0.1539	0.0493	NaN	0.0435	0.2701
118.3476	0.1541	0.0492	NaN	0.0435	0.2703
118.3504	0.1541	0.0493	NaN	0.0434	0.2706
118.3521	0.1540	0.0492	NaN	0.0435	0.2707
118.3531	0.1544	0.0492	NaN	0.0434	0.2706
118.3534	0.1548	0.0492	NaN	0.0434	0.2705
118.3550	0.1548	0.0492	NaN	0.0434	0.2704
118.3550	0.1545	0.0492	NaN	0.0434	0.2704
118.3570	0.1549	0.0491	NaN	0.0433	0.2704
118.3582	0.1545	0.0491	NaN	0.0433	0.2704
118.3582	0.1532	0.0491	NaN	0.0433	0.2704
118.3601	0.1532	0.0491	NaN	0.0433	0.2703
118.3605	0.1535	0.0491	NaN	0.0433	0.2704
118.3638	0.1528	0.0491	NaN	0.0433	0.2704
118.3635	0.1528	0.0491	NaN	0.0433	0.2706
118.3644	0.1526	0.0491	NaN	0.0433	0.2708
118.3671	0.1521	0.0490	NaN	0.0432	0.2711
118.3662	0.1526	0.0490	NaN	0.0432	0.2714
118.3665	0.1530	0.0489	NaN	0.0432	0.2716
118.3699	0.1532	0.0490	NaN	0.0432	0.2716
118.3707	0.1535	0.0490	NaN	0.0432	0.2717
118.3711	0.1546	0.0490	NaN	0.0432	0.2717
118.3719	0.1544	0.0489	NaN	0.0431	0.2717
118.3751	0.1547	0.0489	NaN	0.0431	0.2717
118.3756	0.1555	0.0489	NaN	0.0430	0.2717
118.3756	0.1560	0.0489	NaN	0.0430	0.2717
118.3795	0.1564	0.0489	NaN	0.0430	0.2717
118.3799	0.1566	0.0489	NaN	0.0430	0.2717
118.3794	0.1566	0.0489	NaN	0.0429	0.2717
118.3810	0.1570	0.0488	NaN	0.0429	0.2717
118.3796	0.1569	0.0488	NaN	0.0429	0.2716
118.3820	0.1564	0.0488	NaN	0.0429	0.2716
118.3843	0.1559	0.0487	NaN	0.0429	0.2717
118.3864	0.1556	0.0487	NaN	0.0428	0.2717
118.3880	0.1557	0.0486	NaN	0.0428	0.2717
118.3859	0.1556	0.0486	NaN	0.0428	0.2715
118.3879	0.1552	0.0486	NaN	0.0428	0.2714
118.3909	0.1554	0.0486	NaN	0.0428	0.2715
118.3895	0.1554	0.0486	NaN	0.0428	0.2717
118.3928	0.1555	0.0485	NaN	0.0427	0.2717
118.3936	0.1555	0.0485	NaN	0.0426	0.2716
118.3949	0.1554	0.0485	NaN	0.0426	0.2716
118.3983	0.1554	0.0484	NaN	0.0426	0.2716
118.3971	0.1554	0.0484	NaN	0.0426	0.2715
118.3974	0.1552	0.0484	NaN	0.0426	0.2714
118.3991	0.1557	0.0484	NaN	0.0426	0.2714
118.4014	0.1560	0.0484	NaN	0.0425	0.2716
118.4023	0.1562	0.0484	NaN	0.0425	0.2716
118.4031	0.1566	0.0483	NaN	0.0424	0.2715
118.4041	0.1565	0.0483	NaN	0.0424	0.2715
118.4039	0.1566	0.0483	NaN	0.0424	0.2715
118.4045	0.1567	0.0483	NaN	0.0424	0.2715
118.4076	0.1567	0.0483	NaN	0.0424	0.2717
118.4087	0.1566	0.0483	NaN	0.0424	0.2717
118.4104	0.1566	0.0483	NaN	0.0424	0.2718
118.4104	0.1566	0.0483	NaN	0.0424	0.2719
118.4105	0.1566	0.0483	NaN	0.0424	0.2720
118.4126	0.1567	0.0482	NaN	0.0423	0.2720
118.4149	0.1569	0.0482	NaN	0.0423	0.2719
118.4138	0.1569	0.0482	NaN	0.0423	0.2718
118.4154	0.1568	0.0482	NaN	0.0423	0.2718
118.4180	0.1568	0.0482	NaN	0.0423	0.2718
118.4185	0.1568	0.0482	NaN	0.0423	0.2718
118.4205	0.1568	0.0482	NaN	0.0423	0.2719
118.4218	0.1567	0.0482	NaN	0.0423	0.2719
118.4229	0.1568	0.0482	NaN	0.0423	0.2720
118.4248	0.1568	0.0482	NaN	0.0422	0.2720
118.4244	0.1569	0.0482	NaN	0.0422	0.2719
118.4247	0.1570	0.0481	NaN	0.0422	0.2719
118.4273	0.1572	0.0481	NaN	0.0422	0.2719
118.4258	0.1573	0.0480	NaN	0.0421	0.2718
118.4298	0.1574	0.0479	NaN	0.0420	0.2720
118.4299	0.1575	0.0479	NaN	0.0420	0.2721
118.4317	0.1579	0.0479	NaN	0.0419	0.2722
118.4335	0.1579	0.0479	NaN	0.0419	0.2722
118.4333	0.1577	0.0478	NaN	0.0419	0.2722
118.4335	0.1575	0.0478	NaN	0.0419	0.2722
118.4369	0.1577	0.0478	NaN	0.0418	0.2722
118.4378	0.1579	0.0478	NaN	0.0418	0.2722
118.4405	0.1579	0.0478	NaN	0.0418	0.2722
118.4399	0.1578	0.0478	NaN	0.0419	0.2722
118.4438	0.1578	0.0478	NaN	0.0419	0.2722
118.4442	0.1580	0.0478	NaN	0.0418	0.2722
118.4424	0.1580	0.0478	NaN	0.0418	0.2722
118.4462	0.1580	0.0478	NaN	0.0418	0.2722
118.4450	0.1580	0.0477	NaN	0.0418	0.2722
118.4492	0.1581	0.0477	NaN	0.0417	0.2722
118.4490	0.1581	0.0477	NaN	0.0417	0.2722
118.4486	0.1579	0.0477	NaN	0.0417	0.2722
118.4483	0.1578	0.0477	NaN	0.0417	0.2722
118.4505	0.1579	0.0476	NaN	0.0417	0.2722
118.4510	0.1581	0.0476	NaN	0.0417	0.2722
118.4530	0.1584	0.0476	NaN	0.0416	0.2721
118.4525	0.1586	0.0476	NaN	0.0416	0.2720
118.4551	0.1587	0.0475	NaN	0.0416	0.2720
118.4561	0.1589	0.0475	NaN	0.0415	0.2720
118.4563	0.1589	0.0475	NaN	0.0415	0.2720
118.4613	0.1589	0.0475	NaN	0.0415	0.2719
118.4625	0.1589	0.0474	NaN	0.0415	0.2719
118.4611	0.1589	0.0474	NaN	0.0415	0.2720
118.4641	0.1591	0.0474	NaN	0.0414	0.2720
118.4644	0.1591	0.0474	NaN	0.0414	0.2718
118.4662	0.1589	0.0473	NaN	0.0414	0.2716
118.4669	0.1587	0.0474	NaN	0.0414	0.2716
118.4662	0.1589	0.0473	NaN	0.0413	0.2716
118.4693	0.1590	0.0473	NaN	0.0413	0.2717
118.4692	0.1589	0.0473	NaN	0.0413	0.2717
118.4699	0.1588	0.0473	NaN	0.0413	0.2717
118.4737	0.1587	0.0473	NaN	0.0413	0.2717
118.4727	0.1589	0.0472	NaN	0.0413	0.2718
118.4735	0.1591	0.0472	NaN	0.0412	0.2717
118.4758	0.1592	0.0471	NaN	0.0412	0.2717
118.4775	0.1591	0.0471	NaN	0.0411	0.2716
118.4781	0.1593	0.0471	NaN	0.0411	0.2717
118.4777	0.1594	0.0471	NaN	0.0411	0.2716
118.4795	0.1596	0.0471	NaN	0.0411	0.2717
118.4839	0.1596	0.0470	NaN	0.0410	0.2718
118.4808	0.1595	0.0471	NaN	0.0411	0.2719
118.4832	0.1596	0.0470	NaN	0.0410	0.2719
118.4859	0.1597	0.0470	NaN	0.0410	0.2720
118.4856	0.1598	0.0470	NaN	0.0410	0.2721
118.4869	0.1599	0.0470	NaN	0.0410	0.2722
118.4852	0.1599	0.0470	NaN	0.0410	0.2722
118.4873	0.1599	0.0470	NaN	0.0410	0.2720
118.4903	0.1599	0.0469	NaN	0.0410	0.2719
118.4893	0.1601	0.0469	NaN	0.0409	0.2719
118.4923	0.1602	0.0469	NaN	0.0409	0.2718
118.4921	0.1602	0.0469	NaN	0.0409	0.2718
118.4926	0.1602	0.0469	NaN	0.0409	0.2718
118.4966	0.1601	0.0469	NaN	0.0408	0.2717
118.4969	0.1600	0.0469	NaN	0.0409	0.2717
118.5008	0.1601	0.0469	NaN	0.0409	0.2717
118.5015	0.1602	0.0468	NaN	0.0408	0.2717
118.4990	0.1600	0.0468	NaN	0.0408	0.2717
118.5034	0.1601	0.0468	NaN	0.0407	0.2717
118.5011	0.1600	0.0468	NaN	0.0407	0.2717
118.5037	0.1603	0.0467	NaN	0.0407	0.2717
118.5059	0.1606	0.0467	NaN	0.0407	0.2716
118.5062	0.1607	0.0467	NaN	0.0406	0.2715
118.5073	0.1608	0.0467	NaN	0.0406	0.2715
118.5105	0.1608	0.0466	NaN	0.0406	0.2715
118.5079	0.1607	0.0466	NaN	0.0406	0.2714
118.5107	0.1605	0.0466	NaN	0.0406	0.2714
118.5101	0.1599	0.0466	NaN	0.0406	0.2715
118.5141	0.1599	0.0466	NaN	0.0406	0.2716
118.5161	0.1602	0.0466	NaN	0.0406	0.2716
118.5179	0.1605	0.0466	NaN	0.0406	0.2715
118.5174	0.1607	0.0466	NaN	0.0405	0.2715
118.5180	0.1608	0.0466	NaN	0.0405	0.2715
118.5204	0.1608	0.0466	NaN	0.0405	0.2715
118.5207	0.1608	0.0465	NaN	0.0405	0.2714
118.5212	0.1609	0.0464	NaN	0.0404	0.2714
118.5221	0.1608	0.0464	NaN	0.0403	0.2713
118.5247	0.1608	0.0463	NaN	0.0403	0.2713
118.5259	0.1608	0.0463	NaN	0.0403	0.2713
118.5258	0.1608	0.0463	NaN	0.0403	0.2713
118.5270	0.1605	0.0463	NaN	0.0402	0.2712
118.5295	0.1606	0.0462	NaN	0.0402	0.2712
118.5302	0.1608	0.0462	NaN	0.0401	0.2713
118.5323	0.1611	0.0462	NaN	0.0401	0.2712
118.5310	0.1612	0.0461	NaN	0.0401	0.2713
118.5329	0.1614	0.0461	NaN	0.0400	0.2713
118.5357	0.1614	0.0461	NaN	0.0400	0.2713
118.5356	0.1612	0.0461	NaN	0.0400	0.2714
118.5351	0.1612	0.0462	NaN	0.0401	0.2715
118.5384	0.1613	0.0461	NaN	0.0400	0.2715
118.5410	0.1615	0.0461	NaN	0.0400	0.2714
118.5398	0.1617	0.0460	NaN	0.0399	0.2714
118.5422	0.1616	0.0459	NaN	0.0399	0.2713
118.5416	0.1615	0.0459	NaN	0.0399	0.2713
118.5425	0.1616	0.0459	NaN	0.0398	0.2713
118.5450	0.1616	0.0459	NaN	0.0398	0.2713
118.5442	0.1616	0.0459	NaN	0.0398	0.2712
118.5471	0.1620	0.0459	NaN	0.0398	0.2712
118.5479	0.1617	0.0460	NaN	0.0399	0.2713
118.5483	0.1617	0.0460	NaN	0.0399	0.2713
118.5526	0.1618	0.0460	NaN	0.0399	0.2713
118.5518	0.1620	0.0459	NaN	0.0398	0.2713
118.5533	0.1619	0.0459	NaN	0.0398	0.2713
118.5543	0.1617	0.0458	NaN	0.0398	0.2713
118.5533	0.1617	0.0458	NaN	0.0397	0.2713
118.5558	0.1615	0.0458	NaN	0.0397	0.2713
118.5579	0.1614	0.0458	NaN	0.0397	0.2714
118.5571	0.1615	0.0458	NaN	0.0398	0.2715
118.5584	0.1617	0.0458	NaN	0.0397	0.2714
118.5588	0.1615	0.0458	NaN	0.0397	0.2714
118.5612	0.1615	0.0457	NaN	0.0397	0.2714
118.5623	0.1617	0.0457	NaN	0.0396	0.2714
118.5633	0.1616	0.0457	NaN	0.0396	0.2715
118.5656	0.1616	0.0457	NaN	0.0396	0.2715
118.5659	0.1617	0.0456	NaN	0.0395	0.2715
118.5667	0.1619	0.0456	NaN	0.0395	0.2715
118.5666	0.1620	0.0456	NaN	0.0395	0.2716
118.5686	0.1619	0.0456	NaN	0.0395	0.2718
118.5703	0.1621	0.0456	NaN	0.0395	0.2717
118.5729	0.1624	0.0455	NaN	0.0394	0.2717
118.5715	0.1621	0.0455	NaN	0.0394	0.2718
118.5744	0.1620	0.0455	NaN	0.0394	0.2718
118.5769	0.1620	0.0455	NaN	0.0394	0.2719
118.5762	0.1618	0.0455	NaN	0.0394	0.2719
118.5780	0.1619	0.0454	NaN	0.0393	0.2718
118.5785	0.1621	0.0452	NaN	0.0391	0.2717
118.5802	0.1625	0.0452	NaN	0.0391	0.2716
118.5810	0.1628	0.0451	NaN	0.0390	0.2716
118.5833	0.1624	0.0451	NaN	0.0390	0.2716
118.5832	0.1618	0.0451	NaN	0.0390	0.2717
118.5866	0.1616	0.0451	NaN	0.0390	0.2717
118.5856	0.1618	0.0452	NaN	0.0391	0.2718
118.5883	0.1618	0.0451	NaN	0.0391	0.2719
118.5870	0.1621	0.0452	NaN	0.0391	0.2720
118.5894	0.1624	0.0451	NaN	0.0390	0.2721
118.5916	0.1626	0.0451	NaN	0.0390	0.2721
118.5896	0.1627	0.0451	NaN	0.0390	0.2721
118.5955	0.1627	0.0450	NaN	0.0389	0.2721
118.5933	0.1624	0.0451	NaN	0.0390	0.2722
118.5961	0.1624	0.0450	NaN	0.0390	0.2721
118.5968	0.1624	0.0451	NaN	0.0390	0.2723
118.5977	0.1621	0.0451	NaN	0.0390	0.2722
118.5982	0.1623	0.0451	NaN	0.0390	0.2722
118.5995	0.1622	0.0451	NaN	0.0390	0.2722
118.6003	0.1623	0.0450	NaN	0.0389	0.2721
118.6009	0.1625	0.0450	NaN	0.0389	0.2721
118.6032	0.1625	0.0450	NaN	0.0389	0.2720
118.6053	0.1626	0.0450	NaN	0.0389	0.2721
118.6059	0.1626	0.0450	NaN	0.0389	0.2721
118.6056	0.1625	0.0450	NaN	0.0389	0.2722
118.6069	0.1628	0.0449	NaN	0.0388	0.2722
118.6077	0.1626	0.0449	NaN	0.0388	0.2722
118.6092	0.1628	0.0449	NaN	0.0388	0.2722
118.6128	0.1628	0.0449	NaN	0.0388	0.2723
118.6106	0.1628	0.0448	NaN	0.0387	0.2723
118.6144	0.1628	0.0448	NaN	0.0386	0.2722
118.6176	0.1629	0.0447	NaN	0.0386	0.2721
118.6152	0.1629	0.0447	NaN	0.0386	0.2720
118.6186	0.1631	0.0447	NaN	0.0385	0.2720
118.6152	0.1630	0.0447	NaN	0.0386	0.2720
118.6224	0.1634	0.0447	NaN	0.0386	0.2720
118.6219	0.1630	0.0447	NaN	0.0386	0.2720
118.6205	0.1630	0.0447	NaN	0.0386	0.2720
118.6235	0.1632	0.0446	NaN	0.0385	0.2719
118.6261	0.1634	0.0446	NaN	0.0385	0.2717
118.6255	0.1631	0.0446	NaN	0.0385	0.2718
118.6271	0.1633	0.0446	NaN	0.0385	0.2719
118.6287	0.1635	0.0447	NaN	0.0385	0.2719
118.6302	0.1631	0.0446	NaN	0.0385	0.2720
118.6316	0.1632	0.0446	NaN	0.0385	0.2720
118.6323	0.1632	0.0446	NaN	0.0385	0.2720
118.6335	0.1631	0.0446	NaN	0.0385	0.2720
118.6325	0.1629	0.0446	NaN	0.0384	0.2720
118.6345	0.1629	0.0445	NaN	0.0384	0.2719
118.6354	0.1626	0.0444	NaN	0.0383	0.2718
118.6363	0.1629	0.0444	NaN	0.0383	0.2718
118.6389	0.1638	0.0444	NaN	0.0382	0.2718
118.6400	0.1632	0.0444	NaN	0.0383	0.2719
118.6395	0.1630	0.0444	NaN	0.0383	0.2720
118.6420	0.1633	0.0444	NaN	0.0383	0.2720
118.6432	0.1632	0.0443	NaN	0.0382	0.2720
118.6430	0.1634	0.0443	NaN	0.0382	0.2719
118.6468	0.1634	0.0442	NaN	0.0381	0.2720
118.6464	0.1634	0.0442	NaN	0.0381	0.2720
118.6469	0.1633	0.0441	NaN	0.0380	0.2721
118.6491	0.1635	0.0441	NaN	0.0380	0.2720
118.6498	0.1639	0.0441	NaN	0.0380	0.2720
118.6520	0.1641	0.0441	NaN	0.0380	0.2720
118.6513	0.1640	0.0441	NaN	0.0380	0.2720
118.6522	0.1639	0.0441	NaN	0.0380	0.2720
118.6551	0.1638	0.0441	NaN	0.0380	0.2720
118.6544	0.1639	0.0441	NaN	0.0380	0.2720
118.6580	0.1639	0.0441	NaN	0.0379	0.2719
118.6601	0.1638	0.0441	NaN	0.0379	0.2719
118.6592	0.1634	0.0441	NaN	0.0380	0.2720
118.6607	0.1635	0.0441	NaN	0.0379	0.2720
118.6620	0.1636	0.0440	NaN	0.0379	0.2719
118.6628	0.1635	0.0440	NaN	0.0379	0.2719
118.6635	0.1631	0.0440	NaN	0.0379	0.2719
118.6631	0.1630	0.0440	NaN	0.0379	0.2719
118.6652	0.1631	0.0440	NaN	0.0379	0.2719
118.6662	0.1633	0.0440	NaN	0.0379	0.2719
118.6689	0.1637	0.0439	NaN	0.0378	0.2719
118.6705	0.1641	0.0439	NaN	0.0378	0.2719
118.6696	0.1640	0.0439	NaN	0.0378	0.2720
118.6715	0.1639	0.0439	NaN	0.0378	0.2720
118.6736	0.1638	0.0438	NaN	0.0377	0.2721
118.6723	0.1638	0.0438	NaN	0.0376	0.2722
118.6770	0.1637	0.0438	NaN	0.0376	0.2724
118.6766	0.1635	0.0437	NaN	0.0376	0.2725
118.6784	0.1638	0.0436	NaN	0.0375	0.2725
118.6800	0.1639	0.0436	NaN	0.0375	0.2725
118.6828	0.1642	0.0436	NaN	0.0375	0.2725
118.6816	0.1642	0.0436	NaN	0.0375	0.2725
118.6826	0.1643	0.0436	NaN	0.0374	0.2725
118.6841	0.1644	0.0436	NaN	0.0374	0.2724
118.6844	0.1645	0.0435	NaN	0.0374	0.2724
118.6849	0.1645	0.0435	NaN	0.0374	0.2725
118.6867	0.1645	0.0436	NaN	0.0374	0.2726
118.6881	0.1643	0.0436	NaN	0.0374	0.2727
118.6902	0.1641	0.0436	NaN	0.0374	0.2728
118.6898	0.1647	0.0436	NaN	0.0374	0.2729
118.6899	0.1647	0.0435	NaN	0.0374	0.2728
118.6933	0.1645	0.0435	NaN	0.0374	0.2728
118.6952	0.1648	0.0435	NaN	0.0373	0.2729
118.6946	0.1652	0.0435	NaN	0.0373	0.2728
118.6965	0.1651	0.0435	NaN	0.0373	0.2728
118.6991	0.1650	0.0435	NaN	0.0374	0.2728
118.6986	0.1648	0.0435	NaN	0.0373	0.2728
118.7001	0.1649	0.0435	NaN	0.0373	0.2729
118.7018	0.1649	0.0435	NaN	0.0373	0.2728
118.7036	0.1648	0.0435	NaN	0.0373	0.2728
118.7050	0.1648	0.0435	NaN	0.0373	0.2728
118.7037	0.1648	0.0434	NaN	0.0373	0.2729
118.7062	0.1648	0.0434	NaN	0.0372	0.2730
118.7059	0.1648	0.0433	NaN	0.0371	0.2728
118.7088	0.1647	0.0433	NaN	0.0372	0.2726
118.7089	0.1648	0.0433	NaN	0.0372	0.2726
118.7086	0.1649	0.0434	NaN	0.0372	0.2726
118.7079	0.1648	0.0433	NaN	0.0372	0.2727
118.7126	0.1649	0.0433	NaN	0.0371	0.2728
118.7120	0.1651	0.0432	NaN	0.0370	0.2730
118.7125	0.1653	0.0432	NaN	0.0370	0.2732
118.7126	0.1653	0.0432	NaN	0.0370	0.2732
118.7166	0.1656	0.0431	NaN	0.0370	0.2733
118.7173	0.1659	0.0431	NaN	0.0370	0.2735
118.7178	0.1660	0.0431	NaN	0.0369	0.2735
118.7194	0.1662	0.0431	NaN	0.0369	0.2735
118.7220	0.1662	0.0431	NaN	0.0369	0.2736
118.7219	0.1659	0.0430	NaN	0.0368	0.2736
118.7254	0.1660	0.0430	NaN	0.0368	0.2737
118.7228	0.1661	0.0430	NaN	0.0368	0.2737
118.7246	0.1662	0.0429	NaN	0.0368	0.2737
118.7266	0.1661	0.0429	NaN	0.0367	0.2738
118.7275	0.1660	0.0429	NaN	0.0367	0.2738
118.7290	0.1660	0.0429	NaN	0.0367	0.2739
118.7306	0.1663	0.0429	NaN	0.0367	0.2739
118.7307	0.1663	0.0429	NaN	0.0367	0.2739
118.7311	0.1660	0.0429	NaN	0.0367	0.2739
118.7310	0.1659	0.0429	NaN	0.0367	0.2738
118.7332	0.1659	0.0429	NaN	0.0367	0.2739
118.7359	0.1661	0.0429	NaN	0.0367	0.2739
118.7340	0.1663	0.0428	NaN	0.0366	0.2739
118.7383	0.1663	0.0428	NaN	0.0366	0.2738
118.7378	0.1665	0.0428	NaN	0.0366	0.2737
118.7393	0.1663	0.0428	NaN	0.0366	0.2736
118.7418	0.1665	0.0427	NaN	0.0365	0.2736
118.7410	0.1670	0.0427	NaN	0.0365	0.2736
118.7442	0.1675	0.0427	NaN	0.0364	0.2737
118.7452	0.1672	0.0426	NaN	0.0364	0.2737
118.7445	0.1670	0.0426	NaN	0.0364	0.2737
118.7455	0.1671	0.0426	NaN	0.0364	0.2737
118.7510	0.1673	0.0427	NaN	0.0365	0.2737
118.7482	0.1674	0.0426	NaN	0.0364	0.2738
118.7503	0.1675	0.0426	NaN	0.0364	0.2738
118.7522	0.1675	0.0426	NaN	0.0364	0.2739
118.7528	0.1674	0.0426	NaN	0.0364	0.2740
118.7560	0.1678	0.0426	NaN	0.0363	0.2740
118.7566	0.1680	0.0425	NaN	0.0363	0.2741
118.7579	0.1684	0.0425	NaN	0.0362	0.2740
118.7582	0.1686	0.0425	NaN	0.0362	0.2740
118.7594	0.1687	0.0424	NaN	0.0362	0.2741
118.7623	0.1687	0.0424	NaN	0.0361	0.2741
118.7613	0.1684	0.0424	NaN	0.0361	0.2740
118.7637	0.1688	0.0423	NaN	0.0360	0.2741
118.7664	0.1692	0.0423	NaN	0.0360	0.2741
118.7651	0.1690	0.0423	NaN	0.0361	0.2741
118.7692	0.1689	0.0423	NaN	0.0361	0.2741
118.7684	0.1690	0.0424	NaN	0.0361	0.2741
118.7698	0.1690	0.0424	NaN	0.0361	0.2741
118.7713	0.1688	0.0424	NaN	0.0361	0.2741
118.7704	0.1686	0.0424	NaN	0.0361	0.2742
118.7718	0.1689	0.0423	NaN	0.0360	0.2742
118.7739	0.1692	0.0423	NaN	0.0360	0.2741
118.7764	0.1695	0.0423	NaN	0.0360	0.2741
118.7768	0.1696	0.0423	NaN	0.0360	0.2741
118.7769	0.1695	0.0423	NaN	0.0360	0.2741
118.7797	0.1692	0.0423	NaN	0.0360	0.2742
118.7810	0.1693	0.0423	NaN	0.0360	0.2742
118.7808	0.1695	0.0423	NaN	0.0360	0.2741
118.7826	0.1697	0.0422	NaN	0.0359	0.2742
118.7836	0.1699	0.0422	NaN	0.0359	0.2742
118.7845	0.1702	0.0422	NaN	0.0359	0.2742
118.7855	0.1704	0.0422	NaN	0.0358	0.2742
118.7871	0.1704	0.0422	NaN	0.0358	0.2742
118.7862	0.1705	0.0421	NaN	0.0358	0.2742
118.7888	0.1707	0.0421	NaN	0.0358	0.2743
118.7896	0.1706	0.0421	NaN	0.0358	0.2743
118.7897	0.1707	0.0421	NaN	0.0358	0.2742
118.7894	0.1710	0.0421	NaN	0.0357	0.2742
118.7950	0.1714	0.0421	NaN	0.0357	0.2743
118.7938	0.1713	0.0421	NaN	0.0357	0.2743
118.7953	0.1714	0.0420	NaN	0.0357	0.2743
118.7968	0.1715	0.0421	NaN	0.0357	0.2743
118.7974	0.1714	0.0421	NaN	0.0357	0.2743
118.8004	0.1718	0.0420	NaN	0.0357	0.2742
118.8004	0.1719	0.0420	NaN	0.0356	0.2743
118.8017	0.1718	0.0421	NaN	0.0356	0.2743
118.8051	0.1723	0.0420	NaN	0.0356	0.2743
118.8057	0.1725	0.0420	NaN	0.0356	0.2743
118.8051	0.1723	0.0420	NaN	0.0356	0.2743
118.8076	0.1726	0.0420	NaN	0.0356	0.2743
118.8082	0.1726	0.0420	NaN	0.0355	0.2742
118.8087	0.1725	0.0420	NaN	0.0356	0.2742
118.8119	0.1726	0.0420	NaN	0.0356	0.2743
118.8095	0.1726	0.0420	NaN	0.0355	0.2743
118.8129	0.1729	0.0419	NaN	0.0355	0.2743
118.8153	0.1733	0.0419	NaN	0.0355	0.2743
118.8145	0.1736	0.0419	NaN	0.0355	0.2743
118.8165	0.1737	0.0419	NaN	0.0355	0.2742
118.8157	0.1739	0.0419	NaN	0.0354	0.2742
118.8178	0.1742	0.0419	NaN	0.0354	0.2742
118.8187	0.1745	0.0419	NaN	0.0354	0.2742
118.8188	0.1747	0.0419	NaN	0.0354	0.2742
118.8207	0.1753	0.0418	NaN	0.0353	0.2742
118.8227	0.1761	0.0418	NaN	0.0353	0.2742
118.8214	0.1762	0.0418	NaN	0.0352	0.2742
118.8231	0.1763	0.0418	NaN	0.0352	0.2742
118.8238	0.1765	0.0418	NaN	0.0352	0.2741
118.8248	0.1772	0.0418	NaN	0.0352	0.2741
118.8284	0.1774	0.0418	NaN	0.0352	0.2741
118.8268	0.1770	0.0418	NaN	0.0352	0.2742
118.8284	0.1765	0.0418	NaN	0.0352	0.2743
118.8286	0.1764	0.0418	NaN	0.0352	0.2743
118.8339	0.1770	0.0418	NaN	0.0352	0.2743
118.8344	0.1780	0.0418	NaN	0.0352	0.2742
118.8347	0.1791	0.0418	NaN	0.0351	0.2742
118.8368	0.1794	0.0417	NaN	0.0351	0.2742
118.8385	0.1796	0.0417	NaN	0.0351	0.2742
118.8385	0.1792	0.0417	NaN	0.0351	0.2741
118.8388	0.1791	0.0417	NaN	0.0351	0.2741
118.8414	0.1797	0.0417	NaN	0.0350	0.2741
118.8402	0.1802	0.0417	NaN	0.0350	0.2741
118.8433	0.1816	0.0417	NaN	0.0350	0.2741
118.8432	0.1823	0.0417	NaN	0.0349	0.2740
118.8457	0.1824	0.0417	NaN	0.0350	0.2739
118.8457	0.1821	0.0417	NaN	0.0349	0.2738
118.8460	0.1815	0.0417	NaN	0.0350	0.2737
118.8474	0.1820	0.0417	NaN	0.0350	0.2736
118.8479	0.1829	0.0417	NaN	0.0349	0.2736
118.8510	0.1839	0.0417	NaN	0.0349	0.2736
118.8529	0.1848	0.0417	NaN	0.0349	0.2736
118.8541	0.1846	0.0418	NaN	0.0349	0.2737
118.8545	0.1849	0.0417	NaN	0.0349	0.2737
118.8565	0.1862	0.0417	NaN	0.0348	0.2736
118.8564	0.1885	0.0417	NaN	0.0347	0.2736
118.8580	0.1909	0.0418	NaN	0.0347	0.2735
118.8579	0.1909	0.0418	NaN	0.0347	0.2734
118.8608	0.1913	0.0418	NaN	0.0347	0.2733
118.8615	0.1912	0.0418	NaN	0.0347	0.2734
118.8622	0.1899	0.0418	NaN	0.0347	0.2734
118.8621	0.1906	0.0418	NaN	0.0347	0.2734
118.8639	0.1913	0.0418	NaN	0.0347	0.2734
118.8652	0.1938	0.0418	NaN	0.0347	0.2733
118.8674	0.1972	0.0419	NaN	0.0346	0.2733
118.8681	0.1978	0.0419	NaN	0.0346	0.2733
118.8708	0.1985	0.0420	NaN	0.0346	0.2733
118.8723	0.1977	0.0419	NaN	0.0346	0.2734
118.8709	0.1982	0.0419	NaN	0.0346	0.2734
118.8732	0.1994	0.0420	NaN	0.0346	0.2734
118.8740	0.1996	0.0420	NaN	0.0346	0.2735
118.8743	0.2011	0.0420	NaN	0.0345	0.2735
118.8771	0.2021	0.0420	NaN	0.0345	0.2735
118.8779	0.2027	0.0420	NaN	0.0345	0.2734
118.8787	0.2029	0.0420	NaN	0.0345	0.2735
118.8795	0.2049	0.0421	NaN	0.0345	0.2735
118.8788	0.2085	0.0422	NaN	0.0345	0.2734
118.8816	0.2146	0.0423	NaN	0.0344	0.2734
118.8814	0.2164	0.0424	NaN	0.0344	0.2734
118.8845	0.2204	0.0425	NaN	0.0343	0.2734
118.8860	0.2231	0.0425	NaN	0.0343	0.2733
118.8861	0.2250	0.0426	NaN	0.0343	0.2733
118.8873	0.2262	0.0427	NaN	0.0343	0.2734
118.8881	0.2243	0.0426	NaN	0.0343	0.2733
118.8892	0.2202	0.0425	NaN	0.0343	0.2734
118.8920	0.2210	0.0425	NaN	0.0343	0.2734
118.8906	0.2175	0.0424	NaN	0.0344	0.2733
118.8921	0.2171	0.0424	NaN	0.0344	0.2733
118.8955	0.2232	0.0426	NaN	0.0343	0.2733
118.8960	0.2309	0.0428	NaN	0.0343	0.2734
118.8982	0.2309	0.0428	NaN	0.0343	0.2735
118.8979	0.2294	0.0427	NaN	0.0343	0.2733
118.8991	0.2296	0.0427	NaN	0.0343	0.2734
118.9004	0.2286	0.0427	NaN	0.0343	0.2734
118.9005	0.2297	0.0428	NaN	0.0343	0.2734
118.9033	0.2341	0.0429	NaN	0.0343	0.2735
118.9045	0.2372	0.0430	NaN	0.0342	0.2735
118.9055	0.2372	0.0430	NaN	0.0342	0.2735
118.9074	0.2384	0.0430	NaN	0.0343	0.2735
118.9077	0.2375	0.0430	NaN	0.0342	0.2735
118.9090	0.2409	0.0431	NaN	0.0342	0.2736
118.9110	0.2433	0.0432	NaN	0.0342	0.2736
118.9110	0.2434	0.0431	NaN	0.0342	0.2737
118.9142	0.2482	0.0433	NaN	0.0342	0.2737
118.9118	0.2477	0.0433	NaN	0.0342	0.2739
118.9155	0.2500	0.0433	NaN	0.0341	0.2739
118.9157	0.2505	0.0434	NaN	0.0341	0.2741
118.9154	0.2500	0.0433	NaN	0.0341	0.2742
118.9181	0.2497	0.0433	NaN	0.0341	0.2744
118.9190	0.2497	0.0433	NaN	0.0341	0.2745
118.9202	0.2494	0.0433	NaN	0.0341	0.2746
118.9232	0.2469	0.0432	NaN	0.0341	0.2745
118.9214	0.2490	0.0432	NaN	0.0341	0.2745
118.9255	0.2463	0.0431	NaN	0.0341	0.2744
118.9260	0.2395	0.0428	NaN	0.0340	0.2742
118.9260	0.2353	0.0426	NaN	0.0340	0.2740
118.9272	0.2322	0.0425	NaN	0.0339	0.2739
118.9292	0.2294	0.0424	NaN	0.0339	0.2738
118.9296	0.2263	0.0423	NaN	0.0339	0.2738
118.9309	0.2234	0.0421	NaN	0.0339	0.2738
118.9320	0.2230	0.0421	NaN	0.0339	0.2738
118.9316	0.2198	0.0420	NaN	0.0339	0.2737
118.9339	0.2163	0.0418	NaN	0.0338	0.2737
118.9336	0.2163	0.0418	NaN	0.0338	0.2736
118.9357	0.2176	0.0419	NaN	0.0339	0.2737
118.9344	0.2165	0.0419	NaN	0.0338	0.2737
118.9364	0.2144	0.0417	NaN	0.0338	0.2736
118.9402	0.2119	0.0416	NaN	0.0338	0.2738
118.9406	0.2104	0.0415	NaN	0.0338	0.2737
118.9411	0.2110	0.0416	NaN	0.0338	0.2737
118.9448	0.2094	0.0415	NaN	0.0338	0.2738
118.9435	0.2122	0.0416	NaN	0.0338	0.2738
118.9447	0.2094	0.0415	NaN	0.0338	0.2739
118.9441	0.2088	0.0415	NaN	0.0338	0.2739
118.9458	0.2041	0.0412	NaN	0.0337	0.2740
118.9496	0.2014	0.0411	NaN	0.0337	0.2742
118.9496	0.2008	0.0411	NaN	0.0337	0.2743
118.9513	0.1991	0.0410	NaN	0.0337	0.2743
118.9521	0.1977	0.0409	NaN	0.0336	0.2743
118.9544	0.1976	0.0409	NaN	0.0336	0.2743
118.9556	0.1964	0.0409	NaN	0.0336	0.2743
118.9547	0.1953	0.0408	NaN	0.0336	0.2744
118.9567	0.1954	0.0408	NaN	0.0336	0.2745
118.9573	0.1955	0.0408	NaN	0.0336	0.2745
118.9576	0.1961	0.0409	NaN	0.0336	0.2745
118.9586	0.1958	0.0408	NaN	0.0336	0.2746
118.9624	0.1950	0.0408	NaN	0.0336	0.2748
118.9619	0.1956	0.0408	NaN	0.0336	0.2749
118.9650	0.1944	0.0408	NaN	0.0336	0.2749
118.9662	0.1937	0.0407	NaN	0.0335	0.2750
118.9692	0.1937	0.0407	NaN	0.0336	0.2751
118.9684	0.1932	0.0407	NaN	0.0335	0.2752
118.9691	0.1936	0.0407	NaN	0.0335	0.2752
118.9708	0.1927	0.0406	NaN	0.0335	0.2752
118.9700	0.1919	0.0406	NaN	0.0335	0.2752
118.9711	0.1915	0.0406	NaN	0.0335	0.2753
118.9737	0.1906	0.0405	NaN	0.0334	0.2753
118.9728	0.1909	0.0405	NaN	0.0335	0.2753
118.9747	0.1906	0.0405	NaN	0.0334	0.2753
118.9771	0.1900	0.0405	NaN	0.0334	0.2753
118.9768	0.1903	0.0405	NaN	0.0334	0.2753
118.9784	0.1907	0.0405	NaN	0.0334	0.2753
118.9779	0.1908	0.0405	NaN	0.0334	0.2754
118.9808	0.1898	0.0404	NaN	0.0334	0.2754
118.9822	0.1892	0.0404	NaN	0.0334	0.2754
118.9815	0.1894	0.0403	NaN	0.0333	0.2754
118.9831	0.1896	0.0403	NaN	0.0333	0.2755
118.9884	0.1893	0.0403	NaN	0.0333	0.2755
118.9875	0.1892	0.0403	NaN	0.0333	0.2755
118.9899	0.1893	0.0403	NaN	0.0333	0.2755
118.9900	0.1890	0.0403	NaN	0.0333	0.2755
118.9900	0.1892	0.0403	NaN	0.0332	0.2755
118.9926	0.1889	0.0403	NaN	0.0332	0.2755
118.9928	0.1889	0.0402	NaN	0.0332	0.2755
118.9947	0.1890	0.0402	NaN	0.0332	0.2755
118.9964	0.1891	0.0402	NaN	0.0332	0.2755
118.9981	0.1893	0.0402	NaN	0.0332	0.2755
118.9989	0.1893	0.0402	NaN	0.0332	0.2756
118.9998	0.1891	0.0402	NaN	0.0332	0.2756
119.0011	0.1888	0.0402	NaN	0.0332	0.2756
119.0052	0.1891	0.0402	NaN	0.0332	0.2756
119.0032	0.1894	0.0402	NaN	0.0332	0.2756
119.0042	0.1893	0.0402	NaN	0.0332	0.2756
119.0047	0.1893	0.0402	NaN	0.0332	0.2756
119.0065	0.1896	0.0402	NaN	0.0331	0.2756
119.0080	0.1898	0.0402	NaN	0.0331	0.2756
119.0091	0.1900	0.0401	NaN	0.0331	0.2755
119.0124	0.1901	0.0402	NaN	0.0331	0.2755
119.0132	0.1905	0.0402	NaN	0.0331	0.2755
119.0118	0.1905	0.0402	NaN	0.0331	0.2755
119.0136	0.1910	0.0402	NaN	0.0331	0.2755
119.0148	0.1914	0.0401	NaN	0.0331	0.2754
119.0179	0.1922	0.0402	NaN	0.0330	0.2755
119.0203	0.1931	0.0401	NaN	0.0330	0.2755
119.0192	0.1937	0.0402	NaN	0.0330	0.2756
119.0211	0.1948	0.0402	NaN	0.0330	0.2756
119.0195	0.1947	0.0402	NaN	0.0330	0.2756
119.0222	0.1950	0.0402	NaN	0.0330	0.2756
119.0240	0.1948	0.0402	NaN	0.0330	0.2756
119.0239	0.1948	0.0402	NaN	0.0330	0.2756
119.0265	0.1950	0.0402	NaN	0.0330	0.2757
119.0265	0.1952	0.0402	NaN	0.0330	0.2757
119.0266	0.1957	0.0402	NaN	0.0330	0.2757
119.0296	0.1962	0.0402	NaN	0.0329	0.2757
119.0295	0.1961	0.0402	NaN	0.0330	0.2757
119.0309	0.1960	0.0402	NaN	0.0329	0.2757
119.0335	0.1963	0.0402	NaN	0.0329	0.2757
119.0330	0.1953	0.0402	NaN	0.0330	0.2757
119.0358	0.1956	0.0402	NaN	0.0330	0.2757
119.0376	0.1965	0.0402	NaN	0.0329	0.2757
119.0375	0.1975	0.0402	NaN	0.0329	0.2757
119.0383	0.1998	0.0403	NaN	0.0329	0.2758
119.0383	0.2016	0.0403	NaN	0.0329	0.2758
119.0401	0.2037	0.0404	NaN	0.0329	0.2758
119.0432	0.2052	0.0404	NaN	0.0328	0.2758
119.0408	0.2035	0.0404	NaN	0.0329	0.2758
119.0427	0.2031	0.0404	NaN	0.0329	0.2758
119.0470	0.2049	0.0404	NaN	0.0329	0.2758
119.0452	0.2052	0.0404	NaN	0.0328	0.2759
119.0485	0.2079	0.0405	NaN	0.0328	0.2758
119.0498	0.2077	0.0405	NaN	0.0329	0.2758
119.0514	0.2086	0.0405	NaN	0.0328	0.2758
119.0524	0.2100	0.0406	NaN	0.0328	0.2758
119.0522	0.2115	0.0406	NaN	0.0328	0.2757
119.0534	0.2125	0.0406	NaN	0.0328	0.2757
119.0551	0.2150	0.0407	NaN	0.0328	0.2757
119.0543	0.2156	0.0407	NaN	0.0328	0.2757
119.0557	0.2177	0.0408	NaN	0.0327	0.2757
119.0555	0.2168	0.0407	NaN	0.0327	0.2757
119.0568	0.2163	0.0407	NaN	0.0327	0.2757
119.0590	0.2170	0.0408	NaN	0.0327	0.2757
119.0595	0.2168	0.0408	NaN	0.0327	0.2757
119.0626	0.2186	0.0408	NaN	0.0327	0.2757
119.0610	0.2189	0.0408	NaN	0.0328	0.2757
119.0632	0.2203	0.0409	NaN	0.0327	0.2757
119.0646	0.2185	0.0408	NaN	0.0328	0.2757
119.0639	0.2190	0.0408	NaN	0.0327	0.2757
119.0669	0.2209	0.0409	NaN	0.0327	0.2756
119.0697	0.2235	0.0410	NaN	0.0327	0.2756
119.0673	0.2272	0.0411	NaN	0.0327	0.2756
119.0719	0.2319	0.0412	NaN	0.0327	0.2756
119.0696	0.2349	0.0413	NaN	0.0327	0.2756
119.0740	0.2386	0.0415	NaN	0.0327	0.2755
119.0750	0.2429	0.0416	NaN	0.0327	0.2754
119.0760	0.2404	0.0415	NaN	0.0327	0.2754
119.0767	0.2384	0.0415	NaN	0.0327	0.2754
119.0770	0.2404	0.0415	NaN	0.0327	0.2753
119.0787	0.2413	0.0416	NaN	0.0327	0.2753
119.0802	0.2428	0.0416	NaN	0.0327	0.2752
119.0789	0.2428	0.0416	NaN	0.0327	0.2753
119.0815	0.2457	0.0417	NaN	0.0327	0.2753
119.0830	0.2505	0.0419	NaN	0.0327	0.2753
119.0831	0.2531	0.0419	NaN	0.0326	0.2754
119.0881	0.2597	0.0422	NaN	0.0327	0.2755
119.0850	0.2698	0.0425	NaN	0.0327	0.2755
119.0889	0.2775	0.0428	NaN	0.0326	0.2755
119.0895	0.2871	0.0431	NaN	0.0326	0.2754
119.0906	0.2915	0.0433	NaN	0.0326	0.2754
119.0922	0.2923	0.0433	NaN	0.0326	0.2754
119.0931	0.2924	0.0433	NaN	0.0326	0.2754
119.0940	0.2899	0.0432	NaN	0.0326	0.2755
119.0944	0.2934	0.0433	NaN	0.0326	0.2755
119.0964	0.3013	0.0437	NaN	0.0326	0.2754
119.0966	0.3028	0.0437	NaN	0.0326	0.2754
119.0997	0.3076	0.0438	NaN	0.0326	0.2753
119.0994	0.3117	0.0440	NaN	0.0326	0.2753
119.1026	0.3215	0.0443	NaN	0.0326	0.2753
119.1030	0.3276	0.0446	NaN	0.0326	0.2753
119.1038	0.3318	0.0447	NaN	0.0326	0.2752
119.1053	0.3399	0.0450	NaN	0.0326	0.2751
119.1078	0.3431	0.0451	NaN	0.0326	0.2751
119.1088	0.3461	0.0452	NaN	0.0326	0.2751
119.1093	0.3441	0.0451	NaN	0.0326	0.2750
119.1093	0.3451	0.0452	NaN	0.0326	0.2751
119.1113	0.3427	0.0451	NaN	0.0326	0.2751
119.1094	0.3398	0.0450	NaN	0.0326	0.2751
119.1120	0.3332	0.0447	NaN	0.0326	0.2751
119.1127	0.3230	0.0444	NaN	0.0326	0.2750
119.1127	0.3162	0.0441	NaN	0.0326	0.2750
119.1164	0.3162	0.0441	NaN	0.0326	0.2750
119.1183	0.3117	0.0440	NaN	0.0325	0.2750
119.1189	0.3113	0.0439	NaN	0.0326	0.2750
119.1189	0.2964	0.0433	NaN	0.0325	0.2750
119.1206	0.2891	0.0431	NaN	0.0325	0.2750
119.1213	0.2883	0.0430	NaN	0.0325	0.2750
119.1243	0.2906	0.0431	NaN	0.0325	0.2751
119.1249	0.2921	0.0432	NaN	0.0325	0.2753
119.1249	0.2942	0.0433	NaN	0.0325	0.2754
119.1277	0.2922	0.0432	NaN	0.0325	0.2756
119.1261	0.2936	0.0433	NaN	0.0325	0.2757
119.1284	0.2913	0.0432	NaN	0.0325	0.2757
119.1278	0.2834	0.0429	NaN	0.0325	0.2757
119.1312	0.2704	0.0424	NaN	0.0325	0.2757
119.1321	0.2639	0.0421	NaN	0.0325	0.2758
119.1315	0.2605	0.0420	NaN	0.0324	0.2758
119.1361	0.2529	0.0417	NaN	0.0324	0.2757
119.1349	0.2511	0.0416	NaN	0.0324	0.2755
119.1358	0.2509	0.0416	NaN	0.0324	0.2754
119.1390	0.2488	0.0416	NaN	0.0324	0.2753
119.1385	0.2499	0.0416	NaN	0.0324	0.2753
119.1415	0.2538	0.0418	NaN	0.0324	0.2752
119.1431	0.2536	0.0417	NaN	0.0324	0.2751
119.1424	0.2520	0.0417	NaN	0.0324	0.2751
119.1456	0.2473	0.0415	NaN	0.0324	0.2750
119.1435	0.2479	0.0415	NaN	0.0324	0.2750
119.1472	0.2453	0.0414	NaN	0.0324	0.2750
119.1492	0.2429	0.0413	NaN	0.0324	0.2750
119.1489	0.2418	0.0413	NaN	0.0324	0.2750
119.1520	0.2397	0.0412	NaN	0.0324	0.2750
119.1546	0.2384	0.0411	NaN	0.0324	0.2750
119.1531	0.2384	0.0411	NaN	0.0324	0.2750
119.1568	0.2367	0.0411	NaN	0.0323	0.2750
119.1553	0.2369	0.0411	NaN	0.0323	0.2750
119.1578	0.2362	0.0411	NaN	0.0324	0.2750
119.1594	0.2360	0.0410	NaN	0.0323	0.2750
119.1596	0.2359	0.0410	NaN	0.0323	0.2751
119.1593	0.2356	0.0410	NaN	0.0323	0.2751
119.1601	0.2357	0.0410	NaN	0.0323	0.2751
119.1620	0.2358	0.0410	NaN	0.0323	0.2751
119.1654	0.2357	0.0410	NaN	0.0323	0.2751
119.1634	0.2358	0.0410	NaN	0.0323	0.2752
119.1669	0.2359	0.0410	NaN	0.0323	0.2752
119.1682	0.2357	0.0410	NaN	0.0323	0.2752
119.1687	0.2359	0.0410	NaN	0.0323	0.2752
119.1696	0.2360	0.0410	NaN	0.0323	0.2752
119.1699	0.2363	0.0410	NaN	0.0323	0.2751
119.1717	0.2376	0.0411	NaN	0.0323	0.2751
119.1747	0.2398	0.0411	NaN	0.0323	0.2751
119.1734	0.2412	0.0412	NaN	0.0323	0.2751
119.1763	0.2441	0.0413	NaN	0.0323	0.2751
119.1798	0.2462	0.0414	NaN	0.0323	0.2752
119.1782	0.2454	0.0413	NaN	0.0323	0.2752
119.1781	0.2475	0.0414	NaN	0.0323	0.2751
119.1794	0.2483	0.0414	NaN	0.0323	0.2751
119.1811	0.2484	0.0414	NaN	0.0323	0.2751
119.1827	0.2509	0.0415	NaN	0.0323	0.2751
119.1849	0.2523	0.0416	NaN	0.0323	0.2751
119.1837	0.2572	0.0417	NaN	0.0323	0.2751
119.1855	0.2607	0.0419	NaN	0.0323	0.2751
119.1863	0.2623	0.0419	NaN	0.0323	0.2751
119.1867	0.2640	0.0420	NaN	0.0323	0.2751
119.1875	0.2633	0.0419	NaN	0.0323	0.2752
119.1895	0.2640	0.0420	NaN	0.0323	0.2752
119.1924	0.2659	0.0420	NaN	0.0323	0.2752
119.1934	0.2660	0.0421	NaN	0.0323	0.2752
119.1956	0.2650	0.0420	NaN	0.0323	0.2752
119.1940	0.2650	0.0420	NaN	0.0323	0.2752
119.1947	0.2629	0.0420	NaN	0.0323	0.2752
119.1966	0.2625	0.0419	NaN	0.0323	0.2752
119.1965	0.2646	0.0420	NaN	0.0323	0.2752
119.1979	0.2643	0.0420	NaN	0.0323	0.2752
119.2010	0.2596	0.0418	NaN	0.0323	0.2753
119.1991	0.2615	0.0419	NaN	0.0323	0.2753
119.2016	0.2574	0.0417	NaN	0.0323	0.2753
119.2026	0.2595	0.0418	NaN	0.0323	0.2753
119.2030	0.2572	0.0417	NaN	0.0323	0.2753
119.2047	0.2545	0.0416	NaN	0.0323	0.2754
119.2045	0.2523	0.0415	NaN	0.0323	0.2753
119.2070	0.2476	0.0414	NaN	0.0323	0.2754
119.2086	0.2418	0.0412	NaN	0.0323	0.2755
119.2107	0.2407	0.0412	NaN	0.0323	0.2754
119.2107	0.2351	0.0409	NaN	0.0323	0.2754
119.2110	0.2285	0.0407	NaN	0.0323	0.2754
119.2129	0.2249	0.0406	NaN	0.0323	0.2755
119.2151	0.2217	0.0404	NaN	0.0323	0.2756
119.2146	0.2222	0.0405	NaN	0.0323	0.2755
119.2156	0.2227	0.0405	NaN	0.0323	0.2756
119.2169	0.2239	0.0405	NaN	0.0323	0.2756
119.2173	0.2243	0.0405	NaN	0.0323	0.2757
119.2198	0.2216	0.0404	NaN	0.0323	0.2757
119.2198	0.2197	0.0404	NaN	0.0323	0.2757
119.2212	0.2173	0.0403	NaN	0.0323	0.2758
119.2238	0.2175	0.0403	NaN	0.0323	0.2758
119.2240	0.2188	0.0403	NaN	0.0322	0.2758
119.2253	0.2177	0.0403	NaN	0.0323	0.2758
119.2261	0.2163	0.0403	NaN	0.0323	0.2758
119.2282	0.2139	0.0402	NaN	0.0323	0.2759
119.2302	0.2114	0.0401	NaN	0.0323	0.2760
119.2303	0.2104	0.0400	NaN	0.0323	0.2760
119.2319	0.2089	0.0400	NaN	0.0323	0.2760
119.2337	0.2086	0.0400	NaN	0.0323	0.2761
119.2343	0.2092	0.0400	NaN	0.0323	0.2760
119.2364	0.2089	0.0400	NaN	0.0323	0.2760
119.2356	0.2085	0.0400	NaN	0.0323	0.2760
119.2373	0.2059	0.0399	NaN	0.0323	0.2761
119.2379	0.2053	0.0399	NaN	0.0323	0.2761
119.2394	0.2052	0.0399	NaN	0.0323	0.2761
119.2386	0.2052	0.0399	NaN	0.0323	0.2761
119.2396	0.2056	0.0399	NaN	0.0323	0.2760
119.2430	0.2053	0.0399	NaN	0.0323	0.2761
119.2460	0.2046	0.0398	NaN	0.0323	0.2761
119.2425	0.2043	0.0398	NaN	0.0323	0.2761
119.2466	0.2034	0.0398	NaN	0.0323	0.2761
119.2468	0.2031	0.0398	NaN	0.0323	0.2761
119.2489	0.2029	0.0398	NaN	0.0323	0.2760
119.2497	0.2029	0.0398	NaN	0.0323	0.2760
119.2496	0.2034	0.0398	NaN	0.0323	0.2760
119.2518	0.2031	0.0398	NaN	0.0323	0.2761
119.2554	0.2026	0.0398	NaN	0.0323	0.2761
119.2550	0.2022	0.0398	NaN	0.0323	0.2763
119.2577	0.2024	0.0398	NaN	0.0323	0.2764
119.2578	0.2027	0.0398	NaN	0.0323	0.2764
119.2582	0.2027	0.0398	NaN	0.0323	0.2764
119.2598	0.2026	0.0398	NaN	0.0323	0.2764
119.2615	0.2025	0.0398	NaN	0.0323	0.2763
119.2631	0.2029	0.0398	NaN	0.0323	0.2764
119.2655	0.2033	0.0398	NaN	0.0323	0.2763
119.2650	0.2033	0.0398	NaN	0.0323	0.2763
119.2675	0.2038	0.0399	NaN	0.0323	0.2763
119.2676	0.2041	0.0399	NaN	0.0324	0.2764
119.2670	0.2041	0.0399	NaN	0.0324	0.2764
119.2699	0.2040	0.0399	NaN	0.0323	0.2764
119.2707	0.2053	0.0399	NaN	0.0324	0.2764
119.2726	0.2082	0.0401	NaN	0.0324	0.2765
119.2733	0.2137	0.0403	NaN	0.0324	0.2765
119.2719	0.2148	0.0403	NaN	0.0324	0.2765
119.2742	0.2150	0.0403	NaN	0.0324	0.2764
119.2755	0.2141	0.0403	NaN	0.0324	0.2762
119.2781	0.2167	0.0404	NaN	0.0324	0.2762
119.2790	0.2192	0.0405	NaN	0.0324	0.2762
119.2795	0.2177	0.0404	NaN	0.0324	0.2762
119.2798	0.2190	0.0405	NaN	0.0324	0.2762
119.2820	0.2236	0.0407	NaN	0.0324	0.2763
119.2835	0.2272	0.0408	NaN	0.0324	0.2763
119.2842	0.2303	0.0409	NaN	0.0324	0.2763
119.2848	0.2347	0.0411	NaN	0.0324	0.2763
119.2874	0.2357	0.0411	NaN	0.0325	0.2763
119.2887	0.2370	0.0412	NaN	0.0325	0.2762
119.2892	0.2380	0.0412	NaN	0.0324	0.2762
119.2895	0.2385	0.0412	NaN	0.0325	0.2763
119.2898	0.2386	0.0412	NaN	0.0325	0.2762
119.2907	0.2385	0.0412	NaN	0.0325	0.2762
119.2912	0.2385	0.0412	NaN	0.0325	0.2762
119.2911	0.2372	0.0412	NaN	0.0324	0.2762
119.2927	0.2376	0.0412	NaN	0.0324	0.2762
119.2951	0.2382	0.0412	NaN	0.0324	0.2762
119.2955	0.2386	0.0412	NaN	0.0325	0.2762
119.2993	0.2375	0.0412	NaN	0.0325	0.2761
119.2986	0.2353	0.0412	NaN	0.0325	0.2762
119.3004	0.2344	0.0411	NaN	0.0325	0.2762
119.3036	0.2341	0.0411	NaN	0.0325	0.2762
119.3034	0.2347	0.0411	NaN	0.0325	0.2762
119.3029	0.2340	0.0411	NaN	0.0325	0.2762
119.3054	0.2295	0.0410	NaN	0.0325	0.2763
119.3044	0.2295	0.0410	NaN	0.0325	0.2763
119.3049	0.2266	0.0409	NaN	0.0325	0.2764
119.3054	0.2284	0.0409	NaN	0.0325	0.2764
119.3070	0.2301	0.0410	NaN	0.0325	0.2764
119.3124	0.2275	0.0409	NaN	0.0325	0.2766
119.3114	0.2291	0.0409	NaN	0.0325	0.2765
119.3137	0.2296	0.0410	NaN	0.0325	0.2765
119.3149	0.2297	0.0410	NaN	0.0325	0.2764
119.3151	0.2286	0.0409	NaN	0.0325	0.2764
119.3157	0.2231	0.0408	NaN	0.0325	0.2765
119.3168	0.2171	0.0406	NaN	0.0326	0.2765
119.3182	0.2122	0.0404	NaN	0.0326	0.2765
119.3218	0.2084	0.0403	NaN	0.0326	0.2766
119.3215	0.2078	0.0403	NaN	0.0326	0.2766
119.3232	0.2064	0.0402	NaN	0.0326	0.2767
119.3229	0.2071	0.0403	NaN	0.0326	0.2767
119.3231	0.2064	0.0402	NaN	0.0326	0.2767
119.3267	0.2052	0.0402	NaN	0.0326	0.2767
119.3254	0.2042	0.0402	NaN	0.0326	0.2767
119.3312	0.2036	0.0401	NaN	0.0326	0.2768
119.3312	0.2035	0.0402	NaN	0.0326	0.2769
119.3292	0.2035	0.0401	NaN	0.0326	0.2768
119.3319	0.2033	0.0401	NaN	0.0326	0.2768
119.3315	0.2033	0.0401	NaN	0.0326	0.2767
119.3325	0.2029	0.0401	NaN	0.0326	0.2768
119.3363	0.2029	0.0402	NaN	0.0327	0.2768
119.3351	0.2029	0.0402	NaN	0.0327	0.2768
119.3369	0.2029	0.0402	NaN	0.0327	0.2768
119.3393	0.2030	0.0402	NaN	0.0327	0.2768
119.3401	0.2032	0.0402	NaN	0.0327	0.2768
119.3422	0.2042	0.0402	NaN	0.0327	0.2769
119.3414	0.2050	0.0403	NaN	0.0327	0.2770
119.3428	0.2066	0.0403	NaN	0.0327	0.2770
119.3451	0.2080	0.0404	NaN	0.0327	0.2770
119.3445	0.2087	0.0405	NaN	0.0327	0.2771
119.3469	0.2098	0.0405	NaN	0.0327	0.2771
119.3488	0.2088	0.0404	NaN	0.0327	0.2771
119.3489	0.2096	0.0405	NaN	0.0327	0.2770
119.3512	0.2115	0.0406	NaN	0.0327	0.2770
119.3515	0.2125	0.0406	NaN	0.0328	0.2770
119.3531	0.2123	0.0406	NaN	0.0328	0.2770
119.3541	0.2140	0.0407	NaN	0.0328	0.2771
119.3556	0.2153	0.0407	NaN	0.0328	0.2771
119.3569	0.2159	0.0408	NaN	0.0328	0.2771
119.3553	0.2162	0.0408	NaN	0.0328	0.2770
119.3567	0.2176	0.0408	NaN	0.0328	0.2770
119.3601	0.2191	0.0409	NaN	0.0328	0.2770
119.3587	0.2160	0.0408	NaN	0.0328	0.2769
119.3623	0.2153	0.0407	NaN	0.0328	0.2769
119.3624	0.2161	0.0408	NaN	0.0328	0.2770
119.3646	0.2186	0.0409	NaN	0.0328	0.2770
119.3655	0.2226	0.0410	NaN	0.0328	0.2771
119.3647	0.2219	0.0410	NaN	0.0328	0.2770
119.3670	0.2270	0.0412	NaN	0.0328	0.2771
119.3676	0.2266	0.0412	NaN	0.0328	0.2771
119.3689	0.2264	0.0412	NaN	0.0329	0.2772
119.3697	0.2277	0.0413	NaN	0.0329	0.2772
119.3725	0.2329	0.0415	NaN	0.0329	0.2773
119.3754	0.2363	0.0416	NaN	0.0329	0.2773
119.3765	0.2351	0.0416	NaN	0.0329	0.2773
119.3760	0.2356	0.0416	NaN	0.0329	0.2774
119.3772	0.2384	0.0417	NaN	0.0329	0.2774
119.3776	0.2356	0.0416	NaN	0.0329	0.2774
119.3771	0.2375	0.0417	NaN	0.0329	0.2774
119.3811	0.2418	0.0418	NaN	0.0329	0.2775
119.3804	0.2453	0.0420	NaN	0.0329	0.2775
119.3851	0.2470	0.0420	NaN	0.0330	0.2776
119.3840	0.2455	0.0420	NaN	0.0330	0.2776
119.3825	0.2460	0.0421	NaN	0.0330	0.2776
119.3848	0.2460	0.0421	NaN	0.0330	0.2776
119.3870	0.2452	0.0420	NaN	0.0330	0.2776
119.3874	0.2466	0.0421	NaN	0.0330	0.2776
119.3888	0.2405	0.0419	NaN	0.0330	0.2777
119.3884	0.2368	0.0418	NaN	0.0330	0.2776
119.3911	0.2262	0.0414	NaN	0.0331	0.2776
119.3926	0.2204	0.0412	NaN	0.0331	0.2777
119.3936	0.2140	0.0410	NaN	0.0331	0.2777
119.3945	0.2125	0.0409	NaN	0.0331	0.2777
119.3959	0.2109	0.0409	NaN	0.0331	0.2777
119.3973	0.2159	0.0410	NaN	0.0331	0.2777
119.3981	0.2100	0.0409	NaN	0.0331	0.2778
119.3974	0.2065	0.0408	NaN	0.0331	0.2778
119.3997	0.2055	0.0407	NaN	0.0331	0.2778
119.4021	0.2080	0.0408	NaN	0.0331	0.2778
119.4008	0.2060	0.0407	NaN	0.0331	0.2778
119.4049	0.1937	0.0404	NaN	0.0332	0.2779
119.4047	0.1889	0.0402	NaN	0.0332	0.2780
119.4080	0.1875	0.0402	NaN	0.0332	0.2780
119.4094	0.1877	0.0402	NaN	0.0332	0.2780
119.4080	0.1921	0.0403	NaN	0.0332	0.2780
119.4094	0.1894	0.0402	NaN	0.0332	0.2780
119.4114	0.1865	0.0401	NaN	0.0332	0.2780
119.4114	0.1833	0.0400	NaN	0.0332	0.2780
119.4147	0.1806	0.0400	NaN	0.0333	0.2781
119.4150	0.1810	0.0400	NaN	0.0333	0.2781
119.4163	0.1806	0.0400	NaN	0.0332	0.2781
119.4209	0.1782	0.0399	NaN	0.0333	0.2781
119.4181	0.1759	0.0399	NaN	0.0333	0.2780
119.4200	0.1741	0.0398	NaN	0.0333	0.2779
119.4224	0.1719	0.0398	NaN	0.0333	0.2779
119.4224	0.1710	0.0397	NaN	0.0334	0.2778
119.4239	0.1704	0.0397	NaN	0.0334	0.2778
119.4224	0.1700	0.0397	NaN	0.0334	0.2778
119.4263	0.1698	0.0397	NaN	0.0334	0.2778
119.4278	0.1688	0.0397	NaN	0.0334	0.2779
119.4279	0.1674	0.0396	NaN	0.0334	0.2780
119.4287	0.1666	0.0397	NaN	0.0335	0.2782
119.4306	0.1651	0.0396	NaN	0.0335	0.2782
119.4328	0.1643	0.0396	NaN	0.0335	0.2782
119.4335	0.1629	0.0396	NaN	0.0335	0.2782
119.4337	0.1632	0.0396	NaN	0.0335	0.2782
119.4362	0.1639	0.0396	NaN	0.0335	0.2783
119.4387	0.1637	0.0396	NaN	0.0335	0.2782
119.4384	0.1628	0.0396	NaN	0.0335	0.2782
119.4396	0.1623	0.0396	NaN	0.0335	0.2781
119.4384	0.1616	0.0396	NaN	0.0335	0.2780
119.4422	0.1599	0.0395	NaN	0.0336	0.2780
119.4423	0.1598	0.0395	NaN	0.0336	0.2781
119.4427	0.1613	0.0396	NaN	0.0335	0.2782
119.4442	0.1613	0.0396	NaN	0.0335	0.2782
119.4455	0.1596	0.0395	NaN	0.0336	0.2782
119.4441	0.1580	0.0395	NaN	0.0336	0.2781
119.4467	0.1575	0.0395	NaN	0.0336	0.2780
119.4470	0.1559	0.0395	NaN	0.0337	0.2780
119.4501	0.1561	0.0395	NaN	0.0337	0.2780
119.4521	0.1550	0.0395	NaN	0.0337	0.2779
119.4529	0.1553	0.0395	NaN	0.0337	0.2780
119.4521	0.1542	0.0395	NaN	0.0337	0.2779
119.4559	0.1532	0.0394	NaN	0.0337	0.2779
119.4567	0.1522	0.0394	NaN	0.0337	0.2779
119.4566	0.1505	0.0394	NaN	0.0338	0.2780
119.4557	0.1508	0.0394	NaN	0.0338	0.2780
119.4583	0.1506	0.0394	NaN	0.0338	0.2780
119.4605	0.1505	0.0394	NaN	0.0338	0.2780
119.4616	0.1499	0.0394	NaN	0.0338	0.2780
119.4642	0.1491	0.0394	NaN	0.0338	0.2780
119.4614	0.1492	0.0394	NaN	0.0338	0.2780
119.4649	0.1484	0.0394	NaN	0.0338	0.2780
119.4675	0.1483	0.0394	NaN	0.0339	0.2779
119.4643	0.1481	0.0394	NaN	0.0339	0.2780
119.4677	0.1480	0.0394	NaN	0.0339	0.2780
119.4707	0.1485	0.0394	NaN	0.0339	0.2780
119.4697	0.1483	0.0394	NaN	0.0339	0.2780
119.4705	0.1480	0.0394	NaN	0.0339	0.2781
119.4719	0.1481	0.0394	NaN	0.0339	0.2781
119.4750	0.1490	0.0395	NaN	0.0339	0.2781
119.4774	0.1505	0.0396	NaN	0.0339	0.2781
119.4764	0.1505	0.0396	NaN	0.0340	0.2781
119.4802	0.1520	0.0397	NaN	0.0340	0.2781
119.4791	0.1529	0.0397	NaN	0.0340	0.2781
119.4807	0.1544	0.0398	NaN	0.0340	0.2780
119.4814	0.1551	0.0398	NaN	0.0340	0.2781
119.4796	0.1542	0.0398	NaN	0.0340	0.2781
119.4825	0.1553	0.0398	NaN	0.0340	0.2781
119.4848	0.1563	0.0399	NaN	0.0341	0.2781
119.4848	0.1571	0.0400	NaN	0.0341	0.2780
119.4868	0.1579	0.0401	NaN	0.0342	0.2780
119.4889	0.1585	0.0401	NaN	0.0342	0.2779
119.4882	0.1582	0.0401	NaN	0.0342	0.2779
119.4902	0.1584	0.0401	NaN	0.0342	0.2780
119.4893	0.1582	0.0401	NaN	0.0342	0.2780
119.4914	0.1588	0.0401	NaN	0.0342	0.2780
119.4937	0.1591	0.0401	NaN	0.0342	0.2779
119.4935	0.1589	0.0402	NaN	0.0343	0.2777
119.4949	0.1588	0.0402	NaN	0.0343	0.2776
119.4959	0.1591	0.0402	NaN	0.0343	0.2776
119.4958	0.1592	0.0403	NaN	0.0343	0.2776
119.4987	0.1592	0.0403	NaN	0.0343	0.2777
119.4991	0.1590	0.0403	NaN	0.0343	0.2776
119.5013	0.1590	0.0403	NaN	0.0344	0.2777
119.5022	0.1593	0.0403	NaN	0.0344	0.2777
119.5026	0.1593	0.0403	NaN	0.0344	0.2777
119.5050	0.1592	0.0403	NaN	0.0344	0.2776
119.5039	0.1592	0.0403	NaN	0.0344	0.2777
119.5071	0.1591	0.0403	NaN	0.0344	0.2777
119.5076	0.1590	0.0404	NaN	0.0344	0.2777
119.5094	0.1587	0.0404	NaN	0.0344	0.2777
119.5125	0.1588	0.0404	NaN	0.0345	0.2777
119.5133	0.1589	0.0404	NaN	0.0345	0.2776
119.5134	0.1590	0.0404	NaN	0.0345	0.2777
119.5144	0.1590	0.0404	NaN	0.0344	0.2777
119.5141	0.1589	0.0404	NaN	0.0344	0.2777
119.5155	0.1589	0.0404	NaN	0.0345	0.2778
119.5181	0.1589	0.0404	NaN	0.0345	0.2777
119.5189	0.1590	0.0404	NaN	0.0345	0.2778
119.5207	0.1592	0.0404	NaN	0.0345	0.2778
119.5227	0.1590	0.0405	NaN	0.0346	0.2778
119.5221	0.1586	0.0405	NaN	0.0346	0.2778
119.5241	0.1580	0.0405	NaN	0.0346	0.2777
119.5243	0.1578	0.0405	NaN	0.0346	0.2777
119.5254	0.1579	0.0405	NaN	0.0346	0.2778
119.5290	0.1580	0.0405	NaN	0.0347	0.2777
119.5272	0.1582	0.0405	NaN	0.0346	0.2778
119.5290	0.1583	0.0406	NaN	0.0347	0.2777
119.5307	0.1581	0.0406	NaN	0.0347	0.2777
119.5316	0.1580	0.0407	NaN	0.0348	0.2776
119.5359	0.1582	0.0407	NaN	0.0348	0.2776
119.5339	0.1577	0.0407	NaN	0.0348	0.2776
119.5370	0.1574	0.0407	NaN	0.0349	0.2775
119.5390	0.1575	0.0408	NaN	0.0349	0.2776
119.5388	0.1576	0.0408	NaN	0.0349	0.2775
119.5406	0.1577	0.0408	NaN	0.0349	0.2775
119.5411	0.1577	0.0408	NaN	0.0349	0.2774
119.5429	0.1578	0.0408	NaN	0.0349	0.2775
119.5438	0.1581	0.0408	NaN	0.0350	0.2775
119.5441	0.1575	0.0409	NaN	0.0350	0.2775
119.5459	0.1575	0.0408	NaN	0.0350	0.2775
119.5454	0.1573	0.0408	NaN	0.0350	0.2775
119.5473	0.1571	0.0409	NaN	0.0350	0.2774
119.5492	0.1573	0.0409	NaN	0.0351	0.2774
119.5507	0.1567	0.0410	NaN	0.0351	0.2774
119.5534	0.1562	0.0410	NaN	0.0352	0.2774
119.5532	0.1563	0.0410	NaN	0.0352	0.2775
119.5536	0.1563	0.0410	NaN	0.0352	0.2775
119.5547	0.1562	0.0410	NaN	0.0352	0.2775
119.5533	0.1563	0.0410	NaN	0.0351	0.2776
119.5577	0.1563	0.0410	NaN	0.0351	0.2776
119.5571	0.1564	0.0410	NaN	0.0351	0.2776
119.5582	0.1567	0.0410	NaN	0.0352	0.2776
119.5589	0.1569	0.0410	NaN	0.0352	0.2776
119.5617	0.1565	0.0410	NaN	0.0352	0.2776
119.5618	0.1562	0.0410	NaN	0.0352	0.2776
119.5648	0.1564	0.0410	NaN	0.0352	0.2777
119.5644	0.1565	0.0411	NaN	0.0352	0.2776
119.5672	0.1564	0.0411	NaN	0.0353	0.2776
119.5675	0.1565	0.0411	NaN	0.0353	0.2776
119.5663	0.1564	0.0411	NaN	0.0353	0.2776
119.5698	0.1563	0.0411	NaN	0.0353	0.2775
119.5735	0.1560	0.0412	NaN	0.0354	0.2776
119.5731	0.1558	0.0413	NaN	0.0354	0.2775
119.5745	0.1556	0.0413	NaN	0.0355	0.2775
119.5735	0.1556	0.0413	NaN	0.0355	0.2776
119.5757	0.1555	0.0413	NaN	0.0355	0.2775
119.5767	0.1554	0.0414	NaN	0.0356	0.2775
119.5782	0.1555	0.0414	NaN	0.0356	0.2775
119.5796	0.1553	0.0414	NaN	0.0356	0.2775
119.5799	0.1552	0.0414	NaN	0.0356	0.2775
119.5802	0.1553	0.0414	NaN	0.0356	0.2776
119.5823	0.1552	0.0414	NaN	0.0356	0.2777
119.5819	0.1554	0.0414	NaN	0.0355	0.2777
119.5845	0.1553	0.0413	NaN	0.0355	0.2777
119.5869	0.1550	0.0414	NaN	0.0356	0.2777
119.5860	0.1555	0.0414	NaN	0.0356	0.2777
119.5878	0.1555	0.0414	NaN	0.0356	0.2777
119.5885	0.1558	0.0414	NaN	0.0356	0.2778
119.5897	0.1555	0.0415	NaN	0.0356	0.2777
119.5921	0.1552	0.0415	NaN	0.0357	0.2776
119.5917	0.1551	0.0415	NaN	0.0358	0.2777
119.5936	0.1551	0.0416	NaN	0.0358	0.2777
119.5946	0.1550	0.0416	NaN	0.0358	0.2777
119.5948	0.1547	0.0415	NaN	0.0358	0.2777
119.5971	0.1543	0.0415	NaN	0.0357	0.2777
119.5982	0.1546	0.0415	NaN	0.0357	0.2777
119.5999	0.1542	0.0415	NaN	0.0358	0.2776
119.6026	0.1537	0.0415	NaN	0.0358	0.2776
119.6031	0.1536	0.0415	NaN	0.0358	0.2777
119.6049	0.1535	0.0416	NaN	0.0359	0.2777
119.6041	0.1535	0.0416	NaN	0.0359	0.2777
119.6074	0.1533	0.0416	NaN	0.0359	0.2776
119.6091	0.1532	0.0417	NaN	0.0360	0.2776
119.6086	0.1532	0.0417	NaN	0.0360	0.2776
119.6097	0.1534	0.0418	NaN	0.0361	0.2778
119.6117	0.1537	0.0417	NaN	0.0360	0.2779
119.6120	0.1537	0.0417	NaN	0.0360	0.2780
119.6146	0.1538	0.0418	NaN	0.0360	0.2780
119.6144	0.1543	0.0418	NaN	0.0361	0.2780
119.6151	0.1543	0.0419	NaN	0.0361	0.2779
119.6185	0.1538	0.0419	NaN	0.0362	0.2778
119.6177	0.1536	0.0420	NaN	0.0362	0.2778
119.6199	0.1533	0.0420	NaN	0.0362	0.2779
119.6219	0.1532	0.0419	NaN	0.0362	0.2779
119.6220	0.1536	0.0420	NaN	0.0362	0.2778
119.6230	0.1542	0.0420	NaN	0.0362	0.2778
119.6230	0.1546	0.0420	NaN	0.0362	0.2780
119.6255	0.1546	0.0420	NaN	0.0362	0.2781
119.6254	0.1544	0.0420	NaN	0.0363	0.2782
119.6286	0.1543	0.0421	NaN	0.0363	0.2781
119.6294	0.1542	0.0421	NaN	0.0364	0.2780
119.6293	0.1540	0.0422	NaN	0.0364	0.2779
119.6302	0.1538	0.0422	NaN	0.0364	0.2779
119.6331	0.1534	0.0422	NaN	0.0365	0.2779
119.6322	0.1537	0.0422	NaN	0.0364	0.2779
119.6350	0.1541	0.0422	NaN	0.0364	0.2779
119.6365	0.1540	0.0422	NaN	0.0365	0.2778
119.6358	0.1542	0.0422	NaN	0.0364	0.2778
119.6350	0.1539	0.0422	NaN	0.0365	0.2779
119.6359	0.1536	0.0422	NaN	0.0365	0.2779
119.6401	0.1535	0.0423	NaN	0.0366	0.2779
119.6425	0.1533	0.0423	NaN	0.0366	0.2779
119.6429	0.1535	0.0423	NaN	0.0366	0.2780
119.6449	0.1534	0.0423	NaN	0.0366	0.2780
119.6479	0.1532	0.0423	NaN	0.0366	0.2780
119.6463	0.1533	0.0423	NaN	0.0366	0.2780
119.6481	0.1533	0.0424	NaN	0.0366	0.2779
119.6478	0.1533	0.0424	NaN	0.0367	0.2779
119.6509	0.1534	0.0425	NaN	0.0367	0.2779
119.6522	0.1537	0.0425	NaN	0.0368	0.2779
119.6527	0.1539	0.0425	NaN	0.0368	0.2779
119.6563	0.1536	0.0425	NaN	0.0368	0.2780
119.6570	0.1536	0.0425	NaN	0.0367	0.2780
119.6566	0.1538	0.0425	NaN	0.0367	0.2780
119.6570	0.1540	0.0425	NaN	0.0368	0.2780
119.6569	0.1539	0.0426	NaN	0.0368	0.2780
119.6588	0.1539	0.0426	NaN	0.0369	0.2780
119.6594	0.1538	0.0426	NaN	0.0369	0.2780
119.6603	0.1540	0.0426	NaN	0.0369	0.2780
119.6650	0.1539	0.0427	NaN	0.0369	0.2781
119.6623	0.1536	0.0427	NaN	0.0369	0.2780
119.6640	0.1538	0.0427	NaN	0.0370	0.2780
119.6642	0.1536	0.0427	NaN	0.0370	0.2780
119.6637	0.1537	0.0427	NaN	0.0370	0.2780
119.6665	0.1536	0.0427	NaN	0.0370	0.2780
119.6675	0.1537	0.0427	NaN	0.0369	0.2781
119.6690	0.1539	0.0427	NaN	0.0369	0.2781
119.6710	0.1538	0.0427	NaN	0.0369	0.2781
119.6712	0.1537	0.0427	NaN	0.0370	0.2781
119.6731	0.1536	0.0428	NaN	0.0371	0.2780
119.6751	0.1535	0.0429	NaN	0.0371	0.2781
119.6757	0.1535	0.0429	NaN	0.0372	0.2780
119.6778	0.1536	0.0429	NaN	0.0371	0.2781
119.6794	0.1536	0.0429	NaN	0.0372	0.2780
119.6791	0.1534	0.0429	NaN	0.0372	0.2780
119.6823	0.1534	0.0430	NaN	0.0373	0.2780
119.6817	0.1534	0.0431	NaN	0.0373	0.2781
119.6840	0.1534	0.0431	NaN	0.0374	0.2781
119.6847	0.1531	0.0431	NaN	0.0374	0.2781
119.6836	0.1529	0.0432	NaN	0.0374	0.2781
119.6858	0.1530	0.0431	NaN	0.0374	0.2781
119.6863	0.1532	0.0432	NaN	0.0374	0.2781
119.6889	0.1531	0.0431	NaN	0.0374	0.2781
119.6895	0.1528	0.0431	NaN	0.0374	0.2781
119.6906	0.1526	0.0431	NaN	0.0374	0.2781
119.6926	0.1524	0.0431	NaN	0.0374	0.2781
119.6944	0.1523	0.0432	NaN	0.0375	0.2781
119.6951	0.1521	0.0432	NaN	0.0375	0.2781
119.6973	0.1518	0.0433	NaN	0.0376	0.2781
119.6990	0.1517	0.0433	NaN	0.0376	0.2781
119.6978	0.1517	0.0433	NaN	0.0377	0.2781
119.7008	0.1512	0.0434	NaN	0.0378	0.2782
119.6997	0.1508	0.0434	NaN	0.0378	0.2783
119.7028	0.1509	0.0435	NaN	0.0378	0.2783
119.7046	0.1509	0.0435	NaN	0.0379	0.2784
119.7051	0.1510	0.0435	NaN	0.0378	0.2785
119.7071	0.1511	0.0435	NaN	0.0379	0.2786
119.7048	0.1511	0.0435	NaN	0.0378	0.2785
119.7086	0.1512	0.0436	NaN	0.0379	0.2784
119.7099	0.1510	0.0436	NaN	0.0380	0.2784
119.7097	0.1515	0.0437	NaN	0.0381	0.2784
119.7119	0.1513	0.0438	NaN	0.0381	0.2786
119.7113	0.1510	0.0438	NaN	0.0381	0.2787
119.7133	0.1511	0.0439	NaN	0.0382	0.2789
119.7135	0.1514	0.0439	NaN	0.0382	0.2788
119.7159	0.1510	0.0439	NaN	0.0382	0.2788
119.7170	0.1510	0.0439	NaN	0.0383	0.2787
119.7191	0.1513	0.0439	NaN	0.0382	0.2787
119.7198	0.1508	0.0439	NaN	0.0382	0.2786
119.7220	0.1504	0.0439	NaN	0.0383	0.2788
119.7206	0.1504	0.0439	NaN	0.0383	0.2786
119.7213	0.1505	0.0440	NaN	0.0383	0.2784
119.7239	0.1510	0.0440	NaN	0.0383	0.2785
119.7233	0.1517	0.0440	NaN	0.0382	0.2785
119.7253	0.1518	0.0440	NaN	0.0383	0.2785
119.7257	0.1515	0.0440	NaN	0.0383	0.2785
119.7278	0.1513	0.0439	NaN	0.0383	0.2785
119.7298	0.1513	0.0440	NaN	0.0383	0.2787
119.7289	0.1515	0.0439	NaN	0.0382	0.2787
119.7315	0.1517	0.0439	NaN	0.0382	0.2787
119.7315	0.1515	0.0440	NaN	0.0383	0.2790
119.7319	0.1511	0.0440	NaN	0.0383	0.2792
119.7334	0.1508	0.0440	NaN	0.0384	0.2791
119.7357	0.1505	0.0441	NaN	0.0384	0.2791
119.7361	0.1499	0.0441	NaN	0.0385	0.2790
119.7370	0.1495	0.0441	NaN	0.0385	0.2789
119.7369	0.1496	0.0442	NaN	0.0385	0.2789
119.7385	0.1499	0.0442	NaN	0.0386	0.2790
119.7391	0.1498	0.0442	NaN	0.0385	0.2791
119.7405	0.1498	0.0442	NaN	0.0385	0.2789
119.7427	0.1501	0.0442	NaN	0.0385	0.2790
119.7428	0.1504	0.0442	NaN	0.0385	0.2791
119.7454	0.1506	0.0443	NaN	0.0386	0.2790
119.7469	0.1505	0.0443	NaN	0.0386	0.2788
119.7469	0.1503	0.0443	NaN	0.0386	0.2788
119.7485	0.1502	0.0443	NaN	0.0386	0.2791
119.7529	0.1503	0.0444	NaN	0.0388	0.2792
119.7528	0.1502	0.0444	NaN	0.0387	0.2790
119.7522	0.1498	0.0444	NaN	0.0388	0.2789
119.7539	0.1498	0.0444	NaN	0.0387	0.2789
119.7564	0.1498	0.0444	NaN	0.0388	0.2791
119.7572	0.1511	0.0444	NaN	0.0387	0.2792
119.7588	0.1504	0.0444	NaN	0.0388	0.2793
119.7606	0.1503	0.0445	NaN	0.0389	0.2794
119.7595	0.1502	0.0446	NaN	0.0389	0.2793
119.7613	0.1501	0.0445	NaN	0.0389	0.2793
119.7624	0.1503	0.0446	NaN	0.0389	0.2793
119.7630	0.1505	0.0446	NaN	0.0389	0.2792
119.7635	0.1506	0.0447	NaN	0.0390	0.2794
119.7683	0.1503	0.0448	NaN	0.0391	0.2794
119.7650	0.1501	0.0448	NaN	0.0391	0.2794
119.7666	0.1500	0.0447	NaN	0.0391	0.2793
119.7696	0.1499	0.0448	NaN	0.0392	0.2794
119.7712	0.1502	0.0448	NaN	0.0391	0.2795
119.7730	0.1497	0.0448	NaN	0.0392	0.2795
119.7735	0.1495	0.0449	NaN	0.0392	0.2795
119.7752	0.1495	0.0448	NaN	0.0392	0.2796
119.7756	0.1493	0.0449	NaN	0.0393	0.2796
119.7761	0.1492	0.0449	NaN	0.0393	0.2796
119.7766	0.1492	0.0449	NaN	0.0393	0.2796
119.7777	0.1492	0.0449	NaN	0.0393	0.2797
119.7803	0.1492	0.0450	NaN	0.0394	0.2798
119.7825	0.1490	0.0451	NaN	0.0395	0.2799
119.7827	0.1492	0.0451	NaN	0.0395	0.2800
119.7834	0.1493	0.0452	NaN	0.0395	0.2801
119.7841	0.1491	0.0452	NaN	0.0396	0.2801
119.7855	0.1490	0.0452	NaN	0.0396	0.2801
119.7872	0.1489	0.0453	NaN	0.0397	0.2801
119.7864	0.1488	0.0453	NaN	0.0397	0.2801
119.7894	0.1488	0.0454	NaN	0.0398	0.2801
119.7918	0.1486	0.0454	NaN	0.0398	0.2801
119.7916	0.1484	0.0454	NaN	0.0398	0.2800
119.7937	0.1484	0.0454	NaN	0.0398	0.2800
119.7951	0.1487	0.0455	NaN	0.0399	0.2801
119.7935	0.1488	0.0454	NaN	0.0398	0.2801
119.7957	0.1490	0.0455	NaN	0.0398	0.2801
119.7951	0.1491	0.0455	NaN	0.0399	0.2801
119.8005	0.1495	0.0455	NaN	0.0399	0.2801
119.7987	0.1496	0.0455	NaN	0.0399	0.2801
119.8005	0.1496	0.0455	NaN	0.0399	0.2801
119.8007	0.1492	0.0455	NaN	0.0399	0.2801
119.8009	0.1490	0.0455	NaN	0.0399	0.2801
119.8030	0.1491	0.0456	NaN	0.0399	0.2800
119.8037	0.1491	0.0456	NaN	0.0400	0.2802
119.8056	0.1491	0.0456	NaN	0.0400	0.2802
119.8078	0.1492	0.0457	NaN	0.0400	0.2803
119.8113	0.1491	0.0457	NaN	0.0401	0.2804
119.8096	0.1495	0.0456	NaN	0.0400	0.2804
119.8122	0.1496	0.0456	NaN	0.0400	0.2804
119.8123	0.1497	0.0456	NaN	0.0400	0.2804
119.8137	0.1497	0.0457	NaN	0.0400	0.2804
119.8158	0.1492	0.0457	NaN	0.0401	0.2803
119.8158	0.1490	0.0457	NaN	0.0401	0.2803
119.8173	0.1487	0.0457	NaN	0.0401	0.2803
119.8193	0.1488	0.0457	NaN	0.0401	0.2804
119.8199	0.1487	0.0458	NaN	0.0402	0.2804
119.8234	0.1484	0.0458	NaN	0.0402	0.2804
119.8222	0.1486	0.0459	NaN	0.0403	0.2804
119.8233	0.1491	0.0459	NaN	0.0403	0.2804
119.8258	0.1493	0.0460	NaN	0.0403	0.2804
119.8265	0.1492	0.0460	NaN	0.0404	0.2804
119.8276	0.1493	0.0460	NaN	0.0404	0.2805
119.8277	0.1490	0.0460	NaN	0.0404	0.2805
119.8311	0.1491	0.0460	NaN	0.0404	0.2805
119.8315	0.1491	0.0460	NaN	0.0404	0.2804
119.8317	0.1492	0.0460	NaN	0.0404	0.2804
119.8335	0.1493	0.0460	NaN	0.0404	0.2804
