# 21092021_12_36_26_group11_Mes2_Temp24_1Peak.dat
# Measuring of the Zeemann splitting 
# modus: scanning laser current/frequency via I/P MOD
# 
x(A/Hz/V/nm) yai0(V) yai1(V) yai2(V) yai3(V) yai4(V)
118.6356	0.1326	0.0534	NaN	0.0485	0.2716
118.6343	0.1321	0.0535	NaN	0.0487	0.2716
118.6351	0.1321	0.0536	NaN	0.0488	0.2717
118.6335	0.1318	0.0536	NaN	0.0489	0.2718
118.6344	0.1313	0.0537	NaN	0.0489	0.2718
118.6352	0.1310	0.0538	NaN	0.0490	0.2718
118.6357	0.1309	0.0538	NaN	0.0490	0.2720
118.6361	0.1309	0.0538	NaN	0.0491	0.2721
118.6385	0.1309	0.0539	NaN	0.0491	0.2722
118.6376	0.1308	0.0539	NaN	0.0492	0.2723
118.6393	0.1307	0.0539	NaN	0.0492	0.2724
118.6394	0.1306	0.0539	NaN	0.0492	0.2725
118.6396	0.1305	0.0539	NaN	0.0492	0.2726
118.6393	0.1306	0.0539	NaN	0.0492	0.2726
118.6403	0.1305	0.0540	NaN	0.0492	0.2726
118.6431	0.1306	0.0540	NaN	0.0492	0.2725
118.6431	0.1307	0.0540	NaN	0.0492	0.2724
118.6429	0.1308	0.0540	NaN	0.0492	0.2724
118.6438	0.1307	0.0540	NaN	0.0492	0.2725
118.6437	0.1307	0.0540	NaN	0.0492	0.2725
118.6433	0.1308	0.0540	NaN	0.0492	0.2724
118.6463	0.1310	0.0540	NaN	0.0493	0.2725
118.6469	0.1311	0.0540	NaN	0.0493	0.2726
118.6484	0.1310	0.0540	NaN	0.0493	0.2726
118.6488	0.1307	0.0540	NaN	0.0493	0.2726
118.6476	0.1306	0.0540	NaN	0.0493	0.2727
118.6477	0.1304	0.0540	NaN	0.0493	0.2726
118.6497	0.1307	0.0540	NaN	0.0493	0.2726
118.6503	0.1309	0.0540	NaN	0.0493	0.2725
118.6516	0.1312	0.0540	NaN	0.0493	0.2725
118.6505	0.1310	0.0540	NaN	0.0493	0.2726
118.6525	0.1309	0.0540	NaN	0.0493	0.2723
118.6523	0.1309	0.0540	NaN	0.0493	0.2722
118.6523	0.1307	0.0540	NaN	0.0493	0.2722
118.6553	0.1308	0.0540	NaN	0.0492	0.2722
118.6548	0.1309	0.0540	NaN	0.0492	0.2722
118.6546	0.1309	0.0540	NaN	0.0492	0.2723
118.6567	0.1311	0.0540	NaN	0.0492	0.2723
118.6562	0.1312	0.0540	NaN	0.0492	0.2723
118.6570	0.1312	0.0540	NaN	0.0492	0.2723
118.6586	0.1311	0.0540	NaN	0.0492	0.2722
118.6594	0.1309	0.0540	NaN	0.0492	0.2720
118.6604	0.1307	0.0540	NaN	0.0492	0.2719
118.6588	0.1310	0.0540	NaN	0.0492	0.2719
118.6610	0.1311	0.0540	NaN	0.0492	0.2718
118.6609	0.1311	0.0540	NaN	0.0492	0.2719
118.6608	0.1310	0.0540	NaN	0.0492	0.2717
118.6638	0.1313	0.0540	NaN	0.0492	0.2717
118.6635	0.1318	0.0540	NaN	0.0492	0.2717
118.6632	0.1316	0.0540	NaN	0.0492	0.2717
118.6640	0.1316	0.0540	NaN	0.0492	0.2717
118.6644	0.1313	0.0540	NaN	0.0492	0.2718
118.6641	0.1312	0.0540	NaN	0.0493	0.2718
118.6683	0.1314	0.0540	NaN	0.0492	0.2717
118.6664	0.1315	0.0540	NaN	0.0492	0.2717
118.6656	0.1315	0.0540	NaN	0.0492	0.2717
118.6669	0.1318	0.0540	NaN	0.0492	0.2718
118.6674	0.1317	0.0540	NaN	0.0492	0.2718
118.6671	0.1317	0.0540	NaN	0.0492	0.2718
118.6676	0.1313	0.0540	NaN	0.0492	0.2717
118.6702	0.1308	0.0540	NaN	0.0492	0.2718
118.6693	0.1308	0.0540	NaN	0.0492	0.2718
118.6701	0.1306	0.0540	NaN	0.0492	0.2718
118.6710	0.1306	0.0540	NaN	0.0492	0.2719
118.6716	0.1306	0.0540	NaN	0.0492	0.2719
118.6716	0.1309	0.0540	NaN	0.0492	0.2720
118.6726	0.1308	0.0540	NaN	0.0492	0.2720
118.6729	0.1309	0.0540	NaN	0.0492	0.2720
118.6726	0.1309	0.0540	NaN	0.0492	0.2721
118.6750	0.1305	0.0540	NaN	0.0492	0.2722
118.6754	0.1309	0.0540	NaN	0.0492	0.2722
118.6733	0.1314	0.0540	NaN	0.0492	0.2722
118.6743	0.1313	0.0540	NaN	0.0492	0.2722
118.6760	0.1308	0.0540	NaN	0.0492	0.2721
118.6770	0.1306	0.0540	NaN	0.0492	0.2720
118.6782	0.1313	0.0539	NaN	0.0492	0.2720
118.6794	0.1316	0.0540	NaN	0.0492	0.2721
118.6802	0.1311	0.0539	NaN	0.0492	0.2720
118.6794	0.1310	0.0539	NaN	0.0492	0.2721
118.6816	0.1310	0.0539	NaN	0.0492	0.2720
118.6813	0.1308	0.0539	NaN	0.0492	0.2720
118.6814	0.1307	0.0539	NaN	0.0492	0.2720
118.6824	0.1308	0.0539	NaN	0.0492	0.2722
118.6861	0.1308	0.0540	NaN	0.0492	0.2722
118.6840	0.1307	0.0539	NaN	0.0492	0.2721
118.6831	0.1305	0.0539	NaN	0.0492	0.2721
118.6846	0.1305	0.0539	NaN	0.0492	0.2723
118.6856	0.1307	0.0539	NaN	0.0492	0.2726
118.6862	0.1302	0.0539	NaN	0.0492	0.2726
118.6862	0.1305	0.0539	NaN	0.0492	0.2727
118.6870	0.1312	0.0539	NaN	0.0492	0.2726
118.6866	0.1310	0.0539	NaN	0.0492	0.2725
118.6896	0.1307	0.0540	NaN	0.0492	0.2725
118.6893	0.1304	0.0539	NaN	0.0492	0.2725
118.6906	0.1304	0.0539	NaN	0.0492	0.2724
118.6905	0.1304	0.0539	NaN	0.0492	0.2721
118.6910	0.1305	0.0539	NaN	0.0492	0.2718
118.6915	0.1306	0.0539	NaN	0.0492	0.2719
118.6943	0.1307	0.0539	NaN	0.0491	0.2719
118.6926	0.1306	0.0539	NaN	0.0492	0.2718
118.6921	0.1305	0.0539	NaN	0.0492	0.2719
118.6929	0.1302	0.0539	NaN	0.0491	0.2718
118.6942	0.1302	0.0539	NaN	0.0492	0.2718
118.6940	0.1305	0.0539	NaN	0.0492	0.2718
118.6937	0.1307	0.0539	NaN	0.0492	0.2719
118.6969	0.1308	0.0539	NaN	0.0492	0.2719
118.6948	0.1309	0.0539	NaN	0.0492	0.2720
118.6963	0.1312	0.0539	NaN	0.0492	0.2720
118.6978	0.1312	0.0539	NaN	0.0492	0.2719
118.6972	0.1309	0.0539	NaN	0.0492	0.2718
118.6977	0.1307	0.0539	NaN	0.0492	0.2718
118.6994	0.1307	0.0539	NaN	0.0491	0.2718
118.7003	0.1305	0.0539	NaN	0.0491	0.2719
118.7029	0.1306	0.0539	NaN	0.0492	0.2719
118.7008	0.1308	0.0539	NaN	0.0491	0.2720
118.7021	0.1311	0.0539	NaN	0.0491	0.2721
118.7022	0.1312	0.0539	NaN	0.0491	0.2723
118.7032	0.1312	0.0539	NaN	0.0491	0.2724
118.7043	0.1313	0.0538	NaN	0.0491	0.2725
118.7049	0.1316	0.0539	NaN	0.0491	0.2726
118.7043	0.1317	0.0539	NaN	0.0491	0.2725
118.7056	0.1316	0.0539	NaN	0.0491	0.2725
118.7062	0.1310	0.0539	NaN	0.0491	0.2725
118.7050	0.1311	0.0539	NaN	0.0491	0.2725
118.7079	0.1309	0.0538	NaN	0.0491	0.2726
118.7068	0.1307	0.0539	NaN	0.0491	0.2725
118.7065	0.1315	0.0539	NaN	0.0491	0.2726
118.7077	0.1318	0.0539	NaN	0.0491	0.2727
118.7087	0.1316	0.0538	NaN	0.0491	0.2727
118.7090	0.1315	0.0539	NaN	0.0491	0.2728
118.7089	0.1314	0.0539	NaN	0.0491	0.2730
118.7117	0.1314	0.0539	NaN	0.0491	0.2732
118.7121	0.1317	0.0539	NaN	0.0491	0.2732
118.7103	0.1311	0.0539	NaN	0.0491	0.2733
118.7121	0.1307	0.0539	NaN	0.0491	0.2734
118.7125	0.1310	0.0538	NaN	0.0491	0.2734
118.7115	0.1309	0.0538	NaN	0.0491	0.2734
118.7145	0.1310	0.0538	NaN	0.0491	0.2734
118.7149	0.1311	0.0538	NaN	0.0491	0.2733
118.7156	0.1309	0.0538	NaN	0.0491	0.2733
118.7176	0.1315	0.0538	NaN	0.0491	0.2734
118.7168	0.1314	0.0538	NaN	0.0491	0.2734
118.7167	0.1310	0.0538	NaN	0.0490	0.2734
118.7184	0.1312	0.0538	NaN	0.0491	0.2733
118.7168	0.1310	0.0538	NaN	0.0491	0.2733
118.7178	0.1307	0.0538	NaN	0.0491	0.2733
118.7168	0.1309	0.0538	NaN	0.0491	0.2733
118.7194	0.1311	0.0538	NaN	0.0490	0.2735
118.7198	0.1310	0.0538	NaN	0.0490	0.2734
118.7189	0.1308	0.0538	NaN	0.0490	0.2735
118.7213	0.1310	0.0538	NaN	0.0490	0.2736
118.7206	0.1315	0.0538	NaN	0.0490	0.2735
118.7229	0.1314	0.0538	NaN	0.0491	0.2735
118.7230	0.1314	0.0538	NaN	0.0490	0.2735
118.7232	0.1313	0.0538	NaN	0.0491	0.2735
118.7214	0.1314	0.0538	NaN	0.0491	0.2735
118.7222	0.1315	0.0538	NaN	0.0490	0.2735
118.7244	0.1315	0.0538	NaN	0.0490	0.2736
118.7241	0.1312	0.0538	NaN	0.0490	0.2736
118.7253	0.1310	0.0538	NaN	0.0490	0.2736
118.7271	0.1307	0.0538	NaN	0.0490	0.2736
118.7266	0.1305	0.0538	NaN	0.0490	0.2735
118.7273	0.1305	0.0538	NaN	0.0490	0.2736
118.7290	0.1307	0.0537	NaN	0.0490	0.2736
118.7298	0.1308	0.0537	NaN	0.0490	0.2736
118.7297	0.1308	0.0537	NaN	0.0490	0.2736
118.7322	0.1307	0.0537	NaN	0.0490	0.2736
118.7325	0.1307	0.0537	NaN	0.0490	0.2736
118.7318	0.1305	0.0537	NaN	0.0490	0.2735
118.7329	0.1307	0.0538	NaN	0.0490	0.2735
118.7342	0.1306	0.0538	NaN	0.0490	0.2734
118.7341	0.1307	0.0538	NaN	0.0490	0.2734
118.7345	0.1308	0.0537	NaN	0.0490	0.2734
118.7374	0.1310	0.0538	NaN	0.0490	0.2733
118.7349	0.1310	0.0538	NaN	0.0490	0.2733
118.7340	0.1311	0.0537	NaN	0.0490	0.2733
118.7372	0.1311	0.0538	NaN	0.0490	0.2734
118.7369	0.1310	0.0538	NaN	0.0490	0.2731
118.7371	0.1310	0.0538	NaN	0.0490	0.2730
118.7394	0.1311	0.0537	NaN	0.0490	0.2732
118.7405	0.1311	0.0537	NaN	0.0490	0.2734
118.7382	0.1312	0.0537	NaN	0.0490	0.2732
118.7409	0.1312	0.0538	NaN	0.0490	0.2734
118.7402	0.1314	0.0537	NaN	0.0490	0.2732
118.7391	0.1314	0.0537	NaN	0.0490	0.2732
118.7409	0.1311	0.0538	NaN	0.0490	0.2733
118.7420	0.1310	0.0537	NaN	0.0490	0.2734
118.7423	0.1314	0.0537	NaN	0.0490	0.2734
118.7428	0.1319	0.0538	NaN	0.0490	0.2734
118.7447	0.1320	0.0537	NaN	0.0490	0.2734
118.7444	0.1317	0.0537	NaN	0.0490	0.2735
118.7425	0.1315	0.0538	NaN	0.0490	0.2735
118.7456	0.1317	0.0537	NaN	0.0490	0.2734
118.7453	0.1319	0.0537	NaN	0.0489	0.2735
118.7445	0.1320	0.0537	NaN	0.0490	0.2735
118.7476	0.1322	0.0537	NaN	0.0489	0.2736
118.7475	0.1321	0.0537	NaN	0.0490	0.2737
118.7474	0.1319	0.0538	NaN	0.0490	0.2737
118.7481	0.1320	0.0537	NaN	0.0490	0.2736
118.7490	0.1320	0.0537	NaN	0.0490	0.2737
118.7495	0.1320	0.0538	NaN	0.0490	0.2737
118.7498	0.1321	0.0537	NaN	0.0489	0.2737
118.7529	0.1321	0.0537	NaN	0.0489	0.2737
118.7541	0.1320	0.0538	NaN	0.0490	0.2736
118.7527	0.1319	0.0537	NaN	0.0490	0.2736
118.7531	0.1319	0.0537	NaN	0.0490	0.2737
118.7526	0.1319	0.0537	NaN	0.0489	0.2737
118.7523	0.1321	0.0537	NaN	0.0489	0.2737
118.7544	0.1321	0.0537	NaN	0.0489	0.2737
118.7568	0.1323	0.0537	NaN	0.0489	0.2737
118.7557	0.1323	0.0537	NaN	0.0489	0.2736
118.7566	0.1322	0.0537	NaN	0.0489	0.2736
118.7572	0.1323	0.0537	NaN	0.0489	0.2734
118.7574	0.1325	0.0537	NaN	0.0489	0.2734
118.7600	0.1327	0.0537	NaN	0.0489	0.2734
118.7599	0.1328	0.0537	NaN	0.0489	0.2735
118.7608	0.1330	0.0537	NaN	0.0488	0.2735
118.7603	0.1331	0.0537	NaN	0.0488	0.2733
118.7622	0.1330	0.0537	NaN	0.0488	0.2735
118.7623	0.1325	0.0537	NaN	0.0489	0.2735
118.7618	0.1326	0.0536	NaN	0.0488	0.2735
118.7626	0.1329	0.0537	NaN	0.0489	0.2737
118.7630	0.1327	0.0537	NaN	0.0488	0.2736
118.7637	0.1326	0.0537	NaN	0.0488	0.2736
118.7633	0.1325	0.0537	NaN	0.0489	0.2736
118.7643	0.1324	0.0537	NaN	0.0489	0.2736
118.7652	0.1324	0.0536	NaN	0.0488	0.2736
118.7652	0.1324	0.0536	NaN	0.0488	0.2735
118.7667	0.1326	0.0536	NaN	0.0488	0.2733
118.7665	0.1327	0.0536	NaN	0.0488	0.2733
118.7659	0.1327	0.0536	NaN	0.0488	0.2733
118.7689	0.1328	0.0536	NaN	0.0488	0.2732
118.7680	0.1330	0.0536	NaN	0.0488	0.2733
118.7697	0.1332	0.0537	NaN	0.0488	0.2733
118.7704	0.1333	0.0536	NaN	0.0488	0.2734
118.7706	0.1328	0.0536	NaN	0.0488	0.2734
118.7728	0.1326	0.0536	NaN	0.0488	0.2733
118.7742	0.1328	0.0536	NaN	0.0488	0.2733
118.7729	0.1325	0.0536	NaN	0.0488	0.2732
118.7731	0.1325	0.0536	NaN	0.0488	0.2732
118.7754	0.1326	0.0536	NaN	0.0488	0.2731
118.7760	0.1325	0.0536	NaN	0.0488	0.2730
118.7754	0.1322	0.0536	NaN	0.0488	0.2730
118.7749	0.1321	0.0536	NaN	0.0488	0.2731
118.7785	0.1323	0.0537	NaN	0.0488	0.2732
118.7795	0.1326	0.0536	NaN	0.0488	0.2733
118.7781	0.1327	0.0537	NaN	0.0488	0.2734
118.7799	0.1327	0.0536	NaN	0.0488	0.2732
118.7799	0.1328	0.0536	NaN	0.0488	0.2731
118.7788	0.1328	0.0537	NaN	0.0488	0.2730
118.7815	0.1327	0.0537	NaN	0.0488	0.2728
118.7808	0.1328	0.0537	NaN	0.0488	0.2727
118.7801	0.1329	0.0536	NaN	0.0488	0.2726
118.7821	0.1330	0.0536	NaN	0.0488	0.2726
118.7819	0.1332	0.0536	NaN	0.0488	0.2726
118.7822	0.1331	0.0536	NaN	0.0488	0.2726
118.7819	0.1332	0.0536	NaN	0.0488	0.2725
118.7853	0.1332	0.0536	NaN	0.0487	0.2724
118.7841	0.1330	0.0536	NaN	0.0487	0.2724
118.7848	0.1331	0.0536	NaN	0.0487	0.2723
118.7857	0.1330	0.0535	NaN	0.0487	0.2723
118.7866	0.1329	0.0535	NaN	0.0487	0.2723
118.7865	0.1329	0.0535	NaN	0.0487	0.2723
118.7903	0.1329	0.0536	NaN	0.0487	0.2723
118.7878	0.1327	0.0536	NaN	0.0488	0.2723
118.7869	0.1325	0.0536	NaN	0.0488	0.2722
118.7899	0.1325	0.0536	NaN	0.0488	0.2722
118.7906	0.1327	0.0536	NaN	0.0488	0.2723
118.7886	0.1330	0.0536	NaN	0.0487	0.2723
118.7908	0.1332	0.0536	NaN	0.0487	0.2724
118.7924	0.1332	0.0536	NaN	0.0487	0.2724
118.7926	0.1331	0.0535	NaN	0.0487	0.2724
118.7911	0.1332	0.0536	NaN	0.0487	0.2724
118.7932	0.1333	0.0536	NaN	0.0487	0.2723
118.7932	0.1332	0.0536	NaN	0.0487	0.2724
118.7928	0.1330	0.0535	NaN	0.0487	0.2724
118.7953	0.1329	0.0536	NaN	0.0487	0.2725
118.7958	0.1330	0.0536	NaN	0.0487	0.2726
118.7955	0.1332	0.0536	NaN	0.0487	0.2725
118.7974	0.1333	0.0535	NaN	0.0487	0.2725
118.7989	0.1333	0.0536	NaN	0.0487	0.2724
118.7975	0.1330	0.0535	NaN	0.0487	0.2724
118.8005	0.1329	0.0536	NaN	0.0487	0.2724
118.8012	0.1331	0.0536	NaN	0.0487	0.2724
118.8011	0.1329	0.0536	NaN	0.0487	0.2724
118.7997	0.1330	0.0536	NaN	0.0487	0.2724
118.8015	0.1331	0.0535	NaN	0.0487	0.2724
118.8012	0.1332	0.0535	NaN	0.0487	0.2724
118.8009	0.1333	0.0535	NaN	0.0487	0.2724
118.8028	0.1333	0.0535	NaN	0.0487	0.2724
118.8033	0.1332	0.0535	NaN	0.0487	0.2724
118.8023	0.1330	0.0535	NaN	0.0487	0.2725
118.8046	0.1329	0.0535	NaN	0.0487	0.2724
118.8063	0.1331	0.0535	NaN	0.0487	0.2723
118.8058	0.1332	0.0535	NaN	0.0487	0.2724
118.8061	0.1330	0.0535	NaN	0.0487	0.2724
118.8056	0.1327	0.0535	NaN	0.0487	0.2724
118.8068	0.1326	0.0535	NaN	0.0487	0.2724
118.8090	0.1328	0.0535	NaN	0.0487	0.2725
118.8091	0.1329	0.0535	NaN	0.0487	0.2725
118.8093	0.1330	0.0535	NaN	0.0487	0.2726
118.8084	0.1331	0.0535	NaN	0.0487	0.2727
118.8102	0.1332	0.0535	NaN	0.0486	0.2727
118.8103	0.1332	0.0535	NaN	0.0486	0.2726
118.8102	0.1332	0.0535	NaN	0.0486	0.2726
118.8127	0.1327	0.0535	NaN	0.0487	0.2727
118.8126	0.1326	0.0535	NaN	0.0486	0.2727
118.8120	0.1323	0.0535	NaN	0.0486	0.2724
118.8138	0.1326	0.0535	NaN	0.0487	0.2724
118.8129	0.1329	0.0535	NaN	0.0487	0.2724
118.8138	0.1327	0.0535	NaN	0.0487	0.2725
118.8164	0.1327	0.0535	NaN	0.0487	0.2724
118.8186	0.1330	0.0535	NaN	0.0487	0.2724
118.8166	0.1331	0.0535	NaN	0.0487	0.2724
118.8173	0.1326	0.0535	NaN	0.0487	0.2724
118.8192	0.1328	0.0535	NaN	0.0487	0.2724
118.8197	0.1331	0.0535	NaN	0.0487	0.2725
118.8201	0.1333	0.0535	NaN	0.0486	0.2725
118.8221	0.1331	0.0534	NaN	0.0486	0.2725
118.8215	0.1329	0.0535	NaN	0.0486	0.2726
118.8226	0.1323	0.0535	NaN	0.0487	0.2726
118.8240	0.1324	0.0535	NaN	0.0486	0.2727
118.8233	0.1325	0.0534	NaN	0.0486	0.2728
118.8258	0.1327	0.0535	NaN	0.0486	0.2727
118.8251	0.1330	0.0534	NaN	0.0486	0.2726
118.8249	0.1331	0.0535	NaN	0.0486	0.2726
118.8252	0.1332	0.0534	NaN	0.0486	0.2727
118.8231	0.1331	0.0534	NaN	0.0486	0.2726
118.8259	0.1331	0.0534	NaN	0.0486	0.2725
118.8267	0.1330	0.0535	NaN	0.0486	0.2725
118.8278	0.1330	0.0534	NaN	0.0486	0.2726
118.8289	0.1331	0.0534	NaN	0.0486	0.2728
118.8291	0.1331	0.0534	NaN	0.0486	0.2729
118.8287	0.1334	0.0534	NaN	0.0486	0.2728
118.8311	0.1337	0.0534	NaN	0.0485	0.2729
118.8296	0.1337	0.0534	NaN	0.0485	0.2729
118.8300	0.1336	0.0534	NaN	0.0485	0.2729
118.8327	0.1336	0.0534	NaN	0.0485	0.2729
118.8321	0.1334	0.0534	NaN	0.0485	0.2728
118.8319	0.1332	0.0534	NaN	0.0486	0.2727
118.8332	0.1333	0.0534	NaN	0.0486	0.2729
118.8344	0.1333	0.0534	NaN	0.0486	0.2729
118.8348	0.1333	0.0534	NaN	0.0486	0.2729
118.8347	0.1330	0.0534	NaN	0.0486	0.2729
118.8383	0.1330	0.0534	NaN	0.0486	0.2729
118.8378	0.1329	0.0534	NaN	0.0486	0.2728
118.8364	0.1326	0.0534	NaN	0.0486	0.2727
118.8396	0.1325	0.0534	NaN	0.0486	0.2728
118.8390	0.1329	0.0534	NaN	0.0486	0.2728
118.8381	0.1330	0.0534	NaN	0.0486	0.2729
118.8392	0.1332	0.0534	NaN	0.0486	0.2731
118.8393	0.1333	0.0534	NaN	0.0485	0.2733
118.8384	0.1332	0.0534	NaN	0.0485	0.2734
118.8423	0.1331	0.0534	NaN	0.0485	0.2734
118.8404	0.1334	0.0534	NaN	0.0485	0.2735
118.8406	0.1340	0.0534	NaN	0.0485	0.2735
118.8393	0.1346	0.0534	NaN	0.0485	0.2735
118.8410	0.1346	0.0534	NaN	0.0485	0.2734
118.8413	0.1341	0.0534	NaN	0.0485	0.2734
118.8410	0.1341	0.0534	NaN	0.0485	0.2735
118.8438	0.1340	0.0534	NaN	0.0485	0.2736
118.8435	0.1334	0.0534	NaN	0.0485	0.2737
118.8451	0.1337	0.0534	NaN	0.0485	0.2737
118.8462	0.1340	0.0534	NaN	0.0485	0.2738
118.8466	0.1342	0.0533	NaN	0.0485	0.2738
118.8468	0.1348	0.0534	NaN	0.0485	0.2738
118.8486	0.1348	0.0534	NaN	0.0485	0.2739
118.8477	0.1345	0.0533	NaN	0.0485	0.2740
118.8484	0.1342	0.0533	NaN	0.0485	0.2740
118.8495	0.1340	0.0533	NaN	0.0485	0.2740
118.8485	0.1340	0.0533	NaN	0.0485	0.2740
118.8494	0.1339	0.0533	NaN	0.0485	0.2740
118.8502	0.1340	0.0533	NaN	0.0485	0.2741
118.8526	0.1343	0.0533	NaN	0.0484	0.2742
118.8522	0.1345	0.0533	NaN	0.0485	0.2742
118.8527	0.1347	0.0533	NaN	0.0484	0.2742
118.8545	0.1345	0.0533	NaN	0.0485	0.2742
118.8547	0.1340	0.0534	NaN	0.0485	0.2741
118.8530	0.1345	0.0534	NaN	0.0485	0.2741
118.8563	0.1342	0.0533	NaN	0.0485	0.2741
118.8558	0.1335	0.0534	NaN	0.0485	0.2741
118.8571	0.1336	0.0534	NaN	0.0485	0.2741
118.8584	0.1344	0.0534	NaN	0.0485	0.2741
118.8604	0.1342	0.0534	NaN	0.0485	0.2741
118.8584	0.1343	0.0533	NaN	0.0485	0.2741
118.8576	0.1343	0.0533	NaN	0.0485	0.2742
118.8595	0.1342	0.0533	NaN	0.0485	0.2741
118.8594	0.1342	0.0533	NaN	0.0485	0.2741
118.8599	0.1344	0.0533	NaN	0.0485	0.2741
118.8615	0.1342	0.0533	NaN	0.0485	0.2741
118.8623	0.1341	0.0533	NaN	0.0485	0.2742
118.8615	0.1336	0.0533	NaN	0.0485	0.2741
118.8631	0.1336	0.0533	NaN	0.0484	0.2741
118.8639	0.1335	0.0533	NaN	0.0485	0.2740
118.8640	0.1336	0.0533	NaN	0.0484	0.2739
118.8650	0.1337	0.0533	NaN	0.0484	0.2741
118.8651	0.1334	0.0533	NaN	0.0484	0.2740
118.8647	0.1335	0.0533	NaN	0.0484	0.2740
118.8644	0.1340	0.0533	NaN	0.0484	0.2738
118.8655	0.1339	0.0533	NaN	0.0484	0.2738
118.8663	0.1336	0.0533	NaN	0.0484	0.2735
118.8657	0.1341	0.0533	NaN	0.0484	0.2734
118.8689	0.1343	0.0533	NaN	0.0484	0.2732
118.8688	0.1341	0.0533	NaN	0.0484	0.2730
118.8688	0.1338	0.0532	NaN	0.0484	0.2729
118.8712	0.1343	0.0532	NaN	0.0484	0.2728
118.8715	0.1343	0.0532	NaN	0.0484	0.2729
118.8714	0.1340	0.0533	NaN	0.0484	0.2732
118.8750	0.1341	0.0533	NaN	0.0484	0.2735
118.8749	0.1342	0.0533	NaN	0.0484	0.2734
118.8746	0.1342	0.0533	NaN	0.0484	0.2734
118.8764	0.1340	0.0533	NaN	0.0484	0.2732
118.8767	0.1341	0.0532	NaN	0.0484	0.2733
118.8780	0.1340	0.0533	NaN	0.0484	0.2735
118.8766	0.1339	0.0532	NaN	0.0484	0.2736
118.8770	0.1336	0.0532	NaN	0.0484	0.2735
118.8776	0.1340	0.0533	NaN	0.0484	0.2734
118.8775	0.1341	0.0532	NaN	0.0484	0.2734
118.8794	0.1341	0.0532	NaN	0.0484	0.2734
118.8801	0.1344	0.0533	NaN	0.0484	0.2735
118.8795	0.1349	0.0533	NaN	0.0484	0.2736
118.8805	0.1345	0.0533	NaN	0.0484	0.2734
118.8800	0.1340	0.0532	NaN	0.0484	0.2734
118.8803	0.1338	0.0532	NaN	0.0484	0.2735
118.8820	0.1342	0.0532	NaN	0.0484	0.2733
118.8835	0.1343	0.0532	NaN	0.0484	0.2731
118.8834	0.1340	0.0532	NaN	0.0484	0.2731
118.8829	0.1342	0.0532	NaN	0.0483	0.2731
118.8854	0.1344	0.0532	NaN	0.0483	0.2729
118.8861	0.1342	0.0532	NaN	0.0483	0.2730
118.8852	0.1340	0.0532	NaN	0.0483	0.2731
118.8866	0.1343	0.0532	NaN	0.0483	0.2730
118.8874	0.1344	0.0532	NaN	0.0484	0.2729
118.8868	0.1343	0.0532	NaN	0.0484	0.2729
118.8877	0.1342	0.0532	NaN	0.0483	0.2729
118.8888	0.1338	0.0532	NaN	0.0484	0.2732
118.8869	0.1337	0.0532	NaN	0.0484	0.2736
118.8896	0.1341	0.0532	NaN	0.0483	0.2732
118.8891	0.1346	0.0532	NaN	0.0483	0.2730
118.8886	0.1352	0.0532	NaN	0.0482	0.2730
118.8914	0.1352	0.0532	NaN	0.0483	0.2730
118.8903	0.1345	0.0532	NaN	0.0483	0.2730
118.8900	0.1341	0.0532	NaN	0.0483	0.2729
118.8936	0.1339	0.0532	NaN	0.0483	0.2731
118.8932	0.1347	0.0532	NaN	0.0483	0.2733
118.8928	0.1346	0.0532	NaN	0.0483	0.2730
118.8936	0.1344	0.0531	NaN	0.0483	0.2729
118.8948	0.1343	0.0531	NaN	0.0483	0.2729
118.8957	0.1344	0.0532	NaN	0.0483	0.2730
118.8949	0.1347	0.0532	NaN	0.0483	0.2729
118.8985	0.1347	0.0532	NaN	0.0483	0.2731
118.8964	0.1350	0.0532	NaN	0.0483	0.2731
118.8970	0.1348	0.0532	NaN	0.0483	0.2730
118.8977	0.1348	0.0532	NaN	0.0483	0.2731
118.8972	0.1350	0.0532	NaN	0.0483	0.2735
118.8989	0.1352	0.0532	NaN	0.0483	0.2731
118.8991	0.1348	0.0532	NaN	0.0483	0.2730
118.9012	0.1347	0.0532	NaN	0.0483	0.2732
118.9001	0.1346	0.0532	NaN	0.0483	0.2731
118.9007	0.1348	0.0532	NaN	0.0483	0.2732
118.9034	0.1349	0.0531	NaN	0.0483	0.2732
118.9048	0.1352	0.0531	NaN	0.0482	0.2734
118.9041	0.1350	0.0532	NaN	0.0483	0.2735
118.9057	0.1346	0.0531	NaN	0.0482	0.2736
118.9062	0.1344	0.0531	NaN	0.0482	0.2736
118.9051	0.1345	0.0531	NaN	0.0483	0.2737
118.9072	0.1346	0.0531	NaN	0.0483	0.2735
118.9074	0.1345	0.0531	NaN	0.0483	0.2735
118.9064	0.1354	0.0531	NaN	0.0482	0.2735
118.9073	0.1355	0.0531	NaN	0.0482	0.2735
118.9081	0.1347	0.0531	NaN	0.0483	0.2736
118.9057	0.1348	0.0531	NaN	0.0482	0.2738
118.9065	0.1349	0.0531	NaN	0.0482	0.2740
118.9105	0.1350	0.0531	NaN	0.0482	0.2741
118.9091	0.1350	0.0531	NaN	0.0482	0.2742
118.9100	0.1350	0.0531	NaN	0.0482	0.2741
118.9121	0.1352	0.0531	NaN	0.0482	0.2740
118.9115	0.1354	0.0531	NaN	0.0482	0.2739
118.9116	0.1356	0.0531	NaN	0.0482	0.2738
118.9142	0.1350	0.0531	NaN	0.0482	0.2738
118.9147	0.1354	0.0531	NaN	0.0482	0.2739
118.9140	0.1352	0.0531	NaN	0.0482	0.2739
118.9161	0.1349	0.0531	NaN	0.0482	0.2740
118.9161	0.1350	0.0531	NaN	0.0482	0.2739
118.9162	0.1351	0.0531	NaN	0.0482	0.2740
118.9159	0.1351	0.0531	NaN	0.0482	0.2741
118.9181	0.1353	0.0531	NaN	0.0482	0.2741
118.9181	0.1355	0.0531	NaN	0.0482	0.2740
118.9178	0.1354	0.0531	NaN	0.0482	0.2741
118.9191	0.1353	0.0531	NaN	0.0482	0.2743
118.9195	0.1356	0.0531	NaN	0.0481	0.2744
118.9189	0.1356	0.0531	NaN	0.0481	0.2744
118.9209	0.1359	0.0531	NaN	0.0481	0.2745
118.9217	0.1358	0.0531	NaN	0.0481	0.2745
118.9220	0.1358	0.0531	NaN	0.0481	0.2744
118.9235	0.1361	0.0531	NaN	0.0481	0.2743
118.9231	0.1358	0.0531	NaN	0.0481	0.2743
118.9234	0.1355	0.0531	NaN	0.0481	0.2743
118.9227	0.1354	0.0530	NaN	0.0481	0.2742
118.9237	0.1353	0.0530	NaN	0.0481	0.2741
118.9250	0.1352	0.0530	NaN	0.0481	0.2742
118.9252	0.1355	0.0531	NaN	0.0481	0.2741
118.9260	0.1355	0.0530	NaN	0.0481	0.2741
118.9259	0.1357	0.0531	NaN	0.0482	0.2741
118.9253	0.1356	0.0531	NaN	0.0481	0.2740
118.9268	0.1361	0.0530	NaN	0.0481	0.2742
118.9279	0.1355	0.0530	NaN	0.0481	0.2744
118.9290	0.1357	0.0530	NaN	0.0481	0.2745
118.9300	0.1359	0.0530	NaN	0.0481	0.2745
118.9306	0.1361	0.0530	NaN	0.0481	0.2746
118.9307	0.1358	0.0530	NaN	0.0481	0.2747
118.9330	0.1356	0.0530	NaN	0.0481	0.2747
118.9323	0.1359	0.0530	NaN	0.0481	0.2746
118.9314	0.1362	0.0530	NaN	0.0481	0.2746
118.9339	0.1363	0.0530	NaN	0.0481	0.2746
118.9362	0.1363	0.0530	NaN	0.0481	0.2746
118.9346	0.1367	0.0530	NaN	0.0481	0.2747
118.9347	0.1368	0.0530	NaN	0.0481	0.2747
118.9364	0.1363	0.0530	NaN	0.0481	0.2747
118.9365	0.1360	0.0530	NaN	0.0481	0.2748
118.9355	0.1360	0.0530	NaN	0.0481	0.2749
118.9379	0.1361	0.0530	NaN	0.0481	0.2749
118.9394	0.1363	0.0530	NaN	0.0481	0.2749
118.9396	0.1363	0.0530	NaN	0.0481	0.2749
118.9399	0.1364	0.0530	NaN	0.0481	0.2749
118.9408	0.1365	0.0530	NaN	0.0480	0.2749
118.9415	0.1364	0.0530	NaN	0.0481	0.2749
118.9412	0.1363	0.0530	NaN	0.0481	0.2749
118.9422	0.1362	0.0530	NaN	0.0481	0.2748
118.9428	0.1362	0.0530	NaN	0.0481	0.2748
118.9420	0.1361	0.0530	NaN	0.0481	0.2748
118.9454	0.1363	0.0530	NaN	0.0481	0.2748
118.9456	0.1363	0.0530	NaN	0.0481	0.2748
118.9462	0.1364	0.0530	NaN	0.0481	0.2748
118.9466	0.1366	0.0530	NaN	0.0480	0.2748
118.9466	0.1366	0.0530	NaN	0.0480	0.2746
118.9465	0.1366	0.0530	NaN	0.0480	0.2745
118.9503	0.1365	0.0530	NaN	0.0481	0.2743
118.9500	0.1362	0.0530	NaN	0.0481	0.2740
118.9489	0.1360	0.0530	NaN	0.0481	0.2739
118.9488	0.1361	0.0530	NaN	0.0481	0.2742
118.9508	0.1364	0.0530	NaN	0.0480	0.2741
118.9512	0.1363	0.0530	NaN	0.0480	0.2742
118.9514	0.1362	0.0530	NaN	0.0480	0.2742
118.9528	0.1362	0.0530	NaN	0.0480	0.2742
118.9531	0.1363	0.0530	NaN	0.0480	0.2742
118.9526	0.1365	0.0530	NaN	0.0480	0.2742
118.9539	0.1367	0.0530	NaN	0.0480	0.2743
118.9538	0.1368	0.0530	NaN	0.0480	0.2742
118.9536	0.1368	0.0530	NaN	0.0480	0.2743
118.9555	0.1368	0.0530	NaN	0.0480	0.2743
118.9558	0.1368	0.0530	NaN	0.0480	0.2743
118.9558	0.1367	0.0530	NaN	0.0480	0.2745
118.9589	0.1365	0.0529	NaN	0.0480	0.2747
118.9591	0.1368	0.0530	NaN	0.0480	0.2748
118.9584	0.1367	0.0530	NaN	0.0480	0.2749
118.9595	0.1365	0.0530	NaN	0.0480	0.2749
118.9602	0.1363	0.0530	NaN	0.0480	0.2750
118.9613	0.1363	0.0529	NaN	0.0480	0.2750
118.9613	0.1363	0.0529	NaN	0.0480	0.2750
118.9633	0.1365	0.0529	NaN	0.0480	0.2747
118.9611	0.1366	0.0529	NaN	0.0480	0.2747
118.9610	0.1366	0.0529	NaN	0.0480	0.2747
118.9647	0.1367	0.0529	NaN	0.0480	0.2747
118.9624	0.1367	0.0529	NaN	0.0480	0.2746
118.9622	0.1365	0.0529	NaN	0.0480	0.2747
118.9640	0.1365	0.0529	NaN	0.0480	0.2748
118.9655	0.1367	0.0529	NaN	0.0480	0.2749
118.9647	0.1370	0.0529	NaN	0.0480	0.2750
118.9653	0.1370	0.0529	NaN	0.0480	0.2750
118.9668	0.1370	0.0529	NaN	0.0480	0.2750
118.9655	0.1369	0.0529	NaN	0.0480	0.2750
118.9671	0.1369	0.0529	NaN	0.0480	0.2750
118.9684	0.1371	0.0529	NaN	0.0479	0.2751
118.9694	0.1371	0.0529	NaN	0.0479	0.2750
118.9698	0.1371	0.0529	NaN	0.0479	0.2750
118.9728	0.1372	0.0529	NaN	0.0479	0.2750
118.9709	0.1371	0.0529	NaN	0.0479	0.2750
118.9699	0.1371	0.0529	NaN	0.0479	0.2750
118.9733	0.1370	0.0529	NaN	0.0479	0.2751
118.9738	0.1369	0.0529	NaN	0.0480	0.2751
118.9719	0.1370	0.0529	NaN	0.0480	0.2751
118.9747	0.1371	0.0529	NaN	0.0479	0.2751
118.9740	0.1373	0.0529	NaN	0.0479	0.2750
118.9756	0.1373	0.0529	NaN	0.0479	0.2750
118.9746	0.1374	0.0529	NaN	0.0479	0.2750
118.9745	0.1374	0.0529	NaN	0.0479	0.2751
118.9735	0.1376	0.0529	NaN	0.0479	0.2751
118.9750	0.1376	0.0529	NaN	0.0479	0.2751
118.9761	0.1376	0.0529	NaN	0.0479	0.2751
118.9773	0.1375	0.0529	NaN	0.0479	0.2750
118.9776	0.1376	0.0529	NaN	0.0479	0.2750
118.9793	0.1376	0.0529	NaN	0.0479	0.2750
118.9815	0.1376	0.0529	NaN	0.0479	0.2750
118.9791	0.1374	0.0529	NaN	0.0479	0.2750
118.9822	0.1376	0.0529	NaN	0.0479	0.2751
118.9820	0.1378	0.0529	NaN	0.0479	0.2750
118.9820	0.1377	0.0529	NaN	0.0479	0.2751
118.9818	0.1374	0.0529	NaN	0.0479	0.2751
118.9822	0.1373	0.0529	NaN	0.0479	0.2751
118.9845	0.1374	0.0529	NaN	0.0479	0.2750
118.9822	0.1375	0.0529	NaN	0.0479	0.2750
118.9854	0.1376	0.0529	NaN	0.0479	0.2749
118.9860	0.1377	0.0529	NaN	0.0479	0.2748
118.9851	0.1378	0.0529	NaN	0.0479	0.2748
118.9886	0.1376	0.0529	NaN	0.0479	0.2747
118.9886	0.1379	0.0529	NaN	0.0479	0.2746
118.9891	0.1379	0.0528	NaN	0.0479	0.2746
118.9905	0.1380	0.0529	NaN	0.0479	0.2746
118.9908	0.1381	0.0528	NaN	0.0479	0.2745
118.9915	0.1381	0.0529	NaN	0.0479	0.2744
118.9908	0.1384	0.0529	NaN	0.0478	0.2744
118.9928	0.1383	0.0529	NaN	0.0479	0.2743
118.9929	0.1383	0.0529	NaN	0.0479	0.2743
118.9921	0.1381	0.0529	NaN	0.0478	0.2742
118.9938	0.1379	0.0529	NaN	0.0479	0.2742
118.9944	0.1379	0.0529	NaN	0.0479	0.2741
118.9949	0.1380	0.0529	NaN	0.0478	0.2740
118.9959	0.1382	0.0528	NaN	0.0478	0.2739
118.9964	0.1382	0.0528	NaN	0.0478	0.2739
118.9971	0.1381	0.0528	NaN	0.0478	0.2739
118.9992	0.1382	0.0528	NaN	0.0478	0.2738
118.9981	0.1382	0.0528	NaN	0.0478	0.2737
119.0000	0.1380	0.0528	NaN	0.0478	0.2736
118.9993	0.1380	0.0528	NaN	0.0478	0.2736
118.9997	0.1382	0.0528	NaN	0.0478	0.2737
119.0007	0.1381	0.0528	NaN	0.0478	0.2736
119.0002	0.1379	0.0528	NaN	0.0478	0.2736
119.0011	0.1379	0.0528	NaN	0.0478	0.2736
119.0013	0.1379	0.0528	NaN	0.0478	0.2736
119.0016	0.1379	0.0528	NaN	0.0478	0.2737
119.0038	0.1381	0.0528	NaN	0.0479	0.2736
119.0029	0.1381	0.0528	NaN	0.0479	0.2737
119.0034	0.1381	0.0528	NaN	0.0478	0.2736
119.0054	0.1382	0.0528	NaN	0.0478	0.2736
119.0053	0.1382	0.0528	NaN	0.0478	0.2737
119.0058	0.1381	0.0528	NaN	0.0478	0.2736
119.0071	0.1381	0.0528	NaN	0.0478	0.2736
119.0075	0.1380	0.0528	NaN	0.0478	0.2736
119.0072	0.1379	0.0528	NaN	0.0478	0.2736
119.0073	0.1378	0.0528	NaN	0.0478	0.2736
119.0097	0.1380	0.0529	NaN	0.0478	0.2736
119.0104	0.1381	0.0528	NaN	0.0478	0.2737
119.0110	0.1383	0.0528	NaN	0.0478	0.2736
119.0117	0.1384	0.0528	NaN	0.0478	0.2736
119.0126	0.1384	0.0528	NaN	0.0478	0.2737
119.0117	0.1387	0.0528	NaN	0.0478	0.2736
119.0138	0.1387	0.0528	NaN	0.0478	0.2736
119.0142	0.1387	0.0528	NaN	0.0478	0.2736
119.0136	0.1388	0.0528	NaN	0.0478	0.2736
119.0165	0.1393	0.0528	NaN	0.0478	0.2736
119.0165	0.1394	0.0528	NaN	0.0478	0.2736
119.0157	0.1394	0.0528	NaN	0.0477	0.2737
119.0201	0.1396	0.0528	NaN	0.0478	0.2737
119.0183	0.1407	0.0528	NaN	0.0477	0.2738
119.0177	0.1400	0.0528	NaN	0.0477	0.2738
119.0187	0.1395	0.0528	NaN	0.0477	0.2737
119.0178	0.1393	0.0528	NaN	0.0477	0.2737
119.0181	0.1393	0.0528	NaN	0.0478	0.2736
119.0186	0.1392	0.0528	NaN	0.0478	0.2736
119.0201	0.1389	0.0528	NaN	0.0478	0.2736
119.0202	0.1389	0.0528	NaN	0.0477	0.2736
119.0216	0.1394	0.0528	NaN	0.0477	0.2736
119.0232	0.1399	0.0528	NaN	0.0477	0.2737
119.0231	0.1398	0.0528	NaN	0.0477	0.2737
119.0226	0.1397	0.0528	NaN	0.0477	0.2737
119.0255	0.1399	0.0528	NaN	0.0477	0.2737
119.0257	0.1399	0.0528	NaN	0.0477	0.2737
119.0262	0.1399	0.0528	NaN	0.0477	0.2737
119.0259	0.1399	0.0528	NaN	0.0477	0.2738
119.0262	0.1396	0.0527	NaN	0.0477	0.2739
119.0290	0.1398	0.0527	NaN	0.0477	0.2739
119.0269	0.1400	0.0527	NaN	0.0477	0.2739
119.0300	0.1398	0.0527	NaN	0.0477	0.2739
119.0289	0.1397	0.0527	NaN	0.0477	0.2738
119.0296	0.1398	0.0528	NaN	0.0477	0.2738
119.0304	0.1399	0.0527	NaN	0.0477	0.2739
119.0305	0.1397	0.0527	NaN	0.0477	0.2739
119.0313	0.1398	0.0527	NaN	0.0477	0.2741
119.0321	0.1398	0.0527	NaN	0.0477	0.2740
119.0336	0.1398	0.0527	NaN	0.0477	0.2740
119.0333	0.1401	0.0527	NaN	0.0477	0.2739
119.0331	0.1399	0.0527	NaN	0.0477	0.2739
119.0362	0.1398	0.0527	NaN	0.0477	0.2738
119.0344	0.1395	0.0527	NaN	0.0477	0.2737
119.0345	0.1392	0.0527	NaN	0.0477	0.2738
119.0365	0.1390	0.0527	NaN	0.0477	0.2740
119.0368	0.1390	0.0527	NaN	0.0477	0.2739
119.0359	0.1388	0.0527	NaN	0.0477	0.2740
119.0385	0.1393	0.0527	NaN	0.0477	0.2739
119.0390	0.1398	0.0527	NaN	0.0477	0.2739
119.0384	0.1401	0.0527	NaN	0.0477	0.2739
119.0403	0.1402	0.0527	NaN	0.0477	0.2740
119.0392	0.1401	0.0527	NaN	0.0477	0.2740
119.0405	0.1399	0.0527	NaN	0.0477	0.2740
119.0426	0.1402	0.0527	NaN	0.0476	0.2742
119.0423	0.1402	0.0527	NaN	0.0476	0.2744
119.0425	0.1402	0.0527	NaN	0.0476	0.2746
119.0409	0.1401	0.0527	NaN	0.0476	0.2747
119.0449	0.1402	0.0527	NaN	0.0476	0.2749
119.0435	0.1403	0.0527	NaN	0.0476	0.2749
119.0443	0.1403	0.0527	NaN	0.0476	0.2748
119.0462	0.1402	0.0527	NaN	0.0476	0.2746
119.0460	0.1402	0.0527	NaN	0.0476	0.2748
119.0460	0.1402	0.0527	NaN	0.0476	0.2750
119.0508	0.1406	0.0527	NaN	0.0476	0.2752
119.0484	0.1409	0.0527	NaN	0.0476	0.2752
119.0463	0.1410	0.0527	NaN	0.0476	0.2751
119.0473	0.1408	0.0527	NaN	0.0476	0.2752
119.0485	0.1406	0.0527	NaN	0.0476	0.2751
119.0498	0.1408	0.0527	NaN	0.0476	0.2751
119.0492	0.1410	0.0527	NaN	0.0476	0.2750
119.0514	0.1413	0.0527	NaN	0.0476	0.2751
119.0521	0.1414	0.0527	NaN	0.0476	0.2750
119.0505	0.1410	0.0527	NaN	0.0476	0.2749
119.0503	0.1408	0.0527	NaN	0.0476	0.2749
119.0508	0.1406	0.0527	NaN	0.0476	0.2749
119.0508	0.1407	0.0527	NaN	0.0476	0.2750
119.0509	0.1408	0.0527	NaN	0.0476	0.2750
119.0521	0.1408	0.0527	NaN	0.0476	0.2747
119.0527	0.1409	0.0527	NaN	0.0476	0.2746
119.0537	0.1408	0.0527	NaN	0.0476	0.2746
119.0538	0.1410	0.0527	NaN	0.0476	0.2746
119.0543	0.1409	0.0527	NaN	0.0476	0.2746
119.0566	0.1408	0.0527	NaN	0.0476	0.2744
119.0564	0.1409	0.0527	NaN	0.0476	0.2744
119.0561	0.1410	0.0527	NaN	0.0476	0.2745
119.0561	0.1411	0.0527	NaN	0.0476	0.2745
119.0577	0.1413	0.0527	NaN	0.0476	0.2746
119.0587	0.1416	0.0527	NaN	0.0475	0.2747
119.0587	0.1421	0.0527	NaN	0.0475	0.2748
119.0607	0.1423	0.0527	NaN	0.0475	0.2749
119.0605	0.1423	0.0526	NaN	0.0475	0.2748
119.0596	0.1421	0.0526	NaN	0.0475	0.2747
119.0620	0.1421	0.0526	NaN	0.0475	0.2749
119.0633	0.1421	0.0527	NaN	0.0475	0.2750
119.0624	0.1419	0.0527	NaN	0.0475	0.2749
119.0647	0.1422	0.0527	NaN	0.0475	0.2750
119.0634	0.1422	0.0527	NaN	0.0475	0.2751
119.0637	0.1421	0.0526	NaN	0.0475	0.2750
119.0645	0.1422	0.0526	NaN	0.0475	0.2749
119.0659	0.1421	0.0527	NaN	0.0475	0.2748
119.0653	0.1418	0.0527	NaN	0.0475	0.2747
119.0674	0.1417	0.0527	NaN	0.0475	0.2746
119.0687	0.1416	0.0526	NaN	0.0475	0.2745
119.0675	0.1416	0.0526	NaN	0.0475	0.2745
119.0669	0.1415	0.0527	NaN	0.0475	0.2744
119.0687	0.1417	0.0526	NaN	0.0475	0.2745
119.0688	0.1418	0.0527	NaN	0.0475	0.2745
119.0695	0.1418	0.0527	NaN	0.0476	0.2745
119.0722	0.1417	0.0526	NaN	0.0475	0.2744
119.0719	0.1418	0.0526	NaN	0.0475	0.2743
119.0719	0.1419	0.0527	NaN	0.0475	0.2743
119.0718	0.1418	0.0527	NaN	0.0475	0.2742
119.0742	0.1418	0.0527	NaN	0.0475	0.2742
119.0728	0.1419	0.0527	NaN	0.0475	0.2742
119.0739	0.1420	0.0526	NaN	0.0475	0.2741
119.0766	0.1420	0.0527	NaN	0.0475	0.2741
119.0753	0.1423	0.0527	NaN	0.0475	0.2741
119.0754	0.1426	0.0527	NaN	0.0475	0.2741
119.0764	0.1430	0.0526	NaN	0.0475	0.2741
119.0773	0.1430	0.0527	NaN	0.0475	0.2742
119.0769	0.1431	0.0526	NaN	0.0475	0.2741
119.0799	0.1432	0.0526	NaN	0.0475	0.2740
119.0788	0.1430	0.0526	NaN	0.0475	0.2740
119.0795	0.1430	0.0526	NaN	0.0474	0.2741
119.0799	0.1433	0.0527	NaN	0.0475	0.2741
119.0809	0.1435	0.0527	NaN	0.0475	0.2741
119.0820	0.1434	0.0527	NaN	0.0474	0.2741
119.0801	0.1432	0.0527	NaN	0.0475	0.2741
119.0841	0.1432	0.0527	NaN	0.0475	0.2741
119.0840	0.1433	0.0526	NaN	0.0475	0.2741
119.0849	0.1434	0.0527	NaN	0.0474	0.2741
119.0879	0.1435	0.0527	NaN	0.0475	0.2741
119.0849	0.1435	0.0527	NaN	0.0474	0.2741
119.0862	0.1438	0.0526	NaN	0.0474	0.2741
119.0893	0.1443	0.0526	NaN	0.0474	0.2741
119.0896	0.1443	0.0526	NaN	0.0474	0.2741
119.0897	0.1443	0.0527	NaN	0.0474	0.2741
119.0907	0.1446	0.0526	NaN	0.0474	0.2742
119.0915	0.1450	0.0527	NaN	0.0474	0.2742
119.0907	0.1452	0.0526	NaN	0.0474	0.2743
119.0909	0.1453	0.0527	NaN	0.0474	0.2743
119.0920	0.1454	0.0526	NaN	0.0474	0.2744
119.0916	0.1450	0.0526	NaN	0.0474	0.2744
119.0919	0.1450	0.0526	NaN	0.0474	0.2745
119.0938	0.1454	0.0527	NaN	0.0474	0.2745
119.0947	0.1457	0.0527	NaN	0.0474	0.2746
119.0939	0.1459	0.0527	NaN	0.0474	0.2746
119.0959	0.1462	0.0527	NaN	0.0474	0.2747
119.0948	0.1460	0.0527	NaN	0.0474	0.2748
119.0951	0.1461	0.0527	NaN	0.0474	0.2747
119.0976	0.1461	0.0526	NaN	0.0474	0.2747
119.0970	0.1457	0.0527	NaN	0.0474	0.2747
119.0975	0.1456	0.0527	NaN	0.0474	0.2747
119.0999	0.1455	0.0527	NaN	0.0474	0.2747
119.0989	0.1455	0.0527	NaN	0.0474	0.2746
119.0997	0.1453	0.0527	NaN	0.0474	0.2745
119.0994	0.1450	0.0527	NaN	0.0474	0.2744
119.1000	0.1449	0.0527	NaN	0.0474	0.2744
119.1006	0.1448	0.0527	NaN	0.0474	0.2745
119.1002	0.1451	0.0527	NaN	0.0474	0.2745
119.1030	0.1457	0.0527	NaN	0.0474	0.2746
119.1040	0.1456	0.0527	NaN	0.0474	0.2747
119.1025	0.1457	0.0527	NaN	0.0474	0.2747
119.1037	0.1456	0.0527	NaN	0.0474	0.2748
119.1035	0.1455	0.0527	NaN	0.0474	0.2749
119.1021	0.1456	0.0527	NaN	0.0474	0.2749
119.1045	0.1461	0.0527	NaN	0.0474	0.2751
119.1046	0.1463	0.0527	NaN	0.0474	0.2751
119.1055	0.1464	0.0527	NaN	0.0474	0.2751
119.1056	0.1465	0.0527	NaN	0.0474	0.2752
119.1071	0.1467	0.0527	NaN	0.0474	0.2752
119.1073	0.1468	0.0527	NaN	0.0474	0.2752
119.1076	0.1470	0.0527	NaN	0.0474	0.2752
119.1084	0.1476	0.0527	NaN	0.0474	0.2753
119.1100	0.1476	0.0527	NaN	0.0473	0.2753
119.1096	0.1477	0.0527	NaN	0.0474	0.2754
119.1114	0.1475	0.0527	NaN	0.0474	0.2755
119.1121	0.1475	0.0527	NaN	0.0473	0.2755
119.1113	0.1476	0.0527	NaN	0.0474	0.2755
119.1133	0.1476	0.0527	NaN	0.0473	0.2756
119.1134	0.1474	0.0527	NaN	0.0474	0.2756
119.1135	0.1470	0.0527	NaN	0.0474	0.2755
119.1155	0.1469	0.0527	NaN	0.0474	0.2755
119.1149	0.1469	0.0527	NaN	0.0474	0.2755
119.1142	0.1470	0.0527	NaN	0.0474	0.2756
119.1143	0.1467	0.0527	NaN	0.0474	0.2757
119.1174	0.1472	0.0527	NaN	0.0474	0.2758
119.1169	0.1474	0.0527	NaN	0.0474	0.2758
119.1181	0.1478	0.0527	NaN	0.0474	0.2759
119.1188	0.1488	0.0527	NaN	0.0474	0.2759
119.1191	0.1492	0.0527	NaN	0.0473	0.2759
119.1194	0.1486	0.0527	NaN	0.0474	0.2759
119.1204	0.1484	0.0527	NaN	0.0474	0.2759
119.1198	0.1483	0.0527	NaN	0.0473	0.2759
119.1195	0.1487	0.0527	NaN	0.0474	0.2759
119.1217	0.1494	0.0527	NaN	0.0473	0.2760
119.1228	0.1497	0.0527	NaN	0.0473	0.2760
119.1216	0.1495	0.0527	NaN	0.0473	0.2760
119.1236	0.1496	0.0527	NaN	0.0473	0.2760
119.1243	0.1500	0.0527	NaN	0.0473	0.2760
119.1247	0.1504	0.0527	NaN	0.0473	0.2760
119.1252	0.1510	0.0528	NaN	0.0473	0.2760
119.1268	0.1518	0.0528	NaN	0.0473	0.2761
119.1281	0.1520	0.0528	NaN	0.0473	0.2760
119.1278	0.1515	0.0528	NaN	0.0473	0.2760
119.1308	0.1515	0.0528	NaN	0.0473	0.2760
119.1288	0.1514	0.0528	NaN	0.0473	0.2760
119.1278	0.1518	0.0528	NaN	0.0473	0.2760
119.1301	0.1516	0.0528	NaN	0.0473	0.2760
119.1290	0.1509	0.0528	NaN	0.0473	0.2760
119.1300	0.1506	0.0528	NaN	0.0473	0.2759
119.1296	0.1508	0.0528	NaN	0.0473	0.2759
119.1306	0.1510	0.0528	NaN	0.0473	0.2760
119.1316	0.1512	0.0528	NaN	0.0473	0.2759
119.1334	0.1520	0.0528	NaN	0.0473	0.2759
119.1356	0.1534	0.0529	NaN	0.0473	0.2760
119.1346	0.1532	0.0528	NaN	0.0473	0.2760
119.1354	0.1535	0.0528	NaN	0.0473	0.2760
119.1377	0.1537	0.0529	NaN	0.0473	0.2760
119.1359	0.1543	0.0529	NaN	0.0473	0.2760
119.1354	0.1541	0.0529	NaN	0.0473	0.2760
119.1392	0.1540	0.0529	NaN	0.0473	0.2761
119.1378	0.1539	0.0529	NaN	0.0473	0.2761
119.1394	0.1541	0.0529	NaN	0.0473	0.2760
119.1420	0.1557	0.0529	NaN	0.0473	0.2760
119.1403	0.1563	0.0530	NaN	0.0473	0.2760
119.1412	0.1566	0.0529	NaN	0.0473	0.2760
119.1416	0.1567	0.0529	NaN	0.0473	0.2760
119.1437	0.1562	0.0529	NaN	0.0473	0.2759
119.1437	0.1561	0.0530	NaN	0.0473	0.2759
119.1427	0.1562	0.0530	NaN	0.0473	0.2760
119.1446	0.1573	0.0529	NaN	0.0473	0.2760
119.1451	0.1564	0.0529	NaN	0.0473	0.2759
119.1437	0.1550	0.0529	NaN	0.0473	0.2759
119.1463	0.1544	0.0529	NaN	0.0473	0.2756
119.1457	0.1540	0.0529	NaN	0.0473	0.2749
119.1474	0.1545	0.0529	NaN	0.0473	0.2746
119.1488	0.1549	0.0529	NaN	0.0473	0.2746
119.1473	0.1552	0.0529	NaN	0.0473	0.2745
119.1478	0.1550	0.0529	NaN	0.0473	0.2744
119.1473	0.1550	0.0529	NaN	0.0473	0.2744
119.1495	0.1566	0.0530	NaN	0.0473	0.2744
119.1501	0.1569	0.0530	NaN	0.0473	0.2745
119.1528	0.1578	0.0530	NaN	0.0473	0.2746
119.1535	0.1584	0.0530	NaN	0.0473	0.2747
119.1514	0.1589	0.0530	NaN	0.0473	0.2752
119.1511	0.1593	0.0531	NaN	0.0473	0.2752
119.1551	0.1603	0.0531	NaN	0.0473	0.2752
119.1560	0.1606	0.0531	NaN	0.0473	0.2754
119.1551	0.1604	0.0531	NaN	0.0473	0.2755
119.1569	0.1600	0.0531	NaN	0.0473	0.2755
119.1579	0.1596	0.0530	NaN	0.0473	0.2756
119.1566	0.1601	0.0530	NaN	0.0473	0.2756
119.1588	0.1600	0.0531	NaN	0.0473	0.2759
119.1585	0.1600	0.0531	NaN	0.0473	0.2760
119.1575	0.1598	0.0531	NaN	0.0473	0.2760
119.1572	0.1584	0.0530	NaN	0.0473	0.2758
119.1589	0.1581	0.0530	NaN	0.0473	0.2758
119.1589	0.1585	0.0530	NaN	0.0473	0.2759
119.1594	0.1602	0.0531	NaN	0.0473	0.2759
119.1624	0.1612	0.0531	NaN	0.0473	0.2760
119.1622	0.1622	0.0531	NaN	0.0473	0.2760
119.1603	0.1625	0.0531	NaN	0.0473	0.2760
119.1632	0.1634	0.0532	NaN	0.0472	0.2762
119.1618	0.1637	0.0532	NaN	0.0472	0.2762
119.1636	0.1638	0.0532	NaN	0.0472	0.2762
119.1655	0.1640	0.0531	NaN	0.0472	0.2762
119.1656	0.1640	0.0532	NaN	0.0472	0.2762
119.1654	0.1630	0.0531	NaN	0.0472	0.2762
119.1645	0.1630	0.0531	NaN	0.0472	0.2762
119.1663	0.1624	0.0531	NaN	0.0472	0.2762
119.1651	0.1627	0.0531	NaN	0.0472	0.2762
119.1670	0.1625	0.0531	NaN	0.0472	0.2762
119.1693	0.1622	0.0531	NaN	0.0472	0.2762
119.1686	0.1624	0.0531	NaN	0.0472	0.2762
119.1681	0.1626	0.0531	NaN	0.0472	0.2762
119.1716	0.1615	0.0531	NaN	0.0472	0.2762
119.1713	0.1617	0.0531	NaN	0.0472	0.2762
119.1710	0.1622	0.0531	NaN	0.0473	0.2762
119.1724	0.1619	0.0531	NaN	0.0472	0.2762
119.1735	0.1626	0.0531	NaN	0.0472	0.2761
119.1753	0.1614	0.0531	NaN	0.0473	0.2761
119.1733	0.1610	0.0531	NaN	0.0472	0.2760
119.1754	0.1597	0.0530	NaN	0.0472	0.2761
119.1746	0.1597	0.0530	NaN	0.0472	0.2762
119.1746	0.1595	0.0530	NaN	0.0472	0.2762
119.1765	0.1586	0.0529	NaN	0.0472	0.2762
119.1766	0.1587	0.0529	NaN	0.0472	0.2762
119.1766	0.1579	0.0529	NaN	0.0472	0.2762
119.1788	0.1576	0.0529	NaN	0.0472	0.2762
119.1785	0.1570	0.0529	NaN	0.0472	0.2762
119.1784	0.1575	0.0529	NaN	0.0472	0.2762
119.1797	0.1567	0.0529	NaN	0.0472	0.2762
119.1805	0.1567	0.0529	NaN	0.0472	0.2762
119.1820	0.1576	0.0529	NaN	0.0472	0.2763
119.1834	0.1568	0.0529	NaN	0.0472	0.2762
119.1812	0.1569	0.0529	NaN	0.0472	0.2763
119.1812	0.1565	0.0529	NaN	0.0472	0.2763
119.1823	0.1565	0.0529	NaN	0.0472	0.2762
119.1845	0.1567	0.0529	NaN	0.0472	0.2762
119.1849	0.1570	0.0529	NaN	0.0472	0.2762
119.1843	0.1568	0.0529	NaN	0.0472	0.2762
119.1862	0.1555	0.0528	NaN	0.0472	0.2761
119.1859	0.1549	0.0528	NaN	0.0472	0.2761
119.1866	0.1544	0.0528	NaN	0.0472	0.2760
119.1873	0.1545	0.0528	NaN	0.0472	0.2761
119.1883	0.1542	0.0528	NaN	0.0472	0.2761
119.1878	0.1548	0.0527	NaN	0.0472	0.2761
119.1880	0.1538	0.0527	NaN	0.0472	0.2761
119.1888	0.1541	0.0528	NaN	0.0472	0.2759
119.1888	0.1544	0.0528	NaN	0.0472	0.2760
119.1912	0.1540	0.0528	NaN	0.0472	0.2760
119.1903	0.1533	0.0527	NaN	0.0472	0.2760
119.1905	0.1530	0.0527	NaN	0.0472	0.2761
119.1910	0.1528	0.0527	NaN	0.0472	0.2761
119.1918	0.1518	0.0526	NaN	0.0472	0.2759
119.1929	0.1519	0.0527	NaN	0.0472	0.2758
119.1927	0.1519	0.0526	NaN	0.0472	0.2758
119.1948	0.1518	0.0526	NaN	0.0472	0.2758
119.1952	0.1519	0.0527	NaN	0.0472	0.2759
119.1945	0.1521	0.0527	NaN	0.0472	0.2759
119.1959	0.1518	0.0527	NaN	0.0472	0.2758
119.1963	0.1516	0.0527	NaN	0.0472	0.2757
119.1948	0.1517	0.0526	NaN	0.0471	0.2756
119.1977	0.1516	0.0526	NaN	0.0472	0.2755
119.1985	0.1510	0.0526	NaN	0.0472	0.2754
119.1978	0.1511	0.0526	NaN	0.0472	0.2752
119.1992	0.1512	0.0526	NaN	0.0472	0.2752
119.2012	0.1508	0.0526	NaN	0.0472	0.2752
119.2002	0.1505	0.0526	NaN	0.0472	0.2752
119.2011	0.1499	0.0526	NaN	0.0471	0.2751
119.2031	0.1493	0.0525	NaN	0.0471	0.2751
119.2038	0.1489	0.0525	NaN	0.0471	0.2750
119.2039	0.1490	0.0525	NaN	0.0471	0.2750
119.2031	0.1487	0.0525	NaN	0.0471	0.2751
119.2050	0.1484	0.0525	NaN	0.0471	0.2751
119.2040	0.1483	0.0525	NaN	0.0471	0.2751
119.2082	0.1480	0.0525	NaN	0.0471	0.2750
119.2063	0.1480	0.0525	NaN	0.0471	0.2750
119.2062	0.1483	0.0525	NaN	0.0471	0.2750
119.2060	0.1486	0.0525	NaN	0.0471	0.2751
119.2091	0.1484	0.0525	NaN	0.0471	0.2751
119.2073	0.1483	0.0525	NaN	0.0471	0.2752
119.2091	0.1483	0.0525	NaN	0.0471	0.2752
119.2101	0.1480	0.0525	NaN	0.0471	0.2756
119.2094	0.1479	0.0525	NaN	0.0471	0.2759
119.2101	0.1482	0.0525	NaN	0.0471	0.2761
119.2116	0.1482	0.0525	NaN	0.0471	0.2763
119.2100	0.1483	0.0525	NaN	0.0471	0.2763
119.2112	0.1483	0.0525	NaN	0.0471	0.2764
119.2138	0.1482	0.0525	NaN	0.0471	0.2765
119.2129	0.1482	0.0525	NaN	0.0471	0.2765
119.2130	0.1483	0.0525	NaN	0.0471	0.2764
119.2122	0.1482	0.0525	NaN	0.0471	0.2765
119.2151	0.1478	0.0524	NaN	0.0471	0.2765
119.2143	0.1475	0.0524	NaN	0.0471	0.2763
119.2150	0.1474	0.0524	NaN	0.0471	0.2763
119.2157	0.1472	0.0524	NaN	0.0471	0.2763
119.2162	0.1473	0.0524	NaN	0.0471	0.2761
119.2159	0.1477	0.0524	NaN	0.0471	0.2761
119.2177	0.1479	0.0524	NaN	0.0470	0.2762
119.2172	0.1481	0.0524	NaN	0.0471	0.2763
119.2177	0.1477	0.0524	NaN	0.0471	0.2762
119.2202	0.1473	0.0524	NaN	0.0471	0.2762
119.2198	0.1472	0.0524	NaN	0.0471	0.2763
119.2200	0.1474	0.0524	NaN	0.0471	0.2763
119.2216	0.1473	0.0524	NaN	0.0471	0.2762
119.2228	0.1472	0.0524	NaN	0.0471	0.2761
119.2221	0.1472	0.0524	NaN	0.0471	0.2759
119.2212	0.1472	0.0524	NaN	0.0471	0.2759
119.2232	0.1470	0.0524	NaN	0.0471	0.2759
119.2247	0.1469	0.0524	NaN	0.0471	0.2758
119.2216	0.1471	0.0524	NaN	0.0471	0.2759
119.2235	0.1471	0.0524	NaN	0.0471	0.2758
119.2234	0.1472	0.0524	NaN	0.0471	0.2757
119.2237	0.1472	0.0524	NaN	0.0471	0.2755
119.2258	0.1470	0.0524	NaN	0.0470	0.2754
119.2260	0.1469	0.0524	NaN	0.0471	0.2753
119.2265	0.1470	0.0524	NaN	0.0470	0.2753
119.2290	0.1471	0.0524	NaN	0.0471	0.2755
119.2267	0.1474	0.0524	NaN	0.0471	0.2755
119.2279	0.1480	0.0524	NaN	0.0471	0.2754
119.2290	0.1478	0.0524	NaN	0.0470	0.2753
119.2292	0.1474	0.0524	NaN	0.0470	0.2753
119.2303	0.1471	0.0524	NaN	0.0471	0.2752
119.2300	0.1470	0.0524	NaN	0.0470	0.2752
119.2320	0.1470	0.0524	NaN	0.0471	0.2752
119.2315	0.1470	0.0524	NaN	0.0471	0.2753
119.2325	0.1471	0.0524	NaN	0.0470	0.2753
119.2336	0.1473	0.0524	NaN	0.0471	0.2753
119.2338	0.1475	0.0524	NaN	0.0471	0.2753
119.2344	0.1476	0.0524	NaN	0.0471	0.2752
119.2371	0.1477	0.0524	NaN	0.0471	0.2752
119.2363	0.1476	0.0524	NaN	0.0470	0.2751
119.2361	0.1476	0.0524	NaN	0.0470	0.2750
119.2368	0.1477	0.0524	NaN	0.0470	0.2750
119.2373	0.1479	0.0524	NaN	0.0470	0.2750
119.2380	0.1476	0.0524	NaN	0.0470	0.2750
119.2362	0.1475	0.0524	NaN	0.0470	0.2749
119.2397	0.1475	0.0524	NaN	0.0470	0.2750
119.2393	0.1476	0.0524	NaN	0.0470	0.2750
119.2420	0.1476	0.0524	NaN	0.0470	0.2750
119.2418	0.1476	0.0523	NaN	0.0470	0.2752
119.2410	0.1473	0.0524	NaN	0.0470	0.2755
119.2417	0.1473	0.0524	NaN	0.0470	0.2759
119.2422	0.1475	0.0524	NaN	0.0470	0.2761
119.2431	0.1478	0.0524	NaN	0.0470	0.2761
119.2434	0.1477	0.0524	NaN	0.0470	0.2761
119.2457	0.1479	0.0524	NaN	0.0470	0.2761
119.2452	0.1480	0.0524	NaN	0.0470	0.2760
119.2451	0.1480	0.0524	NaN	0.0470	0.2760
119.2440	0.1478	0.0524	NaN	0.0470	0.2759
119.2474	0.1476	0.0523	NaN	0.0470	0.2759
119.2474	0.1475	0.0523	NaN	0.0470	0.2759
119.2478	0.1475	0.0523	NaN	0.0470	0.2759
119.2501	0.1474	0.0523	NaN	0.0470	0.2759
119.2483	0.1473	0.0523	NaN	0.0470	0.2758
119.2491	0.1471	0.0523	NaN	0.0470	0.2759
119.2518	0.1470	0.0523	NaN	0.0470	0.2760
119.2537	0.1472	0.0523	NaN	0.0470	0.2760
119.2538	0.1476	0.0523	NaN	0.0470	0.2757
119.2538	0.1479	0.0523	NaN	0.0470	0.2757
119.2534	0.1480	0.0523	NaN	0.0470	0.2756
119.2535	0.1481	0.0523	NaN	0.0470	0.2755
119.2535	0.1481	0.0523	NaN	0.0470	0.2755
119.2544	0.1483	0.0523	NaN	0.0470	0.2754
119.2544	0.1484	0.0523	NaN	0.0470	0.2756
119.2547	0.1484	0.0523	NaN	0.0470	0.2755
119.2576	0.1485	0.0524	NaN	0.0470	0.2757
119.2565	0.1485	0.0524	NaN	0.0470	0.2755
119.2571	0.1485	0.0524	NaN	0.0470	0.2755
119.2606	0.1487	0.0524	NaN	0.0470	0.2754
119.2591	0.1486	0.0524	NaN	0.0470	0.2754
119.2587	0.1486	0.0523	NaN	0.0470	0.2754
119.2606	0.1486	0.0523	NaN	0.0470	0.2755
119.2598	0.1483	0.0523	NaN	0.0470	0.2755
119.2609	0.1482	0.0523	NaN	0.0470	0.2756
119.2622	0.1482	0.0524	NaN	0.0470	0.2755
119.2625	0.1482	0.0524	NaN	0.0470	0.2754
119.2626	0.1483	0.0524	NaN	0.0470	0.2753
119.2621	0.1484	0.0524	NaN	0.0470	0.2753
119.2642	0.1484	0.0524	NaN	0.0470	0.2754
119.2640	0.1483	0.0524	NaN	0.0470	0.2754
119.2641	0.1484	0.0524	NaN	0.0470	0.2754
119.2661	0.1486	0.0523	NaN	0.0470	0.2755
119.2674	0.1485	0.0523	NaN	0.0470	0.2754
119.2653	0.1484	0.0524	NaN	0.0470	0.2755
119.2672	0.1485	0.0523	NaN	0.0470	0.2754
119.2677	0.1484	0.0523	NaN	0.0470	0.2754
119.2674	0.1486	0.0523	NaN	0.0470	0.2754
119.2687	0.1488	0.0523	NaN	0.0470	0.2754
119.2688	0.1489	0.0524	NaN	0.0470	0.2754
119.2693	0.1491	0.0523	NaN	0.0470	0.2754
119.2687	0.1492	0.0524	NaN	0.0470	0.2755
119.2700	0.1494	0.0523	NaN	0.0470	0.2753
119.2703	0.1493	0.0524	NaN	0.0470	0.2753
119.2709	0.1494	0.0524	NaN	0.0470	0.2753
119.2727	0.1494	0.0524	NaN	0.0470	0.2753
119.2729	0.1493	0.0523	NaN	0.0470	0.2753
119.2725	0.1492	0.0524	NaN	0.0470	0.2753
119.2748	0.1492	0.0524	NaN	0.0470	0.2753
119.2766	0.1492	0.0524	NaN	0.0470	0.2754
119.2746	0.1491	0.0524	NaN	0.0470	0.2754
119.2771	0.1494	0.0524	NaN	0.0470	0.2754
119.2762	0.1495	0.0524	NaN	0.0470	0.2754
119.2770	0.1499	0.0524	NaN	0.0469	0.2754
119.2786	0.1502	0.0524	NaN	0.0470	0.2754
119.2777	0.1500	0.0524	NaN	0.0469	0.2754
119.2794	0.1503	0.0524	NaN	0.0469	0.2754
119.2777	0.1502	0.0524	NaN	0.0469	0.2753
119.2810	0.1505	0.0524	NaN	0.0470	0.2753
119.2808	0.1510	0.0524	NaN	0.0470	0.2753
119.2803	0.1513	0.0524	NaN	0.0469	0.2752
119.2815	0.1515	0.0524	NaN	0.0469	0.2753
119.2809	0.1516	0.0524	NaN	0.0469	0.2753
119.2827	0.1513	0.0524	NaN	0.0469	0.2753
119.2835	0.1513	0.0524	NaN	0.0469	0.2752
119.2836	0.1511	0.0524	NaN	0.0470	0.2752
119.2841	0.1515	0.0524	NaN	0.0469	0.2753
119.2874	0.1520	0.0524	NaN	0.0469	0.2753
119.2869	0.1520	0.0524	NaN	0.0469	0.2753
119.2879	0.1524	0.0524	NaN	0.0469	0.2753
119.2861	0.1523	0.0525	NaN	0.0469	0.2753
119.2903	0.1528	0.0525	NaN	0.0469	0.2753
119.2880	0.1526	0.0524	NaN	0.0469	0.2753
119.2891	0.1519	0.0524	NaN	0.0469	0.2753
119.2894	0.1518	0.0524	NaN	0.0470	0.2753
119.2912	0.1519	0.0524	NaN	0.0469	0.2753
119.2916	0.1522	0.0525	NaN	0.0470	0.2752
119.2926	0.1524	0.0525	NaN	0.0469	0.2753
119.2921	0.1522	0.0525	NaN	0.0470	0.2753
119.2942	0.1522	0.0525	NaN	0.0470	0.2753
119.2947	0.1522	0.0524	NaN	0.0470	0.2753
119.2946	0.1526	0.0525	NaN	0.0469	0.2753
119.2944	0.1532	0.0525	NaN	0.0469	0.2753
119.2939	0.1531	0.0525	NaN	0.0469	0.2753
119.2952	0.1535	0.0525	NaN	0.0470	0.2752
119.2949	0.1540	0.0525	NaN	0.0469	0.2752
119.2967	0.1541	0.0525	NaN	0.0469	0.2752
119.2970	0.1549	0.0525	NaN	0.0469	0.2753
119.2970	0.1546	0.0525	NaN	0.0469	0.2752
119.2989	0.1548	0.0525	NaN	0.0469	0.2753
119.3000	0.1545	0.0525	NaN	0.0469	0.2753
119.3004	0.1544	0.0525	NaN	0.0469	0.2753
119.3000	0.1542	0.0525	NaN	0.0469	0.2753
119.3016	0.1548	0.0525	NaN	0.0469	0.2753
119.3021	0.1556	0.0526	NaN	0.0469	0.2754
119.3015	0.1563	0.0526	NaN	0.0469	0.2753
119.3046	0.1570	0.0526	NaN	0.0469	0.2753
119.3040	0.1582	0.0526	NaN	0.0469	0.2753
119.3033	0.1584	0.0526	NaN	0.0469	0.2754
119.3029	0.1582	0.0526	NaN	0.0469	0.2754
119.3024	0.1589	0.0526	NaN	0.0469	0.2753
119.3042	0.1575	0.0526	NaN	0.0469	0.2753
119.3045	0.1568	0.0526	NaN	0.0469	0.2753
119.3054	0.1567	0.0526	NaN	0.0469	0.2754
119.3064	0.1570	0.0526	NaN	0.0469	0.2754
119.3071	0.1572	0.0526	NaN	0.0469	0.2754
119.3079	0.1569	0.0526	NaN	0.0469	0.2754
119.3087	0.1568	0.0526	NaN	0.0469	0.2754
119.3080	0.1571	0.0526	NaN	0.0469	0.2753
119.3117	0.1576	0.0526	NaN	0.0469	0.2754
119.3107	0.1573	0.0526	NaN	0.0469	0.2754
119.3111	0.1568	0.0526	NaN	0.0469	0.2754
119.3116	0.1570	0.0526	NaN	0.0469	0.2754
119.3122	0.1576	0.0526	NaN	0.0469	0.2754
119.3132	0.1584	0.0526	NaN	0.0469	0.2754
119.3122	0.1582	0.0527	NaN	0.0469	0.2754
119.3166	0.1594	0.0527	NaN	0.0469	0.2754
119.3162	0.1598	0.0527	NaN	0.0469	0.2754
119.3154	0.1599	0.0527	NaN	0.0469	0.2754
119.3183	0.1604	0.0527	NaN	0.0469	0.2754
119.3164	0.1610	0.0527	NaN	0.0469	0.2754
119.3171	0.1598	0.0527	NaN	0.0469	0.2754
119.3182	0.1596	0.0527	NaN	0.0469	0.2755
119.3188	0.1602	0.0527	NaN	0.0469	0.2754
119.3184	0.1609	0.0527	NaN	0.0469	0.2754
119.3198	0.1624	0.0528	NaN	0.0469	0.2754
119.3206	0.1635	0.0528	NaN	0.0469	0.2754
119.3190	0.1623	0.0528	NaN	0.0469	0.2754
119.3207	0.1617	0.0528	NaN	0.0469	0.2754
119.3213	0.1616	0.0527	NaN	0.0469	0.2754
119.3210	0.1611	0.0528	NaN	0.0469	0.2754
119.3197	0.1611	0.0527	NaN	0.0469	0.2754
119.3241	0.1617	0.0528	NaN	0.0469	0.2754
119.3240	0.1627	0.0528	NaN	0.0469	0.2754
119.3252	0.1650	0.0529	NaN	0.0469	0.2754
119.3275	0.1690	0.0530	NaN	0.0469	0.2754
119.3254	0.1715	0.0531	NaN	0.0469	0.2754
119.3263	0.1734	0.0531	NaN	0.0469	0.2754
119.3277	0.1747	0.0532	NaN	0.0469	0.2754
119.3315	0.1750	0.0532	NaN	0.0469	0.2755
119.3302	0.1757	0.0532	NaN	0.0469	0.2754
119.3281	0.1760	0.0532	NaN	0.0469	0.2754
119.3294	0.1754	0.0532	NaN	0.0469	0.2754
119.3301	0.1740	0.0532	NaN	0.0469	0.2753
119.3302	0.1728	0.0531	NaN	0.0469	0.2753
119.3309	0.1748	0.0532	NaN	0.0469	0.2754
119.3318	0.1739	0.0532	NaN	0.0469	0.2754
119.3305	0.1736	0.0531	NaN	0.0469	0.2754
119.3323	0.1752	0.0532	NaN	0.0469	0.2754
119.3318	0.1747	0.0532	NaN	0.0469	0.2755
119.3328	0.1760	0.0532	NaN	0.0469	0.2755
119.3338	0.1784	0.0533	NaN	0.0469	0.2755
119.3345	0.1805	0.0534	NaN	0.0469	0.2754
119.3336	0.1815	0.0534	NaN	0.0469	0.2754
119.3339	0.1811	0.0534	NaN	0.0469	0.2754
119.3353	0.1798	0.0534	NaN	0.0469	0.2754
119.3364	0.1793	0.0534	NaN	0.0469	0.2754
119.3368	0.1806	0.0534	NaN	0.0469	0.2754
119.3382	0.1830	0.0535	NaN	0.0469	0.2754
119.3387	0.1857	0.0536	NaN	0.0469	0.2754
119.3384	0.1857	0.0536	NaN	0.0469	0.2754
119.3408	0.1865	0.0536	NaN	0.0469	0.2754
119.3397	0.1851	0.0536	NaN	0.0469	0.2755
119.3397	0.1862	0.0536	NaN	0.0469	0.2755
119.3424	0.1868	0.0536	NaN	0.0469	0.2756
119.3428	0.1847	0.0536	NaN	0.0469	0.2756
119.3410	0.1839	0.0535	NaN	0.0469	0.2756
119.3435	0.1834	0.0535	NaN	0.0469	0.2755
119.3437	0.1829	0.0535	NaN	0.0469	0.2755
119.3461	0.1819	0.0535	NaN	0.0469	0.2755
119.3419	0.1800	0.0534	NaN	0.0469	0.2755
119.3434	0.1832	0.0535	NaN	0.0469	0.2756
119.3445	0.1851	0.0536	NaN	0.0469	0.2757
119.3446	0.1874	0.0536	NaN	0.0469	0.2757
119.3476	0.1902	0.0538	NaN	0.0469	0.2758
119.3483	0.1916	0.0538	NaN	0.0469	0.2758
119.3480	0.1902	0.0538	NaN	0.0469	0.2758
119.3495	0.1902	0.0537	NaN	0.0469	0.2758
119.3507	0.1907	0.0538	NaN	0.0469	0.2758
119.3496	0.1917	0.0538	NaN	0.0469	0.2759
119.3519	0.1919	0.0538	NaN	0.0469	0.2759
119.3519	0.1920	0.0538	NaN	0.0469	0.2760
119.3523	0.1921	0.0538	NaN	0.0469	0.2761
119.3505	0.1915	0.0538	NaN	0.0469	0.2763
119.3511	0.1900	0.0537	NaN	0.0469	0.2763
119.3531	0.1904	0.0538	NaN	0.0469	0.2764
119.3512	0.1917	0.0538	NaN	0.0469	0.2764
119.3548	0.1919	0.0538	NaN	0.0469	0.2763
119.3538	0.1918	0.0538	NaN	0.0469	0.2762
119.3544	0.1911	0.0538	NaN	0.0469	0.2761
119.3549	0.1913	0.0538	NaN	0.0469	0.2761
119.3565	0.1919	0.0538	NaN	0.0469	0.2761
119.3570	0.1911	0.0538	NaN	0.0469	0.2761
119.3580	0.1878	0.0537	NaN	0.0469	0.2761
119.3585	0.1857	0.0536	NaN	0.0469	0.2762
119.3582	0.1833	0.0535	NaN	0.0469	0.2763
119.3605	0.1820	0.0534	NaN	0.0469	0.2764
119.3593	0.1821	0.0534	NaN	0.0469	0.2764
119.3608	0.1814	0.0534	NaN	0.0469	0.2764
119.3620	0.1813	0.0534	NaN	0.0469	0.2763
119.3621	0.1799	0.0534	NaN	0.0469	0.2762
119.3610	0.1798	0.0534	NaN	0.0469	0.2762
119.3615	0.1807	0.0534	NaN	0.0469	0.2761
119.3632	0.1803	0.0534	NaN	0.0469	0.2761
119.3620	0.1822	0.0535	NaN	0.0469	0.2761
119.3626	0.1818	0.0534	NaN	0.0469	0.2762
119.3655	0.1815	0.0534	NaN	0.0469	0.2762
119.3657	0.1833	0.0535	NaN	0.0469	0.2761
119.3655	0.1851	0.0536	NaN	0.0469	0.2760
119.3671	0.1848	0.0536	NaN	0.0469	0.2760
119.3693	0.1828	0.0535	NaN	0.0469	0.2761
119.3669	0.1790	0.0534	NaN	0.0469	0.2761
119.3677	0.1760	0.0532	NaN	0.0469	0.2761
119.3698	0.1757	0.0532	NaN	0.0469	0.2761
119.3694	0.1755	0.0532	NaN	0.0469	0.2761
119.3680	0.1768	0.0532	NaN	0.0469	0.2761
119.3701	0.1758	0.0532	NaN	0.0469	0.2762
119.3699	0.1747	0.0532	NaN	0.0469	0.2763
119.3713	0.1740	0.0531	NaN	0.0469	0.2764
119.3740	0.1720	0.0531	NaN	0.0469	0.2765
119.3734	0.1715	0.0530	NaN	0.0469	0.2765
119.3726	0.1709	0.0530	NaN	0.0468	0.2765
119.3756	0.1702	0.0530	NaN	0.0469	0.2765
119.3745	0.1701	0.0530	NaN	0.0469	0.2766
119.3742	0.1693	0.0530	NaN	0.0469	0.2766
119.3750	0.1696	0.0530	NaN	0.0468	0.2766
119.3764	0.1688	0.0529	NaN	0.0469	0.2766
119.3766	0.1686	0.0529	NaN	0.0468	0.2766
119.3759	0.1678	0.0529	NaN	0.0469	0.2767
119.3806	0.1668	0.0529	NaN	0.0468	0.2769
119.3775	0.1662	0.0528	NaN	0.0468	0.2769
119.3780	0.1650	0.0528	NaN	0.0468	0.2771
119.3805	0.1639	0.0527	NaN	0.0468	0.2772
119.3813	0.1635	0.0527	NaN	0.0468	0.2772
119.3808	0.1631	0.0527	NaN	0.0468	0.2773
119.3819	0.1627	0.0527	NaN	0.0468	0.2773
119.3822	0.1629	0.0527	NaN	0.0468	0.2773
119.3834	0.1629	0.0527	NaN	0.0468	0.2773
119.3845	0.1628	0.0527	NaN	0.0468	0.2773
119.3847	0.1629	0.0527	NaN	0.0468	0.2773
119.3845	0.1635	0.0527	NaN	0.0468	0.2773
119.3845	0.1634	0.0527	NaN	0.0468	0.2773
119.3852	0.1633	0.0527	NaN	0.0468	0.2773
119.3856	0.1634	0.0527	NaN	0.0468	0.2772
119.3860	0.1632	0.0527	NaN	0.0468	0.2772
119.3873	0.1631	0.0527	NaN	0.0468	0.2772
119.3878	0.1627	0.0527	NaN	0.0468	0.2771
119.3887	0.1628	0.0527	NaN	0.0468	0.2771
119.3913	0.1626	0.0527	NaN	0.0468	0.2772
119.3908	0.1623	0.0527	NaN	0.0468	0.2773
119.3912	0.1623	0.0527	NaN	0.0468	0.2772
119.3923	0.1623	0.0527	NaN	0.0468	0.2772
119.3923	0.1621	0.0527	NaN	0.0468	0.2768
119.3930	0.1620	0.0527	NaN	0.0468	0.2767
119.3930	0.1623	0.0527	NaN	0.0468	0.2765
119.3936	0.1624	0.0527	NaN	0.0468	0.2765
119.3935	0.1630	0.0527	NaN	0.0468	0.2764
119.3938	0.1630	0.0527	NaN	0.0468	0.2764
119.3956	0.1628	0.0527	NaN	0.0468	0.2765
119.3966	0.1626	0.0527	NaN	0.0469	0.2765
119.3954	0.1622	0.0527	NaN	0.0468	0.2767
119.3971	0.1619	0.0527	NaN	0.0468	0.2769
119.3978	0.1617	0.0527	NaN	0.0468	0.2769
119.3971	0.1617	0.0527	NaN	0.0468	0.2768
119.3982	0.1615	0.0527	NaN	0.0469	0.2767
119.3996	0.1614	0.0527	NaN	0.0468	0.2770
119.3992	0.1614	0.0527	NaN	0.0469	0.2770
119.4017	0.1615	0.0527	NaN	0.0468	0.2771
119.4013	0.1613	0.0527	NaN	0.0468	0.2771
119.4007	0.1613	0.0527	NaN	0.0469	0.2771
119.4032	0.1613	0.0527	NaN	0.0468	0.2772
119.4032	0.1613	0.0527	NaN	0.0468	0.2772
119.4035	0.1614	0.0527	NaN	0.0468	0.2772
119.4036	0.1615	0.0527	NaN	0.0468	0.2773
119.4041	0.1616	0.0527	NaN	0.0468	0.2773
119.4042	0.1618	0.0527	NaN	0.0468	0.2774
119.4046	0.1623	0.0527	NaN	0.0468	0.2774
119.4076	0.1625	0.0527	NaN	0.0468	0.2775
119.4070	0.1628	0.0527	NaN	0.0468	0.2774
119.4059	0.1628	0.0527	NaN	0.0468	0.2775
119.4079	0.1628	0.0527	NaN	0.0468	0.2775
119.4085	0.1624	0.0527	NaN	0.0468	0.2774
119.4082	0.1621	0.0527	NaN	0.0468	0.2773
119.4077	0.1618	0.0527	NaN	0.0468	0.2772
119.4092	0.1617	0.0527	NaN	0.0468	0.2771
119.4099	0.1618	0.0527	NaN	0.0468	0.2773
119.4108	0.1621	0.0527	NaN	0.0468	0.2773
119.4114	0.1626	0.0527	NaN	0.0468	0.2773
119.4115	0.1631	0.0527	NaN	0.0468	0.2773
119.4143	0.1635	0.0527	NaN	0.0468	0.2774
119.4140	0.1635	0.0527	NaN	0.0468	0.2775
119.4135	0.1635	0.0528	NaN	0.0468	0.2775
119.4146	0.1634	0.0528	NaN	0.0468	0.2776
119.4160	0.1636	0.0528	NaN	0.0468	0.2776
119.4162	0.1634	0.0528	NaN	0.0468	0.2775
119.4145	0.1631	0.0527	NaN	0.0468	0.2775
119.4179	0.1632	0.0527	NaN	0.0468	0.2774
119.4175	0.1631	0.0527	NaN	0.0468	0.2774
119.4198	0.1632	0.0527	NaN	0.0468	0.2775
119.4188	0.1635	0.0527	NaN	0.0468	0.2775
119.4228	0.1644	0.0528	NaN	0.0468	0.2775
119.4204	0.1644	0.0528	NaN	0.0468	0.2776
119.4208	0.1642	0.0528	NaN	0.0468	0.2775
119.4228	0.1648	0.0528	NaN	0.0469	0.2774
119.4226	0.1649	0.0528	NaN	0.0468	0.2774
119.4232	0.1657	0.0528	NaN	0.0469	0.2775
119.4251	0.1664	0.0529	NaN	0.0468	0.2775
119.4238	0.1661	0.0529	NaN	0.0469	0.2775
119.4231	0.1649	0.0528	NaN	0.0468	0.2775
119.4256	0.1654	0.0528	NaN	0.0468	0.2775
119.4271	0.1652	0.0528	NaN	0.0468	0.2776
119.4257	0.1650	0.0528	NaN	0.0469	0.2776
119.4264	0.1656	0.0528	NaN	0.0469	0.2773
119.4284	0.1659	0.0528	NaN	0.0469	0.2775
119.4292	0.1664	0.0529	NaN	0.0469	0.2774
119.4279	0.1669	0.0529	NaN	0.0468	0.2775
119.4297	0.1677	0.0529	NaN	0.0469	0.2776
119.4305	0.1684	0.0529	NaN	0.0469	0.2775
119.4290	0.1683	0.0529	NaN	0.0468	0.2775
119.4321	0.1687	0.0530	NaN	0.0469	0.2775
119.4310	0.1687	0.0529	NaN	0.0469	0.2774
119.4305	0.1695	0.0530	NaN	0.0469	0.2776
119.4329	0.1703	0.0530	NaN	0.0468	0.2776
119.4333	0.1706	0.0530	NaN	0.0468	0.2776
119.4348	0.1705	0.0530	NaN	0.0469	0.2777
119.4335	0.1705	0.0530	NaN	0.0469	0.2776
119.4356	0.1704	0.0530	NaN	0.0468	0.2777
119.4346	0.1703	0.0530	NaN	0.0469	0.2777
119.4350	0.1703	0.0530	NaN	0.0469	0.2777
119.4365	0.1699	0.0530	NaN	0.0469	0.2777
119.4350	0.1692	0.0530	NaN	0.0469	0.2777
119.4367	0.1692	0.0530	NaN	0.0469	0.2777
119.4379	0.1685	0.0530	NaN	0.0469	0.2777
119.4368	0.1689	0.0529	NaN	0.0468	0.2777
119.4385	0.1698	0.0530	NaN	0.0469	0.2777
119.4409	0.1702	0.0530	NaN	0.0469	0.2777
119.4400	0.1707	0.0530	NaN	0.0469	0.2777
119.4386	0.1706	0.0530	NaN	0.0469	0.2777
119.4412	0.1701	0.0530	NaN	0.0469	0.2777
119.4420	0.1698	0.0530	NaN	0.0469	0.2777
119.4418	0.1692	0.0530	NaN	0.0469	0.2777
119.4421	0.1684	0.0529	NaN	0.0469	0.2777
119.4446	0.1677	0.0529	NaN	0.0469	0.2777
119.4442	0.1678	0.0529	NaN	0.0469	0.2777
119.4447	0.1683	0.0530	NaN	0.0469	0.2777
119.4463	0.1681	0.0529	NaN	0.0469	0.2777
119.4469	0.1689	0.0530	NaN	0.0469	0.2777
119.4465	0.1687	0.0530	NaN	0.0469	0.2776
119.4486	0.1671	0.0529	NaN	0.0469	0.2777
119.4489	0.1655	0.0529	NaN	0.0469	0.2777
119.4499	0.1644	0.0528	NaN	0.0469	0.2778
119.4504	0.1631	0.0528	NaN	0.0469	0.2778
119.4509	0.1632	0.0528	NaN	0.0469	0.2778
119.4516	0.1644	0.0528	NaN	0.0469	0.2774
119.4523	0.1637	0.0528	NaN	0.0469	0.2778
119.4543	0.1631	0.0528	NaN	0.0469	0.2778
119.4530	0.1628	0.0527	NaN	0.0469	0.2777
119.4536	0.1629	0.0528	NaN	0.0469	0.2778
119.4538	0.1629	0.0528	NaN	0.0469	0.2777
119.4538	0.1639	0.0528	NaN	0.0469	0.2776
119.4538	0.1645	0.0528	NaN	0.0469	0.2776
119.4555	0.1627	0.0528	NaN	0.0469	0.2777
119.4567	0.1626	0.0528	NaN	0.0469	0.2777
119.4573	0.1621	0.0527	NaN	0.0469	0.2777
119.4595	0.1615	0.0527	NaN	0.0469	0.2777
119.4584	0.1625	0.0527	NaN	0.0469	0.2777
119.4572	0.1622	0.0527	NaN	0.0469	0.2776
119.4588	0.1611	0.0527	NaN	0.0469	0.2777
119.4594	0.1604	0.0527	NaN	0.0469	0.2776
119.4574	0.1601	0.0526	NaN	0.0469	0.2775
119.4592	0.1605	0.0527	NaN	0.0469	0.2776
119.4601	0.1609	0.0527	NaN	0.0469	0.2776
119.4618	0.1612	0.0527	NaN	0.0468	0.2776
119.4592	0.1612	0.0527	NaN	0.0469	0.2776
119.4630	0.1600	0.0526	NaN	0.0468	0.2776
119.4636	0.1595	0.0526	NaN	0.0469	0.2776
119.4647	0.1599	0.0526	NaN	0.0468	0.2776
119.4657	0.1594	0.0526	NaN	0.0469	0.2776
119.4660	0.1598	0.0527	NaN	0.0469	0.2776
119.4685	0.1584	0.0526	NaN	0.0469	0.2776
119.4677	0.1577	0.0526	NaN	0.0469	0.2776
119.4686	0.1579	0.0526	NaN	0.0469	0.2777
119.4681	0.1578	0.0526	NaN	0.0469	0.2777
119.4683	0.1573	0.0526	NaN	0.0469	0.2778
119.4699	0.1565	0.0525	NaN	0.0469	0.2778
119.4681	0.1560	0.0525	NaN	0.0469	0.2779
119.4705	0.1553	0.0525	NaN	0.0469	0.2778
119.4723	0.1550	0.0525	NaN	0.0469	0.2779
119.4737	0.1547	0.0525	NaN	0.0469	0.2778
119.4723	0.1542	0.0525	NaN	0.0469	0.2777
119.4734	0.1537	0.0525	NaN	0.0469	0.2778
119.4737	0.1537	0.0525	NaN	0.0469	0.2778
119.4733	0.1539	0.0525	NaN	0.0469	0.2778
119.4754	0.1540	0.0525	NaN	0.0469	0.2778
119.4742	0.1546	0.0525	NaN	0.0469	0.2778
119.4746	0.1549	0.0525	NaN	0.0469	0.2776
119.4735	0.1552	0.0525	NaN	0.0469	0.2777
119.4762	0.1549	0.0525	NaN	0.0469	0.2778
119.4762	0.1548	0.0525	NaN	0.0469	0.2778
119.4765	0.1546	0.0525	NaN	0.0469	0.2778
119.4780	0.1538	0.0525	NaN	0.0469	0.2778
119.4784	0.1542	0.0525	NaN	0.0469	0.2778
119.4775	0.1545	0.0525	NaN	0.0469	0.2778
119.4798	0.1548	0.0525	NaN	0.0469	0.2777
119.4805	0.1551	0.0525	NaN	0.0469	0.2778
119.4794	0.1552	0.0525	NaN	0.0469	0.2777
119.4810	0.1548	0.0525	NaN	0.0469	0.2777
119.4808	0.1547	0.0525	NaN	0.0469	0.2777
119.4789	0.1547	0.0525	NaN	0.0469	0.2775
119.4836	0.1544	0.0525	NaN	0.0469	0.2776
119.4824	0.1541	0.0525	NaN	0.0469	0.2776
119.4834	0.1537	0.0524	NaN	0.0469	0.2776
119.4841	0.1533	0.0524	NaN	0.0469	0.2776
119.4852	0.1531	0.0524	NaN	0.0469	0.2776
119.4847	0.1527	0.0524	NaN	0.0469	0.2777
119.4845	0.1526	0.0524	NaN	0.0469	0.2777
119.4869	0.1522	0.0524	NaN	0.0469	0.2779
119.4873	0.1520	0.0524	NaN	0.0469	0.2779
119.4875	0.1520	0.0524	NaN	0.0469	0.2779
119.4889	0.1521	0.0524	NaN	0.0469	0.2779
119.4898	0.1521	0.0524	NaN	0.0469	0.2779
119.4896	0.1523	0.0524	NaN	0.0469	0.2780
119.4911	0.1524	0.0524	NaN	0.0469	0.2780
119.4912	0.1523	0.0524	NaN	0.0469	0.2780
119.4920	0.1521	0.0524	NaN	0.0469	0.2779
119.4921	0.1521	0.0524	NaN	0.0469	0.2779
119.4940	0.1520	0.0524	NaN	0.0469	0.2779
119.4938	0.1519	0.0524	NaN	0.0469	0.2779
119.4946	0.1520	0.0524	NaN	0.0469	0.2779
119.4959	0.1520	0.0524	NaN	0.0469	0.2779
119.4949	0.1519	0.0524	NaN	0.0469	0.2779
119.4950	0.1518	0.0524	NaN	0.0469	0.2779
119.4952	0.1519	0.0524	NaN	0.0469	0.2780
119.4969	0.1523	0.0524	NaN	0.0469	0.2780
119.4958	0.1524	0.0524	NaN	0.0469	0.2779
119.4973	0.1524	0.0524	NaN	0.0469	0.2778
119.4976	0.1526	0.0524	NaN	0.0469	0.2777
119.4968	0.1526	0.0524	NaN	0.0469	0.2779
119.4991	0.1520	0.0524	NaN	0.0469	0.2777
119.5022	0.1518	0.0524	NaN	0.0469	0.2776
119.5012	0.1520	0.0524	NaN	0.0469	0.2773
119.5007	0.1520	0.0524	NaN	0.0469	0.2777
119.5027	0.1521	0.0524	NaN	0.0469	0.2778
119.5024	0.1522	0.0524	NaN	0.0469	0.2779
119.5033	0.1524	0.0524	NaN	0.0469	0.2778
119.5052	0.1522	0.0524	NaN	0.0469	0.2779
119.5065	0.1521	0.0524	NaN	0.0469	0.2778
119.5046	0.1520	0.0524	NaN	0.0469	0.2779
119.5052	0.1521	0.0524	NaN	0.0469	0.2779
119.5051	0.1523	0.0524	NaN	0.0469	0.2779
119.5056	0.1522	0.0524	NaN	0.0469	0.2780
119.5081	0.1525	0.0524	NaN	0.0469	0.2781
119.5072	0.1527	0.0524	NaN	0.0469	0.2781
119.5061	0.1525	0.0524	NaN	0.0469	0.2781
119.5069	0.1525	0.0524	NaN	0.0469	0.2781
119.5089	0.1529	0.0525	NaN	0.0469	0.2782
119.5096	0.1531	0.0524	NaN	0.0469	0.2781
119.5091	0.1533	0.0525	NaN	0.0469	0.2781
119.5111	0.1537	0.0525	NaN	0.0469	0.2782
119.5117	0.1542	0.0525	NaN	0.0469	0.2782
119.5112	0.1544	0.0525	NaN	0.0469	0.2780
119.5116	0.1545	0.0525	NaN	0.0469	0.2781
119.5115	0.1543	0.0525	NaN	0.0469	0.2781
119.5113	0.1537	0.0525	NaN	0.0469	0.2781
119.5150	0.1537	0.0525	NaN	0.0469	0.2778
119.5145	0.1535	0.0525	NaN	0.0469	0.2782
119.5149	0.1540	0.0525	NaN	0.0469	0.2782
119.5148	0.1540	0.0525	NaN	0.0469	0.2781
119.5169	0.1544	0.0525	NaN	0.0469	0.2781
119.5189	0.1551	0.0525	NaN	0.0470	0.2782
119.5168	0.1552	0.0526	NaN	0.0469	0.2782
119.5188	0.1562	0.0526	NaN	0.0469	0.2782
119.5184	0.1562	0.0526	NaN	0.0470	0.2777
119.5188	0.1556	0.0526	NaN	0.0469	0.2777
119.5190	0.1552	0.0526	NaN	0.0469	0.2780
119.5193	0.1545	0.0525	NaN	0.0470	0.2781
119.5192	0.1551	0.0526	NaN	0.0470	0.2782
119.5215	0.1551	0.0526	NaN	0.0469	0.2782
119.5228	0.1558	0.0526	NaN	0.0470	0.2781
119.5225	0.1560	0.0526	NaN	0.0470	0.2782
119.5240	0.1577	0.0527	NaN	0.0470	0.2782
119.5232	0.1579	0.0527	NaN	0.0470	0.2782
119.5237	0.1571	0.0526	NaN	0.0470	0.2782
119.5239	0.1573	0.0526	NaN	0.0470	0.2782
119.5250	0.1581	0.0527	NaN	0.0469	0.2782
119.5266	0.1580	0.0527	NaN	0.0469	0.2779
119.5254	0.1581	0.0527	NaN	0.0469	0.2780
119.5278	0.1595	0.0527	NaN	0.0470	0.2781
119.5274	0.1597	0.0527	NaN	0.0470	0.2782
119.5271	0.1593	0.0527	NaN	0.0470	0.2782
119.5296	0.1598	0.0528	NaN	0.0470	0.2782
119.5293	0.1601	0.0528	NaN	0.0470	0.2782
119.5304	0.1608	0.0528	NaN	0.0470	0.2782
119.5309	0.1621	0.0528	NaN	0.0470	0.2782
119.5305	0.1622	0.0529	NaN	0.0470	0.2782
119.5303	0.1622	0.0529	NaN	0.0470	0.2783
119.5313	0.1620	0.0529	NaN	0.0470	0.2783
119.5315	0.1621	0.0528	NaN	0.0470	0.2783
119.5322	0.1623	0.0528	NaN	0.0470	0.2783
119.5347	0.1625	0.0529	NaN	0.0470	0.2783
119.5336	0.1626	0.0529	NaN	0.0470	0.2783
119.5346	0.1626	0.0529	NaN	0.0470	0.2783
119.5347	0.1626	0.0529	NaN	0.0470	0.2783
119.5366	0.1626	0.0529	NaN	0.0470	0.2783
119.5377	0.1626	0.0529	NaN	0.0470	0.2783
119.5377	0.1627	0.0529	NaN	0.0470	0.2783
119.5411	0.1626	0.0529	NaN	0.0470	0.2783
119.5401	0.1626	0.0529	NaN	0.0470	0.2783
119.5400	0.1626	0.0529	NaN	0.0470	0.2783
119.5412	0.1626	0.0528	NaN	0.0470	0.2783
119.5416	0.1625	0.0529	NaN	0.0470	0.2783
119.5422	0.1624	0.0529	NaN	0.0470	0.2783
119.5415	0.1625	0.0529	NaN	0.0470	0.2782
119.5431	0.1621	0.0529	NaN	0.0470	0.2783
119.5423	0.1617	0.0529	NaN	0.0470	0.2783
119.5444	0.1609	0.0528	NaN	0.0470	0.2783
119.5464	0.1599	0.0528	NaN	0.0470	0.2783
119.5442	0.1593	0.0528	NaN	0.0470	0.2783
119.5456	0.1597	0.0528	NaN	0.0470	0.2783
119.5461	0.1602	0.0528	NaN	0.0470	0.2783
119.5470	0.1615	0.0529	NaN	0.0470	0.2783
119.5475	0.1607	0.0528	NaN	0.0470	0.2783
119.5468	0.1592	0.0528	NaN	0.0470	0.2783
119.5482	0.1575	0.0527	NaN	0.0470	0.2783
119.5484	0.1567	0.0527	NaN	0.0470	0.2783
119.5489	0.1568	0.0527	NaN	0.0470	0.2783
119.5499	0.1566	0.0527	NaN	0.0470	0.2783
119.5493	0.1570	0.0527	NaN	0.0470	0.2782
119.5487	0.1579	0.0527	NaN	0.0470	0.2782
119.5533	0.1572	0.0527	NaN	0.0470	0.2782
119.5524	0.1563	0.0527	NaN	0.0470	0.2782
119.5533	0.1553	0.0526	NaN	0.0470	0.2783
119.5559	0.1547	0.0526	NaN	0.0470	0.2783
119.5539	0.1551	0.0526	NaN	0.0470	0.2783
119.5554	0.1546	0.0526	NaN	0.0470	0.2781
119.5558	0.1545	0.0526	NaN	0.0470	0.2781
119.5563	0.1547	0.0526	NaN	0.0470	0.2782
119.5565	0.1550	0.0526	NaN	0.0470	0.2782
119.5559	0.1555	0.0526	NaN	0.0470	0.2781
119.5578	0.1553	0.0526	NaN	0.0470	0.2781
119.5576	0.1551	0.0526	NaN	0.0470	0.2781
119.5579	0.1551	0.0526	NaN	0.0470	0.2781
119.5613	0.1543	0.0526	NaN	0.0470	0.2781
119.5618	0.1541	0.0526	NaN	0.0470	0.2781
119.5618	0.1547	0.0526	NaN	0.0470	0.2780
119.5635	0.1544	0.0526	NaN	0.0470	0.2780
119.5632	0.1540	0.0526	NaN	0.0470	0.2780
119.5621	0.1534	0.0526	NaN	0.0470	0.2781
119.5640	0.1532	0.0526	NaN	0.0471	0.2781
119.5633	0.1537	0.0526	NaN	0.0471	0.2780
119.5637	0.1537	0.0526	NaN	0.0470	0.2779
119.5673	0.1532	0.0526	NaN	0.0471	0.2779
119.5660	0.1533	0.0526	NaN	0.0470	0.2779
119.5658	0.1530	0.0526	NaN	0.0470	0.2780
119.5659	0.1531	0.0526	NaN	0.0470	0.2780
119.5687	0.1528	0.0526	NaN	0.0471	0.2781
119.5668	0.1524	0.0526	NaN	0.0471	0.2781
119.5674	0.1523	0.0526	NaN	0.0471	0.2782
119.5690	0.1521	0.0526	NaN	0.0470	0.2783
119.5712	0.1524	0.0526	NaN	0.0471	0.2782
119.5697	0.1525	0.0526	NaN	0.0471	0.2781
119.5711	0.1524	0.0525	NaN	0.0471	0.2781
119.5720	0.1525	0.0526	NaN	0.0471	0.2780
119.5716	0.1523	0.0525	NaN	0.0471	0.2780
119.5728	0.1522	0.0525	NaN	0.0470	0.2781
119.5709	0.1520	0.0525	NaN	0.0471	0.2782
119.5727	0.1520	0.0525	NaN	0.0470	0.2782
119.5722	0.1519	0.0526	NaN	0.0470	0.2782
119.5747	0.1521	0.0526	NaN	0.0471	0.2782
119.5740	0.1520	0.0525	NaN	0.0471	0.2781
119.5751	0.1520	0.0526	NaN	0.0471	0.2781
119.5763	0.1520	0.0526	NaN	0.0471	0.2781
119.5756	0.1520	0.0526	NaN	0.0471	0.2781
119.5750	0.1520	0.0526	NaN	0.0470	0.2782
119.5759	0.1521	0.0526	NaN	0.0471	0.2782
119.5767	0.1522	0.0526	NaN	0.0471	0.2782
119.5763	0.1521	0.0526	NaN	0.0471	0.2781
119.5787	0.1521	0.0526	NaN	0.0471	0.2781
119.5787	0.1520	0.0525	NaN	0.0471	0.2780
119.5783	0.1519	0.0526	NaN	0.0471	0.2780
119.5814	0.1520	0.0526	NaN	0.0471	0.2780
119.5801	0.1520	0.0526	NaN	0.0471	0.2780
119.5801	0.1520	0.0526	NaN	0.0471	0.2780
119.5813	0.1520	0.0526	NaN	0.0471	0.2780
119.5835	0.1521	0.0526	NaN	0.0471	0.2782
119.5827	0.1520	0.0526	NaN	0.0471	0.2782
119.5841	0.1520	0.0526	NaN	0.0471	0.2782
119.5846	0.1520	0.0526	NaN	0.0471	0.2782
119.5855	0.1522	0.0526	NaN	0.0471	0.2782
119.5881	0.1524	0.0526	NaN	0.0471	0.2783
119.5873	0.1527	0.0526	NaN	0.0471	0.2783
119.5865	0.1530	0.0527	NaN	0.0471	0.2784
119.5866	0.1532	0.0527	NaN	0.0471	0.2784
119.5886	0.1536	0.0527	NaN	0.0471	0.2784
119.5888	0.1535	0.0527	NaN	0.0471	0.2784
119.5889	0.1538	0.0527	NaN	0.0471	0.2784
119.5899	0.1540	0.0527	NaN	0.0471	0.2784
119.5926	0.1543	0.0527	NaN	0.0471	0.2784
119.5910	0.1546	0.0527	NaN	0.0471	0.2784
119.5929	0.1547	0.0527	NaN	0.0471	0.2784
119.5939	0.1545	0.0527	NaN	0.0471	0.2785
119.5938	0.1549	0.0527	NaN	0.0471	0.2785
119.5935	0.1550	0.0527	NaN	0.0471	0.2785
119.5947	0.1556	0.0528	NaN	0.0471	0.2785
119.5950	0.1554	0.0527	NaN	0.0471	0.2785
119.5956	0.1545	0.0527	NaN	0.0471	0.2784
119.5983	0.1545	0.0527	NaN	0.0471	0.2784
119.5959	0.1548	0.0527	NaN	0.0471	0.2782
119.5977	0.1550	0.0528	NaN	0.0471	0.2783
119.5981	0.1547	0.0527	NaN	0.0471	0.2784
119.5985	0.1546	0.0527	NaN	0.0471	0.2783
119.5980	0.1556	0.0528	NaN	0.0471	0.2784
119.5979	0.1565	0.0528	NaN	0.0472	0.2783
119.6017	0.1571	0.0528	NaN	0.0472	0.2785
119.6006	0.1571	0.0528	NaN	0.0472	0.2785
119.6008	0.1568	0.0528	NaN	0.0472	0.2786
119.6044	0.1575	0.0529	NaN	0.0472	0.2785
119.6026	0.1575	0.0529	NaN	0.0471	0.2785
119.6024	0.1579	0.0529	NaN	0.0471	0.2785
119.6050	0.1583	0.0529	NaN	0.0472	0.2786
119.6043	0.1587	0.0529	NaN	0.0472	0.2786
119.6041	0.1589	0.0529	NaN	0.0471	0.2786
119.6056	0.1589	0.0529	NaN	0.0472	0.2786
119.6056	0.1595	0.0529	NaN	0.0472	0.2785
119.6062	0.1603	0.0530	NaN	0.0472	0.2786
119.6070	0.1607	0.0530	NaN	0.0472	0.2786
119.6095	0.1626	0.0531	NaN	0.0472	0.2786
119.6091	0.1636	0.0531	NaN	0.0472	0.2786
119.6090	0.1635	0.0531	NaN	0.0472	0.2786
119.6116	0.1638	0.0531	NaN	0.0472	0.2781
119.6113	0.1641	0.0531	NaN	0.0472	0.2781
119.6100	0.1641	0.0531	NaN	0.0472	0.2785
119.6129	0.1639	0.0531	NaN	0.0472	0.2780
119.6127	0.1646	0.0531	NaN	0.0472	0.2782
119.6128	0.1639	0.0531	NaN	0.0472	0.2785
119.6137	0.1655	0.0531	NaN	0.0471	0.2785
119.6160	0.1640	0.0531	NaN	0.0472	0.2786
119.6141	0.1638	0.0531	NaN	0.0472	0.2787
119.6151	0.1647	0.0531	NaN	0.0472	0.2787
119.6168	0.1652	0.0532	NaN	0.0472	0.2787
119.6174	0.1655	0.0532	NaN	0.0472	0.2787
119.6180	0.1656	0.0532	NaN	0.0472	0.2787
119.6193	0.1659	0.0532	NaN	0.0472	0.2787
119.6191	0.1659	0.0532	NaN	0.0472	0.2787
119.6195	0.1660	0.0532	NaN	0.0472	0.2787
119.6206	0.1664	0.0532	NaN	0.0472	0.2787
119.6208	0.1662	0.0532	NaN	0.0472	0.2787
119.6209	0.1656	0.0532	NaN	0.0472	0.2787
119.6229	0.1654	0.0532	NaN	0.0472	0.2787
119.6261	0.1646	0.0531	NaN	0.0472	0.2787
119.6234	0.1655	0.0532	NaN	0.0472	0.2788
119.6254	0.1665	0.0532	NaN	0.0472	0.2788
119.6249	0.1666	0.0532	NaN	0.0472	0.2788
119.6259	0.1662	0.0532	NaN	0.0472	0.2786
119.6256	0.1661	0.0532	NaN	0.0472	0.2786
119.6267	0.1657	0.0532	NaN	0.0472	0.2788
119.6280	0.1654	0.0532	NaN	0.0472	0.2787
119.6271	0.1642	0.0532	NaN	0.0472	0.2787
119.6287	0.1636	0.0532	NaN	0.0473	0.2787
119.6281	0.1625	0.0531	NaN	0.0473	0.2785
119.6274	0.1625	0.0531	NaN	0.0473	0.2784
119.6299	0.1618	0.0531	NaN	0.0473	0.2784
119.6295	0.1599	0.0530	NaN	0.0473	0.2786
119.6296	0.1578	0.0530	NaN	0.0473	0.2786
119.6318	0.1568	0.0530	NaN	0.0473	0.2786
119.6311	0.1571	0.0530	NaN	0.0473	0.2786
119.6321	0.1579	0.0530	NaN	0.0473	0.2786
119.6306	0.1595	0.0530	NaN	0.0473	0.2786
119.6321	0.1600	0.0531	NaN	0.0473	0.2786
119.6330	0.1587	0.0530	NaN	0.0473	0.2786
119.6342	0.1551	0.0529	NaN	0.0473	0.2786
119.6373	0.1533	0.0528	NaN	0.0473	0.2786
119.6362	0.1524	0.0528	NaN	0.0473	0.2785
119.6355	0.1531	0.0528	NaN	0.0473	0.2785
119.6362	0.1528	0.0528	NaN	0.0473	0.2785
119.6376	0.1518	0.0528	NaN	0.0473	0.2783
119.6362	0.1516	0.0528	NaN	0.0473	0.2782
119.6387	0.1516	0.0528	NaN	0.0473	0.2783
119.6366	0.1533	0.0528	NaN	0.0473	0.2785
119.6406	0.1536	0.0528	NaN	0.0473	0.2785
119.6389	0.1556	0.0529	NaN	0.0473	0.2784
119.6400	0.1564	0.0529	NaN	0.0473	0.2782
119.6394	0.1562	0.0529	NaN	0.0473	0.2782
119.6405	0.1538	0.0528	NaN	0.0473	0.2782
119.6427	0.1520	0.0528	NaN	0.0473	0.2783
119.6420	0.1523	0.0528	NaN	0.0473	0.2783
119.6426	0.1526	0.0528	NaN	0.0473	0.2784
119.6439	0.1521	0.0528	NaN	0.0473	0.2784
119.6434	0.1525	0.0528	NaN	0.0473	0.2783
119.6437	0.1522	0.0528	NaN	0.0473	0.2783
119.6461	0.1513	0.0528	NaN	0.0473	0.2782
119.6438	0.1522	0.0528	NaN	0.0473	0.2782
119.6458	0.1517	0.0528	NaN	0.0473	0.2782
119.6482	0.1494	0.0527	NaN	0.0473	0.2781
119.6482	0.1484	0.0527	NaN	0.0473	0.2780
119.6469	0.1479	0.0527	NaN	0.0473	0.2780
119.6483	0.1481	0.0526	NaN	0.0473	0.2779
119.6505	0.1475	0.0527	NaN	0.0473	0.2780
119.6499	0.1473	0.0526	NaN	0.0473	0.2780
119.6521	0.1464	0.0526	NaN	0.0473	0.2780
119.6520	0.1465	0.0526	NaN	0.0473	0.2780
119.6518	0.1472	0.0527	NaN	0.0473	0.2780
119.6527	0.1480	0.0526	NaN	0.0473	0.2780
119.6533	0.1480	0.0527	NaN	0.0473	0.2781
119.6530	0.1475	0.0527	NaN	0.0473	0.2780
119.6535	0.1467	0.0526	NaN	0.0473	0.2780
119.6549	0.1459	0.0526	NaN	0.0473	0.2779
119.6551	0.1460	0.0526	NaN	0.0473	0.2779
119.6555	0.1458	0.0526	NaN	0.0473	0.2778
119.6573	0.1456	0.0526	NaN	0.0473	0.2778
119.6575	0.1450	0.0526	NaN	0.0473	0.2778
119.6560	0.1453	0.0526	NaN	0.0473	0.2778
119.6562	0.1450	0.0526	NaN	0.0474	0.2777
119.6584	0.1438	0.0526	NaN	0.0474	0.2776
119.6577	0.1430	0.0525	NaN	0.0474	0.2775
119.6584	0.1428	0.0525	NaN	0.0473	0.2776
119.6602	0.1423	0.0525	NaN	0.0474	0.2775
119.6593	0.1423	0.0525	NaN	0.0474	0.2776
119.6602	0.1425	0.0525	NaN	0.0474	0.2776
119.6632	0.1422	0.0525	NaN	0.0474	0.2776
119.6615	0.1423	0.0525	NaN	0.0474	0.2776
119.6627	0.1423	0.0525	NaN	0.0474	0.2778
119.6656	0.1416	0.0525	NaN	0.0474	0.2777
119.6647	0.1415	0.0525	NaN	0.0474	0.2777
119.6638	0.1417	0.0525	NaN	0.0474	0.2778
119.6636	0.1417	0.0525	NaN	0.0474	0.2778
119.6648	0.1416	0.0525	NaN	0.0474	0.2778
119.6652	0.1418	0.0525	NaN	0.0474	0.2778
119.6648	0.1419	0.0525	NaN	0.0474	0.2778
119.6675	0.1413	0.0525	NaN	0.0474	0.2777
119.6682	0.1406	0.0525	NaN	0.0474	0.2777
119.6681	0.1407	0.0525	NaN	0.0474	0.2777
119.6696	0.1407	0.0525	NaN	0.0474	0.2776
119.6688	0.1409	0.0525	NaN	0.0474	0.2776
119.6700	0.1407	0.0525	NaN	0.0474	0.2776
119.6704	0.1402	0.0525	NaN	0.0474	0.2776
119.6709	0.1396	0.0525	NaN	0.0474	0.2775
119.6716	0.1392	0.0525	NaN	0.0474	0.2774
119.6724	0.1391	0.0525	NaN	0.0474	0.2774
119.6751	0.1389	0.0525	NaN	0.0474	0.2774
119.6717	0.1390	0.0525	NaN	0.0474	0.2774
119.6733	0.1391	0.0525	NaN	0.0474	0.2774
119.6748	0.1391	0.0525	NaN	0.0474	0.2774
119.6748	0.1393	0.0525	NaN	0.0474	0.2775
119.6745	0.1390	0.0525	NaN	0.0474	0.2775
119.6767	0.1389	0.0525	NaN	0.0475	0.2776
119.6772	0.1389	0.0525	NaN	0.0475	0.2776
119.6768	0.1389	0.0525	NaN	0.0474	0.2777
119.6788	0.1384	0.0525	NaN	0.0475	0.2776
119.6794	0.1384	0.0525	NaN	0.0474	0.2777
119.6801	0.1384	0.0525	NaN	0.0475	0.2777
119.6828	0.1380	0.0525	NaN	0.0475	0.2778
119.6846	0.1374	0.0524	NaN	0.0475	0.2777
119.6821	0.1374	0.0524	NaN	0.0475	0.2776
119.6821	0.1374	0.0525	NaN	0.0475	0.2777
119.6839	0.1372	0.0524	NaN	0.0475	0.2777
119.6826	0.1380	0.0525	NaN	0.0474	0.2777
119.6819	0.1390	0.0525	NaN	0.0474	0.2779
119.6830	0.1397	0.0525	NaN	0.0474	0.2780
119.6831	0.1396	0.0525	NaN	0.0474	0.2779
119.6827	0.1398	0.0525	NaN	0.0474	0.2779
119.6837	0.1393	0.0525	NaN	0.0474	0.2779
119.6849	0.1392	0.0525	NaN	0.0474	0.2779
119.6852	0.1389	0.0525	NaN	0.0474	0.2779
119.6878	0.1383	0.0525	NaN	0.0475	0.2778
119.6860	0.1382	0.0525	NaN	0.0475	0.2778
119.6870	0.1377	0.0525	NaN	0.0475	0.2778
119.6877	0.1371	0.0525	NaN	0.0475	0.2778
119.6890	0.1375	0.0525	NaN	0.0475	0.2778
119.6912	0.1376	0.0525	NaN	0.0475	0.2778
119.6894	0.1378	0.0525	NaN	0.0475	0.2777
119.6922	0.1374	0.0525	NaN	0.0475	0.2777
119.6909	0.1373	0.0525	NaN	0.0475	0.2776
119.6903	0.1374	0.0525	NaN	0.0475	0.2777
119.6934	0.1374	0.0525	NaN	0.0475	0.2777
119.6940	0.1376	0.0525	NaN	0.0475	0.2778
119.6938	0.1370	0.0525	NaN	0.0475	0.2777
119.6946	0.1362	0.0524	NaN	0.0475	0.2777
119.6948	0.1361	0.0524	NaN	0.0475	0.2777
119.6959	0.1362	0.0525	NaN	0.0475	0.2776
119.6951	0.1364	0.0525	NaN	0.0475	0.2777
119.6979	0.1360	0.0525	NaN	0.0475	0.2778
119.6970	0.1362	0.0525	NaN	0.0475	0.2777
119.6957	0.1366	0.0525	NaN	0.0475	0.2777
119.6985	0.1365	0.0524	NaN	0.0475	0.2776
119.6992	0.1368	0.0525	NaN	0.0475	0.2775
119.6986	0.1367	0.0524	NaN	0.0475	0.2775
119.7015	0.1356	0.0524	NaN	0.0475	0.2775
119.7009	0.1353	0.0524	NaN	0.0475	0.2775
119.7010	0.1355	0.0524	NaN	0.0475	0.2776
119.7029	0.1351	0.0524	NaN	0.0475	0.2776
119.7032	0.1349	0.0524	NaN	0.0475	0.2776
119.7041	0.1349	0.0524	NaN	0.0475	0.2776
119.7043	0.1352	0.0525	NaN	0.0476	0.2776
119.7045	0.1352	0.0525	NaN	0.0476	0.2776
119.7056	0.1351	0.0525	NaN	0.0476	0.2776
119.7066	0.1350	0.0524	NaN	0.0475	0.2776
119.7068	0.1350	0.0525	NaN	0.0476	0.2776
119.7076	0.1351	0.0525	NaN	0.0476	0.2776
119.7086	0.1352	0.0525	NaN	0.0476	0.2777
119.7097	0.1353	0.0525	NaN	0.0476	0.2777
119.7104	0.1355	0.0525	NaN	0.0476	0.2778
119.7107	0.1352	0.0525	NaN	0.0476	0.2778
119.7124	0.1356	0.0525	NaN	0.0476	0.2778
119.7108	0.1354	0.0525	NaN	0.0476	0.2779
119.7109	0.1359	0.0525	NaN	0.0476	0.2778
119.7133	0.1365	0.0525	NaN	0.0476	0.2778
119.7134	0.1370	0.0526	NaN	0.0476	0.2778
119.7131	0.1369	0.0526	NaN	0.0476	0.2778
119.7118	0.1368	0.0525	NaN	0.0476	0.2778
119.7149	0.1368	0.0526	NaN	0.0476	0.2778
119.7136	0.1366	0.0526	NaN	0.0476	0.2778
119.7133	0.1368	0.0526	NaN	0.0476	0.2778
119.7161	0.1373	0.0526	NaN	0.0476	0.2778
119.7153	0.1376	0.0526	NaN	0.0476	0.2779
119.7150	0.1378	0.0526	NaN	0.0476	0.2779
119.7166	0.1377	0.0526	NaN	0.0476	0.2778
119.7174	0.1372	0.0526	NaN	0.0476	0.2779
119.7177	0.1372	0.0526	NaN	0.0476	0.2778
119.7194	0.1377	0.0526	NaN	0.0476	0.2778
119.7197	0.1375	0.0526	NaN	0.0476	0.2778
119.7201	0.1373	0.0526	NaN	0.0476	0.2778
119.7212	0.1373	0.0526	NaN	0.0476	0.2778
119.7212	0.1376	0.0526	NaN	0.0476	0.2779
119.7222	0.1377	0.0526	NaN	0.0476	0.2778
119.7230	0.1379	0.0526	NaN	0.0476	0.2779
119.7249	0.1378	0.0526	NaN	0.0476	0.2778
119.7262	0.1377	0.0526	NaN	0.0476	0.2778
119.7249	0.1378	0.0526	NaN	0.0476	0.2777
119.7285	0.1378	0.0527	NaN	0.0477	0.2779
119.7272	0.1380	0.0527	NaN	0.0477	0.2779
119.7266	0.1381	0.0527	NaN	0.0477	0.2778
119.7298	0.1381	0.0527	NaN	0.0477	0.2778
119.7293	0.1380	0.0527	NaN	0.0477	0.2778
119.7289	0.1380	0.0527	NaN	0.0477	0.2778
119.7297	0.1380	0.0527	NaN	0.0477	0.2778
119.7314	0.1380	0.0527	NaN	0.0477	0.2778
119.7297	0.1380	0.0527	NaN	0.0477	0.2779
119.7290	0.1380	0.0527	NaN	0.0477	0.2778
119.7310	0.1380	0.0527	NaN	0.0477	0.2778
119.7311	0.1379	0.0527	NaN	0.0477	0.2778
119.7319	0.1379	0.0527	NaN	0.0477	0.2779
119.7326	0.1378	0.0527	NaN	0.0477	0.2778
119.7317	0.1378	0.0527	NaN	0.0477	0.2778
119.7323	0.1378	0.0527	NaN	0.0477	0.2779
119.7341	0.1378	0.0527	NaN	0.0477	0.2779
119.7337	0.1379	0.0527	NaN	0.0477	0.2779
119.7342	0.1380	0.0527	NaN	0.0477	0.2779
119.7361	0.1380	0.0527	NaN	0.0477	0.2778
119.7367	0.1380	0.0527	NaN	0.0477	0.2778
119.7373	0.1380	0.0527	NaN	0.0477	0.2778
119.7372	0.1380	0.0528	NaN	0.0477	0.2778
119.7391	0.1381	0.0528	NaN	0.0477	0.2778
119.7369	0.1381	0.0528	NaN	0.0478	0.2777
119.7377	0.1381	0.0528	NaN	0.0477	0.2777
119.7408	0.1382	0.0528	NaN	0.0477	0.2778
119.7419	0.1382	0.0528	NaN	0.0478	0.2779
119.7410	0.1383	0.0528	NaN	0.0477	0.2779
119.7431	0.1383	0.0528	NaN	0.0478	0.2779
119.7442	0.1383	0.0528	NaN	0.0478	0.2778
119.7405	0.1383	0.0528	NaN	0.0478	0.2778
119.7435	0.1384	0.0528	NaN	0.0478	0.2778
119.7443	0.1384	0.0528	NaN	0.0478	0.2778
119.7437	0.1384	0.0528	NaN	0.0477	0.2779
119.7447	0.1384	0.0527	NaN	0.0478	0.2779
119.7465	0.1384	0.0528	NaN	0.0477	0.2780
119.7463	0.1384	0.0528	NaN	0.0478	0.2779
119.7453	0.1384	0.0528	NaN	0.0478	0.2779
119.7482	0.1384	0.0528	NaN	0.0478	0.2780
119.7467	0.1385	0.0528	NaN	0.0478	0.2779
119.7472	0.1384	0.0528	NaN	0.0478	0.2780
119.7504	0.1385	0.0528	NaN	0.0478	0.2780
119.7487	0.1384	0.0528	NaN	0.0478	0.2780
119.7495	0.1384	0.0528	NaN	0.0478	0.2780
119.7519	0.1384	0.0528	NaN	0.0478	0.2780
119.7506	0.1383	0.0528	NaN	0.0478	0.2782
119.7501	0.1382	0.0528	NaN	0.0478	0.2783
119.7520	0.1383	0.0528	NaN	0.0478	0.2783
119.7520	0.1382	0.0528	NaN	0.0478	0.2783
119.7537	0.1382	0.0528	NaN	0.0478	0.2783
119.7508	0.1382	0.0528	NaN	0.0478	0.2782
119.7543	0.1382	0.0528	NaN	0.0478	0.2782
119.7550	0.1382	0.0528	NaN	0.0478	0.2782
119.7556	0.1382	0.0528	NaN	0.0478	0.2782
119.7564	0.1381	0.0528	NaN	0.0478	0.2782
119.7573	0.1382	0.0528	NaN	0.0478	0.2781
119.7566	0.1381	0.0528	NaN	0.0478	0.2780
119.7596	0.1380	0.0528	NaN	0.0478	0.2780
119.7586	0.1381	0.0528	NaN	0.0478	0.2780
119.7616	0.1381	0.0529	NaN	0.0479	0.2781
119.7617	0.1381	0.0528	NaN	0.0478	0.2779
119.7617	0.1380	0.0529	NaN	0.0479	0.2780
119.7612	0.1380	0.0529	NaN	0.0479	0.2780
119.7636	0.1380	0.0529	NaN	0.0479	0.2779
119.7627	0.1379	0.0529	NaN	0.0479	0.2779
119.7638	0.1379	0.0529	NaN	0.0479	0.2779
119.7642	0.1379	0.0529	NaN	0.0479	0.2780
119.7653	0.1379	0.0529	NaN	0.0479	0.2780
119.7657	0.1379	0.0529	NaN	0.0479	0.2779
119.7645	0.1379	0.0529	NaN	0.0479	0.2780
119.7672	0.1379	0.0529	NaN	0.0479	0.2780
119.7664	0.1379	0.0529	NaN	0.0479	0.2780
119.7675	0.1379	0.0529	NaN	0.0479	0.2780
119.7697	0.1379	0.0529	NaN	0.0479	0.2781
119.7684	0.1380	0.0529	NaN	0.0479	0.2781
119.7688	0.1380	0.0529	NaN	0.0479	0.2780
119.7717	0.1380	0.0529	NaN	0.0479	0.2780
119.7707	0.1380	0.0529	NaN	0.0479	0.2781
119.7705	0.1381	0.0529	NaN	0.0479	0.2781
119.7715	0.1381	0.0529	NaN	0.0479	0.2780
119.7727	0.1380	0.0529	NaN	0.0479	0.2780
119.7735	0.1380	0.0529	NaN	0.0479	0.2780
119.7735	0.1380	0.0529	NaN	0.0479	0.2780
119.7749	0.1380	0.0529	NaN	0.0479	0.2781
119.7757	0.1380	0.0529	NaN	0.0479	0.2781
119.7744	0.1380	0.0529	NaN	0.0479	0.2781
119.7775	0.1380	0.0529	NaN	0.0479	0.2781
119.7777	0.1380	0.0529	NaN	0.0479	0.2781
119.7783	0.1380	0.0529	NaN	0.0479	0.2780
119.7816	0.1379	0.0529	NaN	0.0479	0.2780
119.7794	0.1379	0.0529	NaN	0.0479	0.2780
119.7799	0.1379	0.0530	NaN	0.0479	0.2780
119.7810	0.1380	0.0529	NaN	0.0479	0.2781
119.7822	0.1381	0.0529	NaN	0.0479	0.2781
119.7826	0.1382	0.0529	NaN	0.0479	0.2781
119.7823	0.1383	0.0529	NaN	0.0479	0.2781
119.7835	0.1384	0.0529	NaN	0.0479	0.2781
119.7838	0.1386	0.0529	NaN	0.0479	0.2782
119.7827	0.1387	0.0529	NaN	0.0479	0.2782
119.7860	0.1384	0.0530	NaN	0.0479	0.2783
119.7871	0.1381	0.0529	NaN	0.0479	0.2781
119.7849	0.1380	0.0529	NaN	0.0479	0.2782
119.7865	0.1381	0.0530	NaN	0.0479	0.2784
119.7864	0.1380	0.0530	NaN	0.0480	0.2784
119.7865	0.1380	0.0530	NaN	0.0479	0.2784
119.7876	0.1379	0.0530	NaN	0.0480	0.2784
119.7872	0.1380	0.0530	NaN	0.0480	0.2782
119.7874	0.1380	0.0530	NaN	0.0480	0.2781
119.7865	0.1380	0.0530	NaN	0.0480	0.2781
119.7903	0.1381	0.0530	NaN	0.0480	0.2782
119.7898	0.1382	0.0530	NaN	0.0480	0.2782
119.7900	0.1381	0.0530	NaN	0.0480	0.2782
119.7913	0.1381	0.0530	NaN	0.0480	0.2782
