Bruker Nano GmbH Berlin, Germany
Esprit 1.9

Datum: 13.09.2021 12:29:14
Real-Zeit: 60000
Life-Zeit: 59580
Impulsdichte: 425

Primärenergie: 30
Abnahmewinkel: 35
Kippungwinkel: 0
Azimutwinkel: 90

Detektor-Typ: XFlash 410
Fenster-Typ: slew AP3.3
Detektordicke: 0.45
Si-Totschicht:0.029

Kalibrierung, lin.: 4.999
Kalibrierung, abs.: -478.852
Mn-FWHM: 124.441
Fano-Faktor: 0.113
Kanäle: 4096

Energie Impulse
-0.4789    0
-0.4739    0
-0.4689    0
-0.4639    0
-0.4589    0
-0.4539    0
-0.4489    0
-0.4439    0
-0.4389    0
-0.4339    0
-0.4289    0
-0.4239    0
-0.4189    0
-0.4139    0
-0.4089    0
-0.4039    0
-0.3989    0
-0.3939    0
-0.3889    0
-0.3839    0
-0.3789    0
-0.3739    0
-0.3689    0
-0.3639    0
-0.3589    0
-0.3539    0
-0.3489    0
-0.3439    0
-0.3389    0
-0.3339    0
-0.3289    0
-0.3239    0
-0.3189    0
-0.3139    0
-0.3089    0
-0.3039    0
-0.2989    0
-0.2939    0
-0.2889    0
-0.2839    0
-0.2789    0
-0.2739    0
-0.2689    0
-0.2639    0
-0.2589    0
-0.2539    0
-0.2489    0
-0.2439    0
-0.2389    0
-0.2339    0
-0.2289    0
-0.2239    0
-0.2189    0
-0.2139    0
-0.2089    0
-0.2039    0
-0.1989    0
-0.1939    0
-0.1889    0
-0.1839    0
-0.1789    0
-0.1739    0
-0.1689    0
-0.1639    0
-0.1589    0
-0.1539    0
-0.1489    0
-0.1439    0
-0.1389    0
-0.1339    0
-0.1289    0
-0.1239    0
-0.1189    0
-0.1139    0
-0.1089    0
-0.1039    0
-0.0989    0
-0.0939    0
-0.0889    0
-0.0839    0
-0.0789    0
-0.0739    0
-0.0689    0
-0.0639    0
-0.0589    0
-0.0539    3
-0.0489    3
-0.0439   16
-0.0389   50
-0.0339   89
-0.0289  191
-0.0239  377
-0.0189  621
-0.0139  987
-0.0089 1325
-0.0039 1661
 0.0011 1661
 0.0061 1469
 0.0111 1282
 0.0161  951
 0.0211  610
 0.0261  324
 0.0311  192
 0.0361   90
 0.0411   34
 0.0461   11
 0.0511    8
 0.0561    3
 0.0611    0
 0.0661    0
 0.0711    0
 0.0761    0
 0.0811    0
 0.0861    0
 0.0911    0
 0.0961    0
 0.1011    0
 0.1061    0
 0.1111    0
 0.1161    1
 0.1211    4
 0.1261    7
 0.1311    7
 0.1361    3
 0.1411    1
 0.1461    1
 0.1511    4
 0.1561    5
 0.1611    4
 0.1661    2
 0.1711    2
 0.1761    3
 0.1811    2
 0.1861    2
 0.1911    1
 0.1961    2
 0.2011    6
 0.2061    6
 0.2111    4
 0.2161    2
 0.2211    3
 0.2261    4
 0.2311    4
 0.2361    4
 0.2411    7
 0.2461    9
 0.2511   10
 0.2561   13
 0.2611   12
 0.2661   15
 0.2711   18
 0.2761   19
 0.2811   17
 0.2861   16
 0.2911   13
 0.2961   10
 0.3011    9
 0.3061    6
 0.3111    3
 0.3161    5
 0.3211    5
 0.3261    4
 0.3311    2
 0.3361    2
 0.3411    2
 0.3461    2
 0.3511    4
 0.3561    3
 0.3611    4
 0.3661    5
 0.3711    4
 0.3761    1
 0.3811    0
 0.3861    2
 0.3911    4
 0.3961    4
 0.4011    4
 0.4061    3
 0.4111    1
 0.4161    2
 0.4211    2
 0.4261    5
 0.4311    4
 0.4361    6
 0.4411    4
 0.4461    2
 0.4511    4
 0.4561    0
 0.4611    0
 0.4661    5
 0.4711    5
 0.4761    7
 0.4811    7
 0.4861   11
 0.4911   16
 0.4961   19
  0.501   27
  0.506   20
  0.511   33
  0.516   28
  0.521   34
  0.526   39
  0.531   33
  0.536   26
  0.541   27
  0.546   22
  0.551   13
  0.556   15
  0.561   11
  0.566    3
  0.571    9
  0.576    2
  0.581    4
  0.586    3
  0.591    6
  0.596    2
  0.601    1
  0.606    1
  0.611    6
  0.616    4
  0.621    5
  0.626    4
  0.631    6
  0.636    2
  0.641    5
  0.646    3
  0.651    6
  0.656    1
  0.661    2
  0.666    4
  0.671    8
  0.676    7
  0.681    5
  0.686    8
  0.691    2
  0.696    4
  0.701    5
  0.706    6
  0.711    5
  0.716    9
  0.721    7
  0.726   10
  0.731    8
  0.736    5
  0.741   11
  0.746    8
  0.751    9
  0.756    9
  0.761    4
  0.766   13
  0.771   10
  0.776   10
  0.781   12
  0.786   22
  0.791   23
  0.796   27
  0.801   26
  0.806   34
  0.811   31
  0.816   41
  0.821   35
  0.826   29
  0.831   25
  0.836   24
  0.841   17
  0.846   33
  0.851   32
  0.856   29
  0.861   22
  0.866   22
  0.871   29
  0.876   26
  0.881   49
  0.886   66
  0.891   65
  0.896   97
  0.901  140
  0.906  162
  0.911  200
  0.916  255
  0.921  235
  0.926  259
  0.931  310
  0.936  289
  0.941  295
  0.946  290
  0.951  209
  0.956  194
  0.961  147
  0.966  133
  0.971   95
  0.976   80
  0.981   47
  0.986   42
  0.991   24
  0.996   23
  1.001   10
  1.006    7
  1.011    4
  1.016    7
  1.021    4
  1.026    0
  1.031    2
  1.036    7
  1.041    5
  1.046    8
  1.051    4
  1.056    3
  1.061    1
  1.066    1
  1.071    3
  1.076    2
  1.081    0
  1.086    4
  1.091    1
  1.096    2
  1.101    3
  1.106    6
  1.111    1
  1.116    2
  1.121    2
  1.126    1
  1.131   -1
  1.136   -1
  1.141    1
  1.146    0
  1.151    3
  1.156    1
  1.161    4
  1.166    3
  1.171    1
  1.176    4
  1.181    3
  1.186    0
  1.191    3
  1.196    2
  1.201    2
  1.206    1
  1.211    3
  1.216    2
  1.221    1
  1.226    1
  1.231    4
  1.236    3
  1.241    3
  1.246    3
  1.251    2
  1.256    0
  1.261    1
  1.266    2
  1.271    1
  1.276    0
  1.281    0
  1.286    1
  1.291    0
  1.296    6
  1.301    5
  1.306    2
  1.311    3
  1.316    1
  1.321    2
  1.326    6
  1.331    6
  1.336    7
  1.341    2
  1.346    3
  1.351    2
  1.356    1
  1.361    2
  1.366    4
  1.371    3
  1.376    2
  1.381    1
  1.386    3
  1.391    1
  1.396    3
  1.401    2
  1.406    3
  1.411    2
  1.416    2
  1.421    4
  1.426    3
  1.431    2
  1.436    0
  1.441    1
  1.446    7
  1.451    2
  1.456    6
  1.461    2
  1.466    6
  1.471    3
  1.476    4
  1.481    2
  1.486    3
  1.491    4
  1.496    2
 1.5009    1
 1.5059    4
 1.5109    5
 1.5159    3
 1.5209    1
 1.5259    2
 1.5309    2
 1.5359    2
 1.5409    4
 1.5459    8
 1.5509    2
 1.5559    4
 1.5609    6
 1.5659    2
 1.5709    4
 1.5759    3
 1.5809    5
 1.5859    3
 1.5909    2
 1.5959    4
 1.6009    5
 1.6059    3
 1.6109    2
 1.6159    2
 1.6209    1
 1.6259    3
 1.6309    5
 1.6359    4
 1.6409    2
 1.6459    4
 1.6509    5
 1.6559    7
 1.6609    5
 1.6659    7
 1.6709    3
 1.6759    3
 1.6809    6
 1.6859    5
 1.6909    3
 1.6959    2
 1.7009    3
 1.7059    3
 1.7109    4
 1.7159    7
 1.7209    7
 1.7259    5
 1.7309    4
 1.7359    4
 1.7409    5
 1.7459    2
 1.7509    1
 1.7559    4
 1.7609    4
 1.7659    4
 1.7709    3
 1.7759    4
 1.7809    4
 1.7859    5
 1.7909    6
 1.7959    4
 1.8009    3
 1.8059    4
 1.8109    3
 1.8159    4
 1.8209    2
 1.8259    3
 1.8309    5
 1.8359    2
 1.8409    0
 1.8459    1
 1.8509    2
 1.8559    4
 1.8609    3
 1.8659    3
 1.8709    4
 1.8759    3
 1.8809    5
 1.8859    5
 1.8909    2
 1.8959    2
 1.9009    2
 1.9059    2
 1.9109    4
 1.9159    6
 1.9209    5
 1.9259    6
 1.9309    7
 1.9359    6
 1.9409    4
 1.9459    2
 1.9509    3
 1.9559    4
 1.9609    4
 1.9659    7
 1.9709    7
 1.9759    3
 1.9809    4
 1.9859    4
 1.9909    3
 1.9959    3
 2.0009    5
 2.0059    5
 2.0109    3
 2.0159    2
 2.0209    3
 2.0259    3
 2.0309    4
 2.0359    4
 2.0409    5
 2.0459    5
 2.0509    2
 2.0559    3
 2.0609    3
 2.0659    7
 2.0709    7
 2.0759    3
 2.0809    4
 2.0859    6
 2.0909    6
 2.0959    3
 2.1009    3
 2.1059    4
 2.1109    3
 2.1159    3
 2.1209    4
 2.1259    4
 2.1309    3
 2.1359    3
 2.1409    4
 2.1459    4
 2.1509    5
 2.1559    6
 2.1609    5
 2.1659    3
 2.1709    5
 2.1759    6
 2.1809    4
 2.1859    4
 2.1909    5
 2.1959    6
 2.2009    7
 2.2059    4
 2.2109    3
 2.2159    4
 2.2209    3
 2.2259    5
 2.2309    7
 2.2359    5
 2.2409    3
 2.2459    5
 2.2509    8
 2.2559    6
 2.2609    5
 2.2659    6
 2.2709    5
 2.2759    5
 2.2809    3
 2.2859    6
 2.2909    5
 2.2959    4
 2.3009    5
 2.3059    5
 2.3109    5
 2.3159    7
 2.3209    5
 2.3259    4
 2.3309    8
 2.3359    5
 2.3409    7
 2.3459    8
 2.3509    4
 2.3559    5
 2.3609    5
 2.3659    3
 2.3709    6
 2.3759    4
 2.3809    4
 2.3859    4
 2.3909    3
 2.3959    3
 2.4009    6
 2.4059    3
 2.4109    2
 2.4159    7
 2.4209    7
 2.4259    5
 2.4309    6
 2.4359    3
 2.4409    3
 2.4459    5
 2.4509    7
 2.4559    6
 2.4609    6
 2.4659    4
 2.4709    4
 2.4759    3
 2.4809    2
 2.4859    2
 2.4909    4
 2.4959    6
 2.5008    4
 2.5058    5
 2.5108    7
 2.5158    6
 2.5208    3
 2.5258    3
 2.5308    5
 2.5358    2
 2.5408    7
 2.5458    4
 2.5508    3
 2.5558    5
 2.5608    3
 2.5658    6
 2.5708    6
 2.5758    5
 2.5808    8
 2.5858    8
 2.5908    6
 2.5958    4
 2.6008    6
 2.6058    7
 2.6108    5
 2.6158    6
 2.6208    8
 2.6258    5
 2.6308    7
 2.6358    6
 2.6408    5
 2.6458    4
 2.6508    7
 2.6558    8
 2.6608    8
 2.6658    5
 2.6708    6
 2.6758    3
 2.6808    6
 2.6858    4
 2.6908    3
 2.6958    5
 2.7008   11
 2.7058    4
 2.7108    6
 2.7158    3
 2.7208    2
 2.7258    4
 2.7308    6
 2.7358    8
 2.7408    9
 2.7458   10
 2.7508    7
 2.7558    7
 2.7608    5
 2.7658    5
 2.7708    8
 2.7758    4
 2.7808    3
 2.7858    6
 2.7908    6
 2.7958    6
 2.8008    4
 2.8058    4
 2.8108    5
 2.8158    5
 2.8208    4
 2.8258    7
 2.8308    5
 2.8358    5
 2.8408    2
 2.8458    9
 2.8508    5
 2.8558    2
 2.8608    5
 2.8658    4
 2.8708    6
 2.8758    9
 2.8808    8
 2.8858    3
 2.8908    6
 2.8958    5
 2.9008    8
 2.9058    6
 2.9108    5
 2.9158   10
 2.9208    5
 2.9258    5
 2.9308    1
 2.9358    4
 2.9408    3
 2.9458    8
 2.9508    3
 2.9558    9
 2.9608    3
 2.9658    9
 2.9708    7
 2.9758    3
 2.9808    4
 2.9858    4
 2.9908    2
 2.9958    5
 3.0008    8
 3.0058    6
 3.0108    5
 3.0158    3
 3.0208    7
 3.0258    6
 3.0308    7
 3.0358    8
 3.0408    7
 3.0458    7
 3.0508    5
 3.0558    5
 3.0608    5
 3.0658    6
 3.0708    5
 3.0758    6
 3.0808    1
 3.0858    6
 3.0908    9
 3.0958    4
 3.1008    1
 3.1058    5
 3.1108    2
 3.1158    5
 3.1208    4
 3.1258    8
 3.1308    9
 3.1358    8
 3.1408    3
 3.1458    6
 3.1508    3
 3.1558    6
 3.1608    4
 3.1658    7
 3.1708    3
 3.1758    4
 3.1808    6
 3.1858   10
 3.1908    6
 3.1958    5
 3.2008    6
 3.2058    3
 3.2108    7
 3.2158    7
 3.2208    4
 3.2258    6
 3.2308    8
 3.2358    6
 3.2408    6
 3.2458    2
 3.2508    4
 3.2558    6
 3.2608    8
 3.2658    6
 3.2708    8
 3.2758    8
 3.2808    8
 3.2858    2
 3.2908    6
 3.2958    4
 3.3008    5
 3.3058    4
 3.3108    2
 3.3158    6
 3.3208   10
 3.3258    3
 3.3308    5
 3.3358    3
 3.3408    4
 3.3458    4
 3.3508    8
 3.3558    6
 3.3608    4
 3.3658    3
 3.3708    8
 3.3758    5
 3.3808    7
 3.3858    4
 3.3908    5
 3.3958    6
 3.4008    5
 3.4058    4
 3.4108    8
 3.4158    5
 3.4208    9
 3.4258    6
 3.4308    3
 3.4358    7
 3.4408    8
 3.4458    7
 3.4508    4
 3.4558    7
 3.4608    4
 3.4658    5
 3.4708    3
 3.4758    3
 3.4808    7
 3.4858    4
 3.4908    7
 3.4958    6
 3.5007    4
 3.5057    6
 3.5107    4
 3.5157    7
 3.5207    7
 3.5257    8
 3.5307    5
 3.5357    7
 3.5407   10
 3.5457    6
 3.5507    4
 3.5557    7
 3.5607    2
 3.5657    3
 3.5707    9
 3.5757    7
 3.5807    3
 3.5857    7
 3.5907    5
 3.5957    2
 3.6007    3
 3.6057    5
 3.6107    4
 3.6157    7
 3.6207    3
 3.6257    5
 3.6307    4
 3.6357    2
 3.6407    3
 3.6457    6
 3.6507    6
 3.6557    6
 3.6607    8
 3.6657    3
 3.6707    7
 3.6757    4
 3.6807    9
 3.6857    8
 3.6907    6
 3.6957   10
 3.7007    1
 3.7057    5
 3.7107    5
 3.7157    7
 3.7207    6
 3.7257    5
 3.7307    2
 3.7357    9
 3.7407    7
 3.7457    4
 3.7507    4
 3.7557    9
 3.7607    4
 3.7657    8
 3.7707    7
 3.7757    3
 3.7807    4
 3.7857    7
 3.7907   12
 3.7957    5
 3.8007    5
 3.8057    4
 3.8107    4
 3.8157    5
 3.8207    8
 3.8257    6
 3.8307    4
 3.8357    4
 3.8407    2
 3.8457    6
 3.8507    8
 3.8557    3
 3.8607    8
 3.8657    6
 3.8707    8
 3.8757    8
 3.8807    3
 3.8857    5
 3.8907    3
 3.8957    8
 3.9007    6
 3.9057    7
 3.9107   11
 3.9157    5
 3.9207    3
 3.9257   11
 3.9307    6
 3.9357    6
 3.9407    2
 3.9457    3
 3.9507    7
 3.9557   11
 3.9607    5
 3.9657    4
 3.9707    5
 3.9757    4
 3.9807    4
 3.9857    3
 3.9907    6
 3.9957    6
 4.0007    8
 4.0057    5
 4.0107    6
 4.0157    6
 4.0207    3
 4.0257    4
 4.0307    8
 4.0357    6
 4.0407    6
 4.0457    5
 4.0507    5
 4.0557    5
 4.0607    8
 4.0657    7
 4.0707    6
 4.0757    4
 4.0807    6
 4.0857    9
 4.0907    3
 4.0957    6
 4.1007    4
 4.1057    7
 4.1107    8
 4.1157    6
 4.1207    4
 4.1257    5
 4.1307    3
 4.1357    5
 4.1407    8
 4.1457    9
 4.1507    7
 4.1557    5
 4.1607    4
 4.1657    7
 4.1707   11
 4.1757    7
 4.1807    8
 4.1857    7
 4.1907    6
 4.1957    8
 4.2007    7
 4.2057    6
 4.2107    6
 4.2157    4
 4.2207    4
 4.2257    2
 4.2307    3
 4.2357    2
 4.2407    8
 4.2457    9
 4.2507    4
 4.2557    5
 4.2607    5
 4.2657   10
 4.2707   10
 4.2757    5
 4.2807    4
 4.2857    5
 4.2907    3
 4.2957    3
 4.3007    3
 4.3057    4
 4.3107    5
 4.3157    7
 4.3207    8
 4.3257    5
 4.3307    3
 4.3357    6
 4.3407    8
 4.3457    5
 4.3507    3
 4.3557    6
 4.3607    6
 4.3657    4
 4.3707    5
 4.3757    5
 4.3807    5
 4.3857    5
 4.3907    6
 4.3957    6
 4.4007    7
 4.4057    7
 4.4107    4
 4.4157    9
 4.4207    6
 4.4257    6
 4.4307    6
 4.4357    6
 4.4407    4
 4.4457    6
 4.4507    4
 4.4557    2
 4.4607    5
 4.4657    5
 4.4707    3
 4.4757    7
 4.4807    5
 4.4857    4
 4.4907    2
 4.4957    3
 4.5006    8
 4.5056    5
 4.5106    3
 4.5156    4
 4.5206    5
 4.5256    7
 4.5306   11
 4.5356    8
 4.5406    8
 4.5456    8
 4.5506    6
 4.5556    7
 4.5606    6
 4.5656    4
 4.5706    4
 4.5756    4
 4.5806    4
 4.5856    4
 4.5906    5
 4.5956    5
 4.6006    5
 4.6056    6
 4.6106    6
 4.6156    8
 4.6206    7
 4.6256    6
 4.6306    4
 4.6356    5
 4.6406    5
 4.6456    4
 4.6506    4
 4.6556    5
 4.6606    7
 4.6656    7
 4.6706    6
 4.6756    6
 4.6806    9
 4.6856    7
 4.6906    5
 4.6956    7
 4.7006    4
 4.7056    4
 4.7106    4
 4.7156    4
 4.7206    2
 4.7256    4
 4.7306    4
 4.7356    3
 4.7406    4
 4.7456    5
 4.7506    4
 4.7556    3
 4.7606    5
 4.7656    7
 4.7706    6
 4.7756    5
 4.7806    5
 4.7856    6
 4.7906    8
 4.7956    8
 4.8006    6
 4.8056    7
 4.8106    7
 4.8156    5
 4.8206    6
 4.8256    7
 4.8306    4
 4.8356    4
 4.8406    4
 4.8456    5
 4.8506    3
 4.8556    3
 4.8606    5
 4.8656    6
 4.8706    7
 4.8756    6
 4.8806    6
 4.8856    6
 4.8906    4
 4.8956    4
 4.9006    5
 4.9056    5
 4.9106    6
 4.9156    6
 4.9206    5
 4.9256    7
 4.9306    5
 4.9356    7
 4.9406    9
 4.9456    6
 4.9506    4
 4.9556    3
 4.9606    3
 4.9656    7
 4.9706    8
 4.9756    5
 4.9806    5
 4.9856    9
 4.9906    6
 4.9956    4
 5.0006    3
 5.0056    6
 5.0106    6
 5.0156    4
 5.0206    4
 5.0256    3
 5.0306    7
 5.0356    9
 5.0406    5
 5.0456    3
 5.0506    3
 5.0556    3
 5.0606    5
 5.0656    8
 5.0706    7
 5.0756    6
 5.0806    7
 5.0856    7
 5.0906    4
 5.0956    5
 5.1006    5
 5.1056    7
 5.1106    7
 5.1156    5
 5.1206    6
 5.1256    8
 5.1306    7
 5.1356    7
 5.1406    8
 5.1456    6
 5.1506    6
 5.1556    7
 5.1606    4
 5.1656    5
 5.1706    8
 5.1756    4
 5.1806    4
 5.1856    5
 5.1906    7
 5.1956    6
 5.2006    2
 5.2056    2
 5.2106    4
 5.2156    5
 5.2206    6
 5.2256    3
 5.2306    7
 5.2356    7
 5.2406    4
 5.2456    6
 5.2506    4
 5.2556    3
 5.2606    7
 5.2656    5
 5.2706    7
 5.2756    5
 5.2806    6
 5.2856    6
 5.2906    5
 5.2956    5
 5.3006    4
 5.3056    3
 5.3106    3
 5.3156    3
 5.3206    3
 5.3256    6
 5.3306    5
 5.3356    6
 5.3406    7
 5.3456    8
 5.3506    6
 5.3556    1
 5.3606    3
 5.3656    5
 5.3706    6
 5.3756    6
 5.3806    8
 5.3856    6
 5.3906    7
 5.3956    5
 5.4006    8
 5.4056    5
 5.4106    3
 5.4156    5
 5.4206    3
 5.4256    5
 5.4306    5
 5.4356    7
 5.4406    6
 5.4456    9
 5.4506    6
 5.4556    3
 5.4606    5
 5.4656    4
 5.4706    7
 5.4756    4
 5.4806    1
 5.4856    2
 5.4906    4
 5.4956    3
 5.5005    1
 5.5055    2
 5.5105    3
 5.5155    4
 5.5205    4
 5.5255    5
 5.5305    1
 5.5355    2
 5.5405    1
 5.5455    4
 5.5505    6
 5.5555    1
 5.5605    2
 5.5655    5
 5.5705    2
 5.5755    3
 5.5805    3
 5.5855    6
 5.5905    5
 5.5955    3
 5.6005    2
 5.6055    3
 5.6105    4
 5.6155    5
 5.6205    7
 5.6255    1
 5.6305    5
 5.6355    5
 5.6405    7
 5.6455    7
 5.6505    8
 5.6555    5
 5.6605    7
 5.6655    3
 5.6705    2
 5.6755    6
 5.6805    7
 5.6855    3
 5.6905    8
 5.6955    4
 5.7005    8
 5.7055    3
 5.7105    9
 5.7155    5
 5.7205    6
 5.7255    6
 5.7305    5
 5.7355    9
 5.7405   12
 5.7455    5
 5.7505    3
 5.7555    9
 5.7605    5
 5.7655    3
 5.7705    6
 5.7755    1
 5.7805    6
 5.7855    4
 5.7905    4
 5.7955    2
 5.8005    4
 5.8055    3
 5.8105    6
 5.8155    2
 5.8205    3
 5.8255    2
 5.8305    7
 5.8355    3
 5.8405    6
 5.8455    3
 5.8505    2
 5.8555    3
 5.8605    5
 5.8655    6
 5.8705    2
 5.8755    5
 5.8805   10
 5.8855    9
 5.8905    1
 5.8955    5
 5.9005    7
 5.9055    6
 5.9105    2
 5.9155    9
 5.9205    3
 5.9255    2
 5.9305    3
 5.9355    5
 5.9405    6
 5.9455    4
 5.9505    7
 5.9555    6
 5.9605    4
 5.9655    3
 5.9705    7
 5.9755    3
 5.9805    7
 5.9855    6
 5.9905   10
 5.9955    4
 6.0005    5
 6.0055    2
 6.0105    6
 6.0155    7
 6.0205    3
 6.0255    4
 6.0305    7
 6.0355    7
 6.0405    4
 6.0455    5
 6.0505    2
 6.0555    3
 6.0605    6
 6.0655    3
 6.0705    5
 6.0755    4
 6.0805    2
 6.0855    1
 6.0905   10
 6.0955    5
 6.1005    6
 6.1055    5
 6.1105    4
 6.1155    6
 6.1205    4
 6.1255    4
 6.1305    5
 6.1355    4
 6.1405    4
 6.1455    6
 6.1505    2
 6.1555    5
 6.1605   10
 6.1655    2
 6.1705    4
 6.1755    0
 6.1805    9
 6.1855    8
 6.1905    5
 6.1955    5
 6.2005    4
 6.2055    8
 6.2105    3
 6.2155    5
 6.2205    2
 6.2255    7
 6.2305    4
 6.2355    4
 6.2405    2
 6.2455   10
 6.2505    3
 6.2555    7
 6.2605    2
 6.2655    0
 6.2705   -1
 6.2755    1
 6.2805    7
 6.2855    6
 6.2905    2
 6.2955    4
 6.3005    3
 6.3055    6
 6.3105    6
 6.3155    1
 6.3205    2
 6.3255    3
 6.3305    3
 6.3355    4
 6.3405    2
 6.3455   10
 6.3505    3
 6.3555    8
 6.3605    8
 6.3655    2
 6.3705    4
 6.3755    2
 6.3805    5
 6.3855    2
 6.3905    3
 6.3955    2
 6.4005    4
 6.4055    7
 6.4105    5
 6.4155    4
 6.4205    5
 6.4255    6
 6.4305   10
 6.4355    4
 6.4405    6
 6.4455    6
 6.4505    4
 6.4555    4
 6.4605    4
 6.4655    6
 6.4705    1
 6.4755    5
 6.4805    3
 6.4855    8
 6.4905    5
 6.4955    4
 6.5004    3
 6.5054    7
 6.5104    6
 6.5154    3
 6.5204    7
 6.5254    4
 6.5304    6
 6.5354    4
 6.5404    2
 6.5454    6
 6.5504    5
 6.5554    2
 6.5604    6
 6.5654    4
 6.5704    5
 6.5754    5
 6.5804    4
 6.5854    7
 6.5904    2
 6.5954    2
 6.6004    5
 6.6054    4
 6.6104    4
 6.6154    4
 6.6204    4
 6.6254    4
 6.6304    3
 6.6354    5
 6.6404    1
 6.6454    6
 6.6504    5
 6.6554    6
 6.6604    2
 6.6654    4
 6.6704    3
 6.6754    6
 6.6804    4
 6.6854    8
 6.6904    4
 6.6954    5
 6.7004    4
 6.7054    3
 6.7104    3
 6.7154    4
 6.7204    5
 6.7254    7
 6.7304    4
 6.7354    2
 6.7404    5
 6.7454    3
 6.7504    4
 6.7554    5
 6.7604    2
 6.7654    5
 6.7704    5
 6.7754    0
 6.7804    2
 6.7854    7
 6.7904    1
 6.7954    3
 6.8004    6
 6.8054    3
 6.8104    6
 6.8154    2
 6.8204    4
 6.8254    4
 6.8304    3
 6.8354    5
 6.8404    1
 6.8454    6
 6.8504    5
 6.8554    7
 6.8604    6
 6.8654    9
 6.8704    6
 6.8754    2
 6.8804    2
 6.8854    4
 6.8904    4
 6.8954    6
 6.9004    1
 6.9054    5
 6.9104    4
 6.9154    2
 6.9204    5
 6.9254    1
 6.9304    3
 6.9354    6
 6.9404    1
 6.9454    2
 6.9504    3
 6.9554    3
 6.9604    1
 6.9654    3
 6.9704    3
 6.9754    2
 6.9804    5
 6.9854    6
 6.9904    2
 6.9954    8
 7.0004    3
 7.0054    3
 7.0104    7
 7.0154    4
 7.0204    4
 7.0254    2
 7.0304    7
 7.0354    4
 7.0404    6
 7.0454    1
 7.0504    5
 7.0554    0
 7.0604    4
 7.0654    5
 7.0704    6
 7.0754    2
 7.0804    2
 7.0854    6
 7.0904    1
 7.0954    3
 7.1004    3
 7.1054    8
 7.1104    4
 7.1154    3
 7.1204    2
 7.1254    6
 7.1304    5
 7.1354    1
 7.1404    3
 7.1454    2
 7.1504    4
 7.1554    5
 7.1604    1
 7.1654    1
 7.1704    0
 7.1754    3
 7.1804    1
 7.1854    2
 7.1904    4
 7.1954    5
 7.2004    2
 7.2054    0
 7.2104   11
 7.2154    0
 7.2204    2
 7.2254    2
 7.2304    3
 7.2354    1
 7.2404    5
 7.2454    2
 7.2504    6
 7.2554    3
 7.2604    1
 7.2654    8
 7.2704    7
 7.2754    5
 7.2804    3
 7.2854    1
 7.2904    4
 7.2954    1
 7.3004    3
 7.3054    4
 7.3104    1
 7.3154    1
 7.3204    5
 7.3254    7
 7.3304    2
 7.3354    1
 7.3404    2
 7.3454    6
 7.3504    3
 7.3554    4
 7.3604    5
 7.3654    8
 7.3704    2
 7.3754    3
 7.3804    4
 7.3854    2
 7.3904    1
 7.3954    3
 7.4004    3
 7.4054    5
 7.4104    4
 7.4154    2
 7.4204    6
 7.4254    5
 7.4304    4
 7.4354    3
 7.4404    4
 7.4454    4
 7.4504    3
 7.4554    4
 7.4604    6
 7.4654    6
 7.4704    5
 7.4754    5
 7.4804    5
 7.4854    2
 7.4904    6
 7.4954    3
 7.5003    4
 7.5053    5
 7.5103    5
 7.5153    3
 7.5203    6
 7.5253    2
 7.5303    3
 7.5353    5
 7.5403    5
 7.5453    3
 7.5503    4
 7.5553    4
 7.5603    3
 7.5653   11
 7.5703    3
 7.5753    5
 7.5803    7
 7.5853    3
 7.5903    5
 7.5953    3
 7.6003    2
 7.6053    4
 7.6103    2
 7.6153    6
 7.6203    5
 7.6253    3
 7.6303    2
 7.6353    2
 7.6403    2
 7.6453    0
 7.6503    5
 7.6553    4
 7.6603    8
 7.6653    6
 7.6703    8
 7.6753    5
 7.6803    2
 7.6853    4
 7.6903    2
 7.6953    7
 7.7003    5
 7.7053    7
 7.7103    7
 7.7153    3
 7.7203    3
 7.7253    4
 7.7303    8
 7.7353    4
 7.7403    5
 7.7453    6
 7.7503    4
 7.7553    3
 7.7603    5
 7.7653    6
 7.7703    4
 7.7753    2
 7.7803    8
 7.7853    5
 7.7903    5
 7.7953    8
 7.8003    2
 7.8053    2
 7.8103    3
 7.8153    7
 7.8203    4
 7.8253    6
 7.8303    9
 7.8353    6
 7.8403    9
 7.8453    8
 7.8503    6
 7.8553    4
 7.8603   12
 7.8653    8
 7.8703   10
 7.8753   14
 7.8803   12
 7.8853   11
 7.8903   21
 7.8953   18
 7.9003   26
 7.9053   31
 7.9103   34
 7.9153   37
 7.9203   44
 7.9253   49
 7.9303   41
 7.9353   59
 7.9403   81
 7.9453   74
 7.9503   79
 7.9553   94
 7.9603  124
 7.9653  134
 7.9703  146
 7.9753  141
 7.9803  171
 7.9853  207
 7.9903  207
 7.9953  213
 8.0003  238
 8.0053  249
 8.0103  252
 8.0153  259
 8.0203  292
 8.0253  304
 8.0303  301
 8.0353  299
 8.0403  334
 8.0453  305
 8.0503  303
 8.0553  311
 8.0603  337
 8.0653  300
 8.0703  283
 8.0753  263
 8.0803  294
 8.0853  270
 8.0903  239
 8.0953  260
 8.1003  222
 8.1053  192
 8.1103  192
 8.1153  177
 8.1203  151
 8.1253  139
 8.1303  128
 8.1353  118
 8.1403  103
 8.1453   84
 8.1503   79
 8.1553   85
 8.1603   53
 8.1653   57
 8.1703   56
 8.1753   44
 8.1803   35
 8.1853   34
 8.1903   28
 8.1953   27
 8.2003   14
 8.2053   15
 8.2103   16
 8.2153   16
 8.2203   10
 8.2253    9
 8.2303    6
 8.2353   13
 8.2403    6
 8.2453    5
 8.2503    4
 8.2553    3
 8.2603    4
 8.2653    5
 8.2703    4
 8.2753    4
 8.2803    6
 8.2853    5
 8.2903    4
 8.2953    2
 8.3003    3
 8.3053    5
 8.3103    5
 8.3153    9
 8.3203    3
 8.3253    3
 8.3303    4
 8.3353    1
 8.3403    2
 8.3453    2
 8.3503    2
 8.3553    2
 8.3603    1
 8.3653    6
 8.3703    5
 8.3753    5
 8.3803    6
 8.3853    6
 8.3903    2
 8.3953    3
 8.4003    3
 8.4053    4
 8.4103    1
 8.4153    5
 8.4203    2
 8.4253    6
 8.4303    4
 8.4353    5
 8.4403    3
 8.4453    6
 8.4503    5
 8.4553    5
 8.4603    4
 8.4653    7
 8.4703    2
 8.4753    5
 8.4803    4
 8.4853    4
 8.4903    4
 8.4953    5
 8.5002    1
 8.5052    3
 8.5102    4
 8.5152    2
 8.5202    1
 8.5252    4
 8.5302    2
 8.5352    6
 8.5402    1
 8.5452    3
 8.5502    1
 8.5552    3
 8.5602    3
 8.5652    3
 8.5702    4
 8.5752    6
 8.5802    4
 8.5852    3
 8.5902    2
 8.5952    1
 8.6002    3
 8.6052    2
 8.6102    3
 8.6152    3
 8.6202    3
 8.6252    3
 8.6302    5
 8.6352    5
 8.6402    4
 8.6452    4
 8.6502    8
 8.6552    7
 8.6602    3
 8.6652    2
 8.6702    5
 8.6752    4
 8.6802    6
 8.6852    1
 8.6902    3
 8.6952    2
 8.7002    5
 8.7052    5
 8.7102    5
 8.7152    5
 8.7202    8
 8.7252    4
 8.7302    3
 8.7352    4
 8.7402    4
 8.7452    5
 8.7502    5
 8.7552    9
 8.7602    7
 8.7652    6
 8.7702    4
 8.7752   12
 8.7802    6
 8.7852   12
 8.7902    8
 8.7952   11
 8.8002   13
 8.8052   15
 8.8102    8
 8.8152   17
 8.8202   15
 8.8252   20
 8.8302   32
 8.8352   26
 8.8402   22
 8.8452   34
 8.8502   20
 8.8552   28
 8.8602   31
 8.8652   42
 8.8702   30
 8.8752   40
 8.8802   47
 8.8852   38
 8.8902   44
 8.8952   42
 8.9002   56
 8.9052   37
 8.9102   51
 8.9152   36
 8.9202   37
 8.9252   36
 8.9302   39
 8.9352   43
 8.9402   42
 8.9452   32
 8.9502   27
 8.9552   32
 8.9602   26
 8.9652   27
 8.9702   26
 8.9752   26
 8.9802   33
 8.9852   21
 8.9902   24
 8.9952   11
 9.0002   25
 9.0052   21
 9.0102   11
 9.0152   12
 9.0202   11
 9.0252   11
 9.0302   12
 9.0352   15
 9.0402   10
 9.0452    7
 9.0502    6
 9.0552    5
 9.0602    3
 9.0652    8
 9.0702    2
 9.0752    5
 9.0802    2
 9.0852    1
 9.0902    2
 9.0952    2
 9.1002    2
 9.1052    2
 9.1102    7
 9.1152    2
 9.1202    2
 9.1252    3
 9.1302    2
 9.1352    1
 9.1402    1
 9.1452    2
 9.1502    2
 9.1552    3
 9.1602    3
 9.1652    2
 9.1702    0
 9.1752    2
 9.1802    2
 9.1852    3
 9.1902    0
 9.1952    4
 9.2002    1
 9.2052    2
 9.2102    1
 9.2152    1
 9.2202    1
 9.2252    2
 9.2302    2
 9.2352    1
 9.2402    2
 9.2452    2
 9.2502    1
 9.2552    1
 9.2602    0
 9.2652    1
 9.2702    4
 9.2752    1
 9.2802    1
 9.2852    3
 9.2902    1
 9.2952    0
 9.3002    0
 9.3052    4
 9.3102    2
 9.3152    2
 9.3202    1
 9.3252    2
 9.3302    2
 9.3352    1
 9.3402    2
 9.3452    3
 9.3502    5
 9.3552    1
 9.3602    0
 9.3652    1
 9.3702    2
 9.3752    1
 9.3802    3
 9.3852    4
 9.3902    1
 9.3952    2
 9.4002    0
 9.4052    0
 9.4102    2
 9.4152    1
 9.4202    0
 9.4252    4
 9.4302    1
 9.4352    1
 9.4402    2
 9.4452    0
 9.4502    2
 9.4552    1
 9.4602    2
 9.4652    3
 9.4702    0
 9.4752    2
 9.4802    1
 9.4852    0
 9.4902    2
 9.4952    4
 9.5001    3
 9.5051    1
 9.5101    2
 9.5151    2
 9.5201    1
 9.5251    1
 9.5301    3
 9.5351    4
 9.5401    2
 9.5451    1
 9.5501    2
 9.5551    1
 9.5601    0
 9.5651    0
 9.5701    1
 9.5751    1
 9.5801    1
 9.5851    5
 9.5901    4
 9.5951    4
 9.6001    0
 9.6051    2
 9.6101    5
 9.6151    0
 9.6201    2
 9.6251    1
 9.6301    0
 9.6351    1
 9.6401    1
 9.6451    0
 9.6501    2
 9.6551    2
 9.6601    3
 9.6651    2
 9.6701    1
 9.6751    2
 9.6801    3
 9.6851    2
 9.6901    1
 9.6951    0
 9.7001    3
 9.7051    1
 9.7101    1
 9.7151    3
 9.7201    2
 9.7251    1
 9.7301    1
 9.7351    2
 9.7401    2
 9.7451    0
 9.7501    1
 9.7551    1
 9.7601    1
 9.7651    1
 9.7701    4
 9.7751    1
 9.7801    3
 9.7851    0
 9.7901    1
 9.7951    1
 9.8001    0
 9.8051    0
 9.8101    2
 9.8151    1
 9.8201    3
 9.8251    0
 9.8301    1
 9.8351    1
 9.8401    0
 9.8451    0
 9.8501    4
 9.8551    3
 9.8601    0
 9.8651    1
 9.8701    3
 9.8751    1
 9.8801    1
 9.8851    1
 9.8901    0
 9.8951    2
 9.9001    2
 9.9051    0
 9.9101    2
 9.9151    3
 9.9201    3
 9.9251    4
 9.9301    4
 9.9351    0
 9.9401    0
 9.9451    2
 9.9501    3
 9.9551    0
 9.9601    2
 9.9651    1
 9.9701    2
 9.9751    4
 9.9801    0
 9.9851    2
 9.9901    2
 9.9951    0
10.0001    4
10.0051    2
10.0101    3
10.0151    2
10.0201    0
10.0251    0
10.0301    2
10.0351    2
10.0401    0
10.0451    0
10.0501    1
10.0551    0
10.0601    1
10.0651    3
10.0701    1
10.0751    0
10.0801    2
10.0851    1
10.0901    0
10.0951    4
10.1001    2
10.1051    2
10.1101    2
10.1151    0
10.1201    1
10.1251    3
10.1301    0
10.1351    1
10.1401    2
10.1451    3
10.1501    3
10.1551    2
10.1601    3
10.1651    1
10.1701    3
10.1751    3
10.1801    0
10.1851    0
10.1901    0
10.1951    2
10.2001    1
10.2051    2
10.2101    0
10.2151    5
10.2201    2
10.2251    1
10.2301    2
10.2351    1
10.2401    2
10.2451    0
10.2501    1
10.2551    2
10.2601    0
10.2651    4
10.2701    2
10.2751    4
10.2801    1
10.2851    5
10.2901    2
10.2951    1
10.3001    1
10.3051    2
10.3101    4
10.3151    2
10.3201    1
10.3251    1
10.3301    1
10.3351    0
10.3401    1
10.3451    1
10.3501    1
10.3551    3
10.3601    2
10.3651    1
10.3701    4
10.3751    2
10.3801    1
10.3851    1
10.3901    2
10.3951    3
10.4001    3
10.4051    3
10.4101    6
10.4151    4
10.4201    3
10.4251    2
10.4301    1
10.4351    2
10.4401    0
10.4451    1
10.4501    1
10.4551    1
10.4601    1
10.4651    3
10.4701    1
10.4751    0
10.4801    2
10.4851    2
10.4901    3
10.4951    0
   10.5    1
 10.505    2
  10.51    2
 10.515    0
  10.52    1
 10.525    4
  10.53    3
 10.535    1
  10.54    2
 10.545    1
  10.55    2
 10.555    1
  10.56    3
 10.565    1
  10.57    1
 10.575    1
  10.58    3
 10.585    2
  10.59    4
 10.595    0
   10.6    0
 10.605    1
  10.61    2
 10.615    3
  10.62    1
 10.625    2
  10.63    5
 10.635    3
  10.64    2
 10.645    0
  10.65    2
 10.655    1
  10.66    5
 10.665    2
  10.67    0
 10.675    1
  10.68    0
 10.685    2
  10.69    3
 10.695    2
   10.7    2
 10.705    1
  10.71    2
 10.715    1
  10.72    2
 10.725    2
  10.73    1
 10.735    0
  10.74    1
 10.745    2
  10.75    2
 10.755    2
  10.76    0
 10.765    0
  10.77    1
 10.775    2
  10.78    2
 10.785    0
  10.79    1
 10.795    2
   10.8    1
 10.805    2
  10.81    5
 10.815    3
  10.82    2
 10.825    2
  10.83    0
 10.835    2
  10.84    2
 10.845    1
  10.85    1
 10.855    1
  10.86    1
 10.865    3
  10.87    1
 10.875    2
  10.88    1
 10.885    1
  10.89    1
 10.895    0
   10.9    1
 10.905    2
  10.91    1
 10.915    2
  10.92    1
 10.925    3
  10.93    4
 10.935    1
  10.94    0
 10.945    3
  10.95    0
 10.955    0
  10.96    2
 10.965    1
  10.97    3
 10.975    2
  10.98    1
 10.985    1
  10.99    3
 10.995    1
     11    0
 11.005    0
  11.01    2
 11.015    0
  11.02    0
 11.025    1
  11.03    3
 11.035    0
  11.04    4
 11.045    1
  11.05    1
 11.055    3
  11.06    1
 11.065    3
  11.07    1
 11.075    2
  11.08    0
 11.085    2
  11.09    1
 11.095    1
   11.1    0
 11.105    2
  11.11    0
 11.115    1
  11.12    2
 11.125    3
  11.13    0
 11.135    1
  11.14    2
 11.145    0
  11.15    0
 11.155    2
  11.16    2
 11.165    0
  11.17    0
 11.175    1
  11.18    3
 11.185    0
  11.19    4
 11.195    0
   11.2    0
 11.205    1
  11.21    1
 11.215    0
  11.22    1
 11.225    1
  11.23    1
 11.235    1
  11.24    1
 11.245    2
  11.25    3
 11.255    3
  11.26    1
 11.265    4
  11.27    1
 11.275    1
  11.28    2
 11.285    3
  11.29    1
 11.295    2
   11.3    1
 11.305    2
  11.31    4
 11.315    0
  11.32    1
 11.325    2
  11.33    2
 11.335    2
  11.34    1
 11.345    0
  11.35    1
 11.355    2
  11.36    2
 11.365    3
  11.37    2
 11.375    0
  11.38    0
 11.385    0
  11.39    2
 11.395    1
   11.4    1
 11.405    1
  11.41    1
 11.415    1
  11.42    0
 11.425    2
  11.43    1
 11.435    1
  11.44    0
 11.445    0
  11.45    2
 11.455    1
  11.46    0
 11.465    1
  11.47    2
 11.475    0
  11.48    2
 11.485    3
  11.49    2
 11.495    0
11.4999    1
11.5049    1
11.5099    1
11.5149    3
11.5199    2
11.5249    0
11.5299    2
11.5349    2
11.5399    1
11.5449    4
11.5499    1
11.5549    3
11.5599    1
11.5649    2
11.5699    1
11.5749    3
11.5799    0
11.5849    2
11.5899    1
11.5949    4
11.5999    1
11.6049    0
11.6099    0
11.6149    2
11.6199    1
11.6249    3
11.6299    2
11.6349    4
11.6399    1
11.6449    1
11.6499    1
11.6549    1
11.6599    0
11.6649    0
11.6699    1
11.6749    0
11.6799    2
11.6849    1
11.6899    2
11.6949    0
11.6999    0
11.7049    1
11.7099    1
11.7149    1
11.7199    1
11.7249    1
11.7299    3
11.7349    1
11.7399    0
11.7449    1
11.7499    1
11.7549    1
11.7599    1
11.7649    0
11.7699    2
11.7749    1
11.7799    0
11.7849    0
11.7899    3
11.7949    0
11.7999    1
11.8049    1
11.8099    2
11.8149    2
11.8199    1
11.8249    1
11.8299    1
11.8349    3
11.8399    1
11.8449    3
11.8499    2
11.8549    1
11.8599    0
11.8649    2
11.8699    0
11.8749    2
11.8799    1
11.8849    0
11.8899    0
11.8949    3
11.8999    1
11.9049    2
11.9099    2
11.9149    4
11.9199    1
11.9249    1
11.9299    1
11.9349    1
11.9399    0
11.9449    1
11.9499    0
11.9549    2
11.9599    0
11.9649    1
11.9699    0
11.9749    5
11.9799    0
11.9849    2
11.9899    0
11.9949    1
11.9999    3
12.0049    1
12.0099    1
12.0149    0
12.0199    1
12.0249    0
12.0299    1
12.0349    1
12.0399    0
12.0449    0
12.0499    2
12.0549    2
12.0599    0
12.0649    0
12.0699    2
12.0749    3
12.0799    3
12.0849    0
12.0899    0
12.0949    1
12.0999    2
12.1049    1
12.1099    0
12.1149    0
12.1199    2
12.1249    0
12.1299    0
12.1349    1
12.1399    0
12.1449    0
12.1499    4
12.1549    0
12.1599    2
12.1649    1
12.1699    0
12.1749    0
12.1799    3
12.1849    2
12.1899    4
12.1949    3
12.1999    0
12.2049    1
12.2099    0
12.2149    0
12.2199    3
12.2249    0
12.2299    1
12.2349    0
12.2399    2
12.2449    0
12.2499    0
12.2549    3
12.2599    0
12.2649    1
12.2699    1
12.2749    2
12.2799    0
12.2849    0
12.2899    0
12.2949    1
12.2999    0
12.3049    1
12.3099    2
12.3149    3
12.3199    0
12.3249    0
12.3299    1
12.3349    1
12.3399    3
12.3449    0
12.3499    6
12.3549    1
12.3599    2
12.3649    1
12.3699    1
12.3749    1
12.3799    1
12.3849    0
12.3899    2
12.3949    2
12.3999    1
12.4049    1
12.4099    2
12.4149    1
12.4199    1
12.4249    2
12.4299    1
12.4349    2
12.4399    1
12.4449    3
12.4499    2
12.4549    4
12.4599    1
12.4649    1
12.4699    0
12.4749    0
12.4799    1
12.4849    1
12.4899    1
12.4949    0
12.4998    1
12.5048    0
12.5098    0
12.5148    1
12.5198    3
12.5248    2
12.5298    0
12.5348    2
12.5398    2
12.5448    1
12.5498    1
12.5548    1
12.5598    1
12.5648    0
12.5698    1
12.5748    0
12.5798    2
12.5848    0
12.5898    1
12.5948    0
12.5998    3
12.6048    1
12.6098    0
12.6148    0
12.6198    0
12.6248    2
12.6298    0
12.6348    2
12.6398    1
12.6448    1
12.6498    1
12.6548    0
12.6598    0
12.6648    2
12.6698    4
12.6748    1
12.6798    1
12.6848    0
12.6898    2
12.6948    2
12.6998    2
12.7048    1
12.7098    3
12.7148    1
12.7198    2
12.7248    0
12.7298    2
12.7348    2
12.7398    1
12.7448    1
12.7498    3
12.7548    2
12.7598    0
12.7648    0
12.7698    1
12.7748    1
12.7798    0
12.7848    1
12.7898    0
12.7948    0
12.7998    0
12.8048    1
12.8098    1
12.8148    1
12.8198    0
12.8248    1
12.8298    2
12.8348    1
12.8398    2
12.8448    1
12.8498    1
12.8548    2
12.8598    1
12.8648    1
12.8698    1
12.8748    0
12.8798    2
12.8848    0
12.8898    1
12.8948    2
12.8998    1
12.9048    0
12.9098    1
12.9148    1
12.9198    1
12.9248    2
12.9298    5
12.9348    0
12.9398    2
12.9448    0
12.9498    3
12.9548    1
12.9598    0
12.9648    1
12.9698    2
12.9748    0
12.9798    0
12.9848    1
12.9898    0
12.9948    0
12.9998    1
13.0048    2
13.0098    0
13.0148    0
13.0198    0
13.0248    0
13.0298    2
13.0348    1
13.0398    3
13.0448    0
13.0498    2
13.0548    2
13.0598    2
13.0648    1
13.0698    0
13.0748    2
13.0798    0
13.0848    2
13.0898    2
13.0948    1
13.0998    0
13.1048    0
13.1098    0
13.1148    1
13.1198    1
13.1248    0
13.1298    1
13.1348    0
13.1398    1
13.1448    2
13.1498    1
13.1548    1
13.1598    0
13.1648    1
13.1698    2
13.1748    0
13.1798    1
13.1848    2
13.1898    3
13.1948    1
13.1998    1
13.2048    0
13.2098    1
13.2148    0
13.2198    2
13.2248    0
13.2298    1
13.2348    0
13.2398    2
13.2448    1
13.2498    1
13.2548    1
13.2598    3
13.2648    0
13.2698    0
13.2748    2
13.2798    5
13.2848    1
13.2898    2
13.2948    0
13.2998    0
13.3048    0
13.3098    0
13.3148    1
13.3198    2
13.3248    1
13.3298    1
13.3348    0
13.3398    0
13.3448    2
13.3498    0
13.3548    3
13.3598    0
13.3648    1
13.3698    1
13.3748    4
13.3798    1
13.3848    2
13.3898    0
13.3948    2
13.3998    0
13.4048    2
13.4098    1
13.4148    1
13.4198    0
13.4248    1
13.4298    2
13.4348    0
13.4398    1
13.4448    0
13.4498    0
13.4548    2
13.4598    0
13.4648    1
13.4698    0
13.4748    2
13.4798    1
13.4848    0
13.4898    1
13.4948    0
13.4997    0
13.5047    1
13.5097    2
13.5147    0
13.5197    4
13.5247    1
13.5297    1
13.5347    0
13.5397    2
13.5447    0
13.5497    1
13.5547    1
13.5597    1
13.5647    1
13.5697    1
13.5747    2
13.5797    0
13.5847    1
13.5897    1
13.5947    1
13.5997    0
13.6047    1
13.6097    1
13.6147    1
13.6197    1
13.6247    4
13.6297    1
13.6347    1
13.6397    0
13.6447    0
13.6497    1
13.6547    1
13.6597    1
13.6647    1
13.6697    0
13.6747    0
13.6797    1
13.6847    0
13.6897    1
13.6947    0
13.6997    0
13.7047    0
13.7097    1
13.7147    1
13.7197    2
13.7247    1
13.7297    0
13.7347    1
13.7397    0
13.7447    0
13.7497    1
13.7547    2
13.7597    1
13.7647    0
13.7697    0
13.7747    4
13.7797    1
13.7847    1
13.7897    0
13.7947    0
13.7997    1
13.8047    0
13.8097    1
13.8147    1
13.8197    1
13.8247    1
13.8297    1
13.8347    1
13.8397    1
13.8447    2
13.8497    1
13.8547    2
13.8597    0
13.8647    0
13.8697    0
13.8747    0
13.8797    1
13.8847    1
13.8897    2
13.8947    0
13.8997    1
13.9047    1
13.9097    1
13.9147    1
13.9197    1
13.9247    1
13.9297    1
13.9347    0
13.9397    0
13.9447    0
13.9497    0
13.9547    2
13.9597    2
13.9647    1
13.9697    1
13.9747    0
13.9797    0
13.9847    2
13.9897    1
13.9947    1
13.9997    1
14.0047    0
14.0097    1
14.0147    0
14.0197    0
14.0247    2
14.0297    1
14.0347    1
14.0397    3
14.0447    0
14.0497    2
14.0547    1
14.0597    1
14.0647    1
14.0697    0
14.0747    2
14.0797    1
14.0847    1
14.0897    0
14.0947    0
14.0997    1
14.1047    0
14.1097    1
14.1147    2
14.1197    0
14.1247    1
14.1297    1
14.1347    1
14.1397    2
14.1447    0
14.1497    0
14.1547    0
14.1597    0
14.1647    1
14.1697    1
14.1747    2
14.1797    0
14.1847    2
14.1897    0
14.1947    0
14.1997    1
14.2047    1
14.2097    1
14.2147    0
14.2197    0
14.2247    1
14.2297    2
14.2347    3
14.2397    0
14.2447    0
14.2497    0
14.2547    0
14.2597    0
14.2647    0
14.2697    0
14.2747    1
14.2797    0
14.2847    1
14.2897    1
14.2947    0
14.2997    1
14.3047    0
14.3097    0
14.3147    1
14.3197    2
14.3247    0
14.3297    1
14.3347    1
14.3397    1
14.3447    0
14.3497    2
14.3547    1
14.3597    2
14.3647    1
14.3697    1
14.3747    0
14.3797    1
14.3847    0
14.3897    2
14.3947    1
14.3997    1
14.4047    1
14.4097    1
14.4147    0
14.4197    2
14.4247    2
14.4297    0
14.4347    3
14.4397    1
14.4447    1
14.4497    0
14.4547    0
14.4597    0
14.4647    1
14.4697    0
14.4747    0
14.4797    2
14.4847    0
14.4897    2
14.4947    0
14.4996    0
14.5046    1
14.5096    1
14.5146    2
14.5196    0
14.5246    1
14.5296    0
14.5346    0
14.5396    2
14.5446    0
14.5496    0
14.5546    1
14.5596    2
14.5646    0
14.5696    2
14.5746    1
14.5796    1
14.5846    2
14.5896    2
14.5946    2
14.5996    1
14.6046    0
14.6096    2
14.6146    0
14.6196    2
14.6246    1
14.6296    3
14.6346    1
14.6396    2
14.6446    1
14.6496    1
14.6546    2
14.6596    0
14.6646    0
14.6696    1
14.6746    0
14.6796    2
14.6846    0
14.6896    1
14.6946    3
14.6996    1
14.7046    1
14.7096    2
14.7146    0
14.7196    1
14.7246    0
14.7296    1
14.7346    3
14.7396    0
14.7446    2
14.7496    3
14.7546    2
14.7596    2
14.7646    2
14.7696    2
14.7746    2
14.7796    1
14.7846    0
14.7896    0
14.7946    0
14.7996    0
14.8046    0
14.8096    1
14.8146    2
14.8196    1
14.8246    0
14.8296    1
14.8346    1
14.8396    0
14.8446    0
14.8496    1
14.8546    1
14.8596    3
14.8646    0
14.8696    1
14.8746    1
14.8796    1
14.8846    0
14.8896    0
14.8946    0
14.8996    3
14.9046    0
14.9096    2
14.9146    0
14.9196    0
14.9246    3
14.9296    0
14.9346    0
14.9396    1
14.9446    1
14.9496    3
14.9546    0
14.9596    1
14.9646    1
14.9696    0
14.9746    0
14.9796    2
14.9846    1
14.9896    1
14.9946    0
14.9996    1
15.0046    1
15.0096    0
15.0146    1
15.0196    0
15.0246    0
15.0296    0
15.0346    2
15.0396    0
15.0446    0
15.0496    0
15.0546    1
15.0596    1
15.0646    0
15.0696    0
15.0746    2
15.0796    2
15.0846    0
15.0896    0
15.0946    1
15.0996    1
15.1046    2
15.1096    1
15.1146    0
15.1196    0
15.1246    0
15.1296    1
15.1346    1
15.1396    1
15.1446    0
15.1496    0
15.1546    0
15.1596    0
15.1646    3
15.1696    0
15.1746    0
15.1796    1
15.1846    1
15.1896    2
15.1946    0
15.1996    0
15.2046    1
15.2096    0
15.2146    0
15.2196    1
15.2246    0
15.2296    1
15.2346    2
15.2396    0
15.2446    0
15.2496    1
15.2546    1
15.2596    1
15.2646    2
15.2696    0
15.2746    3
15.2796    0
15.2846    1
15.2896    1
15.2946    1
15.2996    1
15.3046    1
15.3096    0
15.3146    1
15.3196    1
15.3246    1
15.3296    1
15.3346    0
15.3396    2
15.3446    0
15.3496    1
15.3546    1
15.3596    0
15.3646    0
15.3696    1
15.3746    1
15.3796    0
15.3846    2
15.3896    0
15.3946    0
15.3996    0
15.4046    0
15.4096    1
15.4146    0
15.4196    0
15.4246    0
15.4296    0
15.4346    2
15.4396    0
15.4446    1
15.4496    1
15.4546    2
15.4596    0
15.4646    2
15.4696    1
15.4746    0
15.4796    1
15.4846    0
15.4896    0
15.4946    3
15.4995    0
15.5045    0
15.5095    1
15.5145    1
15.5195    0
15.5245    1
15.5295    1
15.5345    1
15.5395    0
15.5445    0
15.5495    2
15.5545    2
15.5595    1
15.5645    1
15.5695    0
15.5745    0
15.5795    0
15.5845    0
15.5895    1
15.5945    2
15.5995    0
15.6045    0
15.6095    2
15.6145    1
15.6195    1
15.6245    1
15.6295    1
15.6345    1
15.6395    1
15.6445    0
15.6495    1
15.6545    0
15.6595    1
15.6645    1
15.6695    3
15.6745    0
15.6795    5
15.6845    0
15.6895    0
15.6945    0
15.6995    0
15.7045    3
15.7095    0
15.7145    0
15.7195    3
15.7245    1
15.7295    0
15.7345    0
15.7395    0
15.7445    0
15.7495    1
15.7545    0
15.7595    1
15.7645    0
15.7695    0
15.7745    0
15.7795    0
15.7845    1
15.7895    1
15.7945    0
15.7995    1
15.8045    0
15.8095    0
15.8145    1
15.8195    1
15.8245    0
15.8295    1
15.8345    1
15.8395    0
15.8445    1
15.8495    1
15.8545    1
15.8595    0
15.8645    1
15.8695    0
15.8745    1
15.8795    1
15.8845    0
15.8895    0
15.8945    0
15.8995    1
15.9045    0
15.9095    0
15.9145    0
15.9195    1
15.9245    0
15.9295    1
15.9345    0
15.9395    1
15.9445    1
15.9495    0
15.9545    2
15.9595    1
15.9645    1
15.9695    1
15.9745    1
15.9795    4
15.9845    1
15.9895    1
15.9945    1
15.9995    1
16.0045    1
16.0095    0
16.0145    1
16.0195    1
16.0245    1
16.0295    1
16.0345    1
16.0395    0
16.0445    1
16.0495    0
16.0545    0
16.0595    2
16.0645    1
16.0695    0
16.0745    0
16.0795    0
16.0845    0
16.0895    0
16.0945    0
16.0995    1
16.1045    0
16.1095    2
16.1145    0
16.1195    0
16.1245    0
16.1295    0
16.1345    2
16.1395    0
16.1445    2
16.1495    0
16.1545    1
16.1595    1
16.1645    1
16.1695    2
16.1745    0
16.1795    0
16.1845    0
16.1895    2
16.1945    1
16.1995    0
16.2045    1
16.2095    0
16.2145    0
16.2195    0
16.2245    0
16.2295    1
16.2345    2
16.2395    0
16.2445    1
16.2495    1
16.2545    0
16.2595    2
16.2645    0
16.2695    0
16.2745    0
16.2795    0
16.2845    0
16.2895    0
16.2945    0
16.2995    0
16.3045    0
16.3095    0
16.3145    1
16.3195    1
16.3245    1
16.3295    0
16.3345    0
16.3395    0
16.3445    1
16.3495    1
16.3545    2
16.3595    2
16.3645    0
16.3695    1
16.3745    0
16.3795    1
16.3845    1
16.3895    2
16.3945    0
16.3995    0
16.4045    0
16.4095    1
16.4145    0
16.4195    1
16.4245    2
16.4295    0
16.4345    0
16.4395    2
16.4445    1
16.4495    0
16.4545    0
16.4595    1
16.4645    1
16.4695    1
16.4745    1
16.4795    0
16.4845    1
16.4895    0
16.4945    1
16.4994    0
16.5044    1
16.5094    0
16.5144    1
16.5194    1
16.5244    0
16.5294    1
16.5344    0
16.5394    0
16.5444    0
16.5494    0
16.5544    1
16.5594    0
16.5644    1
16.5694    0
16.5744    0
16.5794    0
16.5844    3
16.5894    0
16.5944    1
16.5994    1
16.6044    0
16.6094    1
16.6144    0
16.6194    1
16.6244    1
16.6294    0
16.6344    2
16.6394    1
16.6444    1
16.6494    0
16.6544    3
16.6594    0
16.6644    0
16.6694    3
16.6744    1
16.6794    1
16.6844    0
16.6894    0
16.6944    0
16.6994    0
16.7044    0
16.7094    0
16.7144    1
16.7194    0
16.7244    0
16.7294    0
16.7344    2
16.7394    1
16.7444    1
16.7494    1
16.7544    1
16.7594    0
16.7644    1
16.7694    0
16.7744    0
16.7794    0
16.7844    1
16.7894    0
16.7944    1
16.7994    2
16.8044    0
16.8094    1
16.8144    1
16.8194    0
16.8244    0
16.8294    0
16.8344    0
16.8394    1
16.8444    0
16.8494    0
16.8544    0
16.8594    0
16.8644    1
16.8694    0
16.8744    0
16.8794    1
16.8844    0
16.8894    1
16.8944    1
16.8994    0
16.9044    0
16.9094    0
16.9144    0
16.9194    0
16.9244    1
16.9294    0
16.9344    1
16.9394    1
16.9444    0
16.9494    1
16.9544    1
16.9594    1
16.9644    0
16.9694    0
16.9744    0
16.9794    1
16.9844    0
16.9894    2
16.9944    1
16.9994    1
17.0044    0
17.0094    0
17.0144    0
17.0194    0
17.0244    0
17.0294    0
17.0344    2
17.0394    0
17.0444    0
17.0494    0
17.0544    0
17.0594    0
17.0644    1
17.0694    0
17.0744    0
17.0794    1
17.0844    0
17.0894    0
17.0944    0
17.0994    0
17.1044    1
17.1094    0
17.1144    1
17.1194    0
17.1244    0
17.1294    0
17.1344    1
17.1394    1
17.1444    0
17.1494    0
17.1544    1
17.1594    0
17.1644    1
17.1694    0
17.1744    0
17.1794    0
17.1844    2
17.1894    0
17.1944    0
17.1994    0
17.2044    0
17.2094    0
17.2144    1
17.2194    0
17.2244    0
17.2294    0
17.2344    2
17.2394    0
17.2444    1
17.2494    0
17.2544    0
17.2594    0
17.2644    2
17.2694    1
17.2744    1
17.2794    1
17.2844    0
17.2894    1
17.2944    1
17.2994    0
17.3044    0
17.3094    0
17.3144    0
17.3194    1
17.3244    0
17.3294    2
17.3344    0
17.3394    0
17.3444    1
17.3494    0
17.3544    0
17.3594    0
17.3644    0
17.3694    1
17.3744    0
17.3794    0
17.3844    1
17.3894    1
17.3944    0
17.3994    1
17.4044    0
17.4094    0
17.4144    0
17.4194    0
17.4244    1
17.4294    0
17.4344    1
17.4394    1
17.4444    0
17.4494    1
17.4544    0
17.4594    0
17.4644    0
17.4694    0
17.4744    1
17.4794    0
17.4844    0
17.4894    0
17.4944    0
17.4993    3
17.5043    0
17.5093    1
17.5143    1
17.5193    2
17.5243    0
17.5293    0
17.5343    0
17.5393    0
17.5443    0
17.5493    1
17.5543    0
17.5593    0
17.5643    0
17.5693    0
17.5743    0
17.5793    0
17.5843    1
17.5893    0
17.5943    0
17.5993    0
17.6043    1
17.6093    1
17.6143    0
17.6193    0
17.6243    0
17.6293    1
17.6343    0
17.6393    1
17.6443    0
17.6493    0
17.6543    2
17.6593    1
17.6643    0
17.6693    0
17.6743    0
17.6793    1
17.6843    0
17.6893    3
17.6943    1
17.6993    2
17.7043    0
17.7093    0
17.7143    1
17.7193    0
17.7243    1
17.7293    0
17.7343    1
17.7393    0
17.7443    0
17.7493    0
17.7543    0
17.7593    0
17.7643    1
17.7693    0
17.7743    0
17.7793    1
17.7843    1
17.7893    0
17.7943    0
17.7993    1
17.8043    0
17.8093    0
17.8143    0
17.8193    1
17.8243    1
17.8293    1
17.8343    0
17.8393    1
17.8443    1
17.8493    0
17.8543    0
17.8593    0
17.8643    0
17.8693    0
17.8743    0
17.8793    0
17.8843    0
17.8893    3
17.8943    0
17.8993    1
17.9043    0
17.9093    0
17.9143    0
17.9193    0
17.9243    1
17.9293    0
17.9343    0
17.9393    1
17.9443    0
17.9493    0
17.9543    3
17.9593    0
17.9643    0
17.9693    0
17.9743    0
17.9793    0
17.9843    0
17.9893    0
17.9943    0
17.9993    0
18.0043    0
18.0093    0
18.0143    0
18.0193    2
18.0243    0
18.0293    1
18.0343    0
18.0393    0
18.0443    1
18.0493    2
18.0543    0
18.0593    0
18.0643    0
18.0693    0
18.0743    0
18.0793    0
18.0843    0
18.0893    1
18.0943    0
18.0993    1
18.1043    0
18.1093    0
18.1143    0
18.1193    1
18.1243    0
18.1293    2
18.1343    1
18.1393    1
18.1443    0
18.1493    0
18.1543    1
18.1593    0
18.1643    1
18.1693    1
18.1743    0
18.1793    0
18.1843    0
18.1893    2
18.1943    0
18.1993    0
18.2043    2
18.2093    1
18.2143    1
18.2193    2
18.2243    0
18.2293    2
18.2343    0
18.2393    1
18.2443    0
18.2493    2
18.2543    2
18.2593    0
18.2643    0
18.2693    1
18.2743    0
18.2793    1
18.2843    0
18.2893    0
18.2943    1
18.2993    0
18.3043    0
18.3093    0
18.3143    1
18.3193    0
18.3243    0
18.3293    0
18.3343    0
18.3393    0
18.3443    1
18.3493    0
18.3543    0
18.3593    0
18.3643    0
18.3693    0
18.3743    0
18.3793    0
18.3843    0
18.3893    0
18.3943    0
18.3993    0
18.4043    2
18.4093    0
18.4143    0
18.4193    0
18.4243    0
18.4293    0
18.4343    0
18.4393    0
18.4443    1
18.4493    0
18.4543    0
18.4593    1
18.4643    0
18.4693    1
18.4743    1
18.4793    1
18.4843    0
18.4893    0
18.4943    1
18.4992    0
18.5042    0
18.5092    1
18.5142    0
18.5192    0
18.5242    1
18.5292    1
18.5342    0
18.5392    0
18.5442    0
18.5492    0
18.5542    1
18.5592    1
18.5642    1
18.5692    0
18.5742    1
18.5792    0
18.5842    0
18.5892    0
18.5942    0
18.5992    0
18.6042    0
18.6092    0
18.6142    0
18.6192    0
18.6242    0
18.6292    0
18.6342    0
18.6392    0
18.6442    0
18.6492    0
18.6542    1
18.6592    0
18.6642    0
18.6692    0
18.6742    0
18.6792    0
18.6842    0
18.6892    0
18.6942    1
18.6992    0
18.7042    0
18.7092    1
18.7142    0
18.7192    0
18.7242    0
18.7292    0
18.7342    0
18.7392    0
18.7442    0
18.7492    1
18.7542    0
18.7592    0
18.7642    2
18.7692    0
18.7742    0
18.7792    1
18.7842    1
18.7892    0
18.7942    0
18.7992    0
18.8042    0
18.8092    0
18.8142    1
18.8192    0
18.8242    0
18.8292    0
18.8342    0
18.8392    0
18.8442    0
18.8492    0
18.8542    0
18.8592    1
18.8642    1
18.8692    0
18.8742    0
18.8792    0
18.8842    0
18.8892    1
18.8942    0
18.8992    0
18.9042    0
18.9092    0
18.9142    2
18.9192    0
18.9242    0
18.9292    0
18.9342    1
18.9392    0
18.9442    0
18.9492    0
18.9542    1
18.9592    0
18.9642    0
18.9692    0
18.9742    1
18.9792    1
18.9842    1
18.9892    0
18.9942    0
18.9992    1
19.0042    0
19.0092    0
19.0142    0
19.0192    2
19.0242    0
19.0292    1
19.0342    2
19.0392    1
19.0442    0
19.0492    1
19.0542    0
19.0592    0
19.0642    2
19.0692    2
19.0742    0
19.0792    1
19.0842    0
19.0892    0
19.0942    0
19.0992    0
19.1042    0
19.1092    0
19.1142    0
19.1192    1
19.1242    0
19.1292    1
19.1342    0
19.1392    0
19.1442    1
19.1492    0
19.1542    1
19.1592    0
19.1642    1
19.1692    0
19.1742    0
19.1792    1
19.1842    0
19.1892    0
19.1942    0
19.1992    0
19.2042    1
19.2092    0
19.2142    0
19.2192    0
19.2242    0
19.2292    0
19.2342    0
19.2392    1
19.2442    0
19.2492    1
19.2542    0
19.2592    0
19.2642    0
19.2692    0
19.2742    1
19.2792    0
19.2842    0
19.2892    0
19.2942    0
19.2992    0
19.3042    0
19.3092    0
19.3142    0
19.3192    1
19.3242    0
19.3292    0
19.3342    1
19.3392    0
19.3442    0
19.3492    0
19.3542    2
19.3592    1
19.3642    0
19.3692    0
19.3742    0
19.3792    2
19.3842    0
19.3892    0
19.3942    0
19.3992    0
19.4042    0
19.4092    0
19.4142    0
19.4192    0
19.4242    1
19.4292    1
19.4342    0
19.4392    0
19.4442    0
19.4492    0
19.4542    0
19.4592    0
19.4642    0
19.4692    0
19.4742    0
19.4792    0
19.4842    0
19.4892    0
19.4942    0
19.4991    3
19.5041    0
19.5091    0
19.5141    0
19.5191    0
19.5241    0
19.5291    0
19.5341    0
19.5391    0
19.5441    0
19.5491    3
19.5541    1
19.5591    0
19.5641    0
19.5691    0
19.5741    0
19.5791    1
19.5841    0
19.5891    0
19.5941    0
19.5991    0
19.6041    1
19.6091    0
19.6141    0
19.6191    0
19.6241    0
19.6291    0
19.6341    0
19.6391    0
19.6441    0
19.6491    0
19.6541    0
19.6591    1
19.6641    1
19.6691    0
19.6741    0
19.6791    0
19.6841    2
19.6891    0
19.6941    0
19.6991    0
19.7041    0
19.7091    1
19.7141    1
19.7191    0
19.7241    2
19.7291    0
19.7341    0
19.7391    0
19.7441    0
19.7491    0
19.7541    0
19.7591    0
19.7641    1
19.7691    0
19.7741    0
19.7791    0
19.7841    2
19.7891    0
19.7941    0
19.7991    0
19.8041    0
19.8091    0
19.8141    0
19.8191    0
19.8241    0
19.8291    0
19.8341    1
19.8391    1
19.8441    1
19.8491    0
19.8541    0
19.8591    0
19.8641    0
19.8691    0
19.8741    0
19.8791    0
19.8841    0
19.8891    0
19.8941    1
19.8991    0
19.9041    1
19.9091    0
19.9141    1
19.9191    0
19.9241    1
19.9291    1
19.9341    0
19.9391    0
19.9441    0
19.9491    0
19.9541    2
19.9591    1
19.9641    0
19.9691    0
19.9741    0
19.9791    0
19.9841    0
19.9891    0
19.9941    0
