GRUPPE_Greyline13.dat
13.09.2021
15:36:10
GRUPPE

Gauss coefficients notation:
Amplitude
FWHM
Std.Abw.
[Fehler]
offset
BEAMCUT  LINES:

X H  in mm	Y H rel	Gauss fit H	H Gauss Coefficients	X V in mm	Y V rel	Gauss fit V	V Gauss Coefficientes
0,00000	18,00000	0,00000	0,00000	0,00000	18,00000	0,00000	0,00000
0,01238	18,00000	0,00000	0,00000	0,01238	20,00000	0,00000	0,00000
0,02475	18,00000	0,00000	0,00000	0,02475	18,00000	0,00000	0,00000
0,03713	18,00000	0,00000	0,00000	0,03713	19,00000	0,00000	0,00000
0,04950	17,00000	0,00000	0,00000	0,04950	18,00000	0,00000	0,00000
0,06187	17,00000	0,00000	0,00000	0,06188	20,00000	0,00000	0,00000
0,07425	19,00000	0,00000	0,00000	0,07425	18,00000	0,00000	0,00000
0,08663	20,00000	0,00000	0,00000	0,08663	22,00000	0,00000	0,00000
0,09900	18,00000	0,00000	0,00000	0,09900	17,00000	0,00000	0,00000
0,11138	18,00000	0,00000	0,00000	0,11138	22,00000	0,00000	0,00000
0,12375	20,00000	0,00000	0,00000	0,12375	20,00000	0,00000	0,00000
0,13612	19,00000	0,00000	0,00000	0,13613	22,00000	0,00000	0,00000
0,14850	17,00000	0,00000	0,00000	0,14850	18,00000	0,00000	0,00000
0,16088	19,00000	0,00000	0,00000	0,16088	22,00000	0,00000	0,00000
0,17325	19,00000	0,00000	0,00000	0,17325	20,00000	0,00000	0,00000
0,18563	17,00000	0,00000	0,00000	0,18563	20,00000	0,00000	0,00000
0,19800	17,00000	0,00000	0,00000	0,19800	20,00000	0,00000	0,00000
0,21038	19,00000	0,00000	0,00000	0,21038	20,00000	0,00000	0,00000
0,22275	19,00000	0,00000	0,00000	0,22275	20,00000	0,00000	0,00000
0,23513	19,00000	0,00000	0,00000	0,23513	22,00000	0,00000	0,00000
0,24750	19,00000	0,00000	0,00000	0,24750	19,00000	0,00000	0,00000
0,25988	19,00000	0,00000	0,00000	0,25988	20,00000	0,00000	0,00000
0,27225	17,00000	0,00000	0,00000	0,27225	19,00000	0,00000	0,00000
0,28463	17,00000	0,00000	0,00000	0,28463	20,00000	0,00000	0,00000
0,29700	19,00000	0,00000	0,00000	0,29700	20,00000	0,00000	0,00000
0,30938	20,00000	0,00000	0,00000	0,30938	17,00000	0,00000	0,00000
0,32175	18,00000	0,00000	0,00000	0,32175	20,00000	0,00000	0,00000
0,33413	18,00000	0,00000	0,00000	0,33413	18,00000	0,00000	0,00000
0,34650	19,00000	0,00000	0,00000	0,34650	20,00000	0,00000	0,00000
0,35887	19,00000	0,00000	0,00000	0,35888	19,00000	0,00000	0,00000
0,37125	17,00000	0,00000	0,00000	0,37125	22,00000	0,00000	0,00000
0,38362	17,00000	0,00000	0,00000	0,38363	22,00000	0,00000	0,00000
0,39600	19,00000	0,00000	0,00000	0,39600	20,00000	0,00000	0,00000
0,40838	17,00000	0,00000	0,00000	0,40838	20,00000	0,00000	0,00000
0,42075	17,00000	0,00000	0,00000	0,42075	20,00000	0,00000	0,00000
0,43313	17,00000	0,00000	0,00000	0,43313	18,00000	0,00000	0,00000
0,44550	19,00000	0,00000	0,00000	0,44550	20,00000	0,00000	0,00000
0,45788	19,00000	0,00000	0,00000	0,45788	20,00000	0,00000	0,00000
0,47025	19,00000	0,00000	0,00000	0,47025	20,00000	0,00000	0,00000
0,48263	19,00000	0,00000	0,00000	0,48263	19,00000	0,00000	0,00000
0,49500	17,00000	0,00000	0,00000	0,49500	20,00000	0,00000	0,00000
0,50738	19,00000	0,00000	0,00000	0,50738	18,00000	0,00000	0,00000
0,51975	17,00000	0,00000	0,00000	0,51975	19,00000	0,00000	0,00000
0,53213	17,00000	0,00000	0,00000	0,53213	18,00000	0,00000	0,00000
0,54450	17,00000	0,00000	0,00000	0,54450	19,00000	0,00000	0,00000
0,55688	19,00000	0,00000	0,00000	0,55688	18,00000	0,00000	0,00000
0,56925	19,00000	0,00000	0,00000	0,56925	18,00000	0,00000	0,00000
0,58163	17,00000	0,00000	0,00000	0,58163	18,00000	0,00000	0,00000
0,59400	17,00000	0,00000	0,00000	0,59400	20,00000	0,00000	0,00000
0,60637	17,00000	0,00000	0,00000	0,60638	18,00000	0,00000	0,00000
0,61875	19,00000	0,00000	0,00000	0,61875	20,00000	0,00000	0,00000
0,63113	17,00000	0,00000	0,00000	0,63113	18,00000	0,00000	0,00000
0,64350	17,00000	0,00000	0,00000	0,64350	18,00000	0,00000	0,00000
0,65587	17,00000	0,00000	0,00000	0,65588	19,00000	0,00000	0,00000
0,66825	19,00000	0,00000	0,00000	0,66825	18,00000	0,00000	0,00000
0,68063	19,00000	0,00000	0,00000	0,68063	19,00000	0,00000	0,00000
0,69300	17,00000	0,00000	0,00000	0,69300	19,00000	0,00000	0,00000
0,70538	17,00000	0,00000	0,00000	0,70538	18,00000	0,00000	0,00000
0,71775	17,00000	0,00000	0,00000	0,71775	19,00000	0,00000	0,00000
0,73013	17,00000	0,00000	0,00000	0,73013	19,00000	0,00000	0,00000
0,74250	19,00000	0,00000	0,00000	0,74250	20,00000	0,00000	0,00000
0,75488	19,00000	0,00000	0,00000	0,75488	18,00000	0,00000	0,00000
0,76725	19,00000	0,00000	0,00000	0,76725	20,00000	0,00000	0,00000
0,77963	19,00000	0,00000	0,00000	0,77963	17,00000	0,00000	0,00000
0,79200	19,00000	0,00000	0,00000	0,79200	19,00000	0,00000	0,00000
0,80438	19,00000	0,00000	0,00000	0,80438	18,00000	0,00000	0,00000
0,81675	17,00000	0,00000	0,00000	0,81675	20,00000	0,00000	0,00000
0,82913	17,00000	0,00000	0,00000	0,82913	20,00000	0,00000	0,00000
0,84150	19,00000	0,00000	0,00000	0,84150	22,00000	0,00000	0,00000
0,85388	19,00000	0,00000	0,00000	0,85388	20,00000	0,00000	0,00000
0,86625	17,00000	0,00000	0,00000	0,86625	19,00000	0,00000	0,00000
0,87862	19,00000	0,00000	0,00000	0,87863	19,00000	0,00000	0,00000
0,89100	19,00000	0,00000	0,00000	0,89100	20,00000	0,00000	0,00000
0,90338	19,00000	0,00000	0,00000	0,90338	19,00000	0,00000	0,00000
0,91575	19,00000	0,00000	0,00000	0,91575	19,00000	0,00000	0,00000
0,92813	19,00000	0,00000	0,00000	0,92813	20,00000	0,00000	0,00000
0,94050	19,00000	0,00000	0,00000	0,94050	19,00000	0,00000	0,00000
0,95288	18,00000	0,00000	0,00000	0,95288	20,00000	0,00000	0,00000
0,96525	18,00000	0,00000	0,00000	0,96525	19,00000	0,00000	0,00000
0,97763	20,00000	0,00000	0,00000	0,97763	20,00000	0,00000	0,00000
0,99000	18,00000	0,00000	0,00000	0,99000	19,00000	0,00000	0,00000
1,00238	20,00000	0,00000	0,00000	1,00238	20,00000	0,00000	0,00000
1,01475	18,00000	0,00000	0,00000	1,01475	18,00000	0,00000	0,00000
1,02713	18,00000	0,00000	0,00000	1,02713	18,00000	0,00000	0,00000
1,03950	19,00000	0,00000	0,00000	1,03950	18,00000	0,00000	0,00000
1,05188	19,00000	0,00000	0,00000	1,05188	19,00000	0,00000	0,00000
1,06425	19,00000	0,00000	0,00000	1,06425	19,00000	0,00000	0,00000
1,07662	19,00000	0,00000	0,00000	1,07663	19,00000	0,00000	0,00000
1,08900	18,00000	0,00000	0,00000	1,08900	19,00000	0,00000	0,00000
1,10137	18,00000	0,00000	0,00000	1,10138	19,00000	0,00000	0,00000
1,11375	20,00000	0,00000	0,00000	1,11375	20,00000	0,00000	0,00000
1,12613	20,00000	0,00000	0,00000	1,12613	20,00000	0,00000	0,00000
1,13850	20,00000	0,00000	0,00000	1,13850	20,00000	0,00000	0,00000
1,15088	20,00000	0,00000	0,00000	1,15088	19,00000	0,00000	0,00000
1,16325	20,00000	0,00000	0,00000	1,16325	20,00000	0,00000	0,00000
1,17563	18,00000	0,00000	0,00000	1,17563	18,00000	0,00000	0,00000
1,18800	18,00000	0,00000	0,00000	1,18800	20,00000	0,00000	0,00000
1,20037	19,00000	0,00000	0,00000	1,20038	19,00000	0,00000	0,00000
1,21275	19,00000	0,00000	0,00000	1,21275	17,00000	0,00000	0,00000
1,22513	19,00000	0,00000	0,00000	1,22513	19,00000	0,00000	0,00000
1,23750	19,00000	0,00000	0,00000	1,23750	17,00000	0,00000	0,00000
1,24988	19,00000	0,00000	0,00000	1,24988	17,00000	0,00000	0,00000
1,26225	17,00000	0,00000	0,00000	1,26225	18,00000	0,00000	0,00000
1,27463	17,00000	0,00000	0,00000	1,27463	18,00000	0,00000	0,00000
1,28700	19,00000	0,00000	0,00000	1,28700	19,00000	0,00000	0,00000
1,29938	17,00000	0,00000	0,00000	1,29938	19,00000	0,00000	0,00000
1,31175	17,00000	0,00000	0,00000	1,31175	20,00000	0,00000	0,00000
1,32412	17,00000	0,00000	0,00000	1,32413	19,00000	0,00000	0,00000
1,33650	19,00000	0,00000	0,00000	1,33650	20,00000	0,00000	0,00000
1,34888	19,00000	0,00000	0,00000	1,34888	19,00000	0,00000	0,00000
1,36125	18,00000	0,00000	0,00000	1,36125	19,00000	0,00000	0,00000
1,37363	20,00000	0,00000	0,00000	1,37363	19,00000	0,00000	0,00000
1,38600	18,00000	0,00000	0,00000	1,38600	17,00000	0,00000	0,00000
1,39838	18,00000	0,00000	0,00000	1,39838	19,00000	0,00000	0,00000
1,41075	19,00000	0,00000	0,00000	1,41075	17,00000	0,00000	0,00000
1,42312	19,00000	0,00000	0,00000	1,42313	19,00000	0,00000	0,00000
1,43550	19,00000	0,00000	0,00000	1,43550	17,00000	0,00000	0,00000
1,44788	18,00000	0,00000	0,00000	1,44788	20,00000	0,00000	0,00000
1,46025	19,00000	0,00000	0,00000	1,46025	19,00000	0,00000	0,00000
1,47263	20,00000	0,00000	0,00000	1,47263	20,00000	0,00000	0,00000
1,48500	17,00000	0,00000	0,00000	1,48500	19,00000	0,00000	0,00000
1,49738	17,00000	0,00000	0,00000	1,49738	19,00000	0,00000	0,00000
1,50975	19,00000	0,00000	0,00000	1,50975	19,00000	0,00000	0,00000
1,52213	19,00000	0,00000	0,00000	1,52213	19,00000	0,00000	0,00000
1,53450	17,00000	0,00000	0,00000	1,53450	19,00000	0,00000	0,00000
1,54688	17,00000	0,00000	0,00000	1,54688	19,00000	0,00000	0,00000
1,55925	19,00000	0,00000	0,00000	1,55925	19,00000	0,00000	0,00000
1,57163	19,00000	0,00000	0,00000	1,57163	20,00000	0,00000	0,00000
1,58400	19,00000	0,00000	0,00000	1,58400	19,00000	0,00000	0,00000
1,59638	19,00000	0,00000	0,00000	1,59638	19,00000	0,00000	0,00000
1,60875	19,00000	0,00000	0,00000	1,60875	18,00000	0,00000	0,00000
1,62113	17,00000	0,00000	0,00000	1,62113	19,00000	0,00000	0,00000
1,63350	17,00000	0,00000	0,00000	1,63350	19,00000	0,00000	0,00000
1,64587	19,00000	0,00000	0,00000	1,64588	19,00000	0,00000	0,00000
1,65825	19,00000	0,00000	0,00000	1,65825	17,00000	0,00000	0,00000
1,67063	17,00000	0,00000	0,00000	1,67063	19,00000	0,00000	0,00000
1,68300	17,00000	0,00000	0,00000	1,68300	19,00000	0,00000	0,00000
1,69538	19,00000	0,00000	0,00000	1,69538	17,00000	0,00000	0,00000
1,70775	19,00000	0,00000	0,00000	1,70775	19,00000	0,00000	0,00000
1,72013	19,00000	0,00000	0,00000	1,72013	17,00000	0,00000	0,00000
1,73250	19,00000	0,00000	0,00000	1,73250	19,00000	0,00000	0,00000
1,74488	19,00000	0,00000	0,00000	1,74488	19,00000	0,00000	0,00000
1,75725	17,00000	0,00000	0,00000	1,75725	19,00000	0,00000	0,00000
1,76963	17,00000	0,00000	0,00000	1,76963	19,00000	0,00000	0,00000
1,78200	19,00000	0,00000	0,00000	1,78200	19,00000	0,00000	0,00000
1,79438	19,00000	0,00000	0,00000	1,79438	19,00000	0,00000	0,00000
1,80675	17,00000	0,00000	0,00000	1,80675	20,00000	0,00000	0,00000
1,81913	17,00000	0,00000	0,00000	1,81913	18,00000	0,00000	0,00000
1,83150	18,00000	0,00000	0,00000	1,83150	23,00000	0,00000	0,00000
1,84388	18,00000	0,00000	0,00000	1,84388	19,00000	0,00000	0,00000
1,85625	18,00000	0,00000	0,00000	1,85625	20,00000	0,00000	0,00000
1,86862	17,00000	0,00000	0,00000	1,86863	17,00000	0,00000	0,00000
1,88100	17,00000	0,00000	0,00000	1,88100	17,00000	0,00000	0,00000
1,89338	19,00000	0,00000	0,00000	1,89338	17,00000	0,00000	0,00000
1,90575	19,00000	0,00000	0,00000	1,90575	17,00000	0,00000	0,00000
1,91813	19,00000	0,00000	0,00000	1,91813	20,00000	0,00000	0,00000
1,93050	19,00000	0,00000	0,00000	1,93050	19,00000	0,00000	0,00000
1,94288	19,00000	0,00000	0,00000	1,94288	17,00000	0,00000	0,00000
1,95525	19,00000	0,00000	0,00000	1,95525	19,00000	0,00000	0,00000
1,96763	19,00000	0,00000	0,00000	1,96763	19,00000	0,00000	0,00000
1,98000	19,00000	0,00000	0,00000	1,98000	19,00000	0,00000	0,00000
1,99238	19,00000	0,00000	0,00000	1,99238	19,00000	0,00000	0,00000
2,00475	19,00000	0,00000	0,00000	2,00475	19,00000	0,00000	0,00000
2,01713	19,00000	0,00000	0,00000	2,01713	19,00000	0,00000	0,00000
2,02950	17,00000	0,00000	0,00000	2,02950	17,00000	0,00000	0,00000
2,04188	17,00000	0,00000	0,00000	2,04188	19,00000	0,00000	0,00000
2,05425	19,00000	0,00000	0,00000	2,05425	17,00000	0,00000	0,00000
2,06663	19,00000	0,00000	0,00000	2,06663	20,00000	0,00000	0,00000
2,07900	17,00000	0,00000	0,00000	2,07900	19,00000	0,00000	0,00000
2,09138	17,00000	0,00000	0,00000	2,09138	22,00000	0,00000	0,00000
2,10375	17,00000	0,00000	0,00000	2,10375	20,00000	0,00000	0,00000
2,11613	19,00000	0,00000	0,00000	2,11613	19,00000	0,00000	0,00000
2,12850	19,00000	0,00000	0,00000	2,12850	19,00000	0,00000	0,00000
2,14088	19,00000	0,00000	0,00000	2,14088	19,00000	0,00000	0,00000
2,15325	17,00000	0,00000	0,00000	2,15325	17,00000	0,00000	0,00000
2,16562	17,00000	0,00000	0,00000	2,16563	19,00000	0,00000	0,00000
2,17800	17,00000	0,00000	0,00000	2,17800	17,00000	0,00000	0,00000
2,19037	19,00000	0,00000	0,00000	2,19038	19,00000	0,00000	0,00000
2,20275	19,00000	0,00000	0,00000	2,20275	19,00000	0,00000	0,00000
2,21513	19,00000	0,00000	0,00000	2,21513	19,00000	0,00000	0,00000
2,22750	19,00000	0,00000	0,00000	2,22750	19,00000	0,00000	0,00000
2,23988	17,00000	0,00000	0,00000	2,23988	18,00000	0,00000	0,00000
2,25225	17,00000	0,00000	0,00000	2,25225	19,00000	0,00000	0,00000
2,26463	17,00000	0,00000	0,00000	2,26463	19,00000	0,00000	0,00000
2,27700	19,00000	0,00000	0,00000	2,27700	19,00000	0,00000	0,00000
2,28938	19,00000	0,00000	0,00000	2,28938	19,00000	0,00000	0,00000
2,30175	17,00000	0,00000	0,00000	2,30175	19,00000	0,00000	0,00000
2,31413	17,00000	0,00000	0,00000	2,31413	17,00000	0,00000	0,00000
2,32650	19,00000	0,00000	0,00000	2,32650	19,00000	0,00000	0,00000
2,33888	17,00000	0,00000	0,00000	2,33888	17,00000	0,00000	0,00000
2,35125	17,00000	0,00000	0,00000	2,35125	19,00000	0,00000	0,00000
2,36363	19,00000	0,00000	0,00000	2,36363	19,00000	0,00000	0,00000
2,37600	17,00000	0,00000	0,00000	2,37600	19,00000	0,00000	0,00000
2,38837	17,00000	0,00000	0,00000	2,38838	19,00000	0,00000	0,00000
2,40075	17,00000	0,00000	0,00000	2,40075	19,00000	0,00000	0,00000
2,41312	19,00000	0,00000	0,00000	2,41313	19,00000	0,00000	0,00000
2,42550	19,00000	0,00000	0,00000	2,42550	19,00000	0,00000	0,00000
2,43788	17,00000	0,00000	0,00000	2,43788	19,00000	0,00000	0,00000
2,45025	17,00000	0,00000	0,00000	2,45025	18,00000	0,00000	0,00000
2,46263	18,00000	0,00000	0,00000	2,46263	19,00000	0,00000	0,00000
2,47500	17,00000	0,00000	0,00000	2,47500	19,00000	0,00000	0,00000
2,48738	17,00000	0,00000	0,00000	2,48738	20,00000	0,00000	0,00000
2,49975	19,00000	0,00000	0,00000	2,49975	20,00000	0,00000	0,00000
2,51213	19,00000	0,00000	0,00000	2,51213	18,00000	0,00000	0,00000
2,52450	17,00000	0,00000	0,00000	2,52450	20,00000	0,00000	0,00000
2,53688	17,00000	0,00000	0,00000	2,53688	22,00000	0,00000	0,00000
2,54925	19,00000	0,00000	0,00000	2,54925	20,00000	0,00000	0,00000
2,56163	17,00000	0,00000	0,00000	2,56163	18,00000	0,00000	0,00000
2,57400	17,00000	0,00000	0,00000	2,57400	20,00000	0,00000	0,00000
2,58638	17,00000	0,00000	0,00000	2,58638	22,00000	0,00000	0,00000
2,59875	19,00000	0,00000	0,00000	2,59875	20,00000	0,00000	0,00000
2,61112	19,00000	0,00000	0,00000	2,61113	23,00000	0,00000	0,00000
2,62350	19,00000	0,00000	0,00000	2,62350	25,00000	0,00000	0,00000
2,63587	19,00000	0,00000	0,00000	2,63588	32,00000	0,00000	0,00000
2,64825	19,00000	0,00000	0,00000	2,64825	50,00000	0,00000	0,00000
2,66063	17,00000	0,00000	0,00000	2,66063	73,00000	0,00000	0,00000
2,67300	17,00000	0,00000	0,00000	2,67300	111,00000	0,00000	0,00000
2,68538	17,00000	0,00000	0,00000	2,68538	142,00000	0,00000	0,00000
2,69775	18,00000	0,00000	0,00000	2,69775	179,00000	0,00000	0,00000
2,71013	20,00000	0,00000	0,00000	2,71013	204,00000	0,00000	0,00000
2,72250	22,00000	0,00000	0,00000	2,72250	224,00000	0,00000	0,00000
2,73488	20,00000	0,00000	0,00000	2,73488	222,00000	0,00000	0,00000
2,74725	18,00000	0,00000	0,00000	2,74725	199,00000	0,00000	0,00000
2,75963	17,00000	0,00000	0,00000	2,75963	181,00000	0,00000	0,00000
2,77200	19,00000	0,00000	0,00000	2,77200	139,00000	0,00000	0,00000
2,78438	19,00000	0,00000	0,00000	2,78438	109,00000	0,00000	0,00000
2,79675	17,00000	0,00000	0,00000	2,79675	79,00000	0,00000	0,00000
2,80913	17,00000	0,00000	0,00000	2,80913	58,00000	0,00000	0,00000
2,82150	19,00000	0,00000	0,00000	2,82150	39,00000	0,00000	0,00000
2,83387	19,00000	0,00000	0,00000	2,83388	29,00000	0,00000	0,00000
2,84625	17,00000	0,00000	0,00000	2,84625	23,00000	0,00000	0,00000
2,85862	17,00000	0,00000	0,00000	2,85863	22,00000	0,00000	0,00000
2,87100	19,00000	0,00000	0,00000	2,87100	20,00000	0,00000	0,00000
2,88338	19,00000	0,00000	0,00000	2,88338	20,00000	0,00000	0,00000
2,89575	19,00000	0,00000	0,00000	2,89575	19,00000	0,00000	0,00000
2,90813	19,00000	0,00000	0,00000	2,90813	17,00000	0,00000	0,00000
2,92050	19,00000	0,00000	0,00000	2,92050	18,00000	0,00000	0,00000
2,93288	17,00000	0,00000	0,00000	2,93288	17,00000	0,00000	0,00000
2,94525	17,00000	0,00000	0,00000	2,94525	17,00000	0,00000	0,00000
2,95763	19,00000	0,00000	0,00000	2,95763	19,00000	0,00000	0,00000
2,97000	19,00000	0,00000	0,00000	2,97000	19,00000	0,00000	0,00000
2,98238	19,00000	0,00000	0,00000	2,98238	19,00000	0,00000	0,00000
2,99475	19,00000	0,00000	0,00000	2,99475	18,00000	0,00000	0,00000
3,00713	19,00000	0,00000	0,00000	3,00713	17,00000	0,00000	0,00000
3,01950	19,00000	0,00000	0,00000	3,01950	19,00000	0,00000	0,00000
3,03188	18,00000	0,00000	0,00000	3,03188	17,00000	0,00000	0,00000
3,04425	18,00000	0,00000	0,00000	3,04425	17,00000	0,00000	0,00000
3,05662	20,00000	0,00000	0,00000	3,05663	17,00000	0,00000	0,00000
3,06900	18,00000	0,00000	0,00000	3,06900	17,00000	0,00000	0,00000
3,08137	18,00000	0,00000	0,00000	3,08138	19,00000	0,00000	0,00000
3,09375	19,00000	0,00000	0,00000	3,09375	19,00000	0,00000	0,00000
3,10613	19,00000	0,00000	0,00000	3,10613	17,00000	0,00000	0,00000
3,11850	19,00000	0,00000	0,00000	3,11850	19,00000	0,00000	0,00000
3,13088	19,00000	0,00000	0,00000	3,13088	18,00000	0,00000	0,00000
3,14325	19,00000	0,00000	0,00000	3,14325	19,00000	0,00000	0,00000
3,15563	19,00000	0,00000	0,00000	3,15563	18,00000	0,00000	0,00000
3,16800	19,00000	0,00000	0,00000	3,16800	20,00000	0,00000	0,00000
3,18038	19,00000	0,00000	0,00000	3,18038	17,00000	0,00000	0,00000
3,19275	19,00000	0,00000	0,00000	3,19275	18,00000	0,00000	0,00000
3,20513	19,00000	0,00000	0,00000	3,20513	19,00000	0,00000	0,00000
3,21750	19,00000	0,00000	0,00000	3,21750	19,00000	0,00000	0,00000
3,22988	19,00000	0,00000	0,00000	3,22988	18,00000	0,00000	0,00000
3,24225	18,00000	0,00000	0,00000	3,24225	19,00000	0,00000	0,00000
3,25463	18,00000	0,00000	0,00000	3,25463	18,00000	0,00000	0,00000
3,26700	20,00000	0,00000	0,00000	3,26700	17,00000	0,00000	0,00000
3,27938	20,00000	0,00000	0,00000	3,27938	19,00000	0,00000	0,00000
3,29175	20,00000	0,00000	0,00000	3,29175	19,00000	0,00000	0,00000
3,30412	20,00000	0,00000	0,00000	3,30413	19,00000	0,00000	0,00000
3,31650	18,00000	0,00000	0,00000	3,31650	19,00000	0,00000	0,00000
3,32888	19,00000	0,00000	0,00000	3,32888	19,00000	0,00000	0,00000
3,34125	17,00000	0,00000	0,00000	3,34125	19,00000	0,00000	0,00000
3,35363	17,00000	0,00000	0,00000	3,35363	18,00000	0,00000	0,00000
3,36600	19,00000	0,00000	0,00000	3,36600	19,00000	0,00000	0,00000
3,37838	19,00000	0,00000	0,00000	3,37838	17,00000	0,00000	0,00000
3,39075	19,00000	0,00000	0,00000	3,39075	19,00000	0,00000	0,00000
3,40313	19,00000	0,00000	0,00000	3,40313	17,00000	0,00000	0,00000
3,41550	19,00000	0,00000	0,00000	3,41550	18,00000	0,00000	0,00000
3,42788	18,00000	0,00000	0,00000	3,42788	16,00000	0,00000	0,00000
3,44025	18,00000	0,00000	0,00000	3,44025	17,00000	0,00000	0,00000
3,45263	20,00000	0,00000	0,00000	3,45263	17,00000	0,00000	0,00000
3,46500	18,00000	0,00000	0,00000	3,46500	19,00000	0,00000	0,00000
3,47738	18,00000	0,00000	0,00000	3,47738	19,00000	0,00000	0,00000
3,48975	20,00000	0,00000	0,00000	3,48975	19,00000	0,00000	0,00000
3,50213	20,00000	0,00000	0,00000	3,50213	17,00000	0,00000	0,00000
3,51450	18,00000	0,00000	0,00000	3,51450	19,00000	0,00000	0,00000
3,52687	19,00000	0,00000	0,00000	3,52688	19,00000	0,00000	0,00000
3,53925	17,00000	0,00000	0,00000	3,53925	17,00000	0,00000	0,00000
3,55163	17,00000	0,00000	0,00000	3,55163	18,00000	0,00000	0,00000
3,56400	19,00000	0,00000	0,00000	3,56400	18,00000	0,00000	0,00000
3,57638	19,00000	0,00000	0,00000	3,57638	19,00000	0,00000	0,00000
3,58875	20,00000	0,00000	0,00000	3,58875	19,00000	0,00000	0,00000
3,60113	18,00000	0,00000	0,00000	3,60113	18,00000	0,00000	0,00000
3,61350	18,00000	0,00000	0,00000	3,61350	18,00000	0,00000	0,00000
3,62588	20,00000	0,00000	0,00000	3,62588	19,00000	0,00000	0,00000
3,63825	20,00000	0,00000	0,00000	3,63825	17,00000	0,00000	0,00000
3,65063	20,00000	0,00000	0,00000	3,65063	18,00000	0,00000	0,00000
3,66300	18,00000	0,00000	0,00000	3,66300	18,00000	0,00000	0,00000
3,67538	18,00000	0,00000	0,00000	3,67538	17,00000	0,00000	0,00000
3,68775	18,00000	0,00000	0,00000	3,68775	19,00000	0,00000	0,00000
3,70013	20,00000	0,00000	0,00000	3,70013	19,00000	0,00000	0,00000
3,71250	20,00000	0,00000	0,00000	3,71250	19,00000	0,00000	0,00000
3,72488	18,00000	0,00000	0,00000	3,72488	19,00000	0,00000	0,00000
3,73725	18,00000	0,00000	0,00000	3,73725	19,00000	0,00000	0,00000
3,74962	19,00000	0,00000	0,00000	3,74963	18,00000	0,00000	0,00000
3,76200	19,00000	0,00000	0,00000	3,76200	19,00000	0,00000	0,00000
3,77438	19,00000	0,00000	0,00000	3,77438	17,00000	0,00000	0,00000
3,78675	17,00000	0,00000	0,00000	3,78675	19,00000	0,00000	0,00000
3,79913	17,00000	0,00000	0,00000	3,79913	19,00000	0,00000	0,00000
3,81150	17,00000	0,00000	0,00000	3,81150	19,00000	0,00000	0,00000
3,82388	19,00000	0,00000	0,00000	3,82388	19,00000	0,00000	0,00000
3,83625	19,00000	0,00000	0,00000	3,83625	19,00000	0,00000	0,00000
3,84863	17,00000	0,00000	0,00000	3,84863	19,00000	0,00000	0,00000
3,86100	19,00000	0,00000	0,00000	3,86100	18,00000	0,00000	0,00000
3,87338	17,00000	0,00000	0,00000	3,87338	19,00000	0,00000	0,00000
3,88575	17,00000	0,00000	0,00000	3,88575	18,00000	0,00000	0,00000
3,89813	19,00000	0,00000	0,00000	3,89813	19,00000	0,00000	0,00000
3,91050	20,00000	0,00000	0,00000	3,91050	19,00000	0,00000	0,00000
3,92288	18,00000	0,00000	0,00000	3,92288	19,00000	0,00000	0,00000
3,93525	18,00000	0,00000	0,00000	3,93525	19,00000	0,00000	0,00000
3,94763	20,00000	0,00000	0,00000	3,94763	17,00000	0,00000	0,00000
3,96000	20,00000	0,00000	0,00000	3,96000	17,00000	0,00000	0,00000
3,97237	18,00000	0,00000	0,00000	3,97238	17,00000	0,00000	0,00000
3,98475	20,00000	0,00000	0,00000	3,98475	18,00000	0,00000	0,00000
3,99713	18,00000	0,00000	0,00000	3,99713	18,00000	0,00000	0,00000
4,00950	18,00000	0,00000	0,00000	4,00950	18,00000	0,00000	0,00000
4,02188	20,00000	0,00000	0,00000	4,02188	20,00000	0,00000	0,00000
4,03425	20,00000	0,00000	0,00000	4,03425	17,00000	0,00000	0,00000
4,04663	20,00000	0,00000	0,00000	4,04663	19,00000	0,00000	0,00000
4,05900	18,00000	0,00000	0,00000	4,05900	19,00000	0,00000	0,00000
4,07138	17,00000	0,00000	0,00000	4,07138	19,00000	0,00000	0,00000
4,08375	19,00000	0,00000	0,00000	4,08375	18,00000	0,00000	0,00000
4,09612	24,00000	0,00000	0,00000	4,09613	17,00000	0,00000	0,00000
4,10850	29,00000	0,00000	0,00000	4,10850	18,00000	0,00000	0,00000
4,12087	40,00000	0,00000	0,00000	4,12088	18,00000	0,00000	0,00000
4,13325	57,00000	0,00000	0,00000	4,13325	19,00000	0,00000	0,00000
4,14562	77,00000	0,00000	0,00000	4,14563	18,00000	0,00000	0,00000
4,15800	105,00000	0,00000	0,00000	4,15800	17,00000	0,00000	0,00000
4,17037	136,00000	0,00000	0,00000	4,17038	19,00000	0,00000	0,00000
4,18275	167,00000	0,00000	0,00000	4,18275	18,00000	0,00000	0,00000
4,19512	200,00000	0,00000	0,00000	4,19513	19,00000	0,00000	0,00000
4,20750	221,00000	0,00000	0,00000	4,20750	16,00000	0,00000	0,00000
4,21988	222,00000	0,00000	0,00000	4,21988	17,00000	0,00000	0,00000
4,23225	206,00000	0,00000	0,00000	4,23225	18,00000	0,00000	0,00000
4,24463	174,00000	0,00000	0,00000	4,24463	17,00000	0,00000	0,00000
4,25700	140,00000	0,00000	0,00000	4,25700	17,00000	0,00000	0,00000
4,26938	107,00000	0,00000	0,00000	4,26938	17,00000	0,00000	0,00000
4,28175	76,00000	0,00000	0,00000	4,28175	17,00000	0,00000	0,00000
4,29413	57,00000	0,00000	0,00000	4,29413	17,00000	0,00000	0,00000
4,30650	40,00000	0,00000	0,00000	4,30650	18,00000	0,00000	0,00000
4,31888	30,00000	0,00000	0,00000	4,31888	19,00000	0,00000	0,00000
4,33125	25,00000	0,00000	0,00000	4,33125	18,00000	0,00000	0,00000
4,34363	23,00000	0,00000	0,00000	4,34363	18,00000	0,00000	0,00000
4,35600	20,00000	0,00000	0,00000	4,35600	19,00000	0,00000	0,00000
4,36838	19,00000	0,00000	0,00000	4,36838	17,00000	0,00000	0,00000
4,38075	18,00000	0,00000	0,00000	4,38075	19,00000	0,00000	0,00000
4,39313	18,00000	0,00000	0,00000	4,39313	17,00000	0,00000	0,00000
4,40550	18,00000	0,00000	0,00000	4,40550	19,00000	0,00000	0,00000
4,41788	18,00000	0,00000	0,00000	4,41788	17,00000	0,00000	0,00000
4,43025	20,00000	0,00000	0,00000	4,43025	18,00000	0,00000	0,00000
4,44263	20,00000	0,00000	0,00000	4,44263	18,00000	0,00000	0,00000
4,45500	18,00000	0,00000	0,00000	4,45500	18,00000	0,00000	0,00000
4,46738	18,00000	0,00000	0,00000	4,46738	19,00000	0,00000	0,00000
4,47975	19,00000	0,00000	0,00000	4,47975	18,00000	0,00000	0,00000
4,49213	19,00000	0,00000	0,00000	4,49213	19,00000	0,00000	0,00000
4,50450	19,00000	0,00000	0,00000	4,50450	19,00000	0,00000	0,00000
4,51688	19,00000	0,00000	0,00000	4,51688	18,00000	0,00000	0,00000
4,52925	19,00000	0,00000	0,00000	4,52925	19,00000	0,00000	0,00000
4,54162	19,00000	0,00000	0,00000	4,54163	18,00000	0,00000	0,00000
4,55400	17,00000	0,00000	0,00000	4,55400	19,00000	0,00000	0,00000
4,56637	17,00000	0,00000	0,00000	4,56638	18,00000	0,00000	0,00000
4,57875	18,00000	0,00000	0,00000	4,57875	19,00000	0,00000	0,00000
4,59112	17,00000	0,00000	0,00000	4,59113	18,00000	0,00000	0,00000
4,60350	17,00000	0,00000	0,00000	4,60350	17,00000	0,00000	0,00000
4,61587	19,00000	0,00000	0,00000	4,61588	18,00000	0,00000	0,00000
4,62825	19,00000	0,00000	0,00000	4,62825	16,00000	0,00000	0,00000
4,64063	18,00000	0,00000	0,00000	4,64063	18,00000	0,00000	0,00000
4,65300	20,00000	0,00000	0,00000	4,65300	18,00000	0,00000	0,00000
4,66538	19,00000	0,00000	0,00000	4,66538	17,00000	0,00000	0,00000
4,67775	19,00000	0,00000	0,00000	4,67775	18,00000	0,00000	0,00000
4,69013	17,00000	0,00000	0,00000	4,69013	17,00000	0,00000	0,00000
4,70250	17,00000	0,00000	0,00000	4,70250	17,00000	0,00000	0,00000
4,71488	19,00000	0,00000	0,00000	4,71488	17,00000	0,00000	0,00000
4,72725	19,00000	0,00000	0,00000	4,72725	18,00000	0,00000	0,00000
4,73963	19,00000	0,00000	0,00000	4,73963	18,00000	0,00000	0,00000
4,75200	19,00000	0,00000	0,00000	4,75200	19,00000	0,00000	0,00000
4,76438	19,00000	0,00000	0,00000	4,76438	18,00000	0,00000	0,00000
4,77675	17,00000	0,00000	0,00000	4,77675	18,00000	0,00000	0,00000
4,78913	17,00000	0,00000	0,00000	4,78913	17,00000	0,00000	0,00000
4,80150	19,00000	0,00000	0,00000	4,80150	17,00000	0,00000	0,00000
4,81388	19,00000	0,00000	0,00000	4,81388	17,00000	0,00000	0,00000
4,82625	18,00000	0,00000	0,00000	4,82625	19,00000	0,00000	0,00000
4,83863	20,00000	0,00000	0,00000	4,83863	19,00000	0,00000	0,00000
4,85100	20,00000	0,00000	0,00000	4,85100	17,00000	0,00000	0,00000
4,86338	18,00000	0,00000	0,00000	4,86338	19,00000	0,00000	0,00000
4,87575	18,00000	0,00000	0,00000	4,87575	18,00000	0,00000	0,00000
4,88813	19,00000	0,00000	0,00000	4,88813	18,00000	0,00000	0,00000
4,90050	19,00000	0,00000	0,00000	4,90050	18,00000	0,00000	0,00000
4,91288	19,00000	0,00000	0,00000	4,91288	17,00000	0,00000	0,00000
4,92525	19,00000	0,00000	0,00000	4,92525	18,00000	0,00000	0,00000
4,93763	19,00000	0,00000	0,00000	4,93763	16,00000	0,00000	0,00000
4,95000	19,00000	0,00000	0,00000	4,95000	19,00000	0,00000	0,00000
4,96238	19,00000	0,00000	0,00000	4,96238	19,00000	0,00000	0,00000
4,97475	19,00000	0,00000	0,00000	4,97475	19,00000	0,00000	0,00000
4,98712	19,00000	0,00000	0,00000	4,98713	19,00000	0,00000	0,00000
4,99950	19,00000	0,00000	0,00000	4,99950	20,00000	0,00000	0,00000
5,01187	19,00000	0,00000	0,00000	5,01188	19,00000	0,00000	0,00000
5,02425	19,00000	0,00000	0,00000	5,02425	18,00000	0,00000	0,00000
5,03662	17,00000	0,00000	0,00000	5,03663	19,00000	0,00000	0,00000
5,04900	17,00000	0,00000	0,00000	5,04900	17,00000	0,00000	0,00000
5,06137	19,00000	0,00000	0,00000	5,06138	19,00000	0,00000	0,00000
5,07375	19,00000	0,00000	0,00000	5,07375	17,00000	0,00000	0,00000
5,08613	17,00000	0,00000	0,00000	5,08613	18,00000	0,00000	0,00000
5,09850	17,00000	0,00000	0,00000	5,09850	16,00000	0,00000	0,00000
5,11088	17,00000	0,00000	0,00000	5,11088	18,00000	0,00000	0,00000
5,12325	17,00000	0,00000	0,00000	5,12325	17,00000	0,00000	0,00000
5,13563	19,00000	0,00000	0,00000	5,13563	16,00000	0,00000	0,00000
5,14800	19,00000	0,00000	0,00000	5,14800	16,00000	0,00000	0,00000
5,16038	19,00000	0,00000	0,00000	5,16038	18,00000	0,00000	0,00000
5,17275	19,00000	0,00000	0,00000	5,17275	18,00000	0,00000	0,00000
5,18513	19,00000	0,00000	0,00000	5,18513	19,00000	0,00000	0,00000
5,19750	19,00000	0,00000	0,00000	5,19750	16,00000	0,00000	0,00000
5,20988	19,00000	0,00000	0,00000	5,20988	19,00000	0,00000	0,00000
5,22225	17,00000	0,00000	0,00000	5,22225	18,00000	0,00000	0,00000
5,23463	17,00000	0,00000	0,00000	5,23463	19,00000	0,00000	0,00000
5,24700	17,00000	0,00000	0,00000	5,24700	18,00000	0,00000	0,00000
5,25938	19,00000	0,00000	0,00000	5,25938	19,00000	0,00000	0,00000
5,27175	19,00000	0,00000	0,00000	5,27175	18,00000	0,00000	0,00000
5,28413	19,00000	0,00000	0,00000	5,28413	19,00000	0,00000	0,00000
5,29650	19,00000	0,00000	0,00000	5,29650	17,00000	0,00000	0,00000
5,30888	19,00000	0,00000	0,00000	5,30888	18,00000	0,00000	0,00000
5,32125	17,00000	0,00000	0,00000	5,32125	17,00000	0,00000	0,00000
5,33363	19,00000	0,00000	0,00000	5,33363	17,00000	0,00000	0,00000
5,34600	19,00000	0,00000	0,00000	5,34600	17,00000	0,00000	0,00000
5,35838	19,00000	0,00000	0,00000	5,35838	17,00000	0,00000	0,00000
5,37075	17,00000	0,00000	0,00000	5,37075	18,00000	0,00000	0,00000
5,38313	17,00000	0,00000	0,00000	5,38313	17,00000	0,00000	0,00000
5,39550	19,00000	0,00000	0,00000	5,39550	18,00000	0,00000	0,00000
5,40788	19,00000	0,00000	0,00000	5,40788	19,00000	0,00000	0,00000
5,42025	19,00000	0,00000	0,00000	5,42025	18,00000	0,00000	0,00000
5,43262	19,00000	0,00000	0,00000	5,43263	19,00000	0,00000	0,00000
5,44500	17,00000	0,00000	0,00000	5,44500	17,00000	0,00000	0,00000
5,45737	19,00000	0,00000	0,00000	5,45738	18,00000	0,00000	0,00000
5,46975	19,00000	0,00000	0,00000	5,46975	20,00000	0,00000	0,00000
5,48212	19,00000	0,00000	0,00000	5,48213	18,00000	0,00000	0,00000
5,49450	17,00000	0,00000	0,00000	5,49450	19,00000	0,00000	0,00000
5,50687	17,00000	0,00000	0,00000	5,50688	19,00000	0,00000	0,00000
5,51925	19,00000	0,00000	0,00000	5,51925	17,00000	0,00000	0,00000
5,53163	19,00000	0,00000	0,00000	5,53163	18,00000	0,00000	0,00000
5,54400	18,00000	0,00000	0,00000	5,54400	17,00000	0,00000	0,00000
5,55638	18,00000	0,00000	0,00000	5,55638	19,00000	0,00000	0,00000
5,56875	20,00000	0,00000	0,00000	5,56875	19,00000	0,00000	0,00000
5,58113	18,00000	0,00000	0,00000	5,58113	18,00000	0,00000	0,00000
5,59350	19,00000	0,00000	0,00000	5,59350	19,00000	0,00000	0,00000
5,60588	19,00000	0,00000	0,00000	5,60588	18,00000	0,00000	0,00000
5,61825	18,00000	0,00000	0,00000	5,61825	18,00000	0,00000	0,00000
5,63063	16,00000	0,00000	0,00000	5,63063	19,00000	0,00000	0,00000
5,64300	16,00000	0,00000	0,00000	5,64300	18,00000	0,00000	0,00000
5,65538	18,00000	0,00000	0,00000	5,65538	19,00000	0,00000	0,00000
5,66775	18,00000	0,00000	0,00000	5,66775	17,00000	0,00000	0,00000
5,68013	17,00000	0,00000	0,00000	5,68013	19,00000	0,00000	0,00000
5,69250	17,00000	0,00000	0,00000	5,69250	18,00000	0,00000	0,00000
5,70488	19,00000	0,00000	0,00000	5,70488	18,00000	0,00000	0,00000
5,71725	19,00000	0,00000	0,00000	5,71725	18,00000	0,00000	0,00000
5,72963	19,00000	0,00000	0,00000	5,72963	18,00000	0,00000	0,00000
5,74200	19,00000	0,00000	0,00000	5,74200	17,00000	0,00000	0,00000
5,75438	19,00000	0,00000	0,00000	5,75438	18,00000	0,00000	0,00000
5,76675	19,00000	0,00000	0,00000	5,76675	17,00000	0,00000	0,00000
5,77913	18,00000	0,00000	0,00000	5,77913	19,00000	0,00000	0,00000
5,79150	18,00000	0,00000	0,00000	5,79150	19,00000	0,00000	0,00000
5,80388	20,00000	0,00000	0,00000	5,80388	19,00000	0,00000	0,00000
5,81625	19,00000	0,00000	0,00000	5,81625	18,00000	0,00000	0,00000
5,82863	19,00000	0,00000	0,00000	5,82863	17,00000	0,00000	0,00000
5,84100	17,00000	0,00000	0,00000	5,84100	18,00000	0,00000	0,00000
5,85338	17,00000	0,00000	0,00000	5,85338	19,00000	0,00000	0,00000
5,86575	18,00000	0,00000	0,00000	5,86575	19,00000	0,00000	0,00000
5,87813	18,00000	0,00000	0,00000	5,87813	18,00000	0,00000	0,00000
5,89050	18,00000	0,00000	0,00000	5,89050	18,00000	0,00000	0,00000
5,90287	18,00000	0,00000	0,00000	5,90288	17,00000	0,00000	0,00000
5,91525	18,00000	0,00000	0,00000	0,00000	16,00000	0,00000	0,00000
5,92762	18,00000	0,00000	0,00000	0,00000	9,00000	0,00000	0,00000
5,94000	17,00000	0,00000	0,00000	0,00000	0,00000	0,00000	0,00000
5,95237	17,00000	0,00000	0,00000	0,00000	0,00000	0,00000	0,00000
5,96475	19,00000	0,00000	0,00000	0,00000	0,00000	0,00000	0,00000
5,97713	19,00000	0,00000	0,00000	0,00000	0,00000	0,00000	0,00000
5,98950	17,00000	0,00000	0,00000	0,00000	0,00000	0,00000	0,00000
6,00188	17,00000	0,00000	0,00000	0,00000	0,00000	0,00000	0,00000
6,01425	18,00000	0,00000	0,00000	0,00000	0,00000	0,00000	0,00000
6,02663	18,00000	0,00000	0,00000	0,00000	0,00000	0,00000	0,00000
6,03900	17,00000	0,00000	0,00000	0,00000	0,00000	0,00000	0,00000
6,05138	17,00000	0,00000	0,00000	0,00000	0,00000	0,00000	0,00000
6,06375	19,00000	0,00000	0,00000	0,00000	0,00000	0,00000	0,00000
6,07613	19,00000	0,00000	0,00000	0,00000	0,00000	0,00000	0,00000
6,08850	17,00000	0,00000	0,00000	0,00000	0,00000	0,00000	0,00000
6,10088	17,00000	0,00000	0,00000	0,00000	0,00000	0,00000	0,00000
6,11325	18,00000	0,00000	0,00000	0,00000	0,00000	0,00000	0,00000
6,12563	17,00000	0,00000	0,00000	0,00000	0,00000	0,00000	0,00000
6,13800	17,00000	0,00000	0,00000	0,00000	0,00000	0,00000	0,00000
6,15038	19,00000	0,00000	0,00000	0,00000	0,00000	0,00000	0,00000
6,16275	19,00000	0,00000	0,00000	0,00000	0,00000	0,00000	0,00000
6,17513	19,00000	0,00000	0,00000	0,00000	0,00000	0,00000	0,00000
6,18750	19,00000	0,00000	0,00000	0,00000	0,00000	0,00000	0,00000
6,19988	19,00000	0,00000	0,00000	0,00000	0,00000	0,00000	0,00000
6,21225	17,00000	0,00000	0,00000	0,00000	0,00000	0,00000	0,00000
6,22463	17,00000	0,00000	0,00000	0,00000	0,00000	0,00000	0,00000
6,23700	19,00000	0,00000	0,00000	0,00000	0,00000	0,00000	0,00000
6,24938	19,00000	0,00000	0,00000	0,00000	0,00000	0,00000	0,00000
6,26175	19,00000	0,00000	0,00000	0,00000	0,00000	0,00000	0,00000
6,27413	19,00000	0,00000	0,00000	0,00000	0,00000	0,00000	0,00000
6,28650	17,00000	0,00000	0,00000	0,00000	0,00000	0,00000	0,00000
6,29888	17,00000	0,00000	0,00000	0,00000	0,00000	0,00000	0,00000
6,31125	19,00000	0,00000	0,00000	0,00000	0,00000	0,00000	0,00000
6,32363	20,00000	0,00000	0,00000	0,00000	0,00000	0,00000	0,00000
6,33600	19,00000	0,00000	0,00000	0,00000	0,00000	0,00000	0,00000
6,34837	17,00000	0,00000	0,00000	0,00000	0,00000	0,00000	0,00000
6,36075	17,00000	0,00000	0,00000	0,00000	0,00000	0,00000	0,00000
6,37312	19,00000	0,00000	0,00000	0,00000	0,00000	0,00000	0,00000
6,38550	19,00000	0,00000	0,00000	0,00000	0,00000	0,00000	0,00000
6,39787	17,00000	0,00000	0,00000	0,00000	0,00000	0,00000	0,00000
6,41025	17,00000	0,00000	0,00000	0,00000	0,00000	0,00000	0,00000
6,42263	19,00000	0,00000	0,00000	0,00000	0,00000	0,00000	0,00000
6,43500	19,00000	0,00000	0,00000	0,00000	0,00000	0,00000	0,00000
6,44738	19,00000	0,00000	0,00000	0,00000	0,00000	0,00000	0,00000
6,45975	19,00000	0,00000	0,00000	0,00000	0,00000	0,00000	0,00000
6,47213	19,00000	0,00000	0,00000	0,00000	0,00000	0,00000	0,00000
6,48450	17,00000	0,00000	0,00000	0,00000	0,00000	0,00000	0,00000
6,49688	17,00000	0,00000	0,00000	0,00000	0,00000	0,00000	0,00000
6,50925	19,00000	0,00000	0,00000	0,00000	0,00000	0,00000	0,00000
6,52163	19,00000	0,00000	0,00000	0,00000	0,00000	0,00000	0,00000
6,53400	19,00000	0,00000	0,00000	0,00000	0,00000	0,00000	0,00000
6,54638	19,00000	0,00000	0,00000	0,00000	0,00000	0,00000	0,00000
6,55875	17,00000	0,00000	0,00000	0,00000	0,00000	0,00000	0,00000
6,57113	17,00000	0,00000	0,00000	0,00000	0,00000	0,00000	0,00000
6,58350	17,00000	0,00000	0,00000	0,00000	0,00000	0,00000	0,00000
6,59588	19,00000	0,00000	0,00000	0,00000	0,00000	0,00000	0,00000
6,60825	19,00000	0,00000	0,00000	0,00000	0,00000	0,00000	0,00000
6,62063	19,00000	0,00000	0,00000	0,00000	0,00000	0,00000	0,00000
6,63300	19,00000	0,00000	0,00000	0,00000	0,00000	0,00000	0,00000
6,64538	17,00000	0,00000	0,00000	0,00000	0,00000	0,00000	0,00000
6,65775	17,00000	0,00000	0,00000	0,00000	0,00000	0,00000	0,00000
6,67013	19,00000	0,00000	0,00000	0,00000	0,00000	0,00000	0,00000
6,68250	19,00000	0,00000	0,00000	0,00000	0,00000	0,00000	0,00000
6,69488	19,00000	0,00000	0,00000	0,00000	0,00000	0,00000	0,00000
6,70725	19,00000	0,00000	0,00000	0,00000	0,00000	0,00000	0,00000
6,71963	19,00000	0,00000	0,00000	0,00000	0,00000	0,00000	0,00000
6,73200	19,00000	0,00000	0,00000	0,00000	0,00000	0,00000	0,00000
6,74438	19,00000	0,00000	0,00000	0,00000	0,00000	0,00000	0,00000
6,75675	17,00000	0,00000	0,00000	0,00000	0,00000	0,00000	0,00000
6,76913	17,00000	0,00000	0,00000	0,00000	0,00000	0,00000	0,00000
6,78150	17,00000	0,00000	0,00000	0,00000	0,00000	0,00000	0,00000
6,79387	19,00000	0,00000	0,00000	0,00000	0,00000	0,00000	0,00000
6,80625	19,00000	0,00000	0,00000	0,00000	0,00000	0,00000	0,00000
6,81862	19,00000	0,00000	0,00000	0,00000	0,00000	0,00000	0,00000
6,83100	19,00000	0,00000	0,00000	0,00000	0,00000	0,00000	0,00000
6,84337	17,00000	0,00000	0,00000	0,00000	0,00000	0,00000	0,00000
6,85575	17,00000	0,00000	0,00000	0,00000	0,00000	0,00000	0,00000
6,86813	19,00000	0,00000	0,00000	0,00000	0,00000	0,00000	0,00000
6,88050	19,00000	0,00000	0,00000	0,00000	0,00000	0,00000	0,00000
6,89288	19,00000	0,00000	0,00000	0,00000	0,00000	0,00000	0,00000
6,90525	19,00000	0,00000	0,00000	0,00000	0,00000	0,00000	0,00000
6,91763	17,00000	0,00000	0,00000	0,00000	0,00000	0,00000	0,00000
6,93000	17,00000	0,00000	0,00000	0,00000	0,00000	0,00000	0,00000
6,94238	19,00000	0,00000	0,00000	0,00000	0,00000	0,00000	0,00000
6,95475	19,00000	0,00000	0,00000	0,00000	0,00000	0,00000	0,00000
6,96713	19,00000	0,00000	0,00000	0,00000	0,00000	0,00000	0,00000
6,97950	19,00000	0,00000	0,00000	0,00000	0,00000	0,00000	0,00000
6,99188	19,00000	0,00000	0,00000	0,00000	0,00000	0,00000	0,00000
7,00425	19,00000	0,00000	0,00000	0,00000	0,00000	0,00000	0,00000
7,01663	19,00000	0,00000	0,00000	0,00000	0,00000	0,00000	0,00000
7,02900	19,00000	0,00000	0,00000	0,00000	0,00000	0,00000	0,00000
7,04138	18,00000	0,00000	0,00000	0,00000	0,00000	0,00000	0,00000
7,05375	19,00000	0,00000	0,00000	0,00000	0,00000	0,00000	0,00000
7,06613	20,00000	0,00000	0,00000	0,00000	0,00000	0,00000	0,00000
7,07850	17,00000	0,00000	0,00000	0,00000	0,00000	0,00000	0,00000
7,09088	19,00000	0,00000	0,00000	0,00000	0,00000	0,00000	0,00000
7,10325	19,00000	0,00000	0,00000	0,00000	0,00000	0,00000	0,00000
7,11563	19,00000	0,00000	0,00000	0,00000	0,00000	0,00000	0,00000
7,12800	19,00000	0,00000	0,00000	0,00000	0,00000	0,00000	0,00000
7,14038	19,00000	0,00000	0,00000	0,00000	0,00000	0,00000	0,00000
7,15275	19,00000	0,00000	0,00000	0,00000	0,00000	0,00000	0,00000
7,16513	19,00000	0,00000	0,00000	0,00000	0,00000	0,00000	0,00000
7,17750	19,00000	0,00000	0,00000	0,00000	0,00000	0,00000	0,00000
7,18988	19,00000	0,00000	0,00000	0,00000	0,00000	0,00000	0,00000
7,20225	18,00000	0,00000	0,00000	0,00000	0,00000	0,00000	0,00000
7,21463	18,00000	0,00000	0,00000	0,00000	0,00000	0,00000	0,00000
7,22700	20,00000	0,00000	0,00000	0,00000	0,00000	0,00000	0,00000
7,23938	20,00000	0,00000	0,00000	0,00000	0,00000	0,00000	0,00000
7,25175	19,00000	0,00000	0,00000	0,00000	0,00000	0,00000	0,00000
7,26412	17,00000	0,00000	0,00000	0,00000	0,00000	0,00000	0,00000
7,27650	17,00000	0,00000	0,00000	0,00000	0,00000	0,00000	0,00000
7,28887	17,00000	0,00000	0,00000	0,00000	0,00000	0,00000	0,00000
7,30125	19,00000	0,00000	0,00000	0,00000	0,00000	0,00000	0,00000
7,31363	17,00000	0,00000	0,00000	0,00000	0,00000	0,00000	0,00000
7,32600	17,00000	0,00000	0,00000	0,00000	0,00000	0,00000	0,00000
7,33838	19,00000	0,00000	0,00000	0,00000	0,00000	0,00000	0,00000
7,35075	17,00000	0,00000	0,00000	0,00000	0,00000	0,00000	0,00000
7,36313	17,00000	0,00000	0,00000	0,00000	0,00000	0,00000	0,00000
7,37550	17,00000	0,00000	0,00000	0,00000	0,00000	0,00000	0,00000
7,38788	19,00000	0,00000	0,00000	0,00000	0,00000	0,00000	0,00000
7,40025	19,00000	0,00000	0,00000	0,00000	0,00000	0,00000	0,00000
7,41263	18,00000	0,00000	0,00000	0,00000	0,00000	0,00000	0,00000
7,42500	20,00000	0,00000	0,00000	0,00000	0,00000	0,00000	0,00000
7,43738	20,00000	0,00000	0,00000	0,00000	0,00000	0,00000	0,00000
7,44975	18,00000	0,00000	0,00000	0,00000	0,00000	0,00000	0,00000
7,46213	19,00000	0,00000	0,00000	0,00000	0,00000	0,00000	0,00000
7,47450	17,00000	0,00000	0,00000	0,00000	0,00000	0,00000	0,00000
7,48688	17,00000	0,00000	0,00000	0,00000	0,00000	0,00000	0,00000
7,49925	19,00000	0,00000	0,00000	0,00000	0,00000	0,00000	0,00000
7,51163	19,00000	0,00000	0,00000	0,00000	0,00000	0,00000	0,00000
7,52400	19,00000	0,00000	0,00000	0,00000	0,00000	0,00000	0,00000
7,53638	17,00000	0,00000	0,00000	0,00000	0,00000	0,00000	0,00000
7,54875	17,00000	0,00000	0,00000	0,00000	0,00000	0,00000	0,00000
7,56113	17,00000	0,00000	0,00000	0,00000	0,00000	0,00000	0,00000
7,57350	19,00000	0,00000	0,00000	0,00000	0,00000	0,00000	0,00000
7,58588	19,00000	0,00000	0,00000	0,00000	0,00000	0,00000	0,00000
7,59825	19,00000	0,00000	0,00000	0,00000	0,00000	0,00000	0,00000
7,61063	18,00000	0,00000	0,00000	0,00000	0,00000	0,00000	0,00000
7,62300	18,00000	0,00000	0,00000	0,00000	0,00000	0,00000	0,00000
7,63538	20,00000	0,00000	0,00000	0,00000	0,00000	0,00000	0,00000
7,64775	19,00000	0,00000	0,00000	0,00000	0,00000	0,00000	0,00000
7,66013	17,00000	0,00000	0,00000	0,00000	0,00000	0,00000	0,00000
7,67250	17,00000	0,00000	0,00000	0,00000	0,00000	0,00000	0,00000
7,68488	19,00000	0,00000	0,00000	0,00000	0,00000	0,00000	0,00000
7,69725	19,00000	0,00000	0,00000	0,00000	0,00000	0,00000	0,00000
7,70962	19,00000	0,00000	0,00000	0,00000	0,00000	0,00000	0,00000
7,72200	19,00000	0,00000	0,00000	0,00000	0,00000	0,00000	0,00000
7,73438	19,00000	0,00000	0,00000	0,00000	0,00000	0,00000	0,00000
7,74675	17,00000	0,00000	0,00000	0,00000	0,00000	0,00000	0,00000
7,75913	17,00000	0,00000	0,00000	0,00000	0,00000	0,00000	0,00000
7,77150	19,00000	0,00000	0,00000	0,00000	0,00000	0,00000	0,00000
7,78388	20,00000	0,00000	0,00000	0,00000	0,00000	0,00000	0,00000
7,79625	18,00000	0,00000	0,00000	0,00000	0,00000	0,00000	0,00000
7,80863	18,00000	0,00000	0,00000	0,00000	0,00000	0,00000	0,00000
7,82100	19,00000	0,00000	0,00000	0,00000	0,00000	0,00000	0,00000
7,83338	19,00000	0,00000	0,00000	0,00000	0,00000	0,00000	0,00000
7,84575	17,00000	0,00000	0,00000	0,00000	0,00000	0,00000	0,00000
7,85813	18,00000	0,00000	0,00000	0,00000	0,00000	0,00000	0,00000
7,87050	20,00000	0,00000	0,00000	0,00000	0,00000	0,00000	0,00000
7,88288	16,00000	0,00000	0,00000	0,00000	0,00000	0,00000	0,00000
0,00000	11,00000	0,00000	0,00000	0,00000	0,00000	0,00000	0,00000
0,00000	9,00000	0,00000	0,00000	0,00000	0,00000	0,00000	0,00000
