GRUPPE3_Greyline02.dat
04.10.2021
16:00:50
GRUPPE3

Gauss coefficients notation:
Amplitude
FWHM
Std.Abw.
[Fehler]
offset
BEAMCUT  LINES:

X H  in mm	Y H rel	Gauss fit H	H Gauss Coefficients	X V in mm	Y V rel	Gauss fit V	V Gauss Coefficientes
0,00000	15,00000	0,00000	0,00000	0,00000	12,00000	0,00000	0,00000
0,01238	12,00000	0,00000	0,00000	0,01238	15,00000	0,00000	0,00000
0,02475	11,00000	0,00000	0,00000	0,02475	16,00000	0,00000	0,00000
0,03713	15,00000	0,00000	0,00000	0,03713	15,00000	0,00000	0,00000
0,04950	13,00000	0,00000	0,00000	0,04950	17,00000	0,00000	0,00000
0,06187	16,00000	0,00000	0,00000	0,06188	17,00000	0,00000	0,00000
0,07425	17,00000	0,00000	0,00000	0,07425	17,00000	0,00000	0,00000
0,08663	17,00000	0,00000	0,00000	0,08663	17,00000	0,00000	0,00000
0,09900	17,00000	0,00000	0,00000	0,09900	17,00000	0,00000	0,00000
0,11138	17,00000	0,00000	0,00000	0,11138	17,00000	0,00000	0,00000
0,12375	17,00000	0,00000	0,00000	0,12375	17,00000	0,00000	0,00000
0,13612	15,00000	0,00000	0,00000	0,13613	16,00000	0,00000	0,00000
0,14850	15,00000	0,00000	0,00000	0,14850	18,00000	0,00000	0,00000
0,16088	17,00000	0,00000	0,00000	0,16088	16,00000	0,00000	0,00000
0,17325	17,00000	0,00000	0,00000	0,17325	17,00000	0,00000	0,00000
0,18563	17,00000	0,00000	0,00000	0,18563	17,00000	0,00000	0,00000
0,19800	17,00000	0,00000	0,00000	0,19800	16,00000	0,00000	0,00000
0,21038	17,00000	0,00000	0,00000	0,21038	17,00000	0,00000	0,00000
0,22275	17,00000	0,00000	0,00000	0,22275	16,00000	0,00000	0,00000
0,23513	17,00000	0,00000	0,00000	0,23513	17,00000	0,00000	0,00000
0,24750	17,00000	0,00000	0,00000	0,24750	16,00000	0,00000	0,00000
0,25988	17,00000	0,00000	0,00000	0,25988	18,00000	0,00000	0,00000
0,27225	15,00000	0,00000	0,00000	0,27225	16,00000	0,00000	0,00000
0,28463	13,00000	0,00000	0,00000	0,28463	18,00000	0,00000	0,00000
0,29700	16,00000	0,00000	0,00000	0,29700	18,00000	0,00000	0,00000
0,30938	16,00000	0,00000	0,00000	0,30938	15,00000	0,00000	0,00000
0,32175	16,00000	0,00000	0,00000	0,32175	17,00000	0,00000	0,00000
0,33413	16,00000	0,00000	0,00000	0,33413	15,00000	0,00000	0,00000
0,34650	16,00000	0,00000	0,00000	0,34650	17,00000	0,00000	0,00000
0,35887	16,00000	0,00000	0,00000	0,35888	15,00000	0,00000	0,00000
0,37125	15,00000	0,00000	0,00000	0,37125	17,00000	0,00000	0,00000
0,38362	15,00000	0,00000	0,00000	0,38363	15,00000	0,00000	0,00000
0,39600	17,00000	0,00000	0,00000	0,39600	15,00000	0,00000	0,00000
0,40838	15,00000	0,00000	0,00000	0,40838	15,00000	0,00000	0,00000
0,42075	15,00000	0,00000	0,00000	0,42075	16,00000	0,00000	0,00000
0,43313	17,00000	0,00000	0,00000	0,43313	17,00000	0,00000	0,00000
0,44550	17,00000	0,00000	0,00000	0,44550	17,00000	0,00000	0,00000
0,45788	15,00000	0,00000	0,00000	0,45788	17,00000	0,00000	0,00000
0,47025	15,00000	0,00000	0,00000	0,47025	16,00000	0,00000	0,00000
0,48263	16,00000	0,00000	0,00000	0,48263	17,00000	0,00000	0,00000
0,49500	15,00000	0,00000	0,00000	0,49500	15,00000	0,00000	0,00000
0,50738	15,00000	0,00000	0,00000	0,50738	13,00000	0,00000	0,00000
0,51975	17,00000	0,00000	0,00000	0,51975	16,00000	0,00000	0,00000
0,53213	17,00000	0,00000	0,00000	0,53213	13,00000	0,00000	0,00000
0,54450	15,00000	0,00000	0,00000	0,54450	17,00000	0,00000	0,00000
0,55688	16,00000	0,00000	0,00000	0,55688	17,00000	0,00000	0,00000
0,56925	16,00000	0,00000	0,00000	0,56925	17,00000	0,00000	0,00000
0,58163	15,00000	0,00000	0,00000	0,58163	17,00000	0,00000	0,00000
0,59400	12,00000	0,00000	0,00000	0,59400	17,00000	0,00000	0,00000
0,60637	12,00000	0,00000	0,00000	0,60638	17,00000	0,00000	0,00000
0,61875	15,00000	0,00000	0,00000	0,61875	17,00000	0,00000	0,00000
0,63113	16,00000	0,00000	0,00000	0,63113	17,00000	0,00000	0,00000
0,64350	15,00000	0,00000	0,00000	0,64350	17,00000	0,00000	0,00000
0,65587	12,00000	0,00000	0,00000	0,65588	16,00000	0,00000	0,00000
0,66825	13,00000	0,00000	0,00000	0,66825	17,00000	0,00000	0,00000
0,68063	16,00000	0,00000	0,00000	0,68063	16,00000	0,00000	0,00000
0,69300	17,00000	0,00000	0,00000	0,69300	17,00000	0,00000	0,00000
0,70538	17,00000	0,00000	0,00000	0,70538	15,00000	0,00000	0,00000
0,71775	17,00000	0,00000	0,00000	0,71775	18,00000	0,00000	0,00000
0,73013	17,00000	0,00000	0,00000	0,73013	15,00000	0,00000	0,00000
0,74250	17,00000	0,00000	0,00000	0,74250	18,00000	0,00000	0,00000
0,75488	17,00000	0,00000	0,00000	0,75488	16,00000	0,00000	0,00000
0,76725	17,00000	0,00000	0,00000	0,76725	17,00000	0,00000	0,00000
0,77963	17,00000	0,00000	0,00000	0,77963	17,00000	0,00000	0,00000
0,79200	17,00000	0,00000	0,00000	0,79200	17,00000	0,00000	0,00000
0,80438	17,00000	0,00000	0,00000	0,80438	17,00000	0,00000	0,00000
0,81675	17,00000	0,00000	0,00000	0,81675	17,00000	0,00000	0,00000
0,82913	17,00000	0,00000	0,00000	0,82913	17,00000	0,00000	0,00000
0,84150	15,00000	0,00000	0,00000	0,84150	15,00000	0,00000	0,00000
0,85388	15,00000	0,00000	0,00000	0,85388	17,00000	0,00000	0,00000
0,86625	16,00000	0,00000	0,00000	0,86625	15,00000	0,00000	0,00000
0,87862	16,00000	0,00000	0,00000	0,87863	13,00000	0,00000	0,00000
0,89100	16,00000	0,00000	0,00000	0,89100	17,00000	0,00000	0,00000
0,90338	16,00000	0,00000	0,00000	0,90338	15,00000	0,00000	0,00000
0,91575	16,00000	0,00000	0,00000	0,91575	16,00000	0,00000	0,00000
0,92813	16,00000	0,00000	0,00000	0,92813	16,00000	0,00000	0,00000
0,94050	16,00000	0,00000	0,00000	0,94050	15,00000	0,00000	0,00000
0,95288	13,00000	0,00000	0,00000	0,95288	16,00000	0,00000	0,00000
0,96525	13,00000	0,00000	0,00000	0,96525	17,00000	0,00000	0,00000
0,97763	16,00000	0,00000	0,00000	0,97763	17,00000	0,00000	0,00000
0,99000	17,00000	0,00000	0,00000	0,99000	17,00000	0,00000	0,00000
1,00238	15,00000	0,00000	0,00000	1,00238	16,00000	0,00000	0,00000
1,01475	15,00000	0,00000	0,00000	1,01475	17,00000	0,00000	0,00000
1,02713	16,00000	0,00000	0,00000	1,02713	16,00000	0,00000	0,00000
1,03950	16,00000	0,00000	0,00000	1,03950	13,00000	0,00000	0,00000
1,05188	16,00000	0,00000	0,00000	1,05188	17,00000	0,00000	0,00000
1,06425	16,00000	0,00000	0,00000	1,06425	12,00000	0,00000	0,00000
1,07662	16,00000	0,00000	0,00000	1,07663	17,00000	0,00000	0,00000
1,08900	13,00000	0,00000	0,00000	1,08900	17,00000	0,00000	0,00000
1,10137	13,00000	0,00000	0,00000	1,10138	16,00000	0,00000	0,00000
1,11375	17,00000	0,00000	0,00000	1,11375	16,00000	0,00000	0,00000
1,12613	17,00000	0,00000	0,00000	1,12613	16,00000	0,00000	0,00000
1,13850	15,00000	0,00000	0,00000	1,13850	13,00000	0,00000	0,00000
1,15088	15,00000	0,00000	0,00000	1,15088	15,00000	0,00000	0,00000
1,16325	15,00000	0,00000	0,00000	1,16325	16,00000	0,00000	0,00000
1,17563	17,00000	0,00000	0,00000	1,17563	17,00000	0,00000	0,00000
1,18800	17,00000	0,00000	0,00000	1,18800	16,00000	0,00000	0,00000
1,20037	15,00000	0,00000	0,00000	1,20038	16,00000	0,00000	0,00000
1,21275	15,00000	0,00000	0,00000	1,21275	17,00000	0,00000	0,00000
1,22513	15,00000	0,00000	0,00000	1,22513	16,00000	0,00000	0,00000
1,23750	17,00000	0,00000	0,00000	1,23750	17,00000	0,00000	0,00000
1,24988	17,00000	0,00000	0,00000	1,24988	16,00000	0,00000	0,00000
1,26225	17,00000	0,00000	0,00000	1,26225	13,00000	0,00000	0,00000
1,27463	17,00000	0,00000	0,00000	1,27463	16,00000	0,00000	0,00000
1,28700	17,00000	0,00000	0,00000	1,28700	16,00000	0,00000	0,00000
1,29938	17,00000	0,00000	0,00000	1,29938	17,00000	0,00000	0,00000
1,31175	15,00000	0,00000	0,00000	1,31175	16,00000	0,00000	0,00000
1,32412	15,00000	0,00000	0,00000	1,32413	17,00000	0,00000	0,00000
1,33650	16,00000	0,00000	0,00000	1,33650	16,00000	0,00000	0,00000
1,34888	16,00000	0,00000	0,00000	1,34888	16,00000	0,00000	0,00000
1,36125	13,00000	0,00000	0,00000	1,36125	15,00000	0,00000	0,00000
1,37363	16,00000	0,00000	0,00000	1,37363	15,00000	0,00000	0,00000
1,38600	16,00000	0,00000	0,00000	1,38600	16,00000	0,00000	0,00000
1,39838	16,00000	0,00000	0,00000	1,39838	16,00000	0,00000	0,00000
1,41075	13,00000	0,00000	0,00000	1,41075	17,00000	0,00000	0,00000
1,42312	13,00000	0,00000	0,00000	1,42313	16,00000	0,00000	0,00000
1,43550	16,00000	0,00000	0,00000	1,43550	17,00000	0,00000	0,00000
1,44788	16,00000	0,00000	0,00000	1,44788	17,00000	0,00000	0,00000
1,46025	16,00000	0,00000	0,00000	1,46025	17,00000	0,00000	0,00000
1,47263	16,00000	0,00000	0,00000	1,47263	17,00000	0,00000	0,00000
1,48500	16,00000	0,00000	0,00000	1,48500	17,00000	0,00000	0,00000
1,49738	16,00000	0,00000	0,00000	1,49738	15,00000	0,00000	0,00000
1,50975	16,00000	0,00000	0,00000	1,50975	17,00000	0,00000	0,00000
1,52213	16,00000	0,00000	0,00000	1,52213	16,00000	0,00000	0,00000
1,53450	13,00000	0,00000	0,00000	1,53450	17,00000	0,00000	0,00000
1,54688	13,00000	0,00000	0,00000	1,54688	17,00000	0,00000	0,00000
1,55925	16,00000	0,00000	0,00000	1,55925	17,00000	0,00000	0,00000
1,57163	16,00000	0,00000	0,00000	1,57163	16,00000	0,00000	0,00000
1,58400	16,00000	0,00000	0,00000	1,58400	16,00000	0,00000	0,00000
1,59638	16,00000	0,00000	0,00000	1,59638	15,00000	0,00000	0,00000
1,60875	13,00000	0,00000	0,00000	1,60875	15,00000	0,00000	0,00000
1,62113	13,00000	0,00000	0,00000	1,62113	17,00000	0,00000	0,00000
1,63350	12,00000	0,00000	0,00000	1,63350	15,00000	0,00000	0,00000
1,64587	16,00000	0,00000	0,00000	1,64588	16,00000	0,00000	0,00000
1,65825	16,00000	0,00000	0,00000	1,65825	15,00000	0,00000	0,00000
1,67063	16,00000	0,00000	0,00000	1,67063	16,00000	0,00000	0,00000
1,68300	13,00000	0,00000	0,00000	1,68300	17,00000	0,00000	0,00000
1,69538	13,00000	0,00000	0,00000	1,69538	17,00000	0,00000	0,00000
1,70775	13,00000	0,00000	0,00000	1,70775	13,00000	0,00000	0,00000
1,72013	13,00000	0,00000	0,00000	1,72013	17,00000	0,00000	0,00000
1,73250	16,00000	0,00000	0,00000	1,73250	16,00000	0,00000	0,00000
1,74488	15,00000	0,00000	0,00000	1,74488	12,00000	0,00000	0,00000
1,75725	17,00000	0,00000	0,00000	1,75725	16,00000	0,00000	0,00000
1,76963	17,00000	0,00000	0,00000	1,76963	17,00000	0,00000	0,00000
1,78200	15,00000	0,00000	0,00000	1,78200	16,00000	0,00000	0,00000
1,79438	15,00000	0,00000	0,00000	1,79438	15,00000	0,00000	0,00000
1,80675	15,00000	0,00000	0,00000	1,80675	16,00000	0,00000	0,00000
1,81913	15,00000	0,00000	0,00000	1,81913	16,00000	0,00000	0,00000
1,83150	17,00000	0,00000	0,00000	1,83150	16,00000	0,00000	0,00000
1,84388	18,00000	0,00000	0,00000	1,84388	12,00000	0,00000	0,00000
1,85625	16,00000	0,00000	0,00000	1,85625	16,00000	0,00000	0,00000
1,86862	16,00000	0,00000	0,00000	1,86863	17,00000	0,00000	0,00000
1,88100	17,00000	0,00000	0,00000	1,88100	17,00000	0,00000	0,00000
1,89338	17,00000	0,00000	0,00000	1,89338	17,00000	0,00000	0,00000
1,90575	17,00000	0,00000	0,00000	1,90575	16,00000	0,00000	0,00000
1,91813	17,00000	0,00000	0,00000	1,91813	13,00000	0,00000	0,00000
1,93050	15,00000	0,00000	0,00000	1,93050	16,00000	0,00000	0,00000
1,94288	15,00000	0,00000	0,00000	1,94288	13,00000	0,00000	0,00000
1,95525	17,00000	0,00000	0,00000	1,95525	12,00000	0,00000	0,00000
1,96763	17,00000	0,00000	0,00000	1,96763	15,00000	0,00000	0,00000
1,98000	15,00000	0,00000	0,00000	1,98000	13,00000	0,00000	0,00000
1,99238	15,00000	0,00000	0,00000	1,99238	16,00000	0,00000	0,00000
2,00475	15,00000	0,00000	0,00000	2,00475	15,00000	0,00000	0,00000
2,01713	15,00000	0,00000	0,00000	2,01713	16,00000	0,00000	0,00000
2,02950	17,00000	0,00000	0,00000	2,02950	16,00000	0,00000	0,00000
2,04188	17,00000	0,00000	0,00000	2,04188	17,00000	0,00000	0,00000
2,05425	17,00000	0,00000	0,00000	2,05425	16,00000	0,00000	0,00000
2,06663	17,00000	0,00000	0,00000	2,06663	17,00000	0,00000	0,00000
2,07900	15,00000	0,00000	0,00000	2,07900	15,00000	0,00000	0,00000
2,09138	15,00000	0,00000	0,00000	2,09138	16,00000	0,00000	0,00000
2,10375	16,00000	0,00000	0,00000	2,10375	16,00000	0,00000	0,00000
2,11613	16,00000	0,00000	0,00000	2,11613	16,00000	0,00000	0,00000
2,12850	13,00000	0,00000	0,00000	2,12850	17,00000	0,00000	0,00000
2,14088	13,00000	0,00000	0,00000	2,14088	16,00000	0,00000	0,00000
2,15325	13,00000	0,00000	0,00000	2,15325	16,00000	0,00000	0,00000
2,16562	16,00000	0,00000	0,00000	2,16563	16,00000	0,00000	0,00000
2,17800	16,00000	0,00000	0,00000	2,17800	16,00000	0,00000	0,00000
2,19037	15,00000	0,00000	0,00000	2,19038	16,00000	0,00000	0,00000
2,20275	17,00000	0,00000	0,00000	2,20275	16,00000	0,00000	0,00000
2,21513	16,00000	0,00000	0,00000	2,21513	17,00000	0,00000	0,00000
2,22750	13,00000	0,00000	0,00000	2,22750	13,00000	0,00000	0,00000
2,23988	13,00000	0,00000	0,00000	2,23988	16,00000	0,00000	0,00000
2,25225	16,00000	0,00000	0,00000	2,25225	12,00000	0,00000	0,00000
2,26463	17,00000	0,00000	0,00000	2,26463	15,00000	0,00000	0,00000
2,27700	17,00000	0,00000	0,00000	2,27700	15,00000	0,00000	0,00000
2,28938	15,00000	0,00000	0,00000	2,28938	16,00000	0,00000	0,00000
2,30175	15,00000	0,00000	0,00000	2,30175	16,00000	0,00000	0,00000
2,31413	16,00000	0,00000	0,00000	2,31413	16,00000	0,00000	0,00000
2,32650	16,00000	0,00000	0,00000	2,32650	16,00000	0,00000	0,00000
2,33888	13,00000	0,00000	0,00000	2,33888	16,00000	0,00000	0,00000
2,35125	13,00000	0,00000	0,00000	2,35125	15,00000	0,00000	0,00000
2,36363	17,00000	0,00000	0,00000	2,36363	13,00000	0,00000	0,00000
2,37600	17,00000	0,00000	0,00000	2,37600	17,00000	0,00000	0,00000
2,38837	18,00000	0,00000	0,00000	2,38838	15,00000	0,00000	0,00000
2,40075	17,00000	0,00000	0,00000	2,40075	13,00000	0,00000	0,00000
2,41312	15,00000	0,00000	0,00000	2,41313	16,00000	0,00000	0,00000
2,42550	13,00000	0,00000	0,00000	2,42550	13,00000	0,00000	0,00000
2,43788	13,00000	0,00000	0,00000	2,43788	16,00000	0,00000	0,00000
2,45025	16,00000	0,00000	0,00000	2,45025	16,00000	0,00000	0,00000
2,46263	16,00000	0,00000	0,00000	2,46263	16,00000	0,00000	0,00000
2,47500	17,00000	0,00000	0,00000	2,47500	15,00000	0,00000	0,00000
2,48738	15,00000	0,00000	0,00000	2,48738	16,00000	0,00000	0,00000
2,49975	15,00000	0,00000	0,00000	2,49975	17,00000	0,00000	0,00000
2,51213	17,00000	0,00000	0,00000	2,51213	23,00000	0,00000	0,00000
2,52450	15,00000	0,00000	0,00000	2,52450	44,00000	0,00000	0,00000
2,53688	15,00000	0,00000	0,00000	2,53688	77,00000	0,00000	0,00000
2,54925	17,00000	0,00000	0,00000	2,54925	136,00000	0,00000	0,00000
2,56163	17,00000	0,00000	0,00000	2,56163	185,00000	0,00000	0,00000
2,57400	16,00000	0,00000	0,00000	2,57400	224,00000	0,00000	0,00000
2,58638	16,00000	0,00000	0,00000	2,58638	240,00000	0,00000	0,00000
2,59875	12,00000	0,00000	0,00000	2,59875	216,00000	0,00000	0,00000
2,61112	16,00000	0,00000	0,00000	2,61113	179,00000	0,00000	0,00000
2,62350	15,00000	0,00000	0,00000	2,62350	147,00000	0,00000	0,00000
2,63587	13,00000	0,00000	0,00000	2,63588	117,00000	0,00000	0,00000
2,64825	15,00000	0,00000	0,00000	2,64825	66,00000	0,00000	0,00000
2,66063	15,00000	0,00000	0,00000	2,66063	52,00000	0,00000	0,00000
2,67300	15,00000	0,00000	0,00000	2,67300	48,00000	0,00000	0,00000
2,68538	12,00000	0,00000	0,00000	2,68538	53,00000	0,00000	0,00000
2,69775	12,00000	0,00000	0,00000	2,69775	43,00000	0,00000	0,00000
2,71013	15,00000	0,00000	0,00000	2,71013	29,00000	0,00000	0,00000
2,72250	16,00000	0,00000	0,00000	2,72250	23,00000	0,00000	0,00000
2,73488	13,00000	0,00000	0,00000	2,73488	24,00000	0,00000	0,00000
2,74725	13,00000	0,00000	0,00000	2,74725	22,00000	0,00000	0,00000
2,75963	16,00000	0,00000	0,00000	2,75963	19,00000	0,00000	0,00000
2,77200	16,00000	0,00000	0,00000	2,77200	19,00000	0,00000	0,00000
2,78438	16,00000	0,00000	0,00000	2,78438	18,00000	0,00000	0,00000
2,79675	16,00000	0,00000	0,00000	2,79675	16,00000	0,00000	0,00000
2,80913	16,00000	0,00000	0,00000	2,80913	17,00000	0,00000	0,00000
2,82150	16,00000	0,00000	0,00000	2,82150	15,00000	0,00000	0,00000
2,83387	13,00000	0,00000	0,00000	2,83388	15,00000	0,00000	0,00000
2,84625	13,00000	0,00000	0,00000	2,84625	16,00000	0,00000	0,00000
2,85862	16,00000	0,00000	0,00000	2,85863	12,00000	0,00000	0,00000
2,87100	16,00000	0,00000	0,00000	2,87100	16,00000	0,00000	0,00000
2,88338	16,00000	0,00000	0,00000	2,88338	15,00000	0,00000	0,00000
2,89575	16,00000	0,00000	0,00000	2,89575	16,00000	0,00000	0,00000
2,90813	16,00000	0,00000	0,00000	2,90813	13,00000	0,00000	0,00000
2,92050	16,00000	0,00000	0,00000	2,92050	16,00000	0,00000	0,00000
2,93288	16,00000	0,00000	0,00000	2,93288	16,00000	0,00000	0,00000
2,94525	15,00000	0,00000	0,00000	2,94525	15,00000	0,00000	0,00000
2,95763	15,00000	0,00000	0,00000	2,95763	17,00000	0,00000	0,00000
2,97000	17,00000	0,00000	0,00000	2,97000	12,00000	0,00000	0,00000
2,98238	15,00000	0,00000	0,00000	2,98238	16,00000	0,00000	0,00000
2,99475	15,00000	0,00000	0,00000	2,99475	12,00000	0,00000	0,00000
3,00713	17,00000	0,00000	0,00000	3,00713	15,00000	0,00000	0,00000
3,01950	16,00000	0,00000	0,00000	3,01950	13,00000	0,00000	0,00000
3,03188	13,00000	0,00000	0,00000	3,03188	15,00000	0,00000	0,00000
3,04425	13,00000	0,00000	0,00000	3,04425	16,00000	0,00000	0,00000
3,05662	13,00000	0,00000	0,00000	3,05663	15,00000	0,00000	0,00000
3,06900	13,00000	0,00000	0,00000	3,06900	16,00000	0,00000	0,00000
3,08137	16,00000	0,00000	0,00000	3,08138	12,00000	0,00000	0,00000
3,09375	16,00000	0,00000	0,00000	3,09375	16,00000	0,00000	0,00000
3,10613	16,00000	0,00000	0,00000	3,10613	16,00000	0,00000	0,00000
3,11850	13,00000	0,00000	0,00000	3,11850	16,00000	0,00000	0,00000
3,13088	13,00000	0,00000	0,00000	3,13088	17,00000	0,00000	0,00000
3,14325	13,00000	0,00000	0,00000	3,14325	17,00000	0,00000	0,00000
3,15563	13,00000	0,00000	0,00000	3,15563	16,00000	0,00000	0,00000
3,16800	16,00000	0,00000	0,00000	3,16800	16,00000	0,00000	0,00000
3,18038	17,00000	0,00000	0,00000	3,18038	12,00000	0,00000	0,00000
3,19275	17,00000	0,00000	0,00000	3,19275	16,00000	0,00000	0,00000
3,20513	15,00000	0,00000	0,00000	3,20513	13,00000	0,00000	0,00000
3,21750	16,00000	0,00000	0,00000	3,21750	12,00000	0,00000	0,00000
3,22988	16,00000	0,00000	0,00000	3,22988	13,00000	0,00000	0,00000
3,24225	13,00000	0,00000	0,00000	3,24225	15,00000	0,00000	0,00000
3,25463	12,00000	0,00000	0,00000	3,25463	16,00000	0,00000	0,00000
3,26700	13,00000	0,00000	0,00000	3,26700	13,00000	0,00000	0,00000
3,27938	16,00000	0,00000	0,00000	3,27938	16,00000	0,00000	0,00000
3,29175	16,00000	0,00000	0,00000	3,29175	13,00000	0,00000	0,00000
3,30412	16,00000	0,00000	0,00000	3,30413	13,00000	0,00000	0,00000
3,31650	16,00000	0,00000	0,00000	3,31650	13,00000	0,00000	0,00000
3,32888	16,00000	0,00000	0,00000	3,32888	13,00000	0,00000	0,00000
3,34125	13,00000	0,00000	0,00000	3,34125	13,00000	0,00000	0,00000
3,35363	16,00000	0,00000	0,00000	3,35363	16,00000	0,00000	0,00000
3,36600	16,00000	0,00000	0,00000	3,36600	15,00000	0,00000	0,00000
3,37838	13,00000	0,00000	0,00000	3,37838	16,00000	0,00000	0,00000
3,39075	12,00000	0,00000	0,00000	3,39075	16,00000	0,00000	0,00000
3,40313	15,00000	0,00000	0,00000	3,40313	16,00000	0,00000	0,00000
3,41550	13,00000	0,00000	0,00000	3,41550	13,00000	0,00000	0,00000
3,42788	16,00000	0,00000	0,00000	3,42788	17,00000	0,00000	0,00000
3,44025	17,00000	0,00000	0,00000	3,44025	15,00000	0,00000	0,00000
3,45263	16,00000	0,00000	0,00000	3,45263	13,00000	0,00000	0,00000
3,46500	16,00000	0,00000	0,00000	3,46500	15,00000	0,00000	0,00000
3,47738	13,00000	0,00000	0,00000	3,47738	16,00000	0,00000	0,00000
3,48975	16,00000	0,00000	0,00000	3,48975	15,00000	0,00000	0,00000
3,50213	13,00000	0,00000	0,00000	3,50213	12,00000	0,00000	0,00000
3,51450	13,00000	0,00000	0,00000	3,51450	13,00000	0,00000	0,00000
3,52687	16,00000	0,00000	0,00000	3,52688	12,00000	0,00000	0,00000
3,53925	17,00000	0,00000	0,00000	3,53925	11,00000	0,00000	0,00000
3,55163	17,00000	0,00000	0,00000	3,55163	16,00000	0,00000	0,00000
3,56400	15,00000	0,00000	0,00000	3,56400	11,00000	0,00000	0,00000
3,57638	16,00000	0,00000	0,00000	3,57638	15,00000	0,00000	0,00000
3,58875	16,00000	0,00000	0,00000	3,58875	16,00000	0,00000	0,00000
3,60113	13,00000	0,00000	0,00000	3,60113	16,00000	0,00000	0,00000
3,61350	13,00000	0,00000	0,00000	3,61350	16,00000	0,00000	0,00000
3,62588	13,00000	0,00000	0,00000	3,62588	16,00000	0,00000	0,00000
3,63825	13,00000	0,00000	0,00000	3,63825	16,00000	0,00000	0,00000
3,65063	16,00000	0,00000	0,00000	3,65063	13,00000	0,00000	0,00000
3,66300	16,00000	0,00000	0,00000	3,66300	16,00000	0,00000	0,00000
3,67538	13,00000	0,00000	0,00000	3,67538	16,00000	0,00000	0,00000
3,68775	13,00000	0,00000	0,00000	3,68775	16,00000	0,00000	0,00000
3,70013	16,00000	0,00000	0,00000	3,70013	17,00000	0,00000	0,00000
3,71250	13,00000	0,00000	0,00000	3,71250	12,00000	0,00000	0,00000
3,72488	15,00000	0,00000	0,00000	3,72488	16,00000	0,00000	0,00000
3,73725	17,00000	0,00000	0,00000	3,73725	16,00000	0,00000	0,00000
3,74962	17,00000	0,00000	0,00000	3,74963	16,00000	0,00000	0,00000
3,76200	16,00000	0,00000	0,00000	3,76200	13,00000	0,00000	0,00000
3,77438	16,00000	0,00000	0,00000	3,77438	15,00000	0,00000	0,00000
3,78675	12,00000	0,00000	0,00000	3,78675	13,00000	0,00000	0,00000
3,79913	13,00000	0,00000	0,00000	3,79913	15,00000	0,00000	0,00000
3,81150	16,00000	0,00000	0,00000	3,81150	16,00000	0,00000	0,00000
3,82388	16,00000	0,00000	0,00000	3,82388	16,00000	0,00000	0,00000
3,83625	16,00000	0,00000	0,00000	3,83625	16,00000	0,00000	0,00000
3,84863	13,00000	0,00000	0,00000	3,84863	17,00000	0,00000	0,00000
3,86100	12,00000	0,00000	0,00000	3,86100	15,00000	0,00000	0,00000
3,87338	16,00000	0,00000	0,00000	3,87338	12,00000	0,00000	0,00000
3,88575	16,00000	0,00000	0,00000	3,88575	15,00000	0,00000	0,00000
3,89813	16,00000	0,00000	0,00000	3,89813	13,00000	0,00000	0,00000
3,91050	16,00000	0,00000	0,00000	3,91050	15,00000	0,00000	0,00000
3,92288	16,00000	0,00000	0,00000	3,92288	13,00000	0,00000	0,00000
3,93525	16,00000	0,00000	0,00000	3,93525	16,00000	0,00000	0,00000
3,94763	13,00000	0,00000	0,00000	3,94763	12,00000	0,00000	0,00000
3,96000	13,00000	0,00000	0,00000	3,96000	13,00000	0,00000	0,00000
3,97237	13,00000	0,00000	0,00000	3,97238	15,00000	0,00000	0,00000
3,98475	16,00000	0,00000	0,00000	3,98475	12,00000	0,00000	0,00000
3,99713	16,00000	0,00000	0,00000	3,99713	15,00000	0,00000	0,00000
4,00950	15,00000	0,00000	0,00000	4,00950	13,00000	0,00000	0,00000
4,02188	15,00000	0,00000	0,00000	4,02188	16,00000	0,00000	0,00000
4,03425	17,00000	0,00000	0,00000	4,03425	15,00000	0,00000	0,00000
4,04663	16,00000	0,00000	0,00000	4,04663	16,00000	0,00000	0,00000
4,05900	13,00000	0,00000	0,00000	4,05900	13,00000	0,00000	0,00000
4,07138	13,00000	0,00000	0,00000	4,07138	16,00000	0,00000	0,00000
4,08375	16,00000	0,00000	0,00000	4,08375	16,00000	0,00000	0,00000
4,09612	16,00000	0,00000	0,00000	4,09613	16,00000	0,00000	0,00000
4,10850	16,00000	0,00000	0,00000	4,10850	16,00000	0,00000	0,00000
4,12087	16,00000	0,00000	0,00000	4,12088	16,00000	0,00000	0,00000
4,13325	16,00000	0,00000	0,00000	4,13325	16,00000	0,00000	0,00000
4,14562	15,00000	0,00000	0,00000	4,14563	16,00000	0,00000	0,00000
4,15800	15,00000	0,00000	0,00000	4,15800	15,00000	0,00000	0,00000
4,17037	17,00000	0,00000	0,00000	4,17038	16,00000	0,00000	0,00000
4,18275	17,00000	0,00000	0,00000	4,18275	13,00000	0,00000	0,00000
4,19512	17,00000	0,00000	0,00000	4,19513	17,00000	0,00000	0,00000
4,20750	16,00000	0,00000	0,00000	4,20750	16,00000	0,00000	0,00000
4,21988	13,00000	0,00000	0,00000	4,21988	16,00000	0,00000	0,00000
4,23225	13,00000	0,00000	0,00000	4,23225	16,00000	0,00000	0,00000
4,24463	13,00000	0,00000	0,00000	4,24463	16,00000	0,00000	0,00000
4,25700	16,00000	0,00000	0,00000	4,25700	15,00000	0,00000	0,00000
4,26938	16,00000	0,00000	0,00000	4,26938	12,00000	0,00000	0,00000
4,28175	17,00000	0,00000	0,00000	4,28175	15,00000	0,00000	0,00000
4,29413	15,00000	0,00000	0,00000	4,29413	11,00000	0,00000	0,00000
4,30650	15,00000	0,00000	0,00000	4,30650	16,00000	0,00000	0,00000
4,31888	16,00000	0,00000	0,00000	4,31888	16,00000	0,00000	0,00000
4,33125	17,00000	0,00000	0,00000	4,33125	13,00000	0,00000	0,00000
4,34363	19,00000	0,00000	0,00000	4,34363	13,00000	0,00000	0,00000
4,35600	18,00000	0,00000	0,00000	4,35600	16,00000	0,00000	0,00000
4,36838	26,00000	0,00000	0,00000	4,36838	11,00000	0,00000	0,00000
4,38075	38,00000	0,00000	0,00000	4,38075	12,00000	0,00000	0,00000
4,39313	53,00000	0,00000	0,00000	4,39313	15,00000	0,00000	0,00000
4,40550	72,00000	0,00000	0,00000	4,40550	15,00000	0,00000	0,00000
4,41788	108,00000	0,00000	0,00000	4,41788	15,00000	0,00000	0,00000
4,43025	152,00000	0,00000	0,00000	4,43025	15,00000	0,00000	0,00000
4,44263	203,00000	0,00000	0,00000	4,44263	15,00000	0,00000	0,00000
4,45500	240,00000	0,00000	0,00000	4,45500	15,00000	0,00000	0,00000
4,46738	250,00000	0,00000	0,00000	4,46738	16,00000	0,00000	0,00000
4,47975	222,00000	0,00000	0,00000	4,47975	16,00000	0,00000	0,00000
4,49213	169,00000	0,00000	0,00000	4,49213	15,00000	0,00000	0,00000
4,50450	117,00000	0,00000	0,00000	4,50450	16,00000	0,00000	0,00000
4,51688	72,00000	0,00000	0,00000	4,51688	15,00000	0,00000	0,00000
4,52925	40,00000	0,00000	0,00000	4,52925	16,00000	0,00000	0,00000
4,54162	25,00000	0,00000	0,00000	4,54163	16,00000	0,00000	0,00000
4,55400	19,00000	0,00000	0,00000	4,55400	16,00000	0,00000	0,00000
4,56637	16,00000	0,00000	0,00000	4,56638	13,00000	0,00000	0,00000
4,57875	15,00000	0,00000	0,00000	4,57875	12,00000	0,00000	0,00000
4,59112	15,00000	0,00000	0,00000	4,59113	15,00000	0,00000	0,00000
4,60350	16,00000	0,00000	0,00000	4,60350	15,00000	0,00000	0,00000
4,61587	16,00000	0,00000	0,00000	4,61588	13,00000	0,00000	0,00000
4,62825	16,00000	0,00000	0,00000	4,62825	13,00000	0,00000	0,00000
4,64063	16,00000	0,00000	0,00000	4,64063	15,00000	0,00000	0,00000
4,65300	16,00000	0,00000	0,00000	4,65300	17,00000	0,00000	0,00000
4,66538	12,00000	0,00000	0,00000	4,66538	15,00000	0,00000	0,00000
4,67775	12,00000	0,00000	0,00000	4,67775	17,00000	0,00000	0,00000
4,69013	15,00000	0,00000	0,00000	4,69013	16,00000	0,00000	0,00000
4,70250	13,00000	0,00000	0,00000	4,70250	13,00000	0,00000	0,00000
4,71488	17,00000	0,00000	0,00000	4,71488	12,00000	0,00000	0,00000
4,72725	17,00000	0,00000	0,00000	4,72725	15,00000	0,00000	0,00000
4,73963	15,00000	0,00000	0,00000	4,73963	15,00000	0,00000	0,00000
4,75200	16,00000	0,00000	0,00000	4,75200	15,00000	0,00000	0,00000
4,76438	16,00000	0,00000	0,00000	4,76438	16,00000	0,00000	0,00000
4,77675	13,00000	0,00000	0,00000	4,77675	15,00000	0,00000	0,00000
4,78913	13,00000	0,00000	0,00000	4,78913	15,00000	0,00000	0,00000
4,80150	15,00000	0,00000	0,00000	4,80150	12,00000	0,00000	0,00000
4,81388	13,00000	0,00000	0,00000	4,81388	16,00000	0,00000	0,00000
4,82625	13,00000	0,00000	0,00000	4,82625	15,00000	0,00000	0,00000
4,83863	16,00000	0,00000	0,00000	4,83863	12,00000	0,00000	0,00000
4,85100	16,00000	0,00000	0,00000	4,85100	15,00000	0,00000	0,00000
4,86338	13,00000	0,00000	0,00000	4,86338	15,00000	0,00000	0,00000
4,87575	15,00000	0,00000	0,00000	4,87575	12,00000	0,00000	0,00000
4,88813	15,00000	0,00000	0,00000	4,88813	12,00000	0,00000	0,00000
4,90050	12,00000	0,00000	0,00000	4,90050	12,00000	0,00000	0,00000
4,91288	11,00000	0,00000	0,00000	4,91288	12,00000	0,00000	0,00000
4,92525	13,00000	0,00000	0,00000	4,92525	11,00000	0,00000	0,00000
4,93763	13,00000	0,00000	0,00000	4,93763	15,00000	0,00000	0,00000
4,95000	12,00000	0,00000	0,00000	4,95000	15,00000	0,00000	0,00000
4,96238	12,00000	0,00000	0,00000	4,96238	15,00000	0,00000	0,00000
4,97475	16,00000	0,00000	0,00000	4,97475	12,00000	0,00000	0,00000
4,98712	17,00000	0,00000	0,00000	4,98713	13,00000	0,00000	0,00000
4,99950	16,00000	0,00000	0,00000	4,99950	16,00000	0,00000	0,00000
5,01187	13,00000	0,00000	0,00000	5,01188	16,00000	0,00000	0,00000
5,02425	13,00000	0,00000	0,00000	5,02425	16,00000	0,00000	0,00000
5,03662	13,00000	0,00000	0,00000	5,03663	12,00000	0,00000	0,00000
5,04900	16,00000	0,00000	0,00000	5,04900	16,00000	0,00000	0,00000
5,06137	16,00000	0,00000	0,00000	5,06138	12,00000	0,00000	0,00000
5,07375	17,00000	0,00000	0,00000	5,07375	16,00000	0,00000	0,00000
5,08613	15,00000	0,00000	0,00000	5,08613	15,00000	0,00000	0,00000
5,09850	17,00000	0,00000	0,00000	5,09850	16,00000	0,00000	0,00000
5,11088	17,00000	0,00000	0,00000	5,11088	16,00000	0,00000	0,00000
5,12325	16,00000	0,00000	0,00000	5,12325	18,00000	0,00000	0,00000
5,13563	13,00000	0,00000	0,00000	5,13563	13,00000	0,00000	0,00000
5,14800	13,00000	0,00000	0,00000	5,14800	15,00000	0,00000	0,00000
5,16038	16,00000	0,00000	0,00000	5,16038	15,00000	0,00000	0,00000
5,17275	16,00000	0,00000	0,00000	5,17275	15,00000	0,00000	0,00000
5,18513	16,00000	0,00000	0,00000	5,18513	12,00000	0,00000	0,00000
5,19750	16,00000	0,00000	0,00000	5,19750	12,00000	0,00000	0,00000
5,20988	11,00000	0,00000	0,00000	5,20988	18,00000	0,00000	0,00000
5,22225	11,00000	0,00000	0,00000	5,22225	16,00000	0,00000	0,00000
5,23463	11,00000	0,00000	0,00000	5,23463	16,00000	0,00000	0,00000
5,24700	11,00000	0,00000	0,00000	5,24700	13,00000	0,00000	0,00000
5,25938	12,00000	0,00000	0,00000	5,25938	15,00000	0,00000	0,00000
5,27175	16,00000	0,00000	0,00000	5,27175	12,00000	0,00000	0,00000
5,28413	16,00000	0,00000	0,00000	5,28413	12,00000	0,00000	0,00000
5,29650	12,00000	0,00000	0,00000	5,29650	16,00000	0,00000	0,00000
5,30888	12,00000	0,00000	0,00000	5,30888	16,00000	0,00000	0,00000
5,32125	15,00000	0,00000	0,00000	5,32125	12,00000	0,00000	0,00000
5,33363	16,00000	0,00000	0,00000	5,33363	16,00000	0,00000	0,00000
5,34600	13,00000	0,00000	0,00000	5,34600	18,00000	0,00000	0,00000
5,35838	13,00000	0,00000	0,00000	5,35838	15,00000	0,00000	0,00000
5,37075	15,00000	0,00000	0,00000	5,37075	16,00000	0,00000	0,00000
5,38313	13,00000	0,00000	0,00000	5,38313	12,00000	0,00000	0,00000
5,39550	13,00000	0,00000	0,00000	5,39550	15,00000	0,00000	0,00000
5,40788	16,00000	0,00000	0,00000	5,40788	13,00000	0,00000	0,00000
5,42025	16,00000	0,00000	0,00000	5,42025	16,00000	0,00000	0,00000
5,43262	12,00000	0,00000	0,00000	5,43263	15,00000	0,00000	0,00000
5,44500	12,00000	0,00000	0,00000	5,44500	15,00000	0,00000	0,00000
5,45737	12,00000	0,00000	0,00000	5,45738	16,00000	0,00000	0,00000
5,46975	15,00000	0,00000	0,00000	5,46975	16,00000	0,00000	0,00000
5,48212	15,00000	0,00000	0,00000	5,48213	15,00000	0,00000	0,00000
5,49450	15,00000	0,00000	0,00000	5,49450	12,00000	0,00000	0,00000
5,50687	12,00000	0,00000	0,00000	5,50688	15,00000	0,00000	0,00000
5,51925	15,00000	0,00000	0,00000	5,51925	15,00000	0,00000	0,00000
5,53163	13,00000	0,00000	0,00000	5,53163	16,00000	0,00000	0,00000
5,54400	16,00000	0,00000	0,00000	5,54400	15,00000	0,00000	0,00000
5,55638	16,00000	0,00000	0,00000	5,55638	13,00000	0,00000	0,00000
5,56875	13,00000	0,00000	0,00000	5,56875	12,00000	0,00000	0,00000
5,58113	16,00000	0,00000	0,00000	5,58113	13,00000	0,00000	0,00000
5,59350	16,00000	0,00000	0,00000	5,59350	12,00000	0,00000	0,00000
5,60588	16,00000	0,00000	0,00000	5,60588	12,00000	0,00000	0,00000
5,61825	13,00000	0,00000	0,00000	5,61825	16,00000	0,00000	0,00000
5,63063	12,00000	0,00000	0,00000	5,63063	12,00000	0,00000	0,00000
5,64300	15,00000	0,00000	0,00000	5,64300	12,00000	0,00000	0,00000
5,65538	15,00000	0,00000	0,00000	5,65538	15,00000	0,00000	0,00000
5,66775	15,00000	0,00000	0,00000	5,66775	16,00000	0,00000	0,00000
5,68013	15,00000	0,00000	0,00000	5,68013	15,00000	0,00000	0,00000
5,69250	13,00000	0,00000	0,00000	5,69250	12,00000	0,00000	0,00000
5,70488	13,00000	0,00000	0,00000	5,70488	12,00000	0,00000	0,00000
5,71725	16,00000	0,00000	0,00000	5,71725	15,00000	0,00000	0,00000
5,72963	16,00000	0,00000	0,00000	5,72963	12,00000	0,00000	0,00000
5,74200	13,00000	0,00000	0,00000	5,74200	15,00000	0,00000	0,00000
5,75438	13,00000	0,00000	0,00000	5,75438	13,00000	0,00000	0,00000
5,76675	13,00000	0,00000	0,00000	5,76675	11,00000	0,00000	0,00000
5,77913	16,00000	0,00000	0,00000	5,77913	15,00000	0,00000	0,00000
5,79150	16,00000	0,00000	0,00000	5,79150	11,00000	0,00000	0,00000
5,80388	16,00000	0,00000	0,00000	5,80388	12,00000	0,00000	0,00000
5,81625	16,00000	0,00000	0,00000	5,81625	16,00000	0,00000	0,00000
5,82863	15,00000	0,00000	0,00000	5,82863	16,00000	0,00000	0,00000
5,84100	12,00000	0,00000	0,00000	5,84100	16,00000	0,00000	0,00000
5,85338	12,00000	0,00000	0,00000	5,85338	15,00000	0,00000	0,00000
5,86575	12,00000	0,00000	0,00000	5,86575	15,00000	0,00000	0,00000
5,87813	12,00000	0,00000	0,00000	5,87813	11,00000	0,00000	0,00000
5,89050	16,00000	0,00000	0,00000	5,89050	13,00000	0,00000	0,00000
5,90287	16,00000	0,00000	0,00000	5,90288	15,00000	0,00000	0,00000
5,91525	16,00000	0,00000	0,00000	0,00000	15,00000	0,00000	0,00000
5,92762	16,00000	0,00000	0,00000	0,00000	9,00000	0,00000	0,00000
5,94000	12,00000	0,00000	0,00000	0,00000	0,00000	0,00000	0,00000
5,95237	15,00000	0,00000	0,00000	0,00000	0,00000	0,00000	0,00000
5,96475	15,00000	0,00000	0,00000	0,00000	0,00000	0,00000	0,00000
5,97713	15,00000	0,00000	0,00000	0,00000	0,00000	0,00000	0,00000
5,98950	13,00000	0,00000	0,00000	0,00000	0,00000	0,00000	0,00000
6,00188	11,00000	0,00000	0,00000	0,00000	0,00000	0,00000	0,00000
6,01425	11,00000	0,00000	0,00000	0,00000	0,00000	0,00000	0,00000
6,02663	13,00000	0,00000	0,00000	0,00000	0,00000	0,00000	0,00000
6,03900	12,00000	0,00000	0,00000	0,00000	0,00000	0,00000	0,00000
6,05138	15,00000	0,00000	0,00000	0,00000	0,00000	0,00000	0,00000
6,06375	16,00000	0,00000	0,00000	0,00000	0,00000	0,00000	0,00000
6,07613	16,00000	0,00000	0,00000	0,00000	0,00000	0,00000	0,00000
6,08850	12,00000	0,00000	0,00000	0,00000	0,00000	0,00000	0,00000
6,10088	12,00000	0,00000	0,00000	0,00000	0,00000	0,00000	0,00000
6,11325	15,00000	0,00000	0,00000	0,00000	0,00000	0,00000	0,00000
6,12563	12,00000	0,00000	0,00000	0,00000	0,00000	0,00000	0,00000
6,13800	12,00000	0,00000	0,00000	0,00000	0,00000	0,00000	0,00000
6,15038	15,00000	0,00000	0,00000	0,00000	0,00000	0,00000	0,00000
6,16275	15,00000	0,00000	0,00000	0,00000	0,00000	0,00000	0,00000
6,17513	15,00000	0,00000	0,00000	0,00000	0,00000	0,00000	0,00000
6,18750	15,00000	0,00000	0,00000	0,00000	0,00000	0,00000	0,00000
6,19988	15,00000	0,00000	0,00000	0,00000	0,00000	0,00000	0,00000
6,21225	11,00000	0,00000	0,00000	0,00000	0,00000	0,00000	0,00000
6,22463	11,00000	0,00000	0,00000	0,00000	0,00000	0,00000	0,00000
6,23700	13,00000	0,00000	0,00000	0,00000	0,00000	0,00000	0,00000
6,24938	13,00000	0,00000	0,00000	0,00000	0,00000	0,00000	0,00000
6,26175	12,00000	0,00000	0,00000	0,00000	0,00000	0,00000	0,00000
6,27413	12,00000	0,00000	0,00000	0,00000	0,00000	0,00000	0,00000
6,28650	15,00000	0,00000	0,00000	0,00000	0,00000	0,00000	0,00000
6,29888	13,00000	0,00000	0,00000	0,00000	0,00000	0,00000	0,00000
6,31125	16,00000	0,00000	0,00000	0,00000	0,00000	0,00000	0,00000
6,32363	16,00000	0,00000	0,00000	0,00000	0,00000	0,00000	0,00000
6,33600	16,00000	0,00000	0,00000	0,00000	0,00000	0,00000	0,00000
6,34837	13,00000	0,00000	0,00000	0,00000	0,00000	0,00000	0,00000
6,36075	12,00000	0,00000	0,00000	0,00000	0,00000	0,00000	0,00000
6,37312	16,00000	0,00000	0,00000	0,00000	0,00000	0,00000	0,00000
6,38550	16,00000	0,00000	0,00000	0,00000	0,00000	0,00000	0,00000
6,39787	13,00000	0,00000	0,00000	0,00000	0,00000	0,00000	0,00000
6,41025	15,00000	0,00000	0,00000	0,00000	0,00000	0,00000	0,00000
6,42263	15,00000	0,00000	0,00000	0,00000	0,00000	0,00000	0,00000
6,43500	12,00000	0,00000	0,00000	0,00000	0,00000	0,00000	0,00000
6,44738	12,00000	0,00000	0,00000	0,00000	0,00000	0,00000	0,00000
6,45975	15,00000	0,00000	0,00000	0,00000	0,00000	0,00000	0,00000
6,47213	15,00000	0,00000	0,00000	0,00000	0,00000	0,00000	0,00000
6,48450	15,00000	0,00000	0,00000	0,00000	0,00000	0,00000	0,00000
6,49688	12,00000	0,00000	0,00000	0,00000	0,00000	0,00000	0,00000
6,50925	16,00000	0,00000	0,00000	0,00000	0,00000	0,00000	0,00000
6,52163	16,00000	0,00000	0,00000	0,00000	0,00000	0,00000	0,00000
6,53400	16,00000	0,00000	0,00000	0,00000	0,00000	0,00000	0,00000
6,54638	16,00000	0,00000	0,00000	0,00000	0,00000	0,00000	0,00000
6,55875	16,00000	0,00000	0,00000	0,00000	0,00000	0,00000	0,00000
6,57113	16,00000	0,00000	0,00000	0,00000	0,00000	0,00000	0,00000
6,58350	16,00000	0,00000	0,00000	0,00000	0,00000	0,00000	0,00000
6,59588	16,00000	0,00000	0,00000	0,00000	0,00000	0,00000	0,00000
6,60825	16,00000	0,00000	0,00000	0,00000	0,00000	0,00000	0,00000
6,62063	13,00000	0,00000	0,00000	0,00000	0,00000	0,00000	0,00000
6,63300	13,00000	0,00000	0,00000	0,00000	0,00000	0,00000	0,00000
6,64538	13,00000	0,00000	0,00000	0,00000	0,00000	0,00000	0,00000
6,65775	16,00000	0,00000	0,00000	0,00000	0,00000	0,00000	0,00000
6,67013	16,00000	0,00000	0,00000	0,00000	0,00000	0,00000	0,00000
6,68250	13,00000	0,00000	0,00000	0,00000	0,00000	0,00000	0,00000
6,69488	15,00000	0,00000	0,00000	0,00000	0,00000	0,00000	0,00000
6,70725	12,00000	0,00000	0,00000	0,00000	0,00000	0,00000	0,00000
6,71963	12,00000	0,00000	0,00000	0,00000	0,00000	0,00000	0,00000
6,73200	16,00000	0,00000	0,00000	0,00000	0,00000	0,00000	0,00000
6,74438	16,00000	0,00000	0,00000	0,00000	0,00000	0,00000	0,00000
6,75675	13,00000	0,00000	0,00000	0,00000	0,00000	0,00000	0,00000
6,76913	13,00000	0,00000	0,00000	0,00000	0,00000	0,00000	0,00000
6,78150	16,00000	0,00000	0,00000	0,00000	0,00000	0,00000	0,00000
6,79387	16,00000	0,00000	0,00000	0,00000	0,00000	0,00000	0,00000
6,80625	12,00000	0,00000	0,00000	0,00000	0,00000	0,00000	0,00000
6,81862	13,00000	0,00000	0,00000	0,00000	0,00000	0,00000	0,00000
6,83100	16,00000	0,00000	0,00000	0,00000	0,00000	0,00000	0,00000
6,84337	13,00000	0,00000	0,00000	0,00000	0,00000	0,00000	0,00000
6,85575	13,00000	0,00000	0,00000	0,00000	0,00000	0,00000	0,00000
6,86813	15,00000	0,00000	0,00000	0,00000	0,00000	0,00000	0,00000
6,88050	15,00000	0,00000	0,00000	0,00000	0,00000	0,00000	0,00000
6,89288	15,00000	0,00000	0,00000	0,00000	0,00000	0,00000	0,00000
6,90525	15,00000	0,00000	0,00000	0,00000	0,00000	0,00000	0,00000
6,91763	15,00000	0,00000	0,00000	0,00000	0,00000	0,00000	0,00000
6,93000	12,00000	0,00000	0,00000	0,00000	0,00000	0,00000	0,00000
6,94238	12,00000	0,00000	0,00000	0,00000	0,00000	0,00000	0,00000
6,95475	12,00000	0,00000	0,00000	0,00000	0,00000	0,00000	0,00000
6,96713	15,00000	0,00000	0,00000	0,00000	0,00000	0,00000	0,00000
6,97950	15,00000	0,00000	0,00000	0,00000	0,00000	0,00000	0,00000
6,99188	13,00000	0,00000	0,00000	0,00000	0,00000	0,00000	0,00000
7,00425	16,00000	0,00000	0,00000	0,00000	0,00000	0,00000	0,00000
7,01663	16,00000	0,00000	0,00000	0,00000	0,00000	0,00000	0,00000
7,02900	13,00000	0,00000	0,00000	0,00000	0,00000	0,00000	0,00000
7,04138	13,00000	0,00000	0,00000	0,00000	0,00000	0,00000	0,00000
7,05375	16,00000	0,00000	0,00000	0,00000	0,00000	0,00000	0,00000
7,06613	15,00000	0,00000	0,00000	0,00000	0,00000	0,00000	0,00000
7,07850	12,00000	0,00000	0,00000	0,00000	0,00000	0,00000	0,00000
7,09088	12,00000	0,00000	0,00000	0,00000	0,00000	0,00000	0,00000
7,10325	12,00000	0,00000	0,00000	0,00000	0,00000	0,00000	0,00000
7,11563	16,00000	0,00000	0,00000	0,00000	0,00000	0,00000	0,00000
7,12800	16,00000	0,00000	0,00000	0,00000	0,00000	0,00000	0,00000
7,14038	13,00000	0,00000	0,00000	0,00000	0,00000	0,00000	0,00000
7,15275	15,00000	0,00000	0,00000	0,00000	0,00000	0,00000	0,00000
7,16513	12,00000	0,00000	0,00000	0,00000	0,00000	0,00000	0,00000
7,17750	15,00000	0,00000	0,00000	0,00000	0,00000	0,00000	0,00000
7,18988	16,00000	0,00000	0,00000	0,00000	0,00000	0,00000	0,00000
7,20225	15,00000	0,00000	0,00000	0,00000	0,00000	0,00000	0,00000
7,21463	12,00000	0,00000	0,00000	0,00000	0,00000	0,00000	0,00000
7,22700	12,00000	0,00000	0,00000	0,00000	0,00000	0,00000	0,00000
7,23938	15,00000	0,00000	0,00000	0,00000	0,00000	0,00000	0,00000
7,25175	12,00000	0,00000	0,00000	0,00000	0,00000	0,00000	0,00000
7,26412	13,00000	0,00000	0,00000	0,00000	0,00000	0,00000	0,00000
7,27650	16,00000	0,00000	0,00000	0,00000	0,00000	0,00000	0,00000
7,28887	16,00000	0,00000	0,00000	0,00000	0,00000	0,00000	0,00000
7,30125	13,00000	0,00000	0,00000	0,00000	0,00000	0,00000	0,00000
7,31363	13,00000	0,00000	0,00000	0,00000	0,00000	0,00000	0,00000
7,32600	16,00000	0,00000	0,00000	0,00000	0,00000	0,00000	0,00000
7,33838	16,00000	0,00000	0,00000	0,00000	0,00000	0,00000	0,00000
7,35075	13,00000	0,00000	0,00000	0,00000	0,00000	0,00000	0,00000
7,36313	15,00000	0,00000	0,00000	0,00000	0,00000	0,00000	0,00000
7,37550	12,00000	0,00000	0,00000	0,00000	0,00000	0,00000	0,00000
7,38788	12,00000	0,00000	0,00000	0,00000	0,00000	0,00000	0,00000
7,40025	15,00000	0,00000	0,00000	0,00000	0,00000	0,00000	0,00000
7,41263	15,00000	0,00000	0,00000	0,00000	0,00000	0,00000	0,00000
7,42500	12,00000	0,00000	0,00000	0,00000	0,00000	0,00000	0,00000
7,43738	12,00000	0,00000	0,00000	0,00000	0,00000	0,00000	0,00000
7,44975	13,00000	0,00000	0,00000	0,00000	0,00000	0,00000	0,00000
7,46213	13,00000	0,00000	0,00000	0,00000	0,00000	0,00000	0,00000
7,47450	11,00000	0,00000	0,00000	0,00000	0,00000	0,00000	0,00000
7,48688	11,00000	0,00000	0,00000	0,00000	0,00000	0,00000	0,00000
7,49925	13,00000	0,00000	0,00000	0,00000	0,00000	0,00000	0,00000
7,51163	15,00000	0,00000	0,00000	0,00000	0,00000	0,00000	0,00000
7,52400	15,00000	0,00000	0,00000	0,00000	0,00000	0,00000	0,00000
7,53638	12,00000	0,00000	0,00000	0,00000	0,00000	0,00000	0,00000
7,54875	12,00000	0,00000	0,00000	0,00000	0,00000	0,00000	0,00000
7,56113	12,00000	0,00000	0,00000	0,00000	0,00000	0,00000	0,00000
7,57350	15,00000	0,00000	0,00000	0,00000	0,00000	0,00000	0,00000
7,58588	12,00000	0,00000	0,00000	0,00000	0,00000	0,00000	0,00000
7,59825	12,00000	0,00000	0,00000	0,00000	0,00000	0,00000	0,00000
7,61063	12,00000	0,00000	0,00000	0,00000	0,00000	0,00000	0,00000
7,62300	16,00000	0,00000	0,00000	0,00000	0,00000	0,00000	0,00000
7,63538	17,00000	0,00000	0,00000	0,00000	0,00000	0,00000	0,00000
7,64775	17,00000	0,00000	0,00000	0,00000	0,00000	0,00000	0,00000
7,66013	17,00000	0,00000	0,00000	0,00000	0,00000	0,00000	0,00000
7,67250	17,00000	0,00000	0,00000	0,00000	0,00000	0,00000	0,00000
7,68488	17,00000	0,00000	0,00000	0,00000	0,00000	0,00000	0,00000
7,69725	16,00000	0,00000	0,00000	0,00000	0,00000	0,00000	0,00000
7,70962	13,00000	0,00000	0,00000	0,00000	0,00000	0,00000	0,00000
7,72200	13,00000	0,00000	0,00000	0,00000	0,00000	0,00000	0,00000
7,73438	15,00000	0,00000	0,00000	0,00000	0,00000	0,00000	0,00000
7,74675	16,00000	0,00000	0,00000	0,00000	0,00000	0,00000	0,00000
7,75913	12,00000	0,00000	0,00000	0,00000	0,00000	0,00000	0,00000
7,77150	13,00000	0,00000	0,00000	0,00000	0,00000	0,00000	0,00000
7,78388	16,00000	0,00000	0,00000	0,00000	0,00000	0,00000	0,00000
7,79625	16,00000	0,00000	0,00000	0,00000	0,00000	0,00000	0,00000
7,80863	16,00000	0,00000	0,00000	0,00000	0,00000	0,00000	0,00000
7,82100	13,00000	0,00000	0,00000	0,00000	0,00000	0,00000	0,00000
7,83338	13,00000	0,00000	0,00000	0,00000	0,00000	0,00000	0,00000
7,84575	15,00000	0,00000	0,00000	0,00000	0,00000	0,00000	0,00000
7,85813	15,00000	0,00000	0,00000	0,00000	0,00000	0,00000	0,00000
7,87050	15,00000	0,00000	0,00000	0,00000	0,00000	0,00000	0,00000
7,88288	12,00000	0,00000	0,00000	0,00000	0,00000	0,00000	0,00000
0,00000	10,00000	0,00000	0,00000	0,00000	0,00000	0,00000	0,00000
0,00000	9,00000	0,00000	0,00000	0,00000	0,00000	0,00000	0,00000
