GRUPPE3_Greyline15.dat
04.10.2021
16:18:51
GRUPPE3

Gauss coefficients notation:
Amplitude
FWHM
Std.Abw.
[Fehler]
offset
BEAMCUT  LINES:

X H  in mm	Y H rel	Gauss fit H	H Gauss Coefficients	X V in mm	Y V rel	Gauss fit V	V Gauss Coefficientes
0,00000	16,00000	0,00000	0,00000	0,00000	13,00000	0,00000	0,00000
0,01238	15,00000	0,00000	0,00000	0,01238	16,00000	0,00000	0,00000
0,02475	13,00000	0,00000	0,00000	0,02475	13,00000	0,00000	0,00000
0,03713	16,00000	0,00000	0,00000	0,03713	13,00000	0,00000	0,00000
0,04950	16,00000	0,00000	0,00000	0,04950	17,00000	0,00000	0,00000
0,06187	16,00000	0,00000	0,00000	0,06188	18,00000	0,00000	0,00000
0,07425	16,00000	0,00000	0,00000	0,07425	17,00000	0,00000	0,00000
0,08663	13,00000	0,00000	0,00000	0,08663	18,00000	0,00000	0,00000
0,09900	12,00000	0,00000	0,00000	0,09900	15,00000	0,00000	0,00000
0,11138	13,00000	0,00000	0,00000	0,11138	15,00000	0,00000	0,00000
0,12375	16,00000	0,00000	0,00000	0,12375	17,00000	0,00000	0,00000
0,13612	16,00000	0,00000	0,00000	0,13613	17,00000	0,00000	0,00000
0,14850	15,00000	0,00000	0,00000	0,14850	17,00000	0,00000	0,00000
0,16088	17,00000	0,00000	0,00000	0,16088	16,00000	0,00000	0,00000
0,17325	17,00000	0,00000	0,00000	0,17325	17,00000	0,00000	0,00000
0,18563	15,00000	0,00000	0,00000	0,18563	17,00000	0,00000	0,00000
0,19800	15,00000	0,00000	0,00000	0,19800	17,00000	0,00000	0,00000
0,21038	17,00000	0,00000	0,00000	0,21038	16,00000	0,00000	0,00000
0,22275	17,00000	0,00000	0,00000	0,22275	17,00000	0,00000	0,00000
0,23513	15,00000	0,00000	0,00000	0,23513	17,00000	0,00000	0,00000
0,24750	16,00000	0,00000	0,00000	0,24750	16,00000	0,00000	0,00000
0,25988	13,00000	0,00000	0,00000	0,25988	16,00000	0,00000	0,00000
0,27225	13,00000	0,00000	0,00000	0,27225	16,00000	0,00000	0,00000
0,28463	16,00000	0,00000	0,00000	0,28463	17,00000	0,00000	0,00000
0,29700	17,00000	0,00000	0,00000	0,29700	13,00000	0,00000	0,00000
0,30938	17,00000	0,00000	0,00000	0,30938	17,00000	0,00000	0,00000
0,32175	17,00000	0,00000	0,00000	0,32175	15,00000	0,00000	0,00000
0,33413	16,00000	0,00000	0,00000	0,33413	16,00000	0,00000	0,00000
0,34650	12,00000	0,00000	0,00000	0,34650	15,00000	0,00000	0,00000
0,35887	13,00000	0,00000	0,00000	0,35888	16,00000	0,00000	0,00000
0,37125	13,00000	0,00000	0,00000	0,37125	16,00000	0,00000	0,00000
0,38362	16,00000	0,00000	0,00000	0,38363	16,00000	0,00000	0,00000
0,39600	17,00000	0,00000	0,00000	0,39600	18,00000	0,00000	0,00000
0,40838	17,00000	0,00000	0,00000	0,40838	17,00000	0,00000	0,00000
0,42075	18,00000	0,00000	0,00000	0,42075	16,00000	0,00000	0,00000
0,43313	15,00000	0,00000	0,00000	0,43313	17,00000	0,00000	0,00000
0,44550	13,00000	0,00000	0,00000	0,44550	15,00000	0,00000	0,00000
0,45788	13,00000	0,00000	0,00000	0,45788	16,00000	0,00000	0,00000
0,47025	13,00000	0,00000	0,00000	0,47025	16,00000	0,00000	0,00000
0,48263	16,00000	0,00000	0,00000	0,48263	15,00000	0,00000	0,00000
0,49500	16,00000	0,00000	0,00000	0,49500	17,00000	0,00000	0,00000
0,50738	16,00000	0,00000	0,00000	0,50738	17,00000	0,00000	0,00000
0,51975	16,00000	0,00000	0,00000	0,51975	17,00000	0,00000	0,00000
0,53213	16,00000	0,00000	0,00000	0,53213	16,00000	0,00000	0,00000
0,54450	16,00000	0,00000	0,00000	0,54450	13,00000	0,00000	0,00000
0,55688	16,00000	0,00000	0,00000	0,55688	16,00000	0,00000	0,00000
0,56925	16,00000	0,00000	0,00000	0,56925	13,00000	0,00000	0,00000
0,58163	12,00000	0,00000	0,00000	0,58163	16,00000	0,00000	0,00000
0,59400	13,00000	0,00000	0,00000	0,59400	15,00000	0,00000	0,00000
0,60637	16,00000	0,00000	0,00000	0,60638	16,00000	0,00000	0,00000
0,61875	17,00000	0,00000	0,00000	0,61875	15,00000	0,00000	0,00000
0,63113	15,00000	0,00000	0,00000	0,63113	17,00000	0,00000	0,00000
0,64350	15,00000	0,00000	0,00000	0,64350	16,00000	0,00000	0,00000
0,65587	15,00000	0,00000	0,00000	0,65588	17,00000	0,00000	0,00000
0,66825	17,00000	0,00000	0,00000	0,66825	17,00000	0,00000	0,00000
0,68063	17,00000	0,00000	0,00000	0,68063	17,00000	0,00000	0,00000
0,69300	17,00000	0,00000	0,00000	0,69300	17,00000	0,00000	0,00000
0,70538	17,00000	0,00000	0,00000	0,70538	17,00000	0,00000	0,00000
0,71775	17,00000	0,00000	0,00000	0,71775	12,00000	0,00000	0,00000
0,73013	15,00000	0,00000	0,00000	0,73013	17,00000	0,00000	0,00000
0,74250	15,00000	0,00000	0,00000	0,74250	17,00000	0,00000	0,00000
0,75488	16,00000	0,00000	0,00000	0,75488	16,00000	0,00000	0,00000
0,76725	16,00000	0,00000	0,00000	0,76725	17,00000	0,00000	0,00000
0,77963	16,00000	0,00000	0,00000	0,77963	15,00000	0,00000	0,00000
0,79200	16,00000	0,00000	0,00000	0,79200	18,00000	0,00000	0,00000
0,80438	16,00000	0,00000	0,00000	0,80438	16,00000	0,00000	0,00000
0,81675	15,00000	0,00000	0,00000	0,81675	15,00000	0,00000	0,00000
0,82913	15,00000	0,00000	0,00000	0,82913	17,00000	0,00000	0,00000
0,84150	17,00000	0,00000	0,00000	0,84150	15,00000	0,00000	0,00000
0,85388	17,00000	0,00000	0,00000	0,85388	17,00000	0,00000	0,00000
0,86625	15,00000	0,00000	0,00000	0,86625	16,00000	0,00000	0,00000
0,87862	15,00000	0,00000	0,00000	0,87863	15,00000	0,00000	0,00000
0,89100	16,00000	0,00000	0,00000	0,89100	16,00000	0,00000	0,00000
0,90338	15,00000	0,00000	0,00000	0,90338	18,00000	0,00000	0,00000
0,91575	15,00000	0,00000	0,00000	0,91575	17,00000	0,00000	0,00000
0,92813	17,00000	0,00000	0,00000	0,92813	17,00000	0,00000	0,00000
0,94050	16,00000	0,00000	0,00000	0,94050	17,00000	0,00000	0,00000
0,95288	13,00000	0,00000	0,00000	0,95288	17,00000	0,00000	0,00000
0,96525	13,00000	0,00000	0,00000	0,96525	15,00000	0,00000	0,00000
0,97763	15,00000	0,00000	0,00000	0,97763	17,00000	0,00000	0,00000
0,99000	13,00000	0,00000	0,00000	0,99000	12,00000	0,00000	0,00000
1,00238	13,00000	0,00000	0,00000	1,00238	13,00000	0,00000	0,00000
1,01475	16,00000	0,00000	0,00000	1,01475	13,00000	0,00000	0,00000
1,02713	15,00000	0,00000	0,00000	1,02713	15,00000	0,00000	0,00000
1,03950	17,00000	0,00000	0,00000	1,03950	17,00000	0,00000	0,00000
1,05188	17,00000	0,00000	0,00000	1,05188	17,00000	0,00000	0,00000
1,06425	17,00000	0,00000	0,00000	1,06425	15,00000	0,00000	0,00000
1,07662	15,00000	0,00000	0,00000	1,07663	17,00000	0,00000	0,00000
1,08900	15,00000	0,00000	0,00000	1,08900	15,00000	0,00000	0,00000
1,10137	15,00000	0,00000	0,00000	1,10138	13,00000	0,00000	0,00000
1,11375	17,00000	0,00000	0,00000	1,11375	16,00000	0,00000	0,00000
1,12613	17,00000	0,00000	0,00000	1,12613	16,00000	0,00000	0,00000
1,13850	17,00000	0,00000	0,00000	1,13850	17,00000	0,00000	0,00000
1,15088	17,00000	0,00000	0,00000	1,15088	16,00000	0,00000	0,00000
1,16325	17,00000	0,00000	0,00000	1,16325	17,00000	0,00000	0,00000
1,17563	15,00000	0,00000	0,00000	1,17563	16,00000	0,00000	0,00000
1,18800	15,00000	0,00000	0,00000	1,18800	13,00000	0,00000	0,00000
1,20037	16,00000	0,00000	0,00000	1,20038	16,00000	0,00000	0,00000
1,21275	16,00000	0,00000	0,00000	1,21275	12,00000	0,00000	0,00000
1,22513	16,00000	0,00000	0,00000	1,22513	12,00000	0,00000	0,00000
1,23750	16,00000	0,00000	0,00000	1,23750	17,00000	0,00000	0,00000
1,24988	15,00000	0,00000	0,00000	1,24988	16,00000	0,00000	0,00000
1,26225	15,00000	0,00000	0,00000	1,26225	15,00000	0,00000	0,00000
1,27463	17,00000	0,00000	0,00000	1,27463	17,00000	0,00000	0,00000
1,28700	17,00000	0,00000	0,00000	1,28700	15,00000	0,00000	0,00000
1,29938	18,00000	0,00000	0,00000	1,29938	15,00000	0,00000	0,00000
1,31175	15,00000	0,00000	0,00000	1,31175	17,00000	0,00000	0,00000
1,32412	16,00000	0,00000	0,00000	1,32413	13,00000	0,00000	0,00000
1,33650	13,00000	0,00000	0,00000	1,33650	15,00000	0,00000	0,00000
1,34888	13,00000	0,00000	0,00000	1,34888	16,00000	0,00000	0,00000
1,36125	15,00000	0,00000	0,00000	1,36125	15,00000	0,00000	0,00000
1,37363	15,00000	0,00000	0,00000	1,37363	16,00000	0,00000	0,00000
1,38600	15,00000	0,00000	0,00000	1,38600	16,00000	0,00000	0,00000
1,39838	15,00000	0,00000	0,00000	1,39838	15,00000	0,00000	0,00000
1,41075	12,00000	0,00000	0,00000	1,41075	15,00000	0,00000	0,00000
1,42312	16,00000	0,00000	0,00000	1,42313	16,00000	0,00000	0,00000
1,43550	16,00000	0,00000	0,00000	1,43550	15,00000	0,00000	0,00000
1,44788	16,00000	0,00000	0,00000	1,44788	16,00000	0,00000	0,00000
1,46025	15,00000	0,00000	0,00000	1,46025	15,00000	0,00000	0,00000
1,47263	15,00000	0,00000	0,00000	1,47263	17,00000	0,00000	0,00000
1,48500	17,00000	0,00000	0,00000	1,48500	13,00000	0,00000	0,00000
1,49738	17,00000	0,00000	0,00000	1,49738	16,00000	0,00000	0,00000
1,50975	15,00000	0,00000	0,00000	1,50975	13,00000	0,00000	0,00000
1,52213	16,00000	0,00000	0,00000	1,52213	17,00000	0,00000	0,00000
1,53450	13,00000	0,00000	0,00000	1,53450	15,00000	0,00000	0,00000
1,54688	13,00000	0,00000	0,00000	1,54688	16,00000	0,00000	0,00000
1,55925	13,00000	0,00000	0,00000	1,55925	16,00000	0,00000	0,00000
1,57163	13,00000	0,00000	0,00000	1,57163	16,00000	0,00000	0,00000
1,58400	16,00000	0,00000	0,00000	1,58400	17,00000	0,00000	0,00000
1,59638	16,00000	0,00000	0,00000	1,59638	16,00000	0,00000	0,00000
1,60875	15,00000	0,00000	0,00000	1,60875	13,00000	0,00000	0,00000
1,62113	15,00000	0,00000	0,00000	1,62113	15,00000	0,00000	0,00000
1,63350	17,00000	0,00000	0,00000	1,63350	15,00000	0,00000	0,00000
1,64587	17,00000	0,00000	0,00000	1,64588	17,00000	0,00000	0,00000
1,65825	17,00000	0,00000	0,00000	1,65825	16,00000	0,00000	0,00000
1,67063	13,00000	0,00000	0,00000	1,67063	16,00000	0,00000	0,00000
1,68300	13,00000	0,00000	0,00000	1,68300	16,00000	0,00000	0,00000
1,69538	12,00000	0,00000	0,00000	1,69538	17,00000	0,00000	0,00000
1,70775	15,00000	0,00000	0,00000	1,70775	16,00000	0,00000	0,00000
1,72013	12,00000	0,00000	0,00000	1,72013	16,00000	0,00000	0,00000
1,73250	16,00000	0,00000	0,00000	1,73250	17,00000	0,00000	0,00000
1,74488	16,00000	0,00000	0,00000	1,74488	16,00000	0,00000	0,00000
1,75725	15,00000	0,00000	0,00000	1,75725	15,00000	0,00000	0,00000
1,76963	17,00000	0,00000	0,00000	1,76963	16,00000	0,00000	0,00000
1,78200	17,00000	0,00000	0,00000	1,78200	15,00000	0,00000	0,00000
1,79438	16,00000	0,00000	0,00000	1,79438	16,00000	0,00000	0,00000
1,80675	12,00000	0,00000	0,00000	1,80675	15,00000	0,00000	0,00000
1,81913	12,00000	0,00000	0,00000	1,81913	17,00000	0,00000	0,00000
1,83150	15,00000	0,00000	0,00000	1,83150	16,00000	0,00000	0,00000
1,84388	16,00000	0,00000	0,00000	1,84388	16,00000	0,00000	0,00000
1,85625	16,00000	0,00000	0,00000	1,85625	16,00000	0,00000	0,00000
1,86862	13,00000	0,00000	0,00000	1,86863	12,00000	0,00000	0,00000
1,88100	13,00000	0,00000	0,00000	1,88100	16,00000	0,00000	0,00000
1,89338	16,00000	0,00000	0,00000	1,89338	16,00000	0,00000	0,00000
1,90575	16,00000	0,00000	0,00000	1,90575	13,00000	0,00000	0,00000
1,91813	16,00000	0,00000	0,00000	1,91813	13,00000	0,00000	0,00000
1,93050	16,00000	0,00000	0,00000	1,93050	13,00000	0,00000	0,00000
1,94288	12,00000	0,00000	0,00000	1,94288	16,00000	0,00000	0,00000
1,95525	13,00000	0,00000	0,00000	1,95525	13,00000	0,00000	0,00000
1,96763	16,00000	0,00000	0,00000	1,96763	16,00000	0,00000	0,00000
1,98000	16,00000	0,00000	0,00000	1,98000	17,00000	0,00000	0,00000
1,99238	16,00000	0,00000	0,00000	1,99238	16,00000	0,00000	0,00000
2,00475	16,00000	0,00000	0,00000	2,00475	17,00000	0,00000	0,00000
2,01713	13,00000	0,00000	0,00000	2,01713	16,00000	0,00000	0,00000
2,02950	13,00000	0,00000	0,00000	2,02950	16,00000	0,00000	0,00000
2,04188	16,00000	0,00000	0,00000	2,04188	17,00000	0,00000	0,00000
2,05425	17,00000	0,00000	0,00000	2,05425	12,00000	0,00000	0,00000
2,06663	17,00000	0,00000	0,00000	2,06663	13,00000	0,00000	0,00000
2,07900	17,00000	0,00000	0,00000	2,07900	12,00000	0,00000	0,00000
2,09138	15,00000	0,00000	0,00000	2,09138	16,00000	0,00000	0,00000
2,10375	15,00000	0,00000	0,00000	2,10375	17,00000	0,00000	0,00000
2,11613	17,00000	0,00000	0,00000	2,11613	17,00000	0,00000	0,00000
2,12850	17,00000	0,00000	0,00000	2,12850	15,00000	0,00000	0,00000
2,14088	15,00000	0,00000	0,00000	2,14088	16,00000	0,00000	0,00000
2,15325	15,00000	0,00000	0,00000	2,15325	15,00000	0,00000	0,00000
2,16562	17,00000	0,00000	0,00000	2,16563	16,00000	0,00000	0,00000
2,17800	17,00000	0,00000	0,00000	2,17800	16,00000	0,00000	0,00000
2,19037	16,00000	0,00000	0,00000	2,19038	15,00000	0,00000	0,00000
2,20275	13,00000	0,00000	0,00000	2,20275	17,00000	0,00000	0,00000
2,21513	13,00000	0,00000	0,00000	2,21513	17,00000	0,00000	0,00000
2,22750	16,00000	0,00000	0,00000	2,22750	17,00000	0,00000	0,00000
2,23988	16,00000	0,00000	0,00000	2,23988	17,00000	0,00000	0,00000
2,25225	16,00000	0,00000	0,00000	2,25225	23,00000	0,00000	0,00000
2,26463	16,00000	0,00000	0,00000	2,26463	32,00000	0,00000	0,00000
2,27700	16,00000	0,00000	0,00000	2,27700	41,00000	0,00000	0,00000
2,28938	16,00000	0,00000	0,00000	2,28938	58,00000	0,00000	0,00000
2,30175	13,00000	0,00000	0,00000	2,30175	71,00000	0,00000	0,00000
2,31413	13,00000	0,00000	0,00000	2,31413	88,00000	0,00000	0,00000
2,32650	13,00000	0,00000	0,00000	2,32650	104,00000	0,00000	0,00000
2,33888	16,00000	0,00000	0,00000	2,33888	111,00000	0,00000	0,00000
2,35125	16,00000	0,00000	0,00000	2,35125	118,00000	0,00000	0,00000
2,36363	16,00000	0,00000	0,00000	2,36363	123,00000	0,00000	0,00000
2,37600	16,00000	0,00000	0,00000	2,37600	122,00000	0,00000	0,00000
2,38837	16,00000	0,00000	0,00000	2,38838	117,00000	0,00000	0,00000
2,40075	16,00000	0,00000	0,00000	2,40075	110,00000	0,00000	0,00000
2,41312	16,00000	0,00000	0,00000	2,41313	103,00000	0,00000	0,00000
2,42550	13,00000	0,00000	0,00000	2,42550	90,00000	0,00000	0,00000
2,43788	12,00000	0,00000	0,00000	2,43788	82,00000	0,00000	0,00000
2,45025	13,00000	0,00000	0,00000	2,45025	73,00000	0,00000	0,00000
2,46263	16,00000	0,00000	0,00000	2,46263	62,00000	0,00000	0,00000
2,47500	17,00000	0,00000	0,00000	2,47500	54,00000	0,00000	0,00000
2,48738	17,00000	0,00000	0,00000	2,48738	46,00000	0,00000	0,00000
2,49975	15,00000	0,00000	0,00000	2,49975	40,00000	0,00000	0,00000
2,51213	16,00000	0,00000	0,00000	2,51213	38,00000	0,00000	0,00000
2,52450	13,00000	0,00000	0,00000	2,52450	31,00000	0,00000	0,00000
2,53688	12,00000	0,00000	0,00000	2,53688	32,00000	0,00000	0,00000
2,54925	15,00000	0,00000	0,00000	2,54925	24,00000	0,00000	0,00000
2,56163	12,00000	0,00000	0,00000	2,56163	25,00000	0,00000	0,00000
2,57400	12,00000	0,00000	0,00000	2,57400	22,00000	0,00000	0,00000
2,58638	15,00000	0,00000	0,00000	2,58638	22,00000	0,00000	0,00000
2,59875	15,00000	0,00000	0,00000	2,59875	20,00000	0,00000	0,00000
2,61112	15,00000	0,00000	0,00000	2,61113	19,00000	0,00000	0,00000
2,62350	13,00000	0,00000	0,00000	2,62350	18,00000	0,00000	0,00000
2,63587	13,00000	0,00000	0,00000	2,63588	17,00000	0,00000	0,00000
2,64825	16,00000	0,00000	0,00000	2,64825	16,00000	0,00000	0,00000
2,66063	16,00000	0,00000	0,00000	2,66063	16,00000	0,00000	0,00000
2,67300	15,00000	0,00000	0,00000	2,67300	17,00000	0,00000	0,00000
2,68538	15,00000	0,00000	0,00000	2,68538	16,00000	0,00000	0,00000
2,69775	17,00000	0,00000	0,00000	2,69775	17,00000	0,00000	0,00000
2,71013	16,00000	0,00000	0,00000	2,71013	17,00000	0,00000	0,00000
2,72250	16,00000	0,00000	0,00000	2,72250	16,00000	0,00000	0,00000
2,73488	13,00000	0,00000	0,00000	2,73488	15,00000	0,00000	0,00000
2,74725	16,00000	0,00000	0,00000	2,74725	16,00000	0,00000	0,00000
2,75963	16,00000	0,00000	0,00000	2,75963	16,00000	0,00000	0,00000
2,77200	16,00000	0,00000	0,00000	2,77200	16,00000	0,00000	0,00000
2,78438	16,00000	0,00000	0,00000	2,78438	15,00000	0,00000	0,00000
2,79675	16,00000	0,00000	0,00000	2,79675	16,00000	0,00000	0,00000
2,80913	16,00000	0,00000	0,00000	2,80913	16,00000	0,00000	0,00000
2,82150	16,00000	0,00000	0,00000	2,82150	13,00000	0,00000	0,00000
2,83387	16,00000	0,00000	0,00000	2,83388	16,00000	0,00000	0,00000
2,84625	16,00000	0,00000	0,00000	2,84625	17,00000	0,00000	0,00000
2,85862	16,00000	0,00000	0,00000	2,85863	17,00000	0,00000	0,00000
2,87100	16,00000	0,00000	0,00000	2,87100	16,00000	0,00000	0,00000
2,88338	15,00000	0,00000	0,00000	2,88338	16,00000	0,00000	0,00000
2,89575	15,00000	0,00000	0,00000	2,89575	13,00000	0,00000	0,00000
2,90813	17,00000	0,00000	0,00000	2,90813	15,00000	0,00000	0,00000
2,92050	17,00000	0,00000	0,00000	2,92050	15,00000	0,00000	0,00000
2,93288	15,00000	0,00000	0,00000	2,93288	16,00000	0,00000	0,00000
2,94525	15,00000	0,00000	0,00000	2,94525	16,00000	0,00000	0,00000
2,95763	16,00000	0,00000	0,00000	2,95763	16,00000	0,00000	0,00000
2,97000	16,00000	0,00000	0,00000	2,97000	17,00000	0,00000	0,00000
2,98238	13,00000	0,00000	0,00000	2,98238	12,00000	0,00000	0,00000
2,99475	16,00000	0,00000	0,00000	2,99475	16,00000	0,00000	0,00000
3,00713	16,00000	0,00000	0,00000	3,00713	16,00000	0,00000	0,00000
3,01950	13,00000	0,00000	0,00000	3,01950	17,00000	0,00000	0,00000
3,03188	12,00000	0,00000	0,00000	3,03188	12,00000	0,00000	0,00000
3,04425	15,00000	0,00000	0,00000	3,04425	17,00000	0,00000	0,00000
3,05662	16,00000	0,00000	0,00000	3,05663	13,00000	0,00000	0,00000
3,06900	13,00000	0,00000	0,00000	3,06900	12,00000	0,00000	0,00000
3,08137	13,00000	0,00000	0,00000	3,08138	15,00000	0,00000	0,00000
3,09375	16,00000	0,00000	0,00000	3,09375	13,00000	0,00000	0,00000
3,10613	17,00000	0,00000	0,00000	3,10613	15,00000	0,00000	0,00000
3,11850	17,00000	0,00000	0,00000	3,11850	13,00000	0,00000	0,00000
3,13088	15,00000	0,00000	0,00000	3,13088	16,00000	0,00000	0,00000
3,14325	15,00000	0,00000	0,00000	3,14325	16,00000	0,00000	0,00000
3,15563	16,00000	0,00000	0,00000	3,15563	15,00000	0,00000	0,00000
3,16800	16,00000	0,00000	0,00000	3,16800	16,00000	0,00000	0,00000
3,18038	16,00000	0,00000	0,00000	3,18038	16,00000	0,00000	0,00000
3,19275	16,00000	0,00000	0,00000	3,19275	12,00000	0,00000	0,00000
3,20513	13,00000	0,00000	0,00000	3,20513	16,00000	0,00000	0,00000
3,21750	13,00000	0,00000	0,00000	3,21750	16,00000	0,00000	0,00000
3,22988	15,00000	0,00000	0,00000	3,22988	12,00000	0,00000	0,00000
3,24225	15,00000	0,00000	0,00000	3,24225	12,00000	0,00000	0,00000
3,25463	15,00000	0,00000	0,00000	3,25463	12,00000	0,00000	0,00000
3,26700	12,00000	0,00000	0,00000	3,26700	17,00000	0,00000	0,00000
3,27938	12,00000	0,00000	0,00000	3,27938	16,00000	0,00000	0,00000
3,29175	15,00000	0,00000	0,00000	3,29175	17,00000	0,00000	0,00000
3,30412	15,00000	0,00000	0,00000	3,30413	16,00000	0,00000	0,00000
3,31650	15,00000	0,00000	0,00000	3,31650	12,00000	0,00000	0,00000
3,32888	13,00000	0,00000	0,00000	3,32888	13,00000	0,00000	0,00000
3,34125	13,00000	0,00000	0,00000	3,34125	16,00000	0,00000	0,00000
3,35363	16,00000	0,00000	0,00000	3,35363	16,00000	0,00000	0,00000
3,36600	16,00000	0,00000	0,00000	3,36600	16,00000	0,00000	0,00000
3,37838	16,00000	0,00000	0,00000	3,37838	16,00000	0,00000	0,00000
3,39075	16,00000	0,00000	0,00000	3,39075	16,00000	0,00000	0,00000
3,40313	13,00000	0,00000	0,00000	3,40313	16,00000	0,00000	0,00000
3,41550	15,00000	0,00000	0,00000	3,41550	16,00000	0,00000	0,00000
3,42788	12,00000	0,00000	0,00000	3,42788	16,00000	0,00000	0,00000
3,44025	12,00000	0,00000	0,00000	3,44025	12,00000	0,00000	0,00000
3,45263	15,00000	0,00000	0,00000	3,45263	16,00000	0,00000	0,00000
3,46500	13,00000	0,00000	0,00000	3,46500	12,00000	0,00000	0,00000
3,47738	16,00000	0,00000	0,00000	3,47738	18,00000	0,00000	0,00000
3,48975	16,00000	0,00000	0,00000	3,48975	12,00000	0,00000	0,00000
3,50213	16,00000	0,00000	0,00000	3,50213	16,00000	0,00000	0,00000
3,51450	16,00000	0,00000	0,00000	3,51450	16,00000	0,00000	0,00000
3,52687	16,00000	0,00000	0,00000	3,52688	15,00000	0,00000	0,00000
3,53925	16,00000	0,00000	0,00000	3,53925	16,00000	0,00000	0,00000
3,55163	13,00000	0,00000	0,00000	3,55163	12,00000	0,00000	0,00000
3,56400	13,00000	0,00000	0,00000	3,56400	16,00000	0,00000	0,00000
3,57638	13,00000	0,00000	0,00000	3,57638	16,00000	0,00000	0,00000
3,58875	16,00000	0,00000	0,00000	3,58875	15,00000	0,00000	0,00000
3,60113	15,00000	0,00000	0,00000	3,60113	16,00000	0,00000	0,00000
3,61350	12,00000	0,00000	0,00000	3,61350	17,00000	0,00000	0,00000
3,62588	15,00000	0,00000	0,00000	3,62588	16,00000	0,00000	0,00000
3,63825	13,00000	0,00000	0,00000	3,63825	15,00000	0,00000	0,00000
3,65063	16,00000	0,00000	0,00000	3,65063	15,00000	0,00000	0,00000
3,66300	16,00000	0,00000	0,00000	3,66300	15,00000	0,00000	0,00000
3,67538	13,00000	0,00000	0,00000	3,67538	16,00000	0,00000	0,00000
3,68775	13,00000	0,00000	0,00000	3,68775	15,00000	0,00000	0,00000
3,70013	13,00000	0,00000	0,00000	3,70013	12,00000	0,00000	0,00000
3,71250	16,00000	0,00000	0,00000	3,71250	13,00000	0,00000	0,00000
3,72488	17,00000	0,00000	0,00000	3,72488	16,00000	0,00000	0,00000
3,73725	17,00000	0,00000	0,00000	3,73725	15,00000	0,00000	0,00000
3,74962	15,00000	0,00000	0,00000	3,74963	15,00000	0,00000	0,00000
3,76200	16,00000	0,00000	0,00000	3,76200	16,00000	0,00000	0,00000
3,77438	13,00000	0,00000	0,00000	3,77438	12,00000	0,00000	0,00000
3,78675	13,00000	0,00000	0,00000	3,78675	16,00000	0,00000	0,00000
3,79913	13,00000	0,00000	0,00000	3,79913	16,00000	0,00000	0,00000
3,81150	13,00000	0,00000	0,00000	3,81150	13,00000	0,00000	0,00000
3,82388	16,00000	0,00000	0,00000	3,82388	12,00000	0,00000	0,00000
3,83625	17,00000	0,00000	0,00000	3,83625	16,00000	0,00000	0,00000
3,84863	16,00000	0,00000	0,00000	3,84863	15,00000	0,00000	0,00000
3,86100	16,00000	0,00000	0,00000	3,86100	16,00000	0,00000	0,00000
3,87338	13,00000	0,00000	0,00000	3,87338	12,00000	0,00000	0,00000
3,88575	13,00000	0,00000	0,00000	3,88575	13,00000	0,00000	0,00000
3,89813	17,00000	0,00000	0,00000	3,89813	16,00000	0,00000	0,00000
3,91050	17,00000	0,00000	0,00000	3,91050	16,00000	0,00000	0,00000
3,92288	15,00000	0,00000	0,00000	3,92288	16,00000	0,00000	0,00000
3,93525	15,00000	0,00000	0,00000	3,93525	16,00000	0,00000	0,00000
3,94763	17,00000	0,00000	0,00000	3,94763	15,00000	0,00000	0,00000
3,96000	17,00000	0,00000	0,00000	3,96000	16,00000	0,00000	0,00000
3,97237	15,00000	0,00000	0,00000	3,97238	13,00000	0,00000	0,00000
3,98475	15,00000	0,00000	0,00000	3,98475	15,00000	0,00000	0,00000
3,99713	18,00000	0,00000	0,00000	3,99713	16,00000	0,00000	0,00000
4,00950	17,00000	0,00000	0,00000	4,00950	15,00000	0,00000	0,00000
4,02188	17,00000	0,00000	0,00000	4,02188	13,00000	0,00000	0,00000
4,03425	15,00000	0,00000	0,00000	4,03425	16,00000	0,00000	0,00000
4,04663	16,00000	0,00000	0,00000	4,04663	16,00000	0,00000	0,00000
4,05900	13,00000	0,00000	0,00000	4,05900	17,00000	0,00000	0,00000
4,07138	13,00000	0,00000	0,00000	4,07138	15,00000	0,00000	0,00000
4,08375	16,00000	0,00000	0,00000	4,08375	16,00000	0,00000	0,00000
4,09612	16,00000	0,00000	0,00000	4,09613	13,00000	0,00000	0,00000
4,10850	15,00000	0,00000	0,00000	4,10850	15,00000	0,00000	0,00000
4,12087	15,00000	0,00000	0,00000	4,12088	12,00000	0,00000	0,00000
4,13325	17,00000	0,00000	0,00000	4,13325	12,00000	0,00000	0,00000
4,14562	15,00000	0,00000	0,00000	4,14563	13,00000	0,00000	0,00000
4,15800	16,00000	0,00000	0,00000	4,15800	12,00000	0,00000	0,00000
4,17037	19,00000	0,00000	0,00000	4,17038	16,00000	0,00000	0,00000
4,18275	22,00000	0,00000	0,00000	4,18275	15,00000	0,00000	0,00000
4,19512	22,00000	0,00000	0,00000	4,19513	15,00000	0,00000	0,00000
4,20750	25,00000	0,00000	0,00000	4,20750	16,00000	0,00000	0,00000
4,21988	29,00000	0,00000	0,00000	4,21988	13,00000	0,00000	0,00000
4,23225	34,00000	0,00000	0,00000	4,23225	13,00000	0,00000	0,00000
4,24463	41,00000	0,00000	0,00000	4,24463	16,00000	0,00000	0,00000
4,25700	47,00000	0,00000	0,00000	4,25700	13,00000	0,00000	0,00000
4,26938	59,00000	0,00000	0,00000	4,26938	13,00000	0,00000	0,00000
4,28175	72,00000	0,00000	0,00000	4,28175	13,00000	0,00000	0,00000
4,29413	81,00000	0,00000	0,00000	4,29413	15,00000	0,00000	0,00000
4,30650	94,00000	0,00000	0,00000	4,30650	17,00000	0,00000	0,00000
4,31888	104,00000	0,00000	0,00000	4,31888	12,00000	0,00000	0,00000
4,33125	115,00000	0,00000	0,00000	4,33125	15,00000	0,00000	0,00000
4,34363	122,00000	0,00000	0,00000	4,34363	15,00000	0,00000	0,00000
4,35600	122,00000	0,00000	0,00000	4,35600	15,00000	0,00000	0,00000
4,36838	121,00000	0,00000	0,00000	4,36838	15,00000	0,00000	0,00000
4,38075	118,00000	0,00000	0,00000	4,38075	16,00000	0,00000	0,00000
4,39313	109,00000	0,00000	0,00000	4,39313	16,00000	0,00000	0,00000
4,40550	97,00000	0,00000	0,00000	4,40550	13,00000	0,00000	0,00000
4,41788	88,00000	0,00000	0,00000	4,41788	16,00000	0,00000	0,00000
4,43025	76,00000	0,00000	0,00000	4,43025	16,00000	0,00000	0,00000
4,44263	64,00000	0,00000	0,00000	4,44263	17,00000	0,00000	0,00000
4,45500	47,00000	0,00000	0,00000	4,45500	12,00000	0,00000	0,00000
4,46738	36,00000	0,00000	0,00000	4,46738	16,00000	0,00000	0,00000
4,47975	29,00000	0,00000	0,00000	4,47975	15,00000	0,00000	0,00000
4,49213	25,00000	0,00000	0,00000	4,49213	16,00000	0,00000	0,00000
4,50450	20,00000	0,00000	0,00000	4,50450	15,00000	0,00000	0,00000
4,51688	18,00000	0,00000	0,00000	4,51688	15,00000	0,00000	0,00000
4,52925	16,00000	0,00000	0,00000	4,52925	13,00000	0,00000	0,00000
4,54162	17,00000	0,00000	0,00000	4,54163	15,00000	0,00000	0,00000
4,55400	15,00000	0,00000	0,00000	4,55400	15,00000	0,00000	0,00000
4,56637	15,00000	0,00000	0,00000	4,56638	16,00000	0,00000	0,00000
4,57875	16,00000	0,00000	0,00000	4,57875	16,00000	0,00000	0,00000
4,59112	16,00000	0,00000	0,00000	4,59113	12,00000	0,00000	0,00000
4,60350	16,00000	0,00000	0,00000	4,60350	16,00000	0,00000	0,00000
4,61587	16,00000	0,00000	0,00000	4,61588	12,00000	0,00000	0,00000
4,62825	16,00000	0,00000	0,00000	4,62825	16,00000	0,00000	0,00000
4,64063	13,00000	0,00000	0,00000	4,64063	12,00000	0,00000	0,00000
4,65300	13,00000	0,00000	0,00000	4,65300	12,00000	0,00000	0,00000
4,66538	16,00000	0,00000	0,00000	4,66538	16,00000	0,00000	0,00000
4,67775	16,00000	0,00000	0,00000	4,67775	16,00000	0,00000	0,00000
4,69013	12,00000	0,00000	0,00000	4,69013	16,00000	0,00000	0,00000
4,70250	12,00000	0,00000	0,00000	4,70250	16,00000	0,00000	0,00000
4,71488	13,00000	0,00000	0,00000	4,71488	16,00000	0,00000	0,00000
4,72725	16,00000	0,00000	0,00000	4,72725	16,00000	0,00000	0,00000
4,73963	17,00000	0,00000	0,00000	4,73963	17,00000	0,00000	0,00000
4,75200	17,00000	0,00000	0,00000	4,75200	16,00000	0,00000	0,00000
4,76438	15,00000	0,00000	0,00000	4,76438	16,00000	0,00000	0,00000
4,77675	15,00000	0,00000	0,00000	4,77675	15,00000	0,00000	0,00000
4,78913	16,00000	0,00000	0,00000	4,78913	16,00000	0,00000	0,00000
4,80150	16,00000	0,00000	0,00000	4,80150	16,00000	0,00000	0,00000
4,81388	16,00000	0,00000	0,00000	4,81388	13,00000	0,00000	0,00000
4,82625	16,00000	0,00000	0,00000	4,82625	15,00000	0,00000	0,00000
4,83863	16,00000	0,00000	0,00000	4,83863	16,00000	0,00000	0,00000
4,85100	13,00000	0,00000	0,00000	4,85100	16,00000	0,00000	0,00000
4,86338	13,00000	0,00000	0,00000	4,86338	16,00000	0,00000	0,00000
4,87575	16,00000	0,00000	0,00000	4,87575	16,00000	0,00000	0,00000
4,88813	16,00000	0,00000	0,00000	4,88813	15,00000	0,00000	0,00000
4,90050	16,00000	0,00000	0,00000	4,90050	15,00000	0,00000	0,00000
4,91288	13,00000	0,00000	0,00000	4,91288	15,00000	0,00000	0,00000
4,92525	13,00000	0,00000	0,00000	4,92525	13,00000	0,00000	0,00000
4,93763	15,00000	0,00000	0,00000	4,93763	12,00000	0,00000	0,00000
4,95000	15,00000	0,00000	0,00000	4,95000	16,00000	0,00000	0,00000
4,96238	12,00000	0,00000	0,00000	4,96238	13,00000	0,00000	0,00000
4,97475	12,00000	0,00000	0,00000	4,97475	17,00000	0,00000	0,00000
4,98712	15,00000	0,00000	0,00000	4,98713	12,00000	0,00000	0,00000
4,99950	12,00000	0,00000	0,00000	4,99950	16,00000	0,00000	0,00000
5,01187	12,00000	0,00000	0,00000	5,01188	13,00000	0,00000	0,00000
5,02425	12,00000	0,00000	0,00000	5,02425	15,00000	0,00000	0,00000
5,03662	15,00000	0,00000	0,00000	5,03663	13,00000	0,00000	0,00000
5,04900	16,00000	0,00000	0,00000	5,04900	15,00000	0,00000	0,00000
5,06137	16,00000	0,00000	0,00000	5,06138	15,00000	0,00000	0,00000
5,07375	16,00000	0,00000	0,00000	5,07375	12,00000	0,00000	0,00000
5,08613	13,00000	0,00000	0,00000	5,08613	12,00000	0,00000	0,00000
5,09850	13,00000	0,00000	0,00000	5,09850	12,00000	0,00000	0,00000
5,11088	15,00000	0,00000	0,00000	5,11088	12,00000	0,00000	0,00000
5,12325	15,00000	0,00000	0,00000	5,12325	15,00000	0,00000	0,00000
5,13563	13,00000	0,00000	0,00000	5,13563	13,00000	0,00000	0,00000
5,14800	15,00000	0,00000	0,00000	5,14800	15,00000	0,00000	0,00000
5,16038	16,00000	0,00000	0,00000	5,16038	16,00000	0,00000	0,00000
5,17275	12,00000	0,00000	0,00000	5,17275	13,00000	0,00000	0,00000
5,18513	12,00000	0,00000	0,00000	5,18513	16,00000	0,00000	0,00000
5,19750	12,00000	0,00000	0,00000	5,19750	15,00000	0,00000	0,00000
5,20988	16,00000	0,00000	0,00000	5,20988	12,00000	0,00000	0,00000
5,22225	15,00000	0,00000	0,00000	5,22225	16,00000	0,00000	0,00000
5,23463	13,00000	0,00000	0,00000	5,23463	11,00000	0,00000	0,00000
5,24700	15,00000	0,00000	0,00000	5,24700	16,00000	0,00000	0,00000
5,25938	15,00000	0,00000	0,00000	5,25938	16,00000	0,00000	0,00000
5,27175	15,00000	0,00000	0,00000	5,27175	13,00000	0,00000	0,00000
5,28413	15,00000	0,00000	0,00000	5,28413	12,00000	0,00000	0,00000
5,29650	15,00000	0,00000	0,00000	5,29650	16,00000	0,00000	0,00000
5,30888	12,00000	0,00000	0,00000	5,30888	12,00000	0,00000	0,00000
5,32125	12,00000	0,00000	0,00000	5,32125	15,00000	0,00000	0,00000
5,33363	15,00000	0,00000	0,00000	5,33363	13,00000	0,00000	0,00000
5,34600	15,00000	0,00000	0,00000	5,34600	11,00000	0,00000	0,00000
5,35838	12,00000	0,00000	0,00000	5,35838	13,00000	0,00000	0,00000
5,37075	12,00000	0,00000	0,00000	5,37075	15,00000	0,00000	0,00000
5,38313	16,00000	0,00000	0,00000	5,38313	12,00000	0,00000	0,00000
5,39550	16,00000	0,00000	0,00000	5,39550	15,00000	0,00000	0,00000
5,40788	13,00000	0,00000	0,00000	5,40788	15,00000	0,00000	0,00000
5,42025	13,00000	0,00000	0,00000	5,42025	15,00000	0,00000	0,00000
5,43262	16,00000	0,00000	0,00000	5,43263	16,00000	0,00000	0,00000
5,44500	16,00000	0,00000	0,00000	5,44500	16,00000	0,00000	0,00000
5,45737	16,00000	0,00000	0,00000	5,45738	15,00000	0,00000	0,00000
5,46975	16,00000	0,00000	0,00000	5,46975	15,00000	0,00000	0,00000
5,48212	16,00000	0,00000	0,00000	5,48213	12,00000	0,00000	0,00000
5,49450	16,00000	0,00000	0,00000	5,49450	15,00000	0,00000	0,00000
5,50687	16,00000	0,00000	0,00000	5,50688	15,00000	0,00000	0,00000
5,51925	16,00000	0,00000	0,00000	5,51925	13,00000	0,00000	0,00000
5,53163	13,00000	0,00000	0,00000	5,53163	15,00000	0,00000	0,00000
5,54400	15,00000	0,00000	0,00000	5,54400	15,00000	0,00000	0,00000
5,55638	15,00000	0,00000	0,00000	5,55638	13,00000	0,00000	0,00000
5,56875	12,00000	0,00000	0,00000	5,56875	15,00000	0,00000	0,00000
5,58113	12,00000	0,00000	0,00000	5,58113	15,00000	0,00000	0,00000
5,59350	15,00000	0,00000	0,00000	5,59350	15,00000	0,00000	0,00000
5,60588	16,00000	0,00000	0,00000	5,60588	11,00000	0,00000	0,00000
5,61825	16,00000	0,00000	0,00000	5,61825	16,00000	0,00000	0,00000
5,63063	13,00000	0,00000	0,00000	5,63063	15,00000	0,00000	0,00000
5,64300	13,00000	0,00000	0,00000	5,64300	16,00000	0,00000	0,00000
5,65538	13,00000	0,00000	0,00000	5,65538	15,00000	0,00000	0,00000
5,66775	13,00000	0,00000	0,00000	5,66775	15,00000	0,00000	0,00000
5,68013	16,00000	0,00000	0,00000	5,68013	12,00000	0,00000	0,00000
5,69250	13,00000	0,00000	0,00000	5,69250	13,00000	0,00000	0,00000
5,70488	16,00000	0,00000	0,00000	5,70488	16,00000	0,00000	0,00000
5,71725	16,00000	0,00000	0,00000	5,71725	15,00000	0,00000	0,00000
5,72963	16,00000	0,00000	0,00000	5,72963	15,00000	0,00000	0,00000
5,74200	16,00000	0,00000	0,00000	5,74200	17,00000	0,00000	0,00000
5,75438	16,00000	0,00000	0,00000	5,75438	13,00000	0,00000	0,00000
5,76675	13,00000	0,00000	0,00000	5,76675	16,00000	0,00000	0,00000
5,77913	13,00000	0,00000	0,00000	5,77913	16,00000	0,00000	0,00000
5,79150	16,00000	0,00000	0,00000	5,79150	13,00000	0,00000	0,00000
5,80388	17,00000	0,00000	0,00000	5,80388	12,00000	0,00000	0,00000
5,81625	15,00000	0,00000	0,00000	5,81625	15,00000	0,00000	0,00000
5,82863	15,00000	0,00000	0,00000	5,82863	15,00000	0,00000	0,00000
5,84100	16,00000	0,00000	0,00000	5,84100	16,00000	0,00000	0,00000
5,85338	16,00000	0,00000	0,00000	5,85338	16,00000	0,00000	0,00000
5,86575	16,00000	0,00000	0,00000	5,86575	16,00000	0,00000	0,00000
5,87813	13,00000	0,00000	0,00000	5,87813	12,00000	0,00000	0,00000
5,89050	13,00000	0,00000	0,00000	5,89050	15,00000	0,00000	0,00000
5,90287	13,00000	0,00000	0,00000	5,90288	15,00000	0,00000	0,00000
5,91525	13,00000	0,00000	0,00000	0,00000	13,00000	0,00000	0,00000
5,92762	16,00000	0,00000	0,00000	0,00000	9,00000	0,00000	0,00000
5,94000	16,00000	0,00000	0,00000	0,00000	0,00000	0,00000	0,00000
5,95237	13,00000	0,00000	0,00000	0,00000	0,00000	0,00000	0,00000
5,96475	13,00000	0,00000	0,00000	0,00000	0,00000	0,00000	0,00000
5,97713	13,00000	0,00000	0,00000	0,00000	0,00000	0,00000	0,00000
5,98950	13,00000	0,00000	0,00000	0,00000	0,00000	0,00000	0,00000
6,00188	16,00000	0,00000	0,00000	0,00000	0,00000	0,00000	0,00000
6,01425	15,00000	0,00000	0,00000	0,00000	0,00000	0,00000	0,00000
6,02663	12,00000	0,00000	0,00000	0,00000	0,00000	0,00000	0,00000
6,03900	12,00000	0,00000	0,00000	0,00000	0,00000	0,00000	0,00000
6,05138	15,00000	0,00000	0,00000	0,00000	0,00000	0,00000	0,00000
6,06375	16,00000	0,00000	0,00000	0,00000	0,00000	0,00000	0,00000
6,07613	15,00000	0,00000	0,00000	0,00000	0,00000	0,00000	0,00000
6,08850	12,00000	0,00000	0,00000	0,00000	0,00000	0,00000	0,00000
6,10088	15,00000	0,00000	0,00000	0,00000	0,00000	0,00000	0,00000
6,11325	15,00000	0,00000	0,00000	0,00000	0,00000	0,00000	0,00000
6,12563	13,00000	0,00000	0,00000	0,00000	0,00000	0,00000	0,00000
6,13800	13,00000	0,00000	0,00000	0,00000	0,00000	0,00000	0,00000
6,15038	16,00000	0,00000	0,00000	0,00000	0,00000	0,00000	0,00000
6,16275	16,00000	0,00000	0,00000	0,00000	0,00000	0,00000	0,00000
6,17513	12,00000	0,00000	0,00000	0,00000	0,00000	0,00000	0,00000
6,18750	13,00000	0,00000	0,00000	0,00000	0,00000	0,00000	0,00000
6,19988	16,00000	0,00000	0,00000	0,00000	0,00000	0,00000	0,00000
6,21225	16,00000	0,00000	0,00000	0,00000	0,00000	0,00000	0,00000
6,22463	16,00000	0,00000	0,00000	0,00000	0,00000	0,00000	0,00000
6,23700	16,00000	0,00000	0,00000	0,00000	0,00000	0,00000	0,00000
6,24938	16,00000	0,00000	0,00000	0,00000	0,00000	0,00000	0,00000
6,26175	13,00000	0,00000	0,00000	0,00000	0,00000	0,00000	0,00000
6,27413	15,00000	0,00000	0,00000	0,00000	0,00000	0,00000	0,00000
6,28650	12,00000	0,00000	0,00000	0,00000	0,00000	0,00000	0,00000
6,29888	15,00000	0,00000	0,00000	0,00000	0,00000	0,00000	0,00000
6,31125	15,00000	0,00000	0,00000	0,00000	0,00000	0,00000	0,00000
6,32363	12,00000	0,00000	0,00000	0,00000	0,00000	0,00000	0,00000
6,33600	16,00000	0,00000	0,00000	0,00000	0,00000	0,00000	0,00000
6,34837	16,00000	0,00000	0,00000	0,00000	0,00000	0,00000	0,00000
6,36075	16,00000	0,00000	0,00000	0,00000	0,00000	0,00000	0,00000
6,37312	13,00000	0,00000	0,00000	0,00000	0,00000	0,00000	0,00000
6,38550	15,00000	0,00000	0,00000	0,00000	0,00000	0,00000	0,00000
6,39787	12,00000	0,00000	0,00000	0,00000	0,00000	0,00000	0,00000
6,41025	12,00000	0,00000	0,00000	0,00000	0,00000	0,00000	0,00000
6,42263	12,00000	0,00000	0,00000	0,00000	0,00000	0,00000	0,00000
6,43500	15,00000	0,00000	0,00000	0,00000	0,00000	0,00000	0,00000
6,44738	15,00000	0,00000	0,00000	0,00000	0,00000	0,00000	0,00000
6,45975	13,00000	0,00000	0,00000	0,00000	0,00000	0,00000	0,00000
6,47213	16,00000	0,00000	0,00000	0,00000	0,00000	0,00000	0,00000
6,48450	16,00000	0,00000	0,00000	0,00000	0,00000	0,00000	0,00000
6,49688	16,00000	0,00000	0,00000	0,00000	0,00000	0,00000	0,00000
6,50925	16,00000	0,00000	0,00000	0,00000	0,00000	0,00000	0,00000
6,52163	16,00000	0,00000	0,00000	0,00000	0,00000	0,00000	0,00000
6,53400	13,00000	0,00000	0,00000	0,00000	0,00000	0,00000	0,00000
6,54638	13,00000	0,00000	0,00000	0,00000	0,00000	0,00000	0,00000
6,55875	15,00000	0,00000	0,00000	0,00000	0,00000	0,00000	0,00000
6,57113	15,00000	0,00000	0,00000	0,00000	0,00000	0,00000	0,00000
6,58350	12,00000	0,00000	0,00000	0,00000	0,00000	0,00000	0,00000
6,59588	12,00000	0,00000	0,00000	0,00000	0,00000	0,00000	0,00000
6,60825	15,00000	0,00000	0,00000	0,00000	0,00000	0,00000	0,00000
6,62063	13,00000	0,00000	0,00000	0,00000	0,00000	0,00000	0,00000
6,63300	13,00000	0,00000	0,00000	0,00000	0,00000	0,00000	0,00000
6,64538	17,00000	0,00000	0,00000	0,00000	0,00000	0,00000	0,00000
6,65775	17,00000	0,00000	0,00000	0,00000	0,00000	0,00000	0,00000
6,67013	15,00000	0,00000	0,00000	0,00000	0,00000	0,00000	0,00000
6,68250	15,00000	0,00000	0,00000	0,00000	0,00000	0,00000	0,00000
6,69488	17,00000	0,00000	0,00000	0,00000	0,00000	0,00000	0,00000
6,70725	16,00000	0,00000	0,00000	0,00000	0,00000	0,00000	0,00000
6,71963	13,00000	0,00000	0,00000	0,00000	0,00000	0,00000	0,00000
6,73200	16,00000	0,00000	0,00000	0,00000	0,00000	0,00000	0,00000
6,74438	15,00000	0,00000	0,00000	0,00000	0,00000	0,00000	0,00000
6,75675	15,00000	0,00000	0,00000	0,00000	0,00000	0,00000	0,00000
6,76913	12,00000	0,00000	0,00000	0,00000	0,00000	0,00000	0,00000
6,78150	15,00000	0,00000	0,00000	0,00000	0,00000	0,00000	0,00000
6,79387	16,00000	0,00000	0,00000	0,00000	0,00000	0,00000	0,00000
6,80625	15,00000	0,00000	0,00000	0,00000	0,00000	0,00000	0,00000
6,81862	15,00000	0,00000	0,00000	0,00000	0,00000	0,00000	0,00000
6,83100	13,00000	0,00000	0,00000	0,00000	0,00000	0,00000	0,00000
6,84337	11,00000	0,00000	0,00000	0,00000	0,00000	0,00000	0,00000
6,85575	11,00000	0,00000	0,00000	0,00000	0,00000	0,00000	0,00000
6,86813	13,00000	0,00000	0,00000	0,00000	0,00000	0,00000	0,00000
6,88050	15,00000	0,00000	0,00000	0,00000	0,00000	0,00000	0,00000
6,89288	15,00000	0,00000	0,00000	0,00000	0,00000	0,00000	0,00000
6,90525	15,00000	0,00000	0,00000	0,00000	0,00000	0,00000	0,00000
6,91763	12,00000	0,00000	0,00000	0,00000	0,00000	0,00000	0,00000
6,93000	12,00000	0,00000	0,00000	0,00000	0,00000	0,00000	0,00000
6,94238	12,00000	0,00000	0,00000	0,00000	0,00000	0,00000	0,00000
6,95475	15,00000	0,00000	0,00000	0,00000	0,00000	0,00000	0,00000
6,96713	15,00000	0,00000	0,00000	0,00000	0,00000	0,00000	0,00000
6,97950	12,00000	0,00000	0,00000	0,00000	0,00000	0,00000	0,00000
6,99188	12,00000	0,00000	0,00000	0,00000	0,00000	0,00000	0,00000
7,00425	12,00000	0,00000	0,00000	0,00000	0,00000	0,00000	0,00000
7,01663	15,00000	0,00000	0,00000	0,00000	0,00000	0,00000	0,00000
7,02900	13,00000	0,00000	0,00000	0,00000	0,00000	0,00000	0,00000
7,04138	16,00000	0,00000	0,00000	0,00000	0,00000	0,00000	0,00000
7,05375	16,00000	0,00000	0,00000	0,00000	0,00000	0,00000	0,00000
7,06613	17,00000	0,00000	0,00000	0,00000	0,00000	0,00000	0,00000
7,07850	13,00000	0,00000	0,00000	0,00000	0,00000	0,00000	0,00000
7,09088	13,00000	0,00000	0,00000	0,00000	0,00000	0,00000	0,00000
7,10325	15,00000	0,00000	0,00000	0,00000	0,00000	0,00000	0,00000
7,11563	15,00000	0,00000	0,00000	0,00000	0,00000	0,00000	0,00000
7,12800	12,00000	0,00000	0,00000	0,00000	0,00000	0,00000	0,00000
7,14038	15,00000	0,00000	0,00000	0,00000	0,00000	0,00000	0,00000
7,15275	13,00000	0,00000	0,00000	0,00000	0,00000	0,00000	0,00000
7,16513	16,00000	0,00000	0,00000	0,00000	0,00000	0,00000	0,00000
7,17750	16,00000	0,00000	0,00000	0,00000	0,00000	0,00000	0,00000
7,18988	16,00000	0,00000	0,00000	0,00000	0,00000	0,00000	0,00000
7,20225	12,00000	0,00000	0,00000	0,00000	0,00000	0,00000	0,00000
7,21463	12,00000	0,00000	0,00000	0,00000	0,00000	0,00000	0,00000
7,22700	12,00000	0,00000	0,00000	0,00000	0,00000	0,00000	0,00000
7,23938	15,00000	0,00000	0,00000	0,00000	0,00000	0,00000	0,00000
7,25175	15,00000	0,00000	0,00000	0,00000	0,00000	0,00000	0,00000
7,26412	16,00000	0,00000	0,00000	0,00000	0,00000	0,00000	0,00000
7,27650	15,00000	0,00000	0,00000	0,00000	0,00000	0,00000	0,00000
7,28887	12,00000	0,00000	0,00000	0,00000	0,00000	0,00000	0,00000
7,30125	12,00000	0,00000	0,00000	0,00000	0,00000	0,00000	0,00000
7,31363	12,00000	0,00000	0,00000	0,00000	0,00000	0,00000	0,00000
7,32600	16,00000	0,00000	0,00000	0,00000	0,00000	0,00000	0,00000
7,33838	15,00000	0,00000	0,00000	0,00000	0,00000	0,00000	0,00000
7,35075	15,00000	0,00000	0,00000	0,00000	0,00000	0,00000	0,00000
7,36313	12,00000	0,00000	0,00000	0,00000	0,00000	0,00000	0,00000
7,37550	12,00000	0,00000	0,00000	0,00000	0,00000	0,00000	0,00000
7,38788	15,00000	0,00000	0,00000	0,00000	0,00000	0,00000	0,00000
7,40025	12,00000	0,00000	0,00000	0,00000	0,00000	0,00000	0,00000
7,41263	13,00000	0,00000	0,00000	0,00000	0,00000	0,00000	0,00000
7,42500	16,00000	0,00000	0,00000	0,00000	0,00000	0,00000	0,00000
7,43738	16,00000	0,00000	0,00000	0,00000	0,00000	0,00000	0,00000
7,44975	16,00000	0,00000	0,00000	0,00000	0,00000	0,00000	0,00000
7,46213	12,00000	0,00000	0,00000	0,00000	0,00000	0,00000	0,00000
7,47450	12,00000	0,00000	0,00000	0,00000	0,00000	0,00000	0,00000
7,48688	12,00000	0,00000	0,00000	0,00000	0,00000	0,00000	0,00000
7,49925	15,00000	0,00000	0,00000	0,00000	0,00000	0,00000	0,00000
7,51163	16,00000	0,00000	0,00000	0,00000	0,00000	0,00000	0,00000
7,52400	16,00000	0,00000	0,00000	0,00000	0,00000	0,00000	0,00000
7,53638	16,00000	0,00000	0,00000	0,00000	0,00000	0,00000	0,00000
7,54875	13,00000	0,00000	0,00000	0,00000	0,00000	0,00000	0,00000
7,56113	15,00000	0,00000	0,00000	0,00000	0,00000	0,00000	0,00000
7,57350	12,00000	0,00000	0,00000	0,00000	0,00000	0,00000	0,00000
7,58588	15,00000	0,00000	0,00000	0,00000	0,00000	0,00000	0,00000
7,59825	15,00000	0,00000	0,00000	0,00000	0,00000	0,00000	0,00000
7,61063	12,00000	0,00000	0,00000	0,00000	0,00000	0,00000	0,00000
7,62300	12,00000	0,00000	0,00000	0,00000	0,00000	0,00000	0,00000
7,63538	15,00000	0,00000	0,00000	0,00000	0,00000	0,00000	0,00000
7,64775	15,00000	0,00000	0,00000	0,00000	0,00000	0,00000	0,00000
7,66013	12,00000	0,00000	0,00000	0,00000	0,00000	0,00000	0,00000
7,67250	12,00000	0,00000	0,00000	0,00000	0,00000	0,00000	0,00000
7,68488	12,00000	0,00000	0,00000	0,00000	0,00000	0,00000	0,00000
7,69725	16,00000	0,00000	0,00000	0,00000	0,00000	0,00000	0,00000
7,70962	15,00000	0,00000	0,00000	0,00000	0,00000	0,00000	0,00000
7,72200	13,00000	0,00000	0,00000	0,00000	0,00000	0,00000	0,00000
7,73438	13,00000	0,00000	0,00000	0,00000	0,00000	0,00000	0,00000
7,74675	16,00000	0,00000	0,00000	0,00000	0,00000	0,00000	0,00000
7,75913	13,00000	0,00000	0,00000	0,00000	0,00000	0,00000	0,00000
7,77150	13,00000	0,00000	0,00000	0,00000	0,00000	0,00000	0,00000
7,78388	15,00000	0,00000	0,00000	0,00000	0,00000	0,00000	0,00000
7,79625	15,00000	0,00000	0,00000	0,00000	0,00000	0,00000	0,00000
7,80863	15,00000	0,00000	0,00000	0,00000	0,00000	0,00000	0,00000
7,82100	15,00000	0,00000	0,00000	0,00000	0,00000	0,00000	0,00000
7,83338	12,00000	0,00000	0,00000	0,00000	0,00000	0,00000	0,00000
7,84575	12,00000	0,00000	0,00000	0,00000	0,00000	0,00000	0,00000
7,85813	15,00000	0,00000	0,00000	0,00000	0,00000	0,00000	0,00000
7,87050	17,00000	0,00000	0,00000	0,00000	0,00000	0,00000	0,00000
7,88288	12,00000	0,00000	0,00000	0,00000	0,00000	0,00000	0,00000
0,00000	9,00000	0,00000	0,00000	0,00000	0,00000	0,00000	0,00000
0,00000	9,00000	0,00000	0,00000	0,00000	0,00000	0,00000	0,00000
