GRUPPE3_Greyline20.dat
04.10.2021
16:23:22
GRUPPE3

Gauss coefficients notation:
Amplitude
FWHM
Std.Abw.
[Fehler]
offset
BEAMCUT  LINES:

X H  in mm	Y H rel	Gauss fit H	H Gauss Coefficients	X V in mm	Y V rel	Gauss fit V	V Gauss Coefficientes
0,00000	15,00000	0,00000	0,00000	0,00000	17,00000	0,00000	0,00000
0,01238	13,00000	0,00000	0,00000	0,01238	15,00000	0,00000	0,00000
0,02475	15,00000	0,00000	0,00000	0,02475	17,00000	0,00000	0,00000
0,03713	16,00000	0,00000	0,00000	0,03713	17,00000	0,00000	0,00000
0,04950	15,00000	0,00000	0,00000	0,04950	17,00000	0,00000	0,00000
0,06187	12,00000	0,00000	0,00000	0,06188	17,00000	0,00000	0,00000
0,07425	12,00000	0,00000	0,00000	0,07425	17,00000	0,00000	0,00000
0,08663	12,00000	0,00000	0,00000	0,08663	17,00000	0,00000	0,00000
0,09900	15,00000	0,00000	0,00000	0,09900	15,00000	0,00000	0,00000
0,11138	15,00000	0,00000	0,00000	0,11138	17,00000	0,00000	0,00000
0,12375	13,00000	0,00000	0,00000	0,12375	18,00000	0,00000	0,00000
0,13612	16,00000	0,00000	0,00000	0,13613	17,00000	0,00000	0,00000
0,14850	17,00000	0,00000	0,00000	0,14850	17,00000	0,00000	0,00000
0,16088	17,00000	0,00000	0,00000	0,16088	17,00000	0,00000	0,00000
0,17325	16,00000	0,00000	0,00000	0,17325	17,00000	0,00000	0,00000
0,18563	18,00000	0,00000	0,00000	0,18563	18,00000	0,00000	0,00000
0,19800	18,00000	0,00000	0,00000	0,19800	17,00000	0,00000	0,00000
0,21038	17,00000	0,00000	0,00000	0,21038	16,00000	0,00000	0,00000
0,22275	15,00000	0,00000	0,00000	0,22275	17,00000	0,00000	0,00000
0,23513	15,00000	0,00000	0,00000	0,23513	18,00000	0,00000	0,00000
0,24750	16,00000	0,00000	0,00000	0,24750	18,00000	0,00000	0,00000
0,25988	15,00000	0,00000	0,00000	0,25988	17,00000	0,00000	0,00000
0,27225	15,00000	0,00000	0,00000	0,27225	17,00000	0,00000	0,00000
0,28463	17,00000	0,00000	0,00000	0,28463	17,00000	0,00000	0,00000
0,29700	17,00000	0,00000	0,00000	0,29700	15,00000	0,00000	0,00000
0,30938	17,00000	0,00000	0,00000	0,30938	17,00000	0,00000	0,00000
0,32175	13,00000	0,00000	0,00000	0,32175	15,00000	0,00000	0,00000
0,33413	13,00000	0,00000	0,00000	0,33413	16,00000	0,00000	0,00000
0,34650	16,00000	0,00000	0,00000	0,34650	16,00000	0,00000	0,00000
0,35887	17,00000	0,00000	0,00000	0,35888	17,00000	0,00000	0,00000
0,37125	16,00000	0,00000	0,00000	0,37125	17,00000	0,00000	0,00000
0,38362	16,00000	0,00000	0,00000	0,38363	17,00000	0,00000	0,00000
0,39600	13,00000	0,00000	0,00000	0,39600	17,00000	0,00000	0,00000
0,40838	13,00000	0,00000	0,00000	0,40838	17,00000	0,00000	0,00000
0,42075	16,00000	0,00000	0,00000	0,42075	18,00000	0,00000	0,00000
0,43313	16,00000	0,00000	0,00000	0,43313	15,00000	0,00000	0,00000
0,44550	15,00000	0,00000	0,00000	0,44550	17,00000	0,00000	0,00000
0,45788	17,00000	0,00000	0,00000	0,45788	17,00000	0,00000	0,00000
0,47025	17,00000	0,00000	0,00000	0,47025	15,00000	0,00000	0,00000
0,48263	15,00000	0,00000	0,00000	0,48263	17,00000	0,00000	0,00000
0,49500	15,00000	0,00000	0,00000	0,49500	13,00000	0,00000	0,00000
0,50738	15,00000	0,00000	0,00000	0,50738	17,00000	0,00000	0,00000
0,51975	17,00000	0,00000	0,00000	0,51975	17,00000	0,00000	0,00000
0,53213	15,00000	0,00000	0,00000	0,53213	15,00000	0,00000	0,00000
0,54450	15,00000	0,00000	0,00000	0,54450	16,00000	0,00000	0,00000
0,55688	15,00000	0,00000	0,00000	0,55688	17,00000	0,00000	0,00000
0,56925	15,00000	0,00000	0,00000	0,56925	16,00000	0,00000	0,00000
0,58163	17,00000	0,00000	0,00000	0,58163	17,00000	0,00000	0,00000
0,59400	17,00000	0,00000	0,00000	0,59400	17,00000	0,00000	0,00000
0,60637	17,00000	0,00000	0,00000	0,60638	17,00000	0,00000	0,00000
0,61875	17,00000	0,00000	0,00000	0,61875	15,00000	0,00000	0,00000
0,63113	17,00000	0,00000	0,00000	0,63113	18,00000	0,00000	0,00000
0,64350	15,00000	0,00000	0,00000	0,64350	17,00000	0,00000	0,00000
0,65587	15,00000	0,00000	0,00000	0,65588	17,00000	0,00000	0,00000
0,66825	16,00000	0,00000	0,00000	0,66825	16,00000	0,00000	0,00000
0,68063	16,00000	0,00000	0,00000	0,68063	16,00000	0,00000	0,00000
0,69300	16,00000	0,00000	0,00000	0,69300	17,00000	0,00000	0,00000
0,70538	16,00000	0,00000	0,00000	0,70538	16,00000	0,00000	0,00000
0,71775	16,00000	0,00000	0,00000	0,71775	13,00000	0,00000	0,00000
0,73013	16,00000	0,00000	0,00000	0,73013	12,00000	0,00000	0,00000
0,74250	13,00000	0,00000	0,00000	0,74250	16,00000	0,00000	0,00000
0,75488	13,00000	0,00000	0,00000	0,75488	16,00000	0,00000	0,00000
0,76725	17,00000	0,00000	0,00000	0,76725	16,00000	0,00000	0,00000
0,77963	17,00000	0,00000	0,00000	0,77963	13,00000	0,00000	0,00000
0,79200	18,00000	0,00000	0,00000	0,79200	15,00000	0,00000	0,00000
0,80438	16,00000	0,00000	0,00000	0,80438	13,00000	0,00000	0,00000
0,81675	17,00000	0,00000	0,00000	0,81675	17,00000	0,00000	0,00000
0,82913	17,00000	0,00000	0,00000	0,82913	16,00000	0,00000	0,00000
0,84150	15,00000	0,00000	0,00000	0,84150	17,00000	0,00000	0,00000
0,85388	15,00000	0,00000	0,00000	0,85388	15,00000	0,00000	0,00000
0,86625	16,00000	0,00000	0,00000	0,86625	17,00000	0,00000	0,00000
0,87862	16,00000	0,00000	0,00000	0,87863	17,00000	0,00000	0,00000
0,89100	16,00000	0,00000	0,00000	0,89100	15,00000	0,00000	0,00000
0,90338	15,00000	0,00000	0,00000	0,90338	18,00000	0,00000	0,00000
0,91575	15,00000	0,00000	0,00000	0,91575	12,00000	0,00000	0,00000
0,92813	17,00000	0,00000	0,00000	0,92813	17,00000	0,00000	0,00000
0,94050	18,00000	0,00000	0,00000	0,94050	17,00000	0,00000	0,00000
0,95288	17,00000	0,00000	0,00000	0,95288	13,00000	0,00000	0,00000
0,96525	17,00000	0,00000	0,00000	0,96525	17,00000	0,00000	0,00000
0,97763	15,00000	0,00000	0,00000	0,97763	15,00000	0,00000	0,00000
0,99000	15,00000	0,00000	0,00000	0,99000	16,00000	0,00000	0,00000
1,00238	16,00000	0,00000	0,00000	1,00238	18,00000	0,00000	0,00000
1,01475	16,00000	0,00000	0,00000	1,01475	15,00000	0,00000	0,00000
1,02713	16,00000	0,00000	0,00000	1,02713	18,00000	0,00000	0,00000
1,03950	16,00000	0,00000	0,00000	1,03950	16,00000	0,00000	0,00000
1,05188	15,00000	0,00000	0,00000	1,05188	18,00000	0,00000	0,00000
1,06425	15,00000	0,00000	0,00000	1,06425	16,00000	0,00000	0,00000
1,07662	17,00000	0,00000	0,00000	1,07663	16,00000	0,00000	0,00000
1,08900	17,00000	0,00000	0,00000	1,08900	16,00000	0,00000	0,00000
1,10137	17,00000	0,00000	0,00000	1,10138	16,00000	0,00000	0,00000
1,11375	15,00000	0,00000	0,00000	1,11375	18,00000	0,00000	0,00000
1,12613	15,00000	0,00000	0,00000	1,12613	17,00000	0,00000	0,00000
1,13850	17,00000	0,00000	0,00000	1,13850	16,00000	0,00000	0,00000
1,15088	17,00000	0,00000	0,00000	1,15088	18,00000	0,00000	0,00000
1,16325	17,00000	0,00000	0,00000	1,16325	16,00000	0,00000	0,00000
1,17563	17,00000	0,00000	0,00000	1,17563	18,00000	0,00000	0,00000
1,18800	17,00000	0,00000	0,00000	1,18800	18,00000	0,00000	0,00000
1,20037	15,00000	0,00000	0,00000	1,20038	20,00000	0,00000	0,00000
1,21275	15,00000	0,00000	0,00000	1,21275	19,00000	0,00000	0,00000
1,22513	17,00000	0,00000	0,00000	1,22513	17,00000	0,00000	0,00000
1,23750	17,00000	0,00000	0,00000	1,23750	18,00000	0,00000	0,00000
1,24988	17,00000	0,00000	0,00000	1,24988	18,00000	0,00000	0,00000
1,26225	15,00000	0,00000	0,00000	1,26225	16,00000	0,00000	0,00000
1,27463	15,00000	0,00000	0,00000	1,27463	17,00000	0,00000	0,00000
1,28700	16,00000	0,00000	0,00000	1,28700	19,00000	0,00000	0,00000
1,29938	16,00000	0,00000	0,00000	1,29938	19,00000	0,00000	0,00000
1,31175	16,00000	0,00000	0,00000	1,31175	20,00000	0,00000	0,00000
1,32412	16,00000	0,00000	0,00000	1,32413	17,00000	0,00000	0,00000
1,33650	16,00000	0,00000	0,00000	1,33650	17,00000	0,00000	0,00000
1,34888	16,00000	0,00000	0,00000	1,34888	17,00000	0,00000	0,00000
1,36125	13,00000	0,00000	0,00000	1,36125	18,00000	0,00000	0,00000
1,37363	16,00000	0,00000	0,00000	1,37363	17,00000	0,00000	0,00000
1,38600	16,00000	0,00000	0,00000	1,38600	17,00000	0,00000	0,00000
1,39838	16,00000	0,00000	0,00000	1,39838	18,00000	0,00000	0,00000
1,41075	16,00000	0,00000	0,00000	1,41075	18,00000	0,00000	0,00000
1,42312	16,00000	0,00000	0,00000	1,42313	17,00000	0,00000	0,00000
1,43550	16,00000	0,00000	0,00000	1,43550	18,00000	0,00000	0,00000
1,44788	16,00000	0,00000	0,00000	1,44788	18,00000	0,00000	0,00000
1,46025	15,00000	0,00000	0,00000	1,46025	18,00000	0,00000	0,00000
1,47263	15,00000	0,00000	0,00000	1,47263	18,00000	0,00000	0,00000
1,48500	17,00000	0,00000	0,00000	1,48500	15,00000	0,00000	0,00000
1,49738	17,00000	0,00000	0,00000	1,49738	17,00000	0,00000	0,00000
1,50975	17,00000	0,00000	0,00000	1,50975	17,00000	0,00000	0,00000
1,52213	15,00000	0,00000	0,00000	1,52213	18,00000	0,00000	0,00000
1,53450	16,00000	0,00000	0,00000	1,53450	19,00000	0,00000	0,00000
1,54688	16,00000	0,00000	0,00000	1,54688	19,00000	0,00000	0,00000
1,55925	13,00000	0,00000	0,00000	1,55925	23,00000	0,00000	0,00000
1,57163	13,00000	0,00000	0,00000	1,57163	23,00000	0,00000	0,00000
1,58400	16,00000	0,00000	0,00000	1,58400	27,00000	0,00000	0,00000
1,59638	16,00000	0,00000	0,00000	1,59638	31,00000	0,00000	0,00000
1,60875	15,00000	0,00000	0,00000	1,60875	32,00000	0,00000	0,00000
1,62113	12,00000	0,00000	0,00000	1,62113	36,00000	0,00000	0,00000
1,63350	12,00000	0,00000	0,00000	1,63350	41,00000	0,00000	0,00000
1,64587	16,00000	0,00000	0,00000	1,64588	44,00000	0,00000	0,00000
1,65825	15,00000	0,00000	0,00000	1,65825	47,00000	0,00000	0,00000
1,67063	13,00000	0,00000	0,00000	1,67063	54,00000	0,00000	0,00000
1,68300	15,00000	0,00000	0,00000	1,68300	60,00000	0,00000	0,00000
1,69538	13,00000	0,00000	0,00000	1,69538	62,00000	0,00000	0,00000
1,70775	13,00000	0,00000	0,00000	1,70775	69,00000	0,00000	0,00000
1,72013	16,00000	0,00000	0,00000	1,72013	74,00000	0,00000	0,00000
1,73250	16,00000	0,00000	0,00000	1,73250	77,00000	0,00000	0,00000
1,74488	15,00000	0,00000	0,00000	1,74488	89,00000	0,00000	0,00000
1,75725	15,00000	0,00000	0,00000	1,75725	95,00000	0,00000	0,00000
1,76963	17,00000	0,00000	0,00000	1,76963	104,00000	0,00000	0,00000
1,78200	17,00000	0,00000	0,00000	1,78200	108,00000	0,00000	0,00000
1,79438	16,00000	0,00000	0,00000	1,79438	118,00000	0,00000	0,00000
1,80675	17,00000	0,00000	0,00000	1,80675	126,00000	0,00000	0,00000
1,81913	18,00000	0,00000	0,00000	1,81913	129,00000	0,00000	0,00000
1,83150	15,00000	0,00000	0,00000	1,83150	131,00000	0,00000	0,00000
1,84388	13,00000	0,00000	0,00000	1,84388	136,00000	0,00000	0,00000
1,85625	13,00000	0,00000	0,00000	1,85625	142,00000	0,00000	0,00000
1,86862	16,00000	0,00000	0,00000	1,86863	153,00000	0,00000	0,00000
1,88100	16,00000	0,00000	0,00000	1,88100	150,00000	0,00000	0,00000
1,89338	16,00000	0,00000	0,00000	1,89338	151,00000	0,00000	0,00000
1,90575	15,00000	0,00000	0,00000	1,90575	152,00000	0,00000	0,00000
1,91813	15,00000	0,00000	0,00000	1,91813	151,00000	0,00000	0,00000
1,93050	17,00000	0,00000	0,00000	1,93050	153,00000	0,00000	0,00000
1,94288	17,00000	0,00000	0,00000	1,94288	157,00000	0,00000	0,00000
1,95525	13,00000	0,00000	0,00000	1,95525	157,00000	0,00000	0,00000
1,96763	13,00000	0,00000	0,00000	1,96763	167,00000	0,00000	0,00000
1,98000	16,00000	0,00000	0,00000	1,98000	160,00000	0,00000	0,00000
1,99238	17,00000	0,00000	0,00000	1,99238	167,00000	0,00000	0,00000
2,00475	16,00000	0,00000	0,00000	2,00475	167,00000	0,00000	0,00000
2,01713	16,00000	0,00000	0,00000	2,01713	168,00000	0,00000	0,00000
2,02950	15,00000	0,00000	0,00000	2,02950	165,00000	0,00000	0,00000
2,04188	12,00000	0,00000	0,00000	2,04188	167,00000	0,00000	0,00000
2,05425	12,00000	0,00000	0,00000	2,05425	161,00000	0,00000	0,00000
2,06663	12,00000	0,00000	0,00000	2,06663	157,00000	0,00000	0,00000
2,07900	15,00000	0,00000	0,00000	2,07900	152,00000	0,00000	0,00000
2,09138	13,00000	0,00000	0,00000	2,09138	146,00000	0,00000	0,00000
2,10375	16,00000	0,00000	0,00000	2,10375	151,00000	0,00000	0,00000
2,11613	17,00000	0,00000	0,00000	2,11613	155,00000	0,00000	0,00000
2,12850	15,00000	0,00000	0,00000	2,12850	146,00000	0,00000	0,00000
2,14088	16,00000	0,00000	0,00000	2,14088	138,00000	0,00000	0,00000
2,15325	16,00000	0,00000	0,00000	2,15325	133,00000	0,00000	0,00000
2,16562	12,00000	0,00000	0,00000	2,16563	133,00000	0,00000	0,00000
2,17800	12,00000	0,00000	0,00000	2,17800	126,00000	0,00000	0,00000
2,19037	15,00000	0,00000	0,00000	2,19038	126,00000	0,00000	0,00000
2,20275	13,00000	0,00000	0,00000	2,20275	116,00000	0,00000	0,00000
2,21513	16,00000	0,00000	0,00000	2,21513	118,00000	0,00000	0,00000
2,22750	17,00000	0,00000	0,00000	2,22750	105,00000	0,00000	0,00000
2,23988	16,00000	0,00000	0,00000	2,23988	108,00000	0,00000	0,00000
2,25225	13,00000	0,00000	0,00000	2,25225	101,00000	0,00000	0,00000
2,26463	13,00000	0,00000	0,00000	2,26463	98,00000	0,00000	0,00000
2,27700	16,00000	0,00000	0,00000	2,27700	87,00000	0,00000	0,00000
2,28938	16,00000	0,00000	0,00000	2,28938	88,00000	0,00000	0,00000
2,30175	16,00000	0,00000	0,00000	2,30175	81,00000	0,00000	0,00000
2,31413	13,00000	0,00000	0,00000	2,31413	79,00000	0,00000	0,00000
2,32650	13,00000	0,00000	0,00000	2,32650	76,00000	0,00000	0,00000
2,33888	16,00000	0,00000	0,00000	2,33888	73,00000	0,00000	0,00000
2,35125	16,00000	0,00000	0,00000	2,35125	71,00000	0,00000	0,00000
2,36363	15,00000	0,00000	0,00000	2,36363	69,00000	0,00000	0,00000
2,37600	17,00000	0,00000	0,00000	2,37600	69,00000	0,00000	0,00000
2,38837	15,00000	0,00000	0,00000	2,38838	64,00000	0,00000	0,00000
2,40075	15,00000	0,00000	0,00000	2,40075	62,00000	0,00000	0,00000
2,41312	16,00000	0,00000	0,00000	2,41313	59,00000	0,00000	0,00000
2,42550	16,00000	0,00000	0,00000	2,42550	55,00000	0,00000	0,00000
2,43788	16,00000	0,00000	0,00000	2,43788	52,00000	0,00000	0,00000
2,45025	16,00000	0,00000	0,00000	2,45025	52,00000	0,00000	0,00000
2,46263	16,00000	0,00000	0,00000	2,46263	50,00000	0,00000	0,00000
2,47500	13,00000	0,00000	0,00000	2,47500	43,00000	0,00000	0,00000
2,48738	13,00000	0,00000	0,00000	2,48738	45,00000	0,00000	0,00000
2,49975	16,00000	0,00000	0,00000	2,49975	41,00000	0,00000	0,00000
2,51213	16,00000	0,00000	0,00000	2,51213	41,00000	0,00000	0,00000
2,52450	13,00000	0,00000	0,00000	2,52450	40,00000	0,00000	0,00000
2,53688	12,00000	0,00000	0,00000	2,53688	41,00000	0,00000	0,00000
2,54925	13,00000	0,00000	0,00000	2,54925	41,00000	0,00000	0,00000
2,56163	16,00000	0,00000	0,00000	2,56163	39,00000	0,00000	0,00000
2,57400	17,00000	0,00000	0,00000	2,57400	38,00000	0,00000	0,00000
2,58638	15,00000	0,00000	0,00000	2,58638	34,00000	0,00000	0,00000
2,59875	15,00000	0,00000	0,00000	2,59875	33,00000	0,00000	0,00000
2,61112	16,00000	0,00000	0,00000	2,61113	32,00000	0,00000	0,00000
2,62350	16,00000	0,00000	0,00000	2,62350	31,00000	0,00000	0,00000
2,63587	16,00000	0,00000	0,00000	2,63588	29,00000	0,00000	0,00000
2,64825	16,00000	0,00000	0,00000	2,64825	27,00000	0,00000	0,00000
2,66063	16,00000	0,00000	0,00000	2,66063	24,00000	0,00000	0,00000
2,67300	15,00000	0,00000	0,00000	2,67300	25,00000	0,00000	0,00000
2,68538	15,00000	0,00000	0,00000	2,68538	24,00000	0,00000	0,00000
2,69775	17,00000	0,00000	0,00000	2,69775	20,00000	0,00000	0,00000
2,71013	15,00000	0,00000	0,00000	2,71013	23,00000	0,00000	0,00000
2,72250	15,00000	0,00000	0,00000	2,72250	24,00000	0,00000	0,00000
2,73488	17,00000	0,00000	0,00000	2,73488	25,00000	0,00000	0,00000
2,74725	17,00000	0,00000	0,00000	2,74725	23,00000	0,00000	0,00000
2,75963	17,00000	0,00000	0,00000	2,75963	24,00000	0,00000	0,00000
2,77200	17,00000	0,00000	0,00000	2,77200	23,00000	0,00000	0,00000
2,78438	17,00000	0,00000	0,00000	2,78438	20,00000	0,00000	0,00000
2,79675	15,00000	0,00000	0,00000	2,79675	18,00000	0,00000	0,00000
2,80913	15,00000	0,00000	0,00000	2,80913	20,00000	0,00000	0,00000
2,82150	16,00000	0,00000	0,00000	2,82150	18,00000	0,00000	0,00000
2,83387	16,00000	0,00000	0,00000	2,83388	22,00000	0,00000	0,00000
2,84625	16,00000	0,00000	0,00000	2,84625	19,00000	0,00000	0,00000
2,85862	13,00000	0,00000	0,00000	2,85863	22,00000	0,00000	0,00000
2,87100	13,00000	0,00000	0,00000	2,87100	18,00000	0,00000	0,00000
2,88338	13,00000	0,00000	0,00000	2,88338	20,00000	0,00000	0,00000
2,89575	16,00000	0,00000	0,00000	2,89575	17,00000	0,00000	0,00000
2,90813	17,00000	0,00000	0,00000	2,90813	18,00000	0,00000	0,00000
2,92050	16,00000	0,00000	0,00000	2,92050	18,00000	0,00000	0,00000
2,93288	13,00000	0,00000	0,00000	2,93288	18,00000	0,00000	0,00000
2,94525	13,00000	0,00000	0,00000	2,94525	17,00000	0,00000	0,00000
2,95763	16,00000	0,00000	0,00000	2,95763	15,00000	0,00000	0,00000
2,97000	16,00000	0,00000	0,00000	2,97000	17,00000	0,00000	0,00000
2,98238	13,00000	0,00000	0,00000	2,98238	17,00000	0,00000	0,00000
2,99475	13,00000	0,00000	0,00000	2,99475	17,00000	0,00000	0,00000
3,00713	13,00000	0,00000	0,00000	3,00713	18,00000	0,00000	0,00000
3,01950	16,00000	0,00000	0,00000	3,01950	16,00000	0,00000	0,00000
3,03188	16,00000	0,00000	0,00000	3,03188	17,00000	0,00000	0,00000
3,04425	16,00000	0,00000	0,00000	3,04425	17,00000	0,00000	0,00000
3,05662	16,00000	0,00000	0,00000	3,05663	16,00000	0,00000	0,00000
3,06900	15,00000	0,00000	0,00000	3,06900	18,00000	0,00000	0,00000
3,08137	15,00000	0,00000	0,00000	3,08138	16,00000	0,00000	0,00000
3,09375	17,00000	0,00000	0,00000	3,09375	15,00000	0,00000	0,00000
3,10613	17,00000	0,00000	0,00000	3,10613	16,00000	0,00000	0,00000
3,11850	16,00000	0,00000	0,00000	3,11850	16,00000	0,00000	0,00000
3,13088	13,00000	0,00000	0,00000	3,13088	15,00000	0,00000	0,00000
3,14325	13,00000	0,00000	0,00000	3,14325	17,00000	0,00000	0,00000
3,15563	13,00000	0,00000	0,00000	3,15563	16,00000	0,00000	0,00000
3,16800	13,00000	0,00000	0,00000	3,16800	16,00000	0,00000	0,00000
3,18038	16,00000	0,00000	0,00000	3,18038	16,00000	0,00000	0,00000
3,19275	16,00000	0,00000	0,00000	3,19275	15,00000	0,00000	0,00000
3,20513	16,00000	0,00000	0,00000	3,20513	12,00000	0,00000	0,00000
3,21750	16,00000	0,00000	0,00000	3,21750	16,00000	0,00000	0,00000
3,22988	16,00000	0,00000	0,00000	3,22988	16,00000	0,00000	0,00000
3,24225	16,00000	0,00000	0,00000	3,24225	16,00000	0,00000	0,00000
3,25463	13,00000	0,00000	0,00000	3,25463	13,00000	0,00000	0,00000
3,26700	15,00000	0,00000	0,00000	3,26700	13,00000	0,00000	0,00000
3,27938	15,00000	0,00000	0,00000	3,27938	16,00000	0,00000	0,00000
3,29175	12,00000	0,00000	0,00000	3,29175	17,00000	0,00000	0,00000
3,30412	13,00000	0,00000	0,00000	3,30413	17,00000	0,00000	0,00000
3,31650	16,00000	0,00000	0,00000	3,31650	15,00000	0,00000	0,00000
3,32888	16,00000	0,00000	0,00000	3,32888	12,00000	0,00000	0,00000
3,34125	15,00000	0,00000	0,00000	3,34125	16,00000	0,00000	0,00000
3,35363	17,00000	0,00000	0,00000	3,35363	15,00000	0,00000	0,00000
3,36600	17,00000	0,00000	0,00000	3,36600	16,00000	0,00000	0,00000
3,37838	15,00000	0,00000	0,00000	3,37838	12,00000	0,00000	0,00000
3,39075	15,00000	0,00000	0,00000	3,39075	15,00000	0,00000	0,00000
3,40313	16,00000	0,00000	0,00000	3,40313	12,00000	0,00000	0,00000
3,41550	16,00000	0,00000	0,00000	3,41550	15,00000	0,00000	0,00000
3,42788	16,00000	0,00000	0,00000	3,42788	15,00000	0,00000	0,00000
3,44025	13,00000	0,00000	0,00000	3,44025	12,00000	0,00000	0,00000
3,45263	12,00000	0,00000	0,00000	3,45263	12,00000	0,00000	0,00000
3,46500	15,00000	0,00000	0,00000	3,46500	16,00000	0,00000	0,00000
3,47738	16,00000	0,00000	0,00000	3,47738	13,00000	0,00000	0,00000
3,48975	15,00000	0,00000	0,00000	3,48975	16,00000	0,00000	0,00000
3,50213	12,00000	0,00000	0,00000	3,50213	13,00000	0,00000	0,00000
3,51450	12,00000	0,00000	0,00000	3,51450	16,00000	0,00000	0,00000
3,52687	15,00000	0,00000	0,00000	3,52688	16,00000	0,00000	0,00000
3,53925	16,00000	0,00000	0,00000	3,53925	11,00000	0,00000	0,00000
3,55163	16,00000	0,00000	0,00000	3,55163	16,00000	0,00000	0,00000
3,56400	16,00000	0,00000	0,00000	3,56400	13,00000	0,00000	0,00000
3,57638	16,00000	0,00000	0,00000	3,57638	15,00000	0,00000	0,00000
3,58875	15,00000	0,00000	0,00000	3,58875	15,00000	0,00000	0,00000
3,60113	15,00000	0,00000	0,00000	3,60113	13,00000	0,00000	0,00000
3,61350	17,00000	0,00000	0,00000	3,61350	15,00000	0,00000	0,00000
3,62588	17,00000	0,00000	0,00000	3,62588	11,00000	0,00000	0,00000
3,63825	17,00000	0,00000	0,00000	3,63825	12,00000	0,00000	0,00000
3,65063	16,00000	0,00000	0,00000	3,65063	13,00000	0,00000	0,00000
3,66300	16,00000	0,00000	0,00000	3,66300	17,00000	0,00000	0,00000
3,67538	12,00000	0,00000	0,00000	3,67538	15,00000	0,00000	0,00000
3,68775	13,00000	0,00000	0,00000	3,68775	17,00000	0,00000	0,00000
3,70013	16,00000	0,00000	0,00000	3,70013	15,00000	0,00000	0,00000
3,71250	15,00000	0,00000	0,00000	3,71250	16,00000	0,00000	0,00000
3,72488	18,00000	0,00000	0,00000	3,72488	12,00000	0,00000	0,00000
3,73725	18,00000	0,00000	0,00000	3,73725	16,00000	0,00000	0,00000
3,74962	18,00000	0,00000	0,00000	3,74963	16,00000	0,00000	0,00000
3,76200	17,00000	0,00000	0,00000	3,76200	16,00000	0,00000	0,00000
3,77438	17,00000	0,00000	0,00000	3,77438	15,00000	0,00000	0,00000
3,78675	19,00000	0,00000	0,00000	3,78675	16,00000	0,00000	0,00000
3,79913	19,00000	0,00000	0,00000	3,79913	16,00000	0,00000	0,00000
3,81150	17,00000	0,00000	0,00000	3,81150	16,00000	0,00000	0,00000
3,82388	18,00000	0,00000	0,00000	3,82388	13,00000	0,00000	0,00000
3,83625	16,00000	0,00000	0,00000	3,83625	15,00000	0,00000	0,00000
3,84863	16,00000	0,00000	0,00000	3,84863	16,00000	0,00000	0,00000
3,86100	16,00000	0,00000	0,00000	3,86100	15,00000	0,00000	0,00000
3,87338	17,00000	0,00000	0,00000	3,87338	13,00000	0,00000	0,00000
3,88575	20,00000	0,00000	0,00000	3,88575	17,00000	0,00000	0,00000
3,89813	23,00000	0,00000	0,00000	3,89813	16,00000	0,00000	0,00000
3,91050	23,00000	0,00000	0,00000	3,91050	15,00000	0,00000	0,00000
3,92288	26,00000	0,00000	0,00000	3,92288	15,00000	0,00000	0,00000
3,93525	27,00000	0,00000	0,00000	3,93525	17,00000	0,00000	0,00000
3,94763	27,00000	0,00000	0,00000	3,94763	12,00000	0,00000	0,00000
3,96000	31,00000	0,00000	0,00000	3,96000	16,00000	0,00000	0,00000
3,97237	33,00000	0,00000	0,00000	3,97238	15,00000	0,00000	0,00000
3,98475	33,00000	0,00000	0,00000	3,98475	16,00000	0,00000	0,00000
3,99713	38,00000	0,00000	0,00000	3,99713	16,00000	0,00000	0,00000
4,00950	40,00000	0,00000	0,00000	4,00950	17,00000	0,00000	0,00000
4,02188	40,00000	0,00000	0,00000	4,02188	16,00000	0,00000	0,00000
4,03425	43,00000	0,00000	0,00000	4,03425	17,00000	0,00000	0,00000
4,04663	46,00000	0,00000	0,00000	4,04663	16,00000	0,00000	0,00000
4,05900	50,00000	0,00000	0,00000	4,05900	16,00000	0,00000	0,00000
4,07138	55,00000	0,00000	0,00000	4,07138	16,00000	0,00000	0,00000
4,08375	58,00000	0,00000	0,00000	4,08375	15,00000	0,00000	0,00000
4,09612	64,00000	0,00000	0,00000	4,09613	16,00000	0,00000	0,00000
4,10850	67,00000	0,00000	0,00000	4,10850	16,00000	0,00000	0,00000
4,12087	71,00000	0,00000	0,00000	4,12088	16,00000	0,00000	0,00000
4,13325	73,00000	0,00000	0,00000	4,13325	16,00000	0,00000	0,00000
4,14562	75,00000	0,00000	0,00000	4,14563	16,00000	0,00000	0,00000
4,15800	83,00000	0,00000	0,00000	4,15800	16,00000	0,00000	0,00000
4,17037	91,00000	0,00000	0,00000	4,17038	15,00000	0,00000	0,00000
4,18275	98,00000	0,00000	0,00000	4,18275	15,00000	0,00000	0,00000
4,19512	104,00000	0,00000	0,00000	4,19513	12,00000	0,00000	0,00000
4,20750	110,00000	0,00000	0,00000	4,20750	15,00000	0,00000	0,00000
4,21988	116,00000	0,00000	0,00000	4,21988	15,00000	0,00000	0,00000
4,23225	119,00000	0,00000	0,00000	4,23225	16,00000	0,00000	0,00000
4,24463	122,00000	0,00000	0,00000	4,24463	12,00000	0,00000	0,00000
4,25700	125,00000	0,00000	0,00000	4,25700	16,00000	0,00000	0,00000
4,26938	131,00000	0,00000	0,00000	4,26938	16,00000	0,00000	0,00000
4,28175	135,00000	0,00000	0,00000	4,28175	13,00000	0,00000	0,00000
4,29413	136,00000	0,00000	0,00000	4,29413	16,00000	0,00000	0,00000
4,30650	136,00000	0,00000	0,00000	4,30650	15,00000	0,00000	0,00000
4,31888	137,00000	0,00000	0,00000	4,31888	16,00000	0,00000	0,00000
4,33125	139,00000	0,00000	0,00000	4,33125	15,00000	0,00000	0,00000
4,34363	146,00000	0,00000	0,00000	4,34363	15,00000	0,00000	0,00000
4,35600	146,00000	0,00000	0,00000	4,35600	15,00000	0,00000	0,00000
4,36838	153,00000	0,00000	0,00000	4,36838	15,00000	0,00000	0,00000
4,38075	159,00000	0,00000	0,00000	4,38075	15,00000	0,00000	0,00000
4,39313	159,00000	0,00000	0,00000	4,39313	12,00000	0,00000	0,00000
4,40550	159,00000	0,00000	0,00000	4,40550	16,00000	0,00000	0,00000
4,41788	159,00000	0,00000	0,00000	4,41788	13,00000	0,00000	0,00000
4,43025	158,00000	0,00000	0,00000	4,43025	12,00000	0,00000	0,00000
4,44263	152,00000	0,00000	0,00000	4,44263	13,00000	0,00000	0,00000
4,45500	152,00000	0,00000	0,00000	4,45500	12,00000	0,00000	0,00000
4,46738	157,00000	0,00000	0,00000	4,46738	16,00000	0,00000	0,00000
4,47975	162,00000	0,00000	0,00000	4,47975	16,00000	0,00000	0,00000
4,49213	166,00000	0,00000	0,00000	4,49213	16,00000	0,00000	0,00000
4,50450	155,00000	0,00000	0,00000	4,50450	16,00000	0,00000	0,00000
4,51688	144,00000	0,00000	0,00000	4,51688	15,00000	0,00000	0,00000
4,52925	143,00000	0,00000	0,00000	4,52925	17,00000	0,00000	0,00000
4,54162	145,00000	0,00000	0,00000	4,54163	15,00000	0,00000	0,00000
4,55400	147,00000	0,00000	0,00000	4,55400	16,00000	0,00000	0,00000
4,56637	146,00000	0,00000	0,00000	4,56638	13,00000	0,00000	0,00000
4,57875	145,00000	0,00000	0,00000	4,57875	13,00000	0,00000	0,00000
4,59112	143,00000	0,00000	0,00000	4,59113	15,00000	0,00000	0,00000
4,60350	142,00000	0,00000	0,00000	4,60350	11,00000	0,00000	0,00000
4,61587	136,00000	0,00000	0,00000	4,61588	15,00000	0,00000	0,00000
4,62825	124,00000	0,00000	0,00000	4,62825	12,00000	0,00000	0,00000
4,64063	118,00000	0,00000	0,00000	4,64063	15,00000	0,00000	0,00000
4,65300	110,00000	0,00000	0,00000	4,65300	16,00000	0,00000	0,00000
4,66538	101,00000	0,00000	0,00000	4,66538	16,00000	0,00000	0,00000
4,67775	90,00000	0,00000	0,00000	4,67775	16,00000	0,00000	0,00000
4,69013	83,00000	0,00000	0,00000	4,69013	15,00000	0,00000	0,00000
4,70250	73,00000	0,00000	0,00000	4,70250	15,00000	0,00000	0,00000
4,71488	66,00000	0,00000	0,00000	4,71488	16,00000	0,00000	0,00000
4,72725	61,00000	0,00000	0,00000	4,72725	16,00000	0,00000	0,00000
4,73963	58,00000	0,00000	0,00000	4,73963	17,00000	0,00000	0,00000
4,75200	51,00000	0,00000	0,00000	4,75200	16,00000	0,00000	0,00000
4,76438	46,00000	0,00000	0,00000	4,76438	15,00000	0,00000	0,00000
4,77675	41,00000	0,00000	0,00000	4,77675	16,00000	0,00000	0,00000
4,78913	38,00000	0,00000	0,00000	4,78913	16,00000	0,00000	0,00000
4,80150	36,00000	0,00000	0,00000	4,80150	12,00000	0,00000	0,00000
4,81388	37,00000	0,00000	0,00000	4,81388	15,00000	0,00000	0,00000
4,82625	38,00000	0,00000	0,00000	4,82625	13,00000	0,00000	0,00000
4,83863	32,00000	0,00000	0,00000	4,83863	12,00000	0,00000	0,00000
4,85100	27,00000	0,00000	0,00000	4,85100	15,00000	0,00000	0,00000
4,86338	24,00000	0,00000	0,00000	4,86338	15,00000	0,00000	0,00000
4,87575	20,00000	0,00000	0,00000	4,87575	15,00000	0,00000	0,00000
4,88813	20,00000	0,00000	0,00000	4,88813	15,00000	0,00000	0,00000
4,90050	17,00000	0,00000	0,00000	4,90050	16,00000	0,00000	0,00000
4,91288	15,00000	0,00000	0,00000	4,91288	15,00000	0,00000	0,00000
4,92525	15,00000	0,00000	0,00000	4,92525	16,00000	0,00000	0,00000
4,93763	17,00000	0,00000	0,00000	4,93763	15,00000	0,00000	0,00000
4,95000	15,00000	0,00000	0,00000	4,95000	16,00000	0,00000	0,00000
4,96238	15,00000	0,00000	0,00000	4,96238	15,00000	0,00000	0,00000
4,97475	17,00000	0,00000	0,00000	4,97475	13,00000	0,00000	0,00000
4,98712	18,00000	0,00000	0,00000	4,98713	13,00000	0,00000	0,00000
4,99950	16,00000	0,00000	0,00000	4,99950	13,00000	0,00000	0,00000
5,01187	16,00000	0,00000	0,00000	5,01188	16,00000	0,00000	0,00000
5,02425	18,00000	0,00000	0,00000	5,02425	16,00000	0,00000	0,00000
5,03662	17,00000	0,00000	0,00000	5,03663	15,00000	0,00000	0,00000
5,04900	15,00000	0,00000	0,00000	5,04900	13,00000	0,00000	0,00000
5,06137	13,00000	0,00000	0,00000	5,06138	15,00000	0,00000	0,00000
5,07375	13,00000	0,00000	0,00000	5,07375	13,00000	0,00000	0,00000
5,08613	13,00000	0,00000	0,00000	5,08613	13,00000	0,00000	0,00000
5,09850	13,00000	0,00000	0,00000	5,09850	16,00000	0,00000	0,00000
5,11088	16,00000	0,00000	0,00000	5,11088	12,00000	0,00000	0,00000
5,12325	15,00000	0,00000	0,00000	5,12325	16,00000	0,00000	0,00000
5,13563	17,00000	0,00000	0,00000	5,13563	13,00000	0,00000	0,00000
5,14800	17,00000	0,00000	0,00000	5,14800	13,00000	0,00000	0,00000
5,16038	16,00000	0,00000	0,00000	5,16038	16,00000	0,00000	0,00000
5,17275	16,00000	0,00000	0,00000	5,17275	16,00000	0,00000	0,00000
5,18513	12,00000	0,00000	0,00000	5,18513	12,00000	0,00000	0,00000
5,19750	12,00000	0,00000	0,00000	5,19750	16,00000	0,00000	0,00000
5,20988	13,00000	0,00000	0,00000	5,20988	15,00000	0,00000	0,00000
5,22225	11,00000	0,00000	0,00000	5,22225	13,00000	0,00000	0,00000
5,23463	11,00000	0,00000	0,00000	5,23463	16,00000	0,00000	0,00000
5,24700	11,00000	0,00000	0,00000	5,24700	15,00000	0,00000	0,00000
5,25938	13,00000	0,00000	0,00000	5,25938	16,00000	0,00000	0,00000
5,27175	15,00000	0,00000	0,00000	5,27175	15,00000	0,00000	0,00000
5,28413	13,00000	0,00000	0,00000	5,28413	15,00000	0,00000	0,00000
5,29650	16,00000	0,00000	0,00000	5,29650	15,00000	0,00000	0,00000
5,30888	16,00000	0,00000	0,00000	5,30888	12,00000	0,00000	0,00000
5,32125	13,00000	0,00000	0,00000	5,32125	16,00000	0,00000	0,00000
5,33363	13,00000	0,00000	0,00000	5,33363	16,00000	0,00000	0,00000
5,34600	16,00000	0,00000	0,00000	5,34600	13,00000	0,00000	0,00000
5,35838	17,00000	0,00000	0,00000	5,35838	16,00000	0,00000	0,00000
5,37075	15,00000	0,00000	0,00000	5,37075	15,00000	0,00000	0,00000
5,38313	15,00000	0,00000	0,00000	5,38313	16,00000	0,00000	0,00000
5,39550	16,00000	0,00000	0,00000	5,39550	16,00000	0,00000	0,00000
5,40788	16,00000	0,00000	0,00000	5,40788	15,00000	0,00000	0,00000
5,42025	16,00000	0,00000	0,00000	5,42025	16,00000	0,00000	0,00000
5,43262	13,00000	0,00000	0,00000	5,43263	13,00000	0,00000	0,00000
5,44500	13,00000	0,00000	0,00000	5,44500	16,00000	0,00000	0,00000
5,45737	15,00000	0,00000	0,00000	5,45738	12,00000	0,00000	0,00000
5,46975	15,00000	0,00000	0,00000	5,46975	12,00000	0,00000	0,00000
5,48212	15,00000	0,00000	0,00000	5,48213	15,00000	0,00000	0,00000
5,49450	12,00000	0,00000	0,00000	5,49450	12,00000	0,00000	0,00000
5,50687	12,00000	0,00000	0,00000	5,50688	13,00000	0,00000	0,00000
5,51925	16,00000	0,00000	0,00000	5,51925	16,00000	0,00000	0,00000
5,53163	16,00000	0,00000	0,00000	5,53163	15,00000	0,00000	0,00000
5,54400	16,00000	0,00000	0,00000	5,54400	17,00000	0,00000	0,00000
5,55638	16,00000	0,00000	0,00000	5,55638	15,00000	0,00000	0,00000
5,56875	16,00000	0,00000	0,00000	5,56875	12,00000	0,00000	0,00000
5,58113	13,00000	0,00000	0,00000	5,58113	15,00000	0,00000	0,00000
5,59350	13,00000	0,00000	0,00000	5,59350	12,00000	0,00000	0,00000
5,60588	16,00000	0,00000	0,00000	5,60588	15,00000	0,00000	0,00000
5,61825	15,00000	0,00000	0,00000	5,61825	13,00000	0,00000	0,00000
5,63063	18,00000	0,00000	0,00000	5,63063	11,00000	0,00000	0,00000
5,64300	18,00000	0,00000	0,00000	5,64300	13,00000	0,00000	0,00000
5,65538	17,00000	0,00000	0,00000	5,65538	15,00000	0,00000	0,00000
5,66775	15,00000	0,00000	0,00000	5,66775	15,00000	0,00000	0,00000
5,68013	15,00000	0,00000	0,00000	5,68013	13,00000	0,00000	0,00000
5,69250	16,00000	0,00000	0,00000	5,69250	13,00000	0,00000	0,00000
5,70488	16,00000	0,00000	0,00000	5,70488	15,00000	0,00000	0,00000
5,71725	13,00000	0,00000	0,00000	5,71725	15,00000	0,00000	0,00000
5,72963	13,00000	0,00000	0,00000	5,72963	15,00000	0,00000	0,00000
5,74200	15,00000	0,00000	0,00000	5,74200	15,00000	0,00000	0,00000
5,75438	15,00000	0,00000	0,00000	5,75438	13,00000	0,00000	0,00000
5,76675	13,00000	0,00000	0,00000	5,76675	15,00000	0,00000	0,00000
5,77913	13,00000	0,00000	0,00000	5,77913	12,00000	0,00000	0,00000
5,79150	16,00000	0,00000	0,00000	5,79150	15,00000	0,00000	0,00000
5,80388	16,00000	0,00000	0,00000	5,80388	15,00000	0,00000	0,00000
5,81625	16,00000	0,00000	0,00000	5,81625	12,00000	0,00000	0,00000
5,82863	16,00000	0,00000	0,00000	5,82863	15,00000	0,00000	0,00000
5,84100	16,00000	0,00000	0,00000	5,84100	13,00000	0,00000	0,00000
5,85338	16,00000	0,00000	0,00000	5,85338	15,00000	0,00000	0,00000
5,86575	16,00000	0,00000	0,00000	5,86575	12,00000	0,00000	0,00000
5,87813	16,00000	0,00000	0,00000	5,87813	15,00000	0,00000	0,00000
5,89050	16,00000	0,00000	0,00000	5,89050	13,00000	0,00000	0,00000
5,90287	16,00000	0,00000	0,00000	5,90288	12,00000	0,00000	0,00000
5,91525	16,00000	0,00000	0,00000	0,00000	15,00000	0,00000	0,00000
5,92762	12,00000	0,00000	0,00000	0,00000	9,00000	0,00000	0,00000
5,94000	15,00000	0,00000	0,00000	0,00000	0,00000	0,00000	0,00000
5,95237	15,00000	0,00000	0,00000	0,00000	0,00000	0,00000	0,00000
5,96475	15,00000	0,00000	0,00000	0,00000	0,00000	0,00000	0,00000
5,97713	15,00000	0,00000	0,00000	0,00000	0,00000	0,00000	0,00000
5,98950	15,00000	0,00000	0,00000	0,00000	0,00000	0,00000	0,00000
6,00188	12,00000	0,00000	0,00000	0,00000	0,00000	0,00000	0,00000
6,01425	12,00000	0,00000	0,00000	0,00000	0,00000	0,00000	0,00000
6,02663	15,00000	0,00000	0,00000	0,00000	0,00000	0,00000	0,00000
6,03900	16,00000	0,00000	0,00000	0,00000	0,00000	0,00000	0,00000
6,05138	16,00000	0,00000	0,00000	0,00000	0,00000	0,00000	0,00000
6,06375	13,00000	0,00000	0,00000	0,00000	0,00000	0,00000	0,00000
6,07613	15,00000	0,00000	0,00000	0,00000	0,00000	0,00000	0,00000
6,08850	12,00000	0,00000	0,00000	0,00000	0,00000	0,00000	0,00000
6,10088	13,00000	0,00000	0,00000	0,00000	0,00000	0,00000	0,00000
6,11325	16,00000	0,00000	0,00000	0,00000	0,00000	0,00000	0,00000
6,12563	16,00000	0,00000	0,00000	0,00000	0,00000	0,00000	0,00000
6,13800	13,00000	0,00000	0,00000	0,00000	0,00000	0,00000	0,00000
6,15038	15,00000	0,00000	0,00000	0,00000	0,00000	0,00000	0,00000
6,16275	12,00000	0,00000	0,00000	0,00000	0,00000	0,00000	0,00000
6,17513	12,00000	0,00000	0,00000	0,00000	0,00000	0,00000	0,00000
6,18750	12,00000	0,00000	0,00000	0,00000	0,00000	0,00000	0,00000
6,19988	15,00000	0,00000	0,00000	0,00000	0,00000	0,00000	0,00000
6,21225	15,00000	0,00000	0,00000	0,00000	0,00000	0,00000	0,00000
6,22463	12,00000	0,00000	0,00000	0,00000	0,00000	0,00000	0,00000
6,23700	15,00000	0,00000	0,00000	0,00000	0,00000	0,00000	0,00000
6,24938	15,00000	0,00000	0,00000	0,00000	0,00000	0,00000	0,00000
6,26175	12,00000	0,00000	0,00000	0,00000	0,00000	0,00000	0,00000
6,27413	12,00000	0,00000	0,00000	0,00000	0,00000	0,00000	0,00000
6,28650	15,00000	0,00000	0,00000	0,00000	0,00000	0,00000	0,00000
6,29888	16,00000	0,00000	0,00000	0,00000	0,00000	0,00000	0,00000
6,31125	16,00000	0,00000	0,00000	0,00000	0,00000	0,00000	0,00000
6,32363	16,00000	0,00000	0,00000	0,00000	0,00000	0,00000	0,00000
6,33600	13,00000	0,00000	0,00000	0,00000	0,00000	0,00000	0,00000
6,34837	13,00000	0,00000	0,00000	0,00000	0,00000	0,00000	0,00000
6,36075	15,00000	0,00000	0,00000	0,00000	0,00000	0,00000	0,00000
6,37312	15,00000	0,00000	0,00000	0,00000	0,00000	0,00000	0,00000
6,38550	15,00000	0,00000	0,00000	0,00000	0,00000	0,00000	0,00000
6,39787	13,00000	0,00000	0,00000	0,00000	0,00000	0,00000	0,00000
6,41025	13,00000	0,00000	0,00000	0,00000	0,00000	0,00000	0,00000
6,42263	16,00000	0,00000	0,00000	0,00000	0,00000	0,00000	0,00000
6,43500	17,00000	0,00000	0,00000	0,00000	0,00000	0,00000	0,00000
6,44738	15,00000	0,00000	0,00000	0,00000	0,00000	0,00000	0,00000
6,45975	15,00000	0,00000	0,00000	0,00000	0,00000	0,00000	0,00000
6,47213	16,00000	0,00000	0,00000	0,00000	0,00000	0,00000	0,00000
6,48450	16,00000	0,00000	0,00000	0,00000	0,00000	0,00000	0,00000
6,49688	16,00000	0,00000	0,00000	0,00000	0,00000	0,00000	0,00000
6,50925	16,00000	0,00000	0,00000	0,00000	0,00000	0,00000	0,00000
6,52163	13,00000	0,00000	0,00000	0,00000	0,00000	0,00000	0,00000
6,53400	13,00000	0,00000	0,00000	0,00000	0,00000	0,00000	0,00000
6,54638	13,00000	0,00000	0,00000	0,00000	0,00000	0,00000	0,00000
6,55875	16,00000	0,00000	0,00000	0,00000	0,00000	0,00000	0,00000
6,57113	13,00000	0,00000	0,00000	0,00000	0,00000	0,00000	0,00000
6,58350	16,00000	0,00000	0,00000	0,00000	0,00000	0,00000	0,00000
6,59588	16,00000	0,00000	0,00000	0,00000	0,00000	0,00000	0,00000
6,60825	16,00000	0,00000	0,00000	0,00000	0,00000	0,00000	0,00000
6,62063	13,00000	0,00000	0,00000	0,00000	0,00000	0,00000	0,00000
6,63300	12,00000	0,00000	0,00000	0,00000	0,00000	0,00000	0,00000
6,64538	15,00000	0,00000	0,00000	0,00000	0,00000	0,00000	0,00000
6,65775	15,00000	0,00000	0,00000	0,00000	0,00000	0,00000	0,00000
6,67013	12,00000	0,00000	0,00000	0,00000	0,00000	0,00000	0,00000
6,68250	12,00000	0,00000	0,00000	0,00000	0,00000	0,00000	0,00000
6,69488	15,00000	0,00000	0,00000	0,00000	0,00000	0,00000	0,00000
6,70725	15,00000	0,00000	0,00000	0,00000	0,00000	0,00000	0,00000
6,71963	12,00000	0,00000	0,00000	0,00000	0,00000	0,00000	0,00000
6,73200	12,00000	0,00000	0,00000	0,00000	0,00000	0,00000	0,00000
6,74438	15,00000	0,00000	0,00000	0,00000	0,00000	0,00000	0,00000
6,75675	15,00000	0,00000	0,00000	0,00000	0,00000	0,00000	0,00000
6,76913	13,00000	0,00000	0,00000	0,00000	0,00000	0,00000	0,00000
6,78150	16,00000	0,00000	0,00000	0,00000	0,00000	0,00000	0,00000
6,79387	17,00000	0,00000	0,00000	0,00000	0,00000	0,00000	0,00000
6,80625	15,00000	0,00000	0,00000	0,00000	0,00000	0,00000	0,00000
6,81862	15,00000	0,00000	0,00000	0,00000	0,00000	0,00000	0,00000
6,83100	16,00000	0,00000	0,00000	0,00000	0,00000	0,00000	0,00000
6,84337	16,00000	0,00000	0,00000	0,00000	0,00000	0,00000	0,00000
6,85575	16,00000	0,00000	0,00000	0,00000	0,00000	0,00000	0,00000
6,86813	13,00000	0,00000	0,00000	0,00000	0,00000	0,00000	0,00000
6,88050	13,00000	0,00000	0,00000	0,00000	0,00000	0,00000	0,00000
6,89288	15,00000	0,00000	0,00000	0,00000	0,00000	0,00000	0,00000
6,90525	15,00000	0,00000	0,00000	0,00000	0,00000	0,00000	0,00000
6,91763	12,00000	0,00000	0,00000	0,00000	0,00000	0,00000	0,00000
6,93000	12,00000	0,00000	0,00000	0,00000	0,00000	0,00000	0,00000
6,94238	15,00000	0,00000	0,00000	0,00000	0,00000	0,00000	0,00000
6,95475	13,00000	0,00000	0,00000	0,00000	0,00000	0,00000	0,00000
6,96713	16,00000	0,00000	0,00000	0,00000	0,00000	0,00000	0,00000
6,97950	16,00000	0,00000	0,00000	0,00000	0,00000	0,00000	0,00000
6,99188	16,00000	0,00000	0,00000	0,00000	0,00000	0,00000	0,00000
7,00425	16,00000	0,00000	0,00000	0,00000	0,00000	0,00000	0,00000
7,01663	16,00000	0,00000	0,00000	0,00000	0,00000	0,00000	0,00000
7,02900	16,00000	0,00000	0,00000	0,00000	0,00000	0,00000	0,00000
7,04138	16,00000	0,00000	0,00000	0,00000	0,00000	0,00000	0,00000
7,05375	16,00000	0,00000	0,00000	0,00000	0,00000	0,00000	0,00000
7,06613	16,00000	0,00000	0,00000	0,00000	0,00000	0,00000	0,00000
7,07850	13,00000	0,00000	0,00000	0,00000	0,00000	0,00000	0,00000
7,09088	13,00000	0,00000	0,00000	0,00000	0,00000	0,00000	0,00000
7,10325	15,00000	0,00000	0,00000	0,00000	0,00000	0,00000	0,00000
7,11563	15,00000	0,00000	0,00000	0,00000	0,00000	0,00000	0,00000
7,12800	15,00000	0,00000	0,00000	0,00000	0,00000	0,00000	0,00000
7,14038	15,00000	0,00000	0,00000	0,00000	0,00000	0,00000	0,00000
7,15275	15,00000	0,00000	0,00000	0,00000	0,00000	0,00000	0,00000
7,16513	13,00000	0,00000	0,00000	0,00000	0,00000	0,00000	0,00000
7,17750	11,00000	0,00000	0,00000	0,00000	0,00000	0,00000	0,00000
7,18988	11,00000	0,00000	0,00000	0,00000	0,00000	0,00000	0,00000
7,20225	13,00000	0,00000	0,00000	0,00000	0,00000	0,00000	0,00000
7,21463	13,00000	0,00000	0,00000	0,00000	0,00000	0,00000	0,00000
7,22700	15,00000	0,00000	0,00000	0,00000	0,00000	0,00000	0,00000
7,23938	12,00000	0,00000	0,00000	0,00000	0,00000	0,00000	0,00000
7,25175	12,00000	0,00000	0,00000	0,00000	0,00000	0,00000	0,00000
7,26412	12,00000	0,00000	0,00000	0,00000	0,00000	0,00000	0,00000
7,27650	12,00000	0,00000	0,00000	0,00000	0,00000	0,00000	0,00000
7,28887	15,00000	0,00000	0,00000	0,00000	0,00000	0,00000	0,00000
7,30125	16,00000	0,00000	0,00000	0,00000	0,00000	0,00000	0,00000
7,31363	16,00000	0,00000	0,00000	0,00000	0,00000	0,00000	0,00000
7,32600	16,00000	0,00000	0,00000	0,00000	0,00000	0,00000	0,00000
7,33838	16,00000	0,00000	0,00000	0,00000	0,00000	0,00000	0,00000
7,35075	16,00000	0,00000	0,00000	0,00000	0,00000	0,00000	0,00000
7,36313	16,00000	0,00000	0,00000	0,00000	0,00000	0,00000	0,00000
7,37550	16,00000	0,00000	0,00000	0,00000	0,00000	0,00000	0,00000
7,38788	13,00000	0,00000	0,00000	0,00000	0,00000	0,00000	0,00000
7,40025	13,00000	0,00000	0,00000	0,00000	0,00000	0,00000	0,00000
7,41263	16,00000	0,00000	0,00000	0,00000	0,00000	0,00000	0,00000
7,42500	16,00000	0,00000	0,00000	0,00000	0,00000	0,00000	0,00000
7,43738	16,00000	0,00000	0,00000	0,00000	0,00000	0,00000	0,00000
7,44975	12,00000	0,00000	0,00000	0,00000	0,00000	0,00000	0,00000
7,46213	12,00000	0,00000	0,00000	0,00000	0,00000	0,00000	0,00000
7,47450	13,00000	0,00000	0,00000	0,00000	0,00000	0,00000	0,00000
7,48688	13,00000	0,00000	0,00000	0,00000	0,00000	0,00000	0,00000
7,49925	13,00000	0,00000	0,00000	0,00000	0,00000	0,00000	0,00000
7,51163	11,00000	0,00000	0,00000	0,00000	0,00000	0,00000	0,00000
7,52400	11,00000	0,00000	0,00000	0,00000	0,00000	0,00000	0,00000
7,53638	13,00000	0,00000	0,00000	0,00000	0,00000	0,00000	0,00000
7,54875	15,00000	0,00000	0,00000	0,00000	0,00000	0,00000	0,00000
7,56113	15,00000	0,00000	0,00000	0,00000	0,00000	0,00000	0,00000
7,57350	12,00000	0,00000	0,00000	0,00000	0,00000	0,00000	0,00000
7,58588	13,00000	0,00000	0,00000	0,00000	0,00000	0,00000	0,00000
7,59825	16,00000	0,00000	0,00000	0,00000	0,00000	0,00000	0,00000
7,61063	16,00000	0,00000	0,00000	0,00000	0,00000	0,00000	0,00000
7,62300	16,00000	0,00000	0,00000	0,00000	0,00000	0,00000	0,00000
7,63538	13,00000	0,00000	0,00000	0,00000	0,00000	0,00000	0,00000
7,64775	13,00000	0,00000	0,00000	0,00000	0,00000	0,00000	0,00000
7,66013	16,00000	0,00000	0,00000	0,00000	0,00000	0,00000	0,00000
7,67250	16,00000	0,00000	0,00000	0,00000	0,00000	0,00000	0,00000
7,68488	16,00000	0,00000	0,00000	0,00000	0,00000	0,00000	0,00000
7,69725	13,00000	0,00000	0,00000	0,00000	0,00000	0,00000	0,00000
7,70962	13,00000	0,00000	0,00000	0,00000	0,00000	0,00000	0,00000
7,72200	15,00000	0,00000	0,00000	0,00000	0,00000	0,00000	0,00000
7,73438	15,00000	0,00000	0,00000	0,00000	0,00000	0,00000	0,00000
7,74675	12,00000	0,00000	0,00000	0,00000	0,00000	0,00000	0,00000
7,75913	11,00000	0,00000	0,00000	0,00000	0,00000	0,00000	0,00000
7,77150	12,00000	0,00000	0,00000	0,00000	0,00000	0,00000	0,00000
7,78388	15,00000	0,00000	0,00000	0,00000	0,00000	0,00000	0,00000
7,79625	15,00000	0,00000	0,00000	0,00000	0,00000	0,00000	0,00000
7,80863	15,00000	0,00000	0,00000	0,00000	0,00000	0,00000	0,00000
7,82100	12,00000	0,00000	0,00000	0,00000	0,00000	0,00000	0,00000
7,83338	16,00000	0,00000	0,00000	0,00000	0,00000	0,00000	0,00000
7,84575	17,00000	0,00000	0,00000	0,00000	0,00000	0,00000	0,00000
7,85813	17,00000	0,00000	0,00000	0,00000	0,00000	0,00000	0,00000
7,87050	18,00000	0,00000	0,00000	0,00000	0,00000	0,00000	0,00000
7,88288	13,00000	0,00000	0,00000	0,00000	0,00000	0,00000	0,00000
0,00000	10,00000	0,00000	0,00000	0,00000	0,00000	0,00000	0,00000
0,00000	9,00000	0,00000	0,00000	0,00000	0,00000	0,00000	0,00000
