GRUPPE3_Greyline12.dat
04.10.2021
16:14:58
GRUPPE3

Gauss coefficients notation:
Amplitude
FWHM
Std.Abw.
[Fehler]
offset
BEAMCUT  LINES:

X H  in mm	Y H rel	Gauss fit H	H Gauss Coefficients	X V in mm	Y V rel	Gauss fit V	V Gauss Coefficientes
0,00000	16,00000	0,00000	0,00000	0,00000	15,00000	0,00000	0,00000
0,01238	16,00000	0,00000	0,00000	0,01238	16,00000	0,00000	0,00000
0,02475	15,00000	0,00000	0,00000	0,02475	17,00000	0,00000	0,00000
0,03713	17,00000	0,00000	0,00000	0,03713	17,00000	0,00000	0,00000
0,04950	15,00000	0,00000	0,00000	0,04950	15,00000	0,00000	0,00000
0,06187	15,00000	0,00000	0,00000	0,06188	15,00000	0,00000	0,00000
0,07425	15,00000	0,00000	0,00000	0,07425	15,00000	0,00000	0,00000
0,08663	17,00000	0,00000	0,00000	0,08663	17,00000	0,00000	0,00000
0,09900	17,00000	0,00000	0,00000	0,09900	16,00000	0,00000	0,00000
0,11138	16,00000	0,00000	0,00000	0,11138	18,00000	0,00000	0,00000
0,12375	18,00000	0,00000	0,00000	0,12375	18,00000	0,00000	0,00000
0,13612	17,00000	0,00000	0,00000	0,13613	17,00000	0,00000	0,00000
0,14850	17,00000	0,00000	0,00000	0,14850	17,00000	0,00000	0,00000
0,16088	15,00000	0,00000	0,00000	0,16088	17,00000	0,00000	0,00000
0,17325	15,00000	0,00000	0,00000	0,17325	15,00000	0,00000	0,00000
0,18563	15,00000	0,00000	0,00000	0,18563	15,00000	0,00000	0,00000
0,19800	15,00000	0,00000	0,00000	0,19800	15,00000	0,00000	0,00000
0,21038	17,00000	0,00000	0,00000	0,21038	15,00000	0,00000	0,00000
0,22275	17,00000	0,00000	0,00000	0,22275	17,00000	0,00000	0,00000
0,23513	17,00000	0,00000	0,00000	0,23513	15,00000	0,00000	0,00000
0,24750	17,00000	0,00000	0,00000	0,24750	16,00000	0,00000	0,00000
0,25988	17,00000	0,00000	0,00000	0,25988	18,00000	0,00000	0,00000
0,27225	17,00000	0,00000	0,00000	0,27225	16,00000	0,00000	0,00000
0,28463	17,00000	0,00000	0,00000	0,28463	17,00000	0,00000	0,00000
0,29700	17,00000	0,00000	0,00000	0,29700	16,00000	0,00000	0,00000
0,30938	15,00000	0,00000	0,00000	0,30938	17,00000	0,00000	0,00000
0,32175	15,00000	0,00000	0,00000	0,32175	16,00000	0,00000	0,00000
0,33413	17,00000	0,00000	0,00000	0,33413	17,00000	0,00000	0,00000
0,34650	17,00000	0,00000	0,00000	0,34650	18,00000	0,00000	0,00000
0,35887	17,00000	0,00000	0,00000	0,35888	17,00000	0,00000	0,00000
0,37125	15,00000	0,00000	0,00000	0,37125	16,00000	0,00000	0,00000
0,38362	17,00000	0,00000	0,00000	0,38363	18,00000	0,00000	0,00000
0,39600	17,00000	0,00000	0,00000	0,39600	16,00000	0,00000	0,00000
0,40838	15,00000	0,00000	0,00000	0,40838	15,00000	0,00000	0,00000
0,42075	15,00000	0,00000	0,00000	0,42075	18,00000	0,00000	0,00000
0,43313	17,00000	0,00000	0,00000	0,43313	15,00000	0,00000	0,00000
0,44550	17,00000	0,00000	0,00000	0,44550	17,00000	0,00000	0,00000
0,45788	17,00000	0,00000	0,00000	0,45788	15,00000	0,00000	0,00000
0,47025	17,00000	0,00000	0,00000	0,47025	16,00000	0,00000	0,00000
0,48263	15,00000	0,00000	0,00000	0,48263	19,00000	0,00000	0,00000
0,49500	17,00000	0,00000	0,00000	0,49500	17,00000	0,00000	0,00000
0,50738	17,00000	0,00000	0,00000	0,50738	18,00000	0,00000	0,00000
0,51975	17,00000	0,00000	0,00000	0,51975	18,00000	0,00000	0,00000
0,53213	17,00000	0,00000	0,00000	0,53213	16,00000	0,00000	0,00000
0,54450	17,00000	0,00000	0,00000	0,54450	15,00000	0,00000	0,00000
0,55688	17,00000	0,00000	0,00000	0,55688	19,00000	0,00000	0,00000
0,56925	17,00000	0,00000	0,00000	0,56925	19,00000	0,00000	0,00000
0,58163	17,00000	0,00000	0,00000	0,58163	16,00000	0,00000	0,00000
0,59400	15,00000	0,00000	0,00000	0,59400	16,00000	0,00000	0,00000
0,60637	15,00000	0,00000	0,00000	0,60638	16,00000	0,00000	0,00000
0,61875	17,00000	0,00000	0,00000	0,61875	18,00000	0,00000	0,00000
0,63113	17,00000	0,00000	0,00000	0,63113	15,00000	0,00000	0,00000
0,64350	16,00000	0,00000	0,00000	0,64350	18,00000	0,00000	0,00000
0,65587	18,00000	0,00000	0,00000	0,65588	16,00000	0,00000	0,00000
0,66825	18,00000	0,00000	0,00000	0,66825	17,00000	0,00000	0,00000
0,68063	18,00000	0,00000	0,00000	0,68063	17,00000	0,00000	0,00000
0,69300	16,00000	0,00000	0,00000	0,69300	17,00000	0,00000	0,00000
0,70538	17,00000	0,00000	0,00000	0,70538	16,00000	0,00000	0,00000
0,71775	17,00000	0,00000	0,00000	0,71775	17,00000	0,00000	0,00000
0,73013	15,00000	0,00000	0,00000	0,73013	18,00000	0,00000	0,00000
0,74250	15,00000	0,00000	0,00000	0,74250	16,00000	0,00000	0,00000
0,75488	17,00000	0,00000	0,00000	0,75488	15,00000	0,00000	0,00000
0,76725	17,00000	0,00000	0,00000	0,76725	17,00000	0,00000	0,00000
0,77963	17,00000	0,00000	0,00000	0,77963	15,00000	0,00000	0,00000
0,79200	17,00000	0,00000	0,00000	0,79200	17,00000	0,00000	0,00000
0,80438	17,00000	0,00000	0,00000	0,80438	15,00000	0,00000	0,00000
0,81675	16,00000	0,00000	0,00000	0,81675	17,00000	0,00000	0,00000
0,82913	16,00000	0,00000	0,00000	0,82913	18,00000	0,00000	0,00000
0,84150	18,00000	0,00000	0,00000	0,84150	18,00000	0,00000	0,00000
0,85388	18,00000	0,00000	0,00000	0,85388	18,00000	0,00000	0,00000
0,86625	18,00000	0,00000	0,00000	0,86625	18,00000	0,00000	0,00000
0,87862	17,00000	0,00000	0,00000	0,87863	18,00000	0,00000	0,00000
0,89100	15,00000	0,00000	0,00000	0,89100	17,00000	0,00000	0,00000
0,90338	15,00000	0,00000	0,00000	0,90338	19,00000	0,00000	0,00000
0,91575	15,00000	0,00000	0,00000	0,91575	16,00000	0,00000	0,00000
0,92813	17,00000	0,00000	0,00000	0,92813	17,00000	0,00000	0,00000
0,94050	17,00000	0,00000	0,00000	0,94050	17,00000	0,00000	0,00000
0,95288	16,00000	0,00000	0,00000	0,95288	19,00000	0,00000	0,00000
0,96525	16,00000	0,00000	0,00000	0,96525	18,00000	0,00000	0,00000
0,97763	18,00000	0,00000	0,00000	0,97763	16,00000	0,00000	0,00000
0,99000	16,00000	0,00000	0,00000	0,99000	16,00000	0,00000	0,00000
1,00238	16,00000	0,00000	0,00000	1,00238	18,00000	0,00000	0,00000
1,01475	16,00000	0,00000	0,00000	1,01475	17,00000	0,00000	0,00000
1,02713	16,00000	0,00000	0,00000	1,02713	18,00000	0,00000	0,00000
1,03950	18,00000	0,00000	0,00000	1,03950	17,00000	0,00000	0,00000
1,05188	18,00000	0,00000	0,00000	1,05188	20,00000	0,00000	0,00000
1,06425	16,00000	0,00000	0,00000	1,06425	17,00000	0,00000	0,00000
1,07662	16,00000	0,00000	0,00000	1,07663	20,00000	0,00000	0,00000
1,08900	17,00000	0,00000	0,00000	1,08900	18,00000	0,00000	0,00000
1,10137	17,00000	0,00000	0,00000	1,10138	18,00000	0,00000	0,00000
1,11375	17,00000	0,00000	0,00000	1,11375	16,00000	0,00000	0,00000
1,12613	17,00000	0,00000	0,00000	1,12613	18,00000	0,00000	0,00000
1,13850	17,00000	0,00000	0,00000	1,13850	17,00000	0,00000	0,00000
1,15088	17,00000	0,00000	0,00000	1,15088	17,00000	0,00000	0,00000
1,16325	17,00000	0,00000	0,00000	1,16325	16,00000	0,00000	0,00000
1,17563	17,00000	0,00000	0,00000	1,17563	22,00000	0,00000	0,00000
1,18800	17,00000	0,00000	0,00000	1,18800	22,00000	0,00000	0,00000
1,20037	17,00000	0,00000	0,00000	1,20038	22,00000	0,00000	0,00000
1,21275	17,00000	0,00000	0,00000	1,21275	19,00000	0,00000	0,00000
1,22513	17,00000	0,00000	0,00000	1,22513	17,00000	0,00000	0,00000
1,23750	17,00000	0,00000	0,00000	1,23750	22,00000	0,00000	0,00000
1,24988	17,00000	0,00000	0,00000	1,24988	20,00000	0,00000	0,00000
1,26225	15,00000	0,00000	0,00000	1,26225	18,00000	0,00000	0,00000
1,27463	15,00000	0,00000	0,00000	1,27463	20,00000	0,00000	0,00000
1,28700	17,00000	0,00000	0,00000	1,28700	23,00000	0,00000	0,00000
1,29938	17,00000	0,00000	0,00000	1,29938	24,00000	0,00000	0,00000
1,31175	15,00000	0,00000	0,00000	1,31175	20,00000	0,00000	0,00000
1,32412	15,00000	0,00000	0,00000	1,32413	17,00000	0,00000	0,00000
1,33650	15,00000	0,00000	0,00000	1,33650	20,00000	0,00000	0,00000
1,34888	17,00000	0,00000	0,00000	1,34888	23,00000	0,00000	0,00000
1,36125	17,00000	0,00000	0,00000	1,36125	20,00000	0,00000	0,00000
1,37363	18,00000	0,00000	0,00000	1,37363	17,00000	0,00000	0,00000
1,38600	16,00000	0,00000	0,00000	1,38600	18,00000	0,00000	0,00000
1,39838	16,00000	0,00000	0,00000	1,39838	22,00000	0,00000	0,00000
1,41075	16,00000	0,00000	0,00000	1,41075	20,00000	0,00000	0,00000
1,42312	18,00000	0,00000	0,00000	1,42313	20,00000	0,00000	0,00000
1,43550	18,00000	0,00000	0,00000	1,43550	19,00000	0,00000	0,00000
1,44788	15,00000	0,00000	0,00000	1,44788	18,00000	0,00000	0,00000
1,46025	15,00000	0,00000	0,00000	1,46025	22,00000	0,00000	0,00000
1,47263	17,00000	0,00000	0,00000	1,47263	20,00000	0,00000	0,00000
1,48500	15,00000	0,00000	0,00000	1,48500	20,00000	0,00000	0,00000
1,49738	15,00000	0,00000	0,00000	1,49738	18,00000	0,00000	0,00000
1,50975	17,00000	0,00000	0,00000	1,50975	19,00000	0,00000	0,00000
1,52213	17,00000	0,00000	0,00000	1,52213	25,00000	0,00000	0,00000
1,53450	17,00000	0,00000	0,00000	1,53450	19,00000	0,00000	0,00000
1,54688	17,00000	0,00000	0,00000	1,54688	22,00000	0,00000	0,00000
1,55925	15,00000	0,00000	0,00000	1,55925	24,00000	0,00000	0,00000
1,57163	15,00000	0,00000	0,00000	1,57163	22,00000	0,00000	0,00000
1,58400	15,00000	0,00000	0,00000	1,58400	23,00000	0,00000	0,00000
1,59638	15,00000	0,00000	0,00000	1,59638	23,00000	0,00000	0,00000
1,60875	17,00000	0,00000	0,00000	1,60875	25,00000	0,00000	0,00000
1,62113	15,00000	0,00000	0,00000	1,62113	20,00000	0,00000	0,00000
1,63350	15,00000	0,00000	0,00000	1,63350	25,00000	0,00000	0,00000
1,64587	17,00000	0,00000	0,00000	1,64588	26,00000	0,00000	0,00000
1,65825	18,00000	0,00000	0,00000	1,65825	25,00000	0,00000	0,00000
1,67063	18,00000	0,00000	0,00000	1,67063	26,00000	0,00000	0,00000
1,68300	17,00000	0,00000	0,00000	1,68300	26,00000	0,00000	0,00000
1,69538	15,00000	0,00000	0,00000	1,69538	24,00000	0,00000	0,00000
1,70775	15,00000	0,00000	0,00000	1,70775	22,00000	0,00000	0,00000
1,72013	17,00000	0,00000	0,00000	1,72013	18,00000	0,00000	0,00000
1,73250	17,00000	0,00000	0,00000	1,73250	17,00000	0,00000	0,00000
1,74488	17,00000	0,00000	0,00000	1,74488	18,00000	0,00000	0,00000
1,75725	17,00000	0,00000	0,00000	1,75725	20,00000	0,00000	0,00000
1,76963	17,00000	0,00000	0,00000	1,76963	23,00000	0,00000	0,00000
1,78200	17,00000	0,00000	0,00000	1,78200	29,00000	0,00000	0,00000
1,79438	17,00000	0,00000	0,00000	1,79438	27,00000	0,00000	0,00000
1,80675	15,00000	0,00000	0,00000	1,80675	24,00000	0,00000	0,00000
1,81913	15,00000	0,00000	0,00000	1,81913	26,00000	0,00000	0,00000
1,83150	17,00000	0,00000	0,00000	1,83150	27,00000	0,00000	0,00000
1,84388	17,00000	0,00000	0,00000	1,84388	30,00000	0,00000	0,00000
1,85625	15,00000	0,00000	0,00000	1,85625	29,00000	0,00000	0,00000
1,86862	18,00000	0,00000	0,00000	1,86863	24,00000	0,00000	0,00000
1,88100	18,00000	0,00000	0,00000	1,88100	23,00000	0,00000	0,00000
1,89338	16,00000	0,00000	0,00000	1,89338	24,00000	0,00000	0,00000
1,90575	15,00000	0,00000	0,00000	1,90575	26,00000	0,00000	0,00000
1,91813	17,00000	0,00000	0,00000	1,91813	26,00000	0,00000	0,00000
1,93050	17,00000	0,00000	0,00000	1,93050	22,00000	0,00000	0,00000
1,94288	17,00000	0,00000	0,00000	1,94288	23,00000	0,00000	0,00000
1,95525	15,00000	0,00000	0,00000	1,95525	23,00000	0,00000	0,00000
1,96763	15,00000	0,00000	0,00000	1,96763	23,00000	0,00000	0,00000
1,98000	17,00000	0,00000	0,00000	1,98000	27,00000	0,00000	0,00000
1,99238	17,00000	0,00000	0,00000	1,99238	26,00000	0,00000	0,00000
2,00475	17,00000	0,00000	0,00000	2,00475	29,00000	0,00000	0,00000
2,01713	17,00000	0,00000	0,00000	2,01713	29,00000	0,00000	0,00000
2,02950	17,00000	0,00000	0,00000	2,02950	27,00000	0,00000	0,00000
2,04188	17,00000	0,00000	0,00000	2,04188	26,00000	0,00000	0,00000
2,05425	15,00000	0,00000	0,00000	2,05425	29,00000	0,00000	0,00000
2,06663	17,00000	0,00000	0,00000	2,06663	26,00000	0,00000	0,00000
2,07900	18,00000	0,00000	0,00000	2,07900	27,00000	0,00000	0,00000
2,09138	17,00000	0,00000	0,00000	2,09138	27,00000	0,00000	0,00000
2,10375	15,00000	0,00000	0,00000	2,10375	23,00000	0,00000	0,00000
2,11613	15,00000	0,00000	0,00000	2,11613	22,00000	0,00000	0,00000
2,12850	15,00000	0,00000	0,00000	2,12850	19,00000	0,00000	0,00000
2,14088	15,00000	0,00000	0,00000	2,14088	20,00000	0,00000	0,00000
2,15325	17,00000	0,00000	0,00000	2,15325	20,00000	0,00000	0,00000
2,16562	17,00000	0,00000	0,00000	2,16563	20,00000	0,00000	0,00000
2,17800	17,00000	0,00000	0,00000	2,17800	20,00000	0,00000	0,00000
2,19037	17,00000	0,00000	0,00000	2,19038	19,00000	0,00000	0,00000
2,20275	17,00000	0,00000	0,00000	2,20275	22,00000	0,00000	0,00000
2,21513	15,00000	0,00000	0,00000	2,21513	26,00000	0,00000	0,00000
2,22750	16,00000	0,00000	0,00000	2,22750	26,00000	0,00000	0,00000
2,23988	18,00000	0,00000	0,00000	2,23988	25,00000	0,00000	0,00000
2,25225	18,00000	0,00000	0,00000	2,25225	29,00000	0,00000	0,00000
2,26463	17,00000	0,00000	0,00000	2,26463	31,00000	0,00000	0,00000
2,27700	15,00000	0,00000	0,00000	2,27700	39,00000	0,00000	0,00000
2,28938	15,00000	0,00000	0,00000	2,28938	37,00000	0,00000	0,00000
2,30175	17,00000	0,00000	0,00000	2,30175	38,00000	0,00000	0,00000
2,31413	17,00000	0,00000	0,00000	2,31413	34,00000	0,00000	0,00000
2,32650	17,00000	0,00000	0,00000	2,32650	41,00000	0,00000	0,00000
2,33888	17,00000	0,00000	0,00000	2,33888	47,00000	0,00000	0,00000
2,35125	17,00000	0,00000	0,00000	2,35125	48,00000	0,00000	0,00000
2,36363	17,00000	0,00000	0,00000	2,36363	38,00000	0,00000	0,00000
2,37600	17,00000	0,00000	0,00000	2,37600	37,00000	0,00000	0,00000
2,38837	17,00000	0,00000	0,00000	2,38838	38,00000	0,00000	0,00000
2,40075	17,00000	0,00000	0,00000	2,40075	40,00000	0,00000	0,00000
2,41312	15,00000	0,00000	0,00000	2,41313	38,00000	0,00000	0,00000
2,42550	15,00000	0,00000	0,00000	2,42550	39,00000	0,00000	0,00000
2,43788	16,00000	0,00000	0,00000	2,43788	36,00000	0,00000	0,00000
2,45025	15,00000	0,00000	0,00000	2,45025	39,00000	0,00000	0,00000
2,46263	15,00000	0,00000	0,00000	2,46263	43,00000	0,00000	0,00000
2,47500	18,00000	0,00000	0,00000	2,47500	41,00000	0,00000	0,00000
2,48738	18,00000	0,00000	0,00000	2,48738	51,00000	0,00000	0,00000
2,49975	16,00000	0,00000	0,00000	2,49975	64,00000	0,00000	0,00000
2,51213	16,00000	0,00000	0,00000	2,51213	69,00000	0,00000	0,00000
2,52450	17,00000	0,00000	0,00000	2,52450	66,00000	0,00000	0,00000
2,53688	17,00000	0,00000	0,00000	2,53688	57,00000	0,00000	0,00000
2,54925	17,00000	0,00000	0,00000	2,54925	45,00000	0,00000	0,00000
2,56163	17,00000	0,00000	0,00000	2,56163	38,00000	0,00000	0,00000
2,57400	17,00000	0,00000	0,00000	2,57400	41,00000	0,00000	0,00000
2,58638	15,00000	0,00000	0,00000	2,58638	55,00000	0,00000	0,00000
2,59875	15,00000	0,00000	0,00000	2,59875	58,00000	0,00000	0,00000
2,61112	17,00000	0,00000	0,00000	2,61113	66,00000	0,00000	0,00000
2,62350	17,00000	0,00000	0,00000	2,62350	76,00000	0,00000	0,00000
2,63587	17,00000	0,00000	0,00000	2,63588	79,00000	0,00000	0,00000
2,64825	17,00000	0,00000	0,00000	2,64825	75,00000	0,00000	0,00000
2,66063	16,00000	0,00000	0,00000	2,66063	67,00000	0,00000	0,00000
2,67300	16,00000	0,00000	0,00000	2,67300	59,00000	0,00000	0,00000
2,68538	18,00000	0,00000	0,00000	2,68538	60,00000	0,00000	0,00000
2,69775	18,00000	0,00000	0,00000	2,69775	59,00000	0,00000	0,00000
2,71013	18,00000	0,00000	0,00000	2,71013	59,00000	0,00000	0,00000
2,72250	18,00000	0,00000	0,00000	2,72250	55,00000	0,00000	0,00000
2,73488	17,00000	0,00000	0,00000	2,73488	46,00000	0,00000	0,00000
2,74725	15,00000	0,00000	0,00000	2,74725	46,00000	0,00000	0,00000
2,75963	15,00000	0,00000	0,00000	2,75963	53,00000	0,00000	0,00000
2,77200	17,00000	0,00000	0,00000	2,77200	67,00000	0,00000	0,00000
2,78438	17,00000	0,00000	0,00000	2,78438	75,00000	0,00000	0,00000
2,79675	16,00000	0,00000	0,00000	2,79675	75,00000	0,00000	0,00000
2,80913	18,00000	0,00000	0,00000	2,80913	81,00000	0,00000	0,00000
2,82150	18,00000	0,00000	0,00000	2,82150	84,00000	0,00000	0,00000
2,83387	18,00000	0,00000	0,00000	2,83388	86,00000	0,00000	0,00000
2,84625	18,00000	0,00000	0,00000	2,84625	93,00000	0,00000	0,00000
2,85862	16,00000	0,00000	0,00000	2,85863	88,00000	0,00000	0,00000
2,87100	16,00000	0,00000	0,00000	2,87100	84,00000	0,00000	0,00000
2,88338	16,00000	0,00000	0,00000	2,88338	88,00000	0,00000	0,00000
2,89575	18,00000	0,00000	0,00000	2,89575	89,00000	0,00000	0,00000
2,90813	17,00000	0,00000	0,00000	2,90813	95,00000	0,00000	0,00000
2,92050	20,00000	0,00000	0,00000	2,92050	97,00000	0,00000	0,00000
2,93288	22,00000	0,00000	0,00000	2,93288	98,00000	0,00000	0,00000
2,94525	24,00000	0,00000	0,00000	2,94525	114,00000	0,00000	0,00000
2,95763	20,00000	0,00000	0,00000	2,95763	130,00000	0,00000	0,00000
2,97000	17,00000	0,00000	0,00000	2,97000	154,00000	0,00000	0,00000
2,98238	16,00000	0,00000	0,00000	2,98238	165,00000	0,00000	0,00000
2,99475	18,00000	0,00000	0,00000	2,99475	138,00000	0,00000	0,00000
3,00713	17,00000	0,00000	0,00000	3,00713	124,00000	0,00000	0,00000
3,01950	18,00000	0,00000	0,00000	3,01950	96,00000	0,00000	0,00000
3,03188	19,00000	0,00000	0,00000	3,03188	84,00000	0,00000	0,00000
3,04425	20,00000	0,00000	0,00000	3,04425	90,00000	0,00000	0,00000
3,05662	24,00000	0,00000	0,00000	3,05663	90,00000	0,00000	0,00000
3,06900	25,00000	0,00000	0,00000	3,06900	88,00000	0,00000	0,00000
3,08137	26,00000	0,00000	0,00000	3,08138	87,00000	0,00000	0,00000
3,09375	26,00000	0,00000	0,00000	3,09375	90,00000	0,00000	0,00000
3,10613	24,00000	0,00000	0,00000	3,10613	109,00000	0,00000	0,00000
3,11850	24,00000	0,00000	0,00000	3,11850	126,00000	0,00000	0,00000
3,13088	26,00000	0,00000	0,00000	3,13088	126,00000	0,00000	0,00000
3,14325	30,00000	0,00000	0,00000	3,14325	118,00000	0,00000	0,00000
3,15563	31,00000	0,00000	0,00000	3,15563	110,00000	0,00000	0,00000
3,16800	33,00000	0,00000	0,00000	3,16800	105,00000	0,00000	0,00000
3,18038	39,00000	0,00000	0,00000	3,18038	107,00000	0,00000	0,00000
3,19275	41,00000	0,00000	0,00000	3,19275	115,00000	0,00000	0,00000
3,20513	33,00000	0,00000	0,00000	3,20513	112,00000	0,00000	0,00000
3,21750	26,00000	0,00000	0,00000	3,21750	117,00000	0,00000	0,00000
3,22988	18,00000	0,00000	0,00000	3,22988	122,00000	0,00000	0,00000
3,24225	19,00000	0,00000	0,00000	3,24225	145,00000	0,00000	0,00000
3,25463	23,00000	0,00000	0,00000	3,25463	159,00000	0,00000	0,00000
3,26700	26,00000	0,00000	0,00000	3,26700	160,00000	0,00000	0,00000
3,27938	27,00000	0,00000	0,00000	3,27938	159,00000	0,00000	0,00000
3,29175	34,00000	0,00000	0,00000	3,29175	155,00000	0,00000	0,00000
3,30412	45,00000	0,00000	0,00000	3,30413	151,00000	0,00000	0,00000
3,31650	47,00000	0,00000	0,00000	3,31650	148,00000	0,00000	0,00000
3,32888	40,00000	0,00000	0,00000	3,32888	168,00000	0,00000	0,00000
3,34125	36,00000	0,00000	0,00000	3,34125	174,00000	0,00000	0,00000
3,35363	40,00000	0,00000	0,00000	3,35363	182,00000	0,00000	0,00000
3,36600	48,00000	0,00000	0,00000	3,36600	173,00000	0,00000	0,00000
3,37838	54,00000	0,00000	0,00000	3,37838	175,00000	0,00000	0,00000
3,39075	55,00000	0,00000	0,00000	3,39075	157,00000	0,00000	0,00000
3,40313	55,00000	0,00000	0,00000	3,40313	147,00000	0,00000	0,00000
3,41550	52,00000	0,00000	0,00000	3,41550	125,00000	0,00000	0,00000
3,42788	47,00000	0,00000	0,00000	3,42788	122,00000	0,00000	0,00000
3,44025	45,00000	0,00000	0,00000	3,44025	116,00000	0,00000	0,00000
3,45263	43,00000	0,00000	0,00000	3,45263	117,00000	0,00000	0,00000
3,46500	41,00000	0,00000	0,00000	3,46500	115,00000	0,00000	0,00000
3,47738	41,00000	0,00000	0,00000	3,47738	125,00000	0,00000	0,00000
3,48975	47,00000	0,00000	0,00000	3,48975	128,00000	0,00000	0,00000
3,50213	58,00000	0,00000	0,00000	3,50213	132,00000	0,00000	0,00000
3,51450	73,00000	0,00000	0,00000	3,51450	131,00000	0,00000	0,00000
3,52687	94,00000	0,00000	0,00000	3,52688	138,00000	0,00000	0,00000
3,53925	118,00000	0,00000	0,00000	3,53925	135,00000	0,00000	0,00000
3,55163	148,00000	0,00000	0,00000	3,55163	145,00000	0,00000	0,00000
3,56400	171,00000	0,00000	0,00000	3,56400	153,00000	0,00000	0,00000
3,57638	176,00000	0,00000	0,00000	3,57638	162,00000	0,00000	0,00000
3,58875	161,00000	0,00000	0,00000	3,58875	162,00000	0,00000	0,00000
3,60113	136,00000	0,00000	0,00000	3,60113	162,00000	0,00000	0,00000
3,61350	119,00000	0,00000	0,00000	3,61350	155,00000	0,00000	0,00000
3,62588	121,00000	0,00000	0,00000	3,62588	147,00000	0,00000	0,00000
3,63825	130,00000	0,00000	0,00000	3,63825	132,00000	0,00000	0,00000
3,65063	139,00000	0,00000	0,00000	3,65063	131,00000	0,00000	0,00000
3,66300	142,00000	0,00000	0,00000	3,66300	132,00000	0,00000	0,00000
3,67538	133,00000	0,00000	0,00000	3,67538	142,00000	0,00000	0,00000
3,68775	122,00000	0,00000	0,00000	3,68775	146,00000	0,00000	0,00000
3,70013	111,00000	0,00000	0,00000	3,70013	161,00000	0,00000	0,00000
3,71250	105,00000	0,00000	0,00000	3,71250	171,00000	0,00000	0,00000
3,72488	104,00000	0,00000	0,00000	3,72488	171,00000	0,00000	0,00000
3,73725	111,00000	0,00000	0,00000	3,73725	147,00000	0,00000	0,00000
3,74962	125,00000	0,00000	0,00000	3,74963	135,00000	0,00000	0,00000
3,76200	128,00000	0,00000	0,00000	3,76200	122,00000	0,00000	0,00000
3,77438	122,00000	0,00000	0,00000	3,77438	117,00000	0,00000	0,00000
3,78675	114,00000	0,00000	0,00000	3,78675	105,00000	0,00000	0,00000
3,79913	111,00000	0,00000	0,00000	3,79913	110,00000	0,00000	0,00000
3,81150	115,00000	0,00000	0,00000	3,81150	110,00000	0,00000	0,00000
3,82388	125,00000	0,00000	0,00000	3,82388	118,00000	0,00000	0,00000
3,83625	137,00000	0,00000	0,00000	3,83625	129,00000	0,00000	0,00000
3,84863	143,00000	0,00000	0,00000	3,84863	144,00000	0,00000	0,00000
3,86100	140,00000	0,00000	0,00000	3,86100	142,00000	0,00000	0,00000
3,87338	138,00000	0,00000	0,00000	3,87338	145,00000	0,00000	0,00000
3,88575	138,00000	0,00000	0,00000	3,88575	150,00000	0,00000	0,00000
3,89813	138,00000	0,00000	0,00000	3,89813	145,00000	0,00000	0,00000
3,91050	140,00000	0,00000	0,00000	3,91050	126,00000	0,00000	0,00000
3,92288	143,00000	0,00000	0,00000	3,92288	118,00000	0,00000	0,00000
3,93525	139,00000	0,00000	0,00000	3,93525	117,00000	0,00000	0,00000
3,94763	130,00000	0,00000	0,00000	3,94763	126,00000	0,00000	0,00000
3,96000	123,00000	0,00000	0,00000	3,96000	126,00000	0,00000	0,00000
3,97237	124,00000	0,00000	0,00000	3,97238	131,00000	0,00000	0,00000
3,98475	129,00000	0,00000	0,00000	3,98475	116,00000	0,00000	0,00000
3,99713	136,00000	0,00000	0,00000	3,99713	108,00000	0,00000	0,00000
4,00950	139,00000	0,00000	0,00000	4,00950	114,00000	0,00000	0,00000
4,02188	144,00000	0,00000	0,00000	4,02188	119,00000	0,00000	0,00000
4,03425	151,00000	0,00000	0,00000	4,03425	118,00000	0,00000	0,00000
4,04663	159,00000	0,00000	0,00000	4,04663	123,00000	0,00000	0,00000
4,05900	167,00000	0,00000	0,00000	4,05900	112,00000	0,00000	0,00000
4,07138	175,00000	0,00000	0,00000	4,07138	102,00000	0,00000	0,00000
4,08375	188,00000	0,00000	0,00000	4,08375	87,00000	0,00000	0,00000
4,09612	203,00000	0,00000	0,00000	4,09613	91,00000	0,00000	0,00000
4,10850	217,00000	0,00000	0,00000	4,10850	101,00000	0,00000	0,00000
4,12087	229,00000	0,00000	0,00000	4,12088	107,00000	0,00000	0,00000
4,13325	224,00000	0,00000	0,00000	4,13325	101,00000	0,00000	0,00000
4,14562	208,00000	0,00000	0,00000	4,14563	102,00000	0,00000	0,00000
4,15800	193,00000	0,00000	0,00000	4,15800	101,00000	0,00000	0,00000
4,17037	185,00000	0,00000	0,00000	4,17038	102,00000	0,00000	0,00000
4,18275	180,00000	0,00000	0,00000	4,18275	93,00000	0,00000	0,00000
4,19512	180,00000	0,00000	0,00000	4,19513	97,00000	0,00000	0,00000
4,20750	182,00000	0,00000	0,00000	4,20750	80,00000	0,00000	0,00000
4,21988	181,00000	0,00000	0,00000	4,21988	81,00000	0,00000	0,00000
4,23225	174,00000	0,00000	0,00000	4,23225	82,00000	0,00000	0,00000
4,24463	160,00000	0,00000	0,00000	4,24463	84,00000	0,00000	0,00000
4,25700	146,00000	0,00000	0,00000	4,25700	98,00000	0,00000	0,00000
4,26938	138,00000	0,00000	0,00000	4,26938	107,00000	0,00000	0,00000
4,28175	131,00000	0,00000	0,00000	4,28175	103,00000	0,00000	0,00000
4,29413	131,00000	0,00000	0,00000	4,29413	93,00000	0,00000	0,00000
4,30650	135,00000	0,00000	0,00000	4,30650	71,00000	0,00000	0,00000
4,31888	137,00000	0,00000	0,00000	4,31888	62,00000	0,00000	0,00000
4,33125	139,00000	0,00000	0,00000	4,33125	64,00000	0,00000	0,00000
4,34363	145,00000	0,00000	0,00000	4,34363	69,00000	0,00000	0,00000
4,35600	150,00000	0,00000	0,00000	4,35600	66,00000	0,00000	0,00000
4,36838	151,00000	0,00000	0,00000	4,36838	60,00000	0,00000	0,00000
4,38075	150,00000	0,00000	0,00000	4,38075	50,00000	0,00000	0,00000
4,39313	144,00000	0,00000	0,00000	4,39313	43,00000	0,00000	0,00000
4,40550	137,00000	0,00000	0,00000	4,40550	36,00000	0,00000	0,00000
4,41788	130,00000	0,00000	0,00000	4,41788	32,00000	0,00000	0,00000
4,43025	129,00000	0,00000	0,00000	4,43025	32,00000	0,00000	0,00000
4,44263	130,00000	0,00000	0,00000	4,44263	31,00000	0,00000	0,00000
4,45500	139,00000	0,00000	0,00000	4,45500	38,00000	0,00000	0,00000
4,46738	142,00000	0,00000	0,00000	4,46738	43,00000	0,00000	0,00000
4,47975	140,00000	0,00000	0,00000	4,47975	39,00000	0,00000	0,00000
4,49213	136,00000	0,00000	0,00000	4,49213	43,00000	0,00000	0,00000
4,50450	133,00000	0,00000	0,00000	4,50450	48,00000	0,00000	0,00000
4,51688	124,00000	0,00000	0,00000	4,51688	53,00000	0,00000	0,00000
4,52925	115,00000	0,00000	0,00000	4,52925	51,00000	0,00000	0,00000
4,54162	105,00000	0,00000	0,00000	4,54163	45,00000	0,00000	0,00000
4,55400	101,00000	0,00000	0,00000	4,55400	38,00000	0,00000	0,00000
4,56637	103,00000	0,00000	0,00000	4,56638	34,00000	0,00000	0,00000
4,57875	104,00000	0,00000	0,00000	4,57875	32,00000	0,00000	0,00000
4,59112	100,00000	0,00000	0,00000	4,59113	32,00000	0,00000	0,00000
4,60350	90,00000	0,00000	0,00000	4,60350	26,00000	0,00000	0,00000
4,61587	82,00000	0,00000	0,00000	4,61588	32,00000	0,00000	0,00000
4,62825	83,00000	0,00000	0,00000	4,62825	26,00000	0,00000	0,00000
4,64063	91,00000	0,00000	0,00000	4,64063	27,00000	0,00000	0,00000
4,65300	101,00000	0,00000	0,00000	4,65300	20,00000	0,00000	0,00000
4,66538	119,00000	0,00000	0,00000	4,66538	20,00000	0,00000	0,00000
4,67775	130,00000	0,00000	0,00000	4,67775	20,00000	0,00000	0,00000
4,69013	130,00000	0,00000	0,00000	4,69013	22,00000	0,00000	0,00000
4,70250	114,00000	0,00000	0,00000	4,70250	18,00000	0,00000	0,00000
4,71488	94,00000	0,00000	0,00000	4,71488	16,00000	0,00000	0,00000
4,72725	80,00000	0,00000	0,00000	4,72725	18,00000	0,00000	0,00000
4,73963	69,00000	0,00000	0,00000	4,73963	20,00000	0,00000	0,00000
4,75200	61,00000	0,00000	0,00000	4,75200	17,00000	0,00000	0,00000
4,76438	59,00000	0,00000	0,00000	4,76438	16,00000	0,00000	0,00000
4,77675	57,00000	0,00000	0,00000	4,77675	19,00000	0,00000	0,00000
4,78913	57,00000	0,00000	0,00000	4,78913	19,00000	0,00000	0,00000
4,80150	52,00000	0,00000	0,00000	4,80150	15,00000	0,00000	0,00000
4,81388	51,00000	0,00000	0,00000	4,81388	17,00000	0,00000	0,00000
4,82625	59,00000	0,00000	0,00000	4,82625	18,00000	0,00000	0,00000
4,83863	73,00000	0,00000	0,00000	4,83863	22,00000	0,00000	0,00000
4,85100	76,00000	0,00000	0,00000	4,85100	18,00000	0,00000	0,00000
4,86338	65,00000	0,00000	0,00000	4,86338	16,00000	0,00000	0,00000
4,87575	51,00000	0,00000	0,00000	4,87575	18,00000	0,00000	0,00000
4,88813	43,00000	0,00000	0,00000	4,88813	19,00000	0,00000	0,00000
4,90050	45,00000	0,00000	0,00000	4,90050	18,00000	0,00000	0,00000
4,91288	55,00000	0,00000	0,00000	4,91288	16,00000	0,00000	0,00000
4,92525	64,00000	0,00000	0,00000	4,92525	17,00000	0,00000	0,00000
4,93763	65,00000	0,00000	0,00000	4,93763	18,00000	0,00000	0,00000
4,95000	58,00000	0,00000	0,00000	4,95000	19,00000	0,00000	0,00000
4,96238	51,00000	0,00000	0,00000	4,96238	15,00000	0,00000	0,00000
4,97475	51,00000	0,00000	0,00000	4,97475	16,00000	0,00000	0,00000
4,98712	44,00000	0,00000	0,00000	4,98713	17,00000	0,00000	0,00000
4,99950	38,00000	0,00000	0,00000	4,99950	16,00000	0,00000	0,00000
5,01187	36,00000	0,00000	0,00000	5,01188	19,00000	0,00000	0,00000
5,02425	43,00000	0,00000	0,00000	5,02425	16,00000	0,00000	0,00000
5,03662	52,00000	0,00000	0,00000	5,03663	16,00000	0,00000	0,00000
5,04900	54,00000	0,00000	0,00000	5,04900	18,00000	0,00000	0,00000
5,06137	52,00000	0,00000	0,00000	5,06138	16,00000	0,00000	0,00000
5,07375	47,00000	0,00000	0,00000	5,07375	18,00000	0,00000	0,00000
5,08613	45,00000	0,00000	0,00000	5,08613	16,00000	0,00000	0,00000
5,09850	50,00000	0,00000	0,00000	5,09850	19,00000	0,00000	0,00000
5,11088	57,00000	0,00000	0,00000	5,11088	18,00000	0,00000	0,00000
5,12325	60,00000	0,00000	0,00000	5,12325	18,00000	0,00000	0,00000
5,13563	52,00000	0,00000	0,00000	5,13563	17,00000	0,00000	0,00000
5,14800	40,00000	0,00000	0,00000	5,14800	13,00000	0,00000	0,00000
5,16038	31,00000	0,00000	0,00000	5,16038	16,00000	0,00000	0,00000
5,17275	26,00000	0,00000	0,00000	5,17275	16,00000	0,00000	0,00000
5,18513	27,00000	0,00000	0,00000	5,18513	19,00000	0,00000	0,00000
5,19750	27,00000	0,00000	0,00000	5,19750	16,00000	0,00000	0,00000
5,20988	30,00000	0,00000	0,00000	5,20988	16,00000	0,00000	0,00000
5,22225	29,00000	0,00000	0,00000	5,22225	18,00000	0,00000	0,00000
5,23463	24,00000	0,00000	0,00000	5,23463	15,00000	0,00000	0,00000
5,24700	20,00000	0,00000	0,00000	5,24700	19,00000	0,00000	0,00000
5,25938	20,00000	0,00000	0,00000	5,25938	19,00000	0,00000	0,00000
5,27175	26,00000	0,00000	0,00000	5,27175	15,00000	0,00000	0,00000
5,28413	31,00000	0,00000	0,00000	5,28413	15,00000	0,00000	0,00000
5,29650	31,00000	0,00000	0,00000	5,29650	16,00000	0,00000	0,00000
5,30888	30,00000	0,00000	0,00000	5,30888	15,00000	0,00000	0,00000
5,32125	23,00000	0,00000	0,00000	5,32125	15,00000	0,00000	0,00000
5,33363	20,00000	0,00000	0,00000	5,33363	17,00000	0,00000	0,00000
5,34600	20,00000	0,00000	0,00000	5,34600	19,00000	0,00000	0,00000
5,35838	22,00000	0,00000	0,00000	5,35838	16,00000	0,00000	0,00000
5,37075	20,00000	0,00000	0,00000	5,37075	18,00000	0,00000	0,00000
5,38313	20,00000	0,00000	0,00000	5,38313	18,00000	0,00000	0,00000
5,39550	25,00000	0,00000	0,00000	5,39550	18,00000	0,00000	0,00000
5,40788	27,00000	0,00000	0,00000	5,40788	18,00000	0,00000	0,00000
5,42025	25,00000	0,00000	0,00000	5,42025	18,00000	0,00000	0,00000
5,43262	22,00000	0,00000	0,00000	5,43263	18,00000	0,00000	0,00000
5,44500	20,00000	0,00000	0,00000	5,44500	20,00000	0,00000	0,00000
5,45737	19,00000	0,00000	0,00000	5,45738	16,00000	0,00000	0,00000
5,46975	19,00000	0,00000	0,00000	5,46975	17,00000	0,00000	0,00000
5,48212	22,00000	0,00000	0,00000	5,48213	13,00000	0,00000	0,00000
5,49450	22,00000	0,00000	0,00000	5,49450	19,00000	0,00000	0,00000
5,50687	22,00000	0,00000	0,00000	5,50688	17,00000	0,00000	0,00000
5,51925	19,00000	0,00000	0,00000	5,51925	18,00000	0,00000	0,00000
5,53163	16,00000	0,00000	0,00000	5,53163	16,00000	0,00000	0,00000
5,54400	16,00000	0,00000	0,00000	5,54400	18,00000	0,00000	0,00000
5,55638	17,00000	0,00000	0,00000	5,55638	16,00000	0,00000	0,00000
5,56875	19,00000	0,00000	0,00000	5,56875	15,00000	0,00000	0,00000
5,58113	23,00000	0,00000	0,00000	5,58113	16,00000	0,00000	0,00000
5,59350	20,00000	0,00000	0,00000	5,59350	16,00000	0,00000	0,00000
5,60588	17,00000	0,00000	0,00000	5,60588	16,00000	0,00000	0,00000
5,61825	16,00000	0,00000	0,00000	5,61825	17,00000	0,00000	0,00000
5,63063	17,00000	0,00000	0,00000	5,63063	17,00000	0,00000	0,00000
5,64300	15,00000	0,00000	0,00000	5,64300	17,00000	0,00000	0,00000
5,65538	15,00000	0,00000	0,00000	5,65538	15,00000	0,00000	0,00000
5,66775	15,00000	0,00000	0,00000	5,66775	18,00000	0,00000	0,00000
5,68013	15,00000	0,00000	0,00000	5,68013	19,00000	0,00000	0,00000
5,69250	17,00000	0,00000	0,00000	5,69250	17,00000	0,00000	0,00000
5,70488	18,00000	0,00000	0,00000	5,70488	19,00000	0,00000	0,00000
5,71725	17,00000	0,00000	0,00000	5,71725	18,00000	0,00000	0,00000
5,72963	17,00000	0,00000	0,00000	5,72963	18,00000	0,00000	0,00000
5,74200	15,00000	0,00000	0,00000	5,74200	16,00000	0,00000	0,00000
5,75438	15,00000	0,00000	0,00000	5,75438	16,00000	0,00000	0,00000
5,76675	17,00000	0,00000	0,00000	5,76675	17,00000	0,00000	0,00000
5,77913	17,00000	0,00000	0,00000	5,77913	18,00000	0,00000	0,00000
5,79150	18,00000	0,00000	0,00000	5,79150	17,00000	0,00000	0,00000
5,80388	16,00000	0,00000	0,00000	5,80388	18,00000	0,00000	0,00000
5,81625	16,00000	0,00000	0,00000	5,81625	17,00000	0,00000	0,00000
5,82863	18,00000	0,00000	0,00000	5,82863	18,00000	0,00000	0,00000
5,84100	18,00000	0,00000	0,00000	5,84100	17,00000	0,00000	0,00000
5,85338	16,00000	0,00000	0,00000	5,85338	15,00000	0,00000	0,00000
5,86575	17,00000	0,00000	0,00000	5,86575	17,00000	0,00000	0,00000
5,87813	17,00000	0,00000	0,00000	5,87813	18,00000	0,00000	0,00000
5,89050	15,00000	0,00000	0,00000	5,89050	18,00000	0,00000	0,00000
5,90287	15,00000	0,00000	0,00000	5,90288	15,00000	0,00000	0,00000
5,91525	17,00000	0,00000	0,00000	0,00000	19,00000	0,00000	0,00000
5,92762	18,00000	0,00000	0,00000	0,00000	9,00000	0,00000	0,00000
5,94000	16,00000	0,00000	0,00000	0,00000	0,00000	0,00000	0,00000
5,95237	16,00000	0,00000	0,00000	0,00000	0,00000	0,00000	0,00000
5,96475	17,00000	0,00000	0,00000	0,00000	0,00000	0,00000	0,00000
5,97713	17,00000	0,00000	0,00000	0,00000	0,00000	0,00000	0,00000
5,98950	17,00000	0,00000	0,00000	0,00000	0,00000	0,00000	0,00000
6,00188	17,00000	0,00000	0,00000	0,00000	0,00000	0,00000	0,00000
6,01425	15,00000	0,00000	0,00000	0,00000	0,00000	0,00000	0,00000
6,02663	15,00000	0,00000	0,00000	0,00000	0,00000	0,00000	0,00000
6,03900	17,00000	0,00000	0,00000	0,00000	0,00000	0,00000	0,00000
6,05138	17,00000	0,00000	0,00000	0,00000	0,00000	0,00000	0,00000
6,06375	15,00000	0,00000	0,00000	0,00000	0,00000	0,00000	0,00000
6,07613	13,00000	0,00000	0,00000	0,00000	0,00000	0,00000	0,00000
6,08850	15,00000	0,00000	0,00000	0,00000	0,00000	0,00000	0,00000
6,10088	17,00000	0,00000	0,00000	0,00000	0,00000	0,00000	0,00000
6,11325	17,00000	0,00000	0,00000	0,00000	0,00000	0,00000	0,00000
6,12563	17,00000	0,00000	0,00000	0,00000	0,00000	0,00000	0,00000
6,13800	17,00000	0,00000	0,00000	0,00000	0,00000	0,00000	0,00000
6,15038	15,00000	0,00000	0,00000	0,00000	0,00000	0,00000	0,00000
6,16275	15,00000	0,00000	0,00000	0,00000	0,00000	0,00000	0,00000
6,17513	17,00000	0,00000	0,00000	0,00000	0,00000	0,00000	0,00000
6,18750	16,00000	0,00000	0,00000	0,00000	0,00000	0,00000	0,00000
6,19988	18,00000	0,00000	0,00000	0,00000	0,00000	0,00000	0,00000
6,21225	18,00000	0,00000	0,00000	0,00000	0,00000	0,00000	0,00000
6,22463	18,00000	0,00000	0,00000	0,00000	0,00000	0,00000	0,00000
6,23700	18,00000	0,00000	0,00000	0,00000	0,00000	0,00000	0,00000
6,24938	16,00000	0,00000	0,00000	0,00000	0,00000	0,00000	0,00000
6,26175	17,00000	0,00000	0,00000	0,00000	0,00000	0,00000	0,00000
6,27413	17,00000	0,00000	0,00000	0,00000	0,00000	0,00000	0,00000
6,28650	15,00000	0,00000	0,00000	0,00000	0,00000	0,00000	0,00000
6,29888	15,00000	0,00000	0,00000	0,00000	0,00000	0,00000	0,00000
6,31125	16,00000	0,00000	0,00000	0,00000	0,00000	0,00000	0,00000
6,32363	16,00000	0,00000	0,00000	0,00000	0,00000	0,00000	0,00000
6,33600	13,00000	0,00000	0,00000	0,00000	0,00000	0,00000	0,00000
6,34837	15,00000	0,00000	0,00000	0,00000	0,00000	0,00000	0,00000
6,36075	17,00000	0,00000	0,00000	0,00000	0,00000	0,00000	0,00000
6,37312	17,00000	0,00000	0,00000	0,00000	0,00000	0,00000	0,00000
6,38550	15,00000	0,00000	0,00000	0,00000	0,00000	0,00000	0,00000
6,39787	15,00000	0,00000	0,00000	0,00000	0,00000	0,00000	0,00000
6,41025	16,00000	0,00000	0,00000	0,00000	0,00000	0,00000	0,00000
6,42263	16,00000	0,00000	0,00000	0,00000	0,00000	0,00000	0,00000
6,43500	16,00000	0,00000	0,00000	0,00000	0,00000	0,00000	0,00000
6,44738	15,00000	0,00000	0,00000	0,00000	0,00000	0,00000	0,00000
6,45975	15,00000	0,00000	0,00000	0,00000	0,00000	0,00000	0,00000
6,47213	17,00000	0,00000	0,00000	0,00000	0,00000	0,00000	0,00000
6,48450	16,00000	0,00000	0,00000	0,00000	0,00000	0,00000	0,00000
6,49688	13,00000	0,00000	0,00000	0,00000	0,00000	0,00000	0,00000
6,50925	15,00000	0,00000	0,00000	0,00000	0,00000	0,00000	0,00000
6,52163	12,00000	0,00000	0,00000	0,00000	0,00000	0,00000	0,00000
6,53400	12,00000	0,00000	0,00000	0,00000	0,00000	0,00000	0,00000
6,54638	16,00000	0,00000	0,00000	0,00000	0,00000	0,00000	0,00000
6,55875	17,00000	0,00000	0,00000	0,00000	0,00000	0,00000	0,00000
6,57113	17,00000	0,00000	0,00000	0,00000	0,00000	0,00000	0,00000
6,58350	17,00000	0,00000	0,00000	0,00000	0,00000	0,00000	0,00000
6,59588	17,00000	0,00000	0,00000	0,00000	0,00000	0,00000	0,00000
6,60825	17,00000	0,00000	0,00000	0,00000	0,00000	0,00000	0,00000
6,62063	15,00000	0,00000	0,00000	0,00000	0,00000	0,00000	0,00000
6,63300	13,00000	0,00000	0,00000	0,00000	0,00000	0,00000	0,00000
6,64538	16,00000	0,00000	0,00000	0,00000	0,00000	0,00000	0,00000
6,65775	16,00000	0,00000	0,00000	0,00000	0,00000	0,00000	0,00000
6,67013	15,00000	0,00000	0,00000	0,00000	0,00000	0,00000	0,00000
6,68250	15,00000	0,00000	0,00000	0,00000	0,00000	0,00000	0,00000
6,69488	17,00000	0,00000	0,00000	0,00000	0,00000	0,00000	0,00000
6,70725	17,00000	0,00000	0,00000	0,00000	0,00000	0,00000	0,00000
6,71963	15,00000	0,00000	0,00000	0,00000	0,00000	0,00000	0,00000
6,73200	16,00000	0,00000	0,00000	0,00000	0,00000	0,00000	0,00000
6,74438	13,00000	0,00000	0,00000	0,00000	0,00000	0,00000	0,00000
6,75675	12,00000	0,00000	0,00000	0,00000	0,00000	0,00000	0,00000
6,76913	13,00000	0,00000	0,00000	0,00000	0,00000	0,00000	0,00000
6,78150	16,00000	0,00000	0,00000	0,00000	0,00000	0,00000	0,00000
6,79387	16,00000	0,00000	0,00000	0,00000	0,00000	0,00000	0,00000
6,80625	16,00000	0,00000	0,00000	0,00000	0,00000	0,00000	0,00000
6,81862	16,00000	0,00000	0,00000	0,00000	0,00000	0,00000	0,00000
6,83100	16,00000	0,00000	0,00000	0,00000	0,00000	0,00000	0,00000
6,84337	16,00000	0,00000	0,00000	0,00000	0,00000	0,00000	0,00000
6,85575	16,00000	0,00000	0,00000	0,00000	0,00000	0,00000	0,00000
6,86813	16,00000	0,00000	0,00000	0,00000	0,00000	0,00000	0,00000
6,88050	16,00000	0,00000	0,00000	0,00000	0,00000	0,00000	0,00000
6,89288	16,00000	0,00000	0,00000	0,00000	0,00000	0,00000	0,00000
6,90525	16,00000	0,00000	0,00000	0,00000	0,00000	0,00000	0,00000
6,91763	16,00000	0,00000	0,00000	0,00000	0,00000	0,00000	0,00000
6,93000	16,00000	0,00000	0,00000	0,00000	0,00000	0,00000	0,00000
6,94238	13,00000	0,00000	0,00000	0,00000	0,00000	0,00000	0,00000
6,95475	16,00000	0,00000	0,00000	0,00000	0,00000	0,00000	0,00000
6,96713	16,00000	0,00000	0,00000	0,00000	0,00000	0,00000	0,00000
6,97950	16,00000	0,00000	0,00000	0,00000	0,00000	0,00000	0,00000
6,99188	16,00000	0,00000	0,00000	0,00000	0,00000	0,00000	0,00000
7,00425	16,00000	0,00000	0,00000	0,00000	0,00000	0,00000	0,00000
7,01663	16,00000	0,00000	0,00000	0,00000	0,00000	0,00000	0,00000
7,02900	13,00000	0,00000	0,00000	0,00000	0,00000	0,00000	0,00000
7,04138	13,00000	0,00000	0,00000	0,00000	0,00000	0,00000	0,00000
7,05375	16,00000	0,00000	0,00000	0,00000	0,00000	0,00000	0,00000
7,06613	16,00000	0,00000	0,00000	0,00000	0,00000	0,00000	0,00000
7,07850	16,00000	0,00000	0,00000	0,00000	0,00000	0,00000	0,00000
7,09088	13,00000	0,00000	0,00000	0,00000	0,00000	0,00000	0,00000
7,10325	13,00000	0,00000	0,00000	0,00000	0,00000	0,00000	0,00000
7,11563	16,00000	0,00000	0,00000	0,00000	0,00000	0,00000	0,00000
7,12800	16,00000	0,00000	0,00000	0,00000	0,00000	0,00000	0,00000
7,14038	16,00000	0,00000	0,00000	0,00000	0,00000	0,00000	0,00000
7,15275	16,00000	0,00000	0,00000	0,00000	0,00000	0,00000	0,00000
7,16513	15,00000	0,00000	0,00000	0,00000	0,00000	0,00000	0,00000
7,17750	15,00000	0,00000	0,00000	0,00000	0,00000	0,00000	0,00000
7,18988	17,00000	0,00000	0,00000	0,00000	0,00000	0,00000	0,00000
7,20225	15,00000	0,00000	0,00000	0,00000	0,00000	0,00000	0,00000
7,21463	16,00000	0,00000	0,00000	0,00000	0,00000	0,00000	0,00000
7,22700	16,00000	0,00000	0,00000	0,00000	0,00000	0,00000	0,00000
7,23938	13,00000	0,00000	0,00000	0,00000	0,00000	0,00000	0,00000
7,25175	13,00000	0,00000	0,00000	0,00000	0,00000	0,00000	0,00000
7,26412	13,00000	0,00000	0,00000	0,00000	0,00000	0,00000	0,00000
7,27650	13,00000	0,00000	0,00000	0,00000	0,00000	0,00000	0,00000
7,28887	16,00000	0,00000	0,00000	0,00000	0,00000	0,00000	0,00000
7,30125	16,00000	0,00000	0,00000	0,00000	0,00000	0,00000	0,00000
7,31363	15,00000	0,00000	0,00000	0,00000	0,00000	0,00000	0,00000
7,32600	17,00000	0,00000	0,00000	0,00000	0,00000	0,00000	0,00000
7,33838	15,00000	0,00000	0,00000	0,00000	0,00000	0,00000	0,00000
7,35075	15,00000	0,00000	0,00000	0,00000	0,00000	0,00000	0,00000
7,36313	16,00000	0,00000	0,00000	0,00000	0,00000	0,00000	0,00000
7,37550	16,00000	0,00000	0,00000	0,00000	0,00000	0,00000	0,00000
7,38788	13,00000	0,00000	0,00000	0,00000	0,00000	0,00000	0,00000
7,40025	13,00000	0,00000	0,00000	0,00000	0,00000	0,00000	0,00000
7,41263	13,00000	0,00000	0,00000	0,00000	0,00000	0,00000	0,00000
7,42500	13,00000	0,00000	0,00000	0,00000	0,00000	0,00000	0,00000
7,43738	16,00000	0,00000	0,00000	0,00000	0,00000	0,00000	0,00000
7,44975	16,00000	0,00000	0,00000	0,00000	0,00000	0,00000	0,00000
7,46213	17,00000	0,00000	0,00000	0,00000	0,00000	0,00000	0,00000
7,47450	16,00000	0,00000	0,00000	0,00000	0,00000	0,00000	0,00000
7,48688	13,00000	0,00000	0,00000	0,00000	0,00000	0,00000	0,00000
7,49925	16,00000	0,00000	0,00000	0,00000	0,00000	0,00000	0,00000
7,51163	16,00000	0,00000	0,00000	0,00000	0,00000	0,00000	0,00000
7,52400	16,00000	0,00000	0,00000	0,00000	0,00000	0,00000	0,00000
7,53638	13,00000	0,00000	0,00000	0,00000	0,00000	0,00000	0,00000
7,54875	15,00000	0,00000	0,00000	0,00000	0,00000	0,00000	0,00000
7,56113	15,00000	0,00000	0,00000	0,00000	0,00000	0,00000	0,00000
7,57350	12,00000	0,00000	0,00000	0,00000	0,00000	0,00000	0,00000
7,58588	12,00000	0,00000	0,00000	0,00000	0,00000	0,00000	0,00000
7,59825	15,00000	0,00000	0,00000	0,00000	0,00000	0,00000	0,00000
7,61063	15,00000	0,00000	0,00000	0,00000	0,00000	0,00000	0,00000
7,62300	13,00000	0,00000	0,00000	0,00000	0,00000	0,00000	0,00000
7,63538	16,00000	0,00000	0,00000	0,00000	0,00000	0,00000	0,00000
7,64775	13,00000	0,00000	0,00000	0,00000	0,00000	0,00000	0,00000
7,66013	13,00000	0,00000	0,00000	0,00000	0,00000	0,00000	0,00000
7,67250	16,00000	0,00000	0,00000	0,00000	0,00000	0,00000	0,00000
7,68488	17,00000	0,00000	0,00000	0,00000	0,00000	0,00000	0,00000
7,69725	15,00000	0,00000	0,00000	0,00000	0,00000	0,00000	0,00000
7,70962	15,00000	0,00000	0,00000	0,00000	0,00000	0,00000	0,00000
7,72200	16,00000	0,00000	0,00000	0,00000	0,00000	0,00000	0,00000
7,73438	16,00000	0,00000	0,00000	0,00000	0,00000	0,00000	0,00000
7,74675	16,00000	0,00000	0,00000	0,00000	0,00000	0,00000	0,00000
7,75913	13,00000	0,00000	0,00000	0,00000	0,00000	0,00000	0,00000
7,77150	13,00000	0,00000	0,00000	0,00000	0,00000	0,00000	0,00000
7,78388	13,00000	0,00000	0,00000	0,00000	0,00000	0,00000	0,00000
7,79625	13,00000	0,00000	0,00000	0,00000	0,00000	0,00000	0,00000
7,80863	16,00000	0,00000	0,00000	0,00000	0,00000	0,00000	0,00000
7,82100	16,00000	0,00000	0,00000	0,00000	0,00000	0,00000	0,00000
7,83338	13,00000	0,00000	0,00000	0,00000	0,00000	0,00000	0,00000
7,84575	13,00000	0,00000	0,00000	0,00000	0,00000	0,00000	0,00000
7,85813	16,00000	0,00000	0,00000	0,00000	0,00000	0,00000	0,00000
7,87050	17,00000	0,00000	0,00000	0,00000	0,00000	0,00000	0,00000
7,88288	13,00000	0,00000	0,00000	0,00000	0,00000	0,00000	0,00000
0,00000	10,00000	0,00000	0,00000	0,00000	0,00000	0,00000	0,00000
0,00000	9,00000	0,00000	0,00000	0,00000	0,00000	0,00000	0,00000
