GRUPPE3_Greyline11.dat
04.10.2021
16:13:39
GRUPPE3

Gauss coefficients notation:
Amplitude
FWHM
Std.Abw.
[Fehler]
offset
BEAMCUT  LINES:

X H  in mm	Y H rel	Gauss fit H	H Gauss Coefficients	X V in mm	Y V rel	Gauss fit V	V Gauss Coefficientes
0,00000	13,00000	0,00000	0,00000	0,00000	17,00000	0,00000	0,00000
0,01238	13,00000	0,00000	0,00000	0,01238	17,00000	0,00000	0,00000
0,02475	13,00000	0,00000	0,00000	0,02475	17,00000	0,00000	0,00000
0,03713	19,00000	0,00000	0,00000	0,03713	17,00000	0,00000	0,00000
0,04950	18,00000	0,00000	0,00000	0,04950	16,00000	0,00000	0,00000
0,06187	17,00000	0,00000	0,00000	0,06188	17,00000	0,00000	0,00000
0,07425	15,00000	0,00000	0,00000	0,07425	15,00000	0,00000	0,00000
0,08663	15,00000	0,00000	0,00000	0,08663	17,00000	0,00000	0,00000
0,09900	15,00000	0,00000	0,00000	0,09900	17,00000	0,00000	0,00000
0,11138	15,00000	0,00000	0,00000	0,11138	17,00000	0,00000	0,00000
0,12375	17,00000	0,00000	0,00000	0,12375	17,00000	0,00000	0,00000
0,13612	15,00000	0,00000	0,00000	0,13613	16,00000	0,00000	0,00000
0,14850	15,00000	0,00000	0,00000	0,14850	17,00000	0,00000	0,00000
0,16088	15,00000	0,00000	0,00000	0,16088	16,00000	0,00000	0,00000
0,17325	17,00000	0,00000	0,00000	0,17325	15,00000	0,00000	0,00000
0,18563	15,00000	0,00000	0,00000	0,18563	15,00000	0,00000	0,00000
0,19800	15,00000	0,00000	0,00000	0,19800	15,00000	0,00000	0,00000
0,21038	17,00000	0,00000	0,00000	0,21038	16,00000	0,00000	0,00000
0,22275	17,00000	0,00000	0,00000	0,22275	15,00000	0,00000	0,00000
0,23513	17,00000	0,00000	0,00000	0,23513	17,00000	0,00000	0,00000
0,24750	15,00000	0,00000	0,00000	0,24750	17,00000	0,00000	0,00000
0,25988	16,00000	0,00000	0,00000	0,25988	18,00000	0,00000	0,00000
0,27225	13,00000	0,00000	0,00000	0,27225	17,00000	0,00000	0,00000
0,28463	13,00000	0,00000	0,00000	0,28463	18,00000	0,00000	0,00000
0,29700	16,00000	0,00000	0,00000	0,29700	16,00000	0,00000	0,00000
0,30938	17,00000	0,00000	0,00000	0,30938	18,00000	0,00000	0,00000
0,32175	13,00000	0,00000	0,00000	0,32175	17,00000	0,00000	0,00000
0,33413	13,00000	0,00000	0,00000	0,33413	15,00000	0,00000	0,00000
0,34650	16,00000	0,00000	0,00000	0,34650	17,00000	0,00000	0,00000
0,35887	17,00000	0,00000	0,00000	0,35888	16,00000	0,00000	0,00000
0,37125	17,00000	0,00000	0,00000	0,37125	17,00000	0,00000	0,00000
0,38362	18,00000	0,00000	0,00000	0,38363	17,00000	0,00000	0,00000
0,39600	16,00000	0,00000	0,00000	0,39600	17,00000	0,00000	0,00000
0,40838	16,00000	0,00000	0,00000	0,40838	16,00000	0,00000	0,00000
0,42075	17,00000	0,00000	0,00000	0,42075	17,00000	0,00000	0,00000
0,43313	17,00000	0,00000	0,00000	0,43313	17,00000	0,00000	0,00000
0,44550	17,00000	0,00000	0,00000	0,44550	17,00000	0,00000	0,00000
0,45788	17,00000	0,00000	0,00000	0,45788	17,00000	0,00000	0,00000
0,47025	17,00000	0,00000	0,00000	0,47025	13,00000	0,00000	0,00000
0,48263	15,00000	0,00000	0,00000	0,48263	17,00000	0,00000	0,00000
0,49500	16,00000	0,00000	0,00000	0,49500	17,00000	0,00000	0,00000
0,50738	16,00000	0,00000	0,00000	0,50738	17,00000	0,00000	0,00000
0,51975	13,00000	0,00000	0,00000	0,51975	16,00000	0,00000	0,00000
0,53213	13,00000	0,00000	0,00000	0,53213	15,00000	0,00000	0,00000
0,54450	13,00000	0,00000	0,00000	0,54450	17,00000	0,00000	0,00000
0,55688	13,00000	0,00000	0,00000	0,55688	15,00000	0,00000	0,00000
0,56925	16,00000	0,00000	0,00000	0,56925	15,00000	0,00000	0,00000
0,58163	17,00000	0,00000	0,00000	0,58163	15,00000	0,00000	0,00000
0,59400	17,00000	0,00000	0,00000	0,59400	16,00000	0,00000	0,00000
0,60637	17,00000	0,00000	0,00000	0,60638	17,00000	0,00000	0,00000
0,61875	17,00000	0,00000	0,00000	0,61875	17,00000	0,00000	0,00000
0,63113	15,00000	0,00000	0,00000	0,63113	17,00000	0,00000	0,00000
0,64350	15,00000	0,00000	0,00000	0,64350	17,00000	0,00000	0,00000
0,65587	17,00000	0,00000	0,00000	0,65588	16,00000	0,00000	0,00000
0,66825	16,00000	0,00000	0,00000	0,66825	18,00000	0,00000	0,00000
0,68063	13,00000	0,00000	0,00000	0,68063	16,00000	0,00000	0,00000
0,69300	13,00000	0,00000	0,00000	0,69300	15,00000	0,00000	0,00000
0,70538	15,00000	0,00000	0,00000	0,70538	15,00000	0,00000	0,00000
0,71775	13,00000	0,00000	0,00000	0,71775	15,00000	0,00000	0,00000
0,73013	13,00000	0,00000	0,00000	0,73013	17,00000	0,00000	0,00000
0,74250	16,00000	0,00000	0,00000	0,74250	18,00000	0,00000	0,00000
0,75488	17,00000	0,00000	0,00000	0,75488	17,00000	0,00000	0,00000
0,76725	17,00000	0,00000	0,00000	0,76725	17,00000	0,00000	0,00000
0,77963	17,00000	0,00000	0,00000	0,77963	18,00000	0,00000	0,00000
0,79200	15,00000	0,00000	0,00000	0,79200	15,00000	0,00000	0,00000
0,80438	16,00000	0,00000	0,00000	0,80438	17,00000	0,00000	0,00000
0,81675	13,00000	0,00000	0,00000	0,81675	15,00000	0,00000	0,00000
0,82913	13,00000	0,00000	0,00000	0,82913	17,00000	0,00000	0,00000
0,84150	16,00000	0,00000	0,00000	0,84150	18,00000	0,00000	0,00000
0,85388	16,00000	0,00000	0,00000	0,85388	18,00000	0,00000	0,00000
0,86625	16,00000	0,00000	0,00000	0,86625	16,00000	0,00000	0,00000
0,87862	16,00000	0,00000	0,00000	0,87863	16,00000	0,00000	0,00000
0,89100	16,00000	0,00000	0,00000	0,89100	15,00000	0,00000	0,00000
0,90338	15,00000	0,00000	0,00000	0,90338	17,00000	0,00000	0,00000
0,91575	15,00000	0,00000	0,00000	0,91575	15,00000	0,00000	0,00000
0,92813	17,00000	0,00000	0,00000	0,92813	18,00000	0,00000	0,00000
0,94050	17,00000	0,00000	0,00000	0,94050	15,00000	0,00000	0,00000
0,95288	15,00000	0,00000	0,00000	0,95288	13,00000	0,00000	0,00000
0,96525	16,00000	0,00000	0,00000	0,96525	17,00000	0,00000	0,00000
0,97763	16,00000	0,00000	0,00000	0,97763	17,00000	0,00000	0,00000
0,99000	12,00000	0,00000	0,00000	0,99000	17,00000	0,00000	0,00000
1,00238	12,00000	0,00000	0,00000	1,00238	17,00000	0,00000	0,00000
1,01475	12,00000	0,00000	0,00000	1,01475	17,00000	0,00000	0,00000
1,02713	17,00000	0,00000	0,00000	1,02713	16,00000	0,00000	0,00000
1,03950	17,00000	0,00000	0,00000	1,03950	18,00000	0,00000	0,00000
1,05188	15,00000	0,00000	0,00000	1,05188	15,00000	0,00000	0,00000
1,06425	15,00000	0,00000	0,00000	1,06425	15,00000	0,00000	0,00000
1,07662	15,00000	0,00000	0,00000	1,07663	15,00000	0,00000	0,00000
1,08900	15,00000	0,00000	0,00000	1,08900	17,00000	0,00000	0,00000
1,10137	17,00000	0,00000	0,00000	1,10138	17,00000	0,00000	0,00000
1,11375	16,00000	0,00000	0,00000	1,11375	17,00000	0,00000	0,00000
1,12613	13,00000	0,00000	0,00000	1,12613	19,00000	0,00000	0,00000
1,13850	13,00000	0,00000	0,00000	1,13850	17,00000	0,00000	0,00000
1,15088	16,00000	0,00000	0,00000	1,15088	18,00000	0,00000	0,00000
1,16325	16,00000	0,00000	0,00000	1,16325	16,00000	0,00000	0,00000
1,17563	16,00000	0,00000	0,00000	1,17563	17,00000	0,00000	0,00000
1,18800	16,00000	0,00000	0,00000	1,18800	15,00000	0,00000	0,00000
1,20037	16,00000	0,00000	0,00000	1,20038	17,00000	0,00000	0,00000
1,21275	16,00000	0,00000	0,00000	1,21275	17,00000	0,00000	0,00000
1,22513	16,00000	0,00000	0,00000	1,22513	16,00000	0,00000	0,00000
1,23750	16,00000	0,00000	0,00000	1,23750	18,00000	0,00000	0,00000
1,24988	16,00000	0,00000	0,00000	1,24988	18,00000	0,00000	0,00000
1,26225	16,00000	0,00000	0,00000	1,26225	18,00000	0,00000	0,00000
1,27463	15,00000	0,00000	0,00000	1,27463	15,00000	0,00000	0,00000
1,28700	15,00000	0,00000	0,00000	1,28700	13,00000	0,00000	0,00000
1,29938	17,00000	0,00000	0,00000	1,29938	16,00000	0,00000	0,00000
1,31175	17,00000	0,00000	0,00000	1,31175	17,00000	0,00000	0,00000
1,32412	17,00000	0,00000	0,00000	1,32413	17,00000	0,00000	0,00000
1,33650	17,00000	0,00000	0,00000	1,33650	18,00000	0,00000	0,00000
1,34888	17,00000	0,00000	0,00000	1,34888	17,00000	0,00000	0,00000
1,36125	15,00000	0,00000	0,00000	1,36125	18,00000	0,00000	0,00000
1,37363	16,00000	0,00000	0,00000	1,37363	17,00000	0,00000	0,00000
1,38600	16,00000	0,00000	0,00000	1,38600	17,00000	0,00000	0,00000
1,39838	13,00000	0,00000	0,00000	1,39838	18,00000	0,00000	0,00000
1,41075	12,00000	0,00000	0,00000	1,41075	16,00000	0,00000	0,00000
1,42312	15,00000	0,00000	0,00000	1,42313	17,00000	0,00000	0,00000
1,43550	12,00000	0,00000	0,00000	1,43550	16,00000	0,00000	0,00000
1,44788	12,00000	0,00000	0,00000	1,44788	17,00000	0,00000	0,00000
1,46025	15,00000	0,00000	0,00000	1,46025	17,00000	0,00000	0,00000
1,47263	16,00000	0,00000	0,00000	1,47263	16,00000	0,00000	0,00000
1,48500	13,00000	0,00000	0,00000	1,48500	17,00000	0,00000	0,00000
1,49738	15,00000	0,00000	0,00000	1,49738	18,00000	0,00000	0,00000
1,50975	15,00000	0,00000	0,00000	1,50975	18,00000	0,00000	0,00000
1,52213	12,00000	0,00000	0,00000	1,52213	16,00000	0,00000	0,00000
1,53450	16,00000	0,00000	0,00000	1,53450	18,00000	0,00000	0,00000
1,54688	16,00000	0,00000	0,00000	1,54688	16,00000	0,00000	0,00000
1,55925	15,00000	0,00000	0,00000	1,55925	19,00000	0,00000	0,00000
1,57163	17,00000	0,00000	0,00000	1,57163	16,00000	0,00000	0,00000
1,58400	15,00000	0,00000	0,00000	1,58400	16,00000	0,00000	0,00000
1,59638	15,00000	0,00000	0,00000	1,59638	16,00000	0,00000	0,00000
1,60875	17,00000	0,00000	0,00000	1,60875	19,00000	0,00000	0,00000
1,62113	17,00000	0,00000	0,00000	1,62113	17,00000	0,00000	0,00000
1,63350	17,00000	0,00000	0,00000	1,63350	19,00000	0,00000	0,00000
1,64587	17,00000	0,00000	0,00000	1,64588	18,00000	0,00000	0,00000
1,65825	16,00000	0,00000	0,00000	1,65825	16,00000	0,00000	0,00000
1,67063	13,00000	0,00000	0,00000	1,67063	18,00000	0,00000	0,00000
1,68300	13,00000	0,00000	0,00000	1,68300	17,00000	0,00000	0,00000
1,69538	13,00000	0,00000	0,00000	1,69538	19,00000	0,00000	0,00000
1,70775	16,00000	0,00000	0,00000	1,70775	19,00000	0,00000	0,00000
1,72013	17,00000	0,00000	0,00000	1,72013	19,00000	0,00000	0,00000
1,73250	16,00000	0,00000	0,00000	1,73250	16,00000	0,00000	0,00000
1,74488	16,00000	0,00000	0,00000	1,74488	17,00000	0,00000	0,00000
1,75725	13,00000	0,00000	0,00000	1,75725	20,00000	0,00000	0,00000
1,76963	12,00000	0,00000	0,00000	1,76963	22,00000	0,00000	0,00000
1,78200	16,00000	0,00000	0,00000	1,78200	20,00000	0,00000	0,00000
1,79438	17,00000	0,00000	0,00000	1,79438	20,00000	0,00000	0,00000
1,80675	18,00000	0,00000	0,00000	1,80675	18,00000	0,00000	0,00000
1,81913	18,00000	0,00000	0,00000	1,81913	22,00000	0,00000	0,00000
1,83150	17,00000	0,00000	0,00000	1,83150	24,00000	0,00000	0,00000
1,84388	15,00000	0,00000	0,00000	1,84388	17,00000	0,00000	0,00000
1,85625	13,00000	0,00000	0,00000	1,85625	17,00000	0,00000	0,00000
1,86862	13,00000	0,00000	0,00000	1,86863	22,00000	0,00000	0,00000
1,88100	16,00000	0,00000	0,00000	1,88100	22,00000	0,00000	0,00000
1,89338	16,00000	0,00000	0,00000	1,89338	20,00000	0,00000	0,00000
1,90575	16,00000	0,00000	0,00000	1,90575	23,00000	0,00000	0,00000
1,91813	15,00000	0,00000	0,00000	1,91813	20,00000	0,00000	0,00000
1,93050	15,00000	0,00000	0,00000	1,93050	24,00000	0,00000	0,00000
1,94288	17,00000	0,00000	0,00000	1,94288	22,00000	0,00000	0,00000
1,95525	17,00000	0,00000	0,00000	1,95525	25,00000	0,00000	0,00000
1,96763	17,00000	0,00000	0,00000	1,96763	23,00000	0,00000	0,00000
1,98000	15,00000	0,00000	0,00000	1,98000	26,00000	0,00000	0,00000
1,99238	15,00000	0,00000	0,00000	1,99238	24,00000	0,00000	0,00000
2,00475	15,00000	0,00000	0,00000	2,00475	24,00000	0,00000	0,00000
2,01713	15,00000	0,00000	0,00000	2,01713	25,00000	0,00000	0,00000
2,02950	17,00000	0,00000	0,00000	2,02950	26,00000	0,00000	0,00000
2,04188	17,00000	0,00000	0,00000	2,04188	22,00000	0,00000	0,00000
2,05425	15,00000	0,00000	0,00000	2,05425	25,00000	0,00000	0,00000
2,06663	15,00000	0,00000	0,00000	2,06663	22,00000	0,00000	0,00000
2,07900	15,00000	0,00000	0,00000	2,07900	23,00000	0,00000	0,00000
2,09138	17,00000	0,00000	0,00000	2,09138	24,00000	0,00000	0,00000
2,10375	18,00000	0,00000	0,00000	2,10375	29,00000	0,00000	0,00000
2,11613	17,00000	0,00000	0,00000	2,11613	27,00000	0,00000	0,00000
2,12850	15,00000	0,00000	0,00000	2,12850	29,00000	0,00000	0,00000
2,14088	15,00000	0,00000	0,00000	2,14088	30,00000	0,00000	0,00000
2,15325	16,00000	0,00000	0,00000	2,15325	31,00000	0,00000	0,00000
2,16562	16,00000	0,00000	0,00000	2,16563	26,00000	0,00000	0,00000
2,17800	16,00000	0,00000	0,00000	2,17800	29,00000	0,00000	0,00000
2,19037	16,00000	0,00000	0,00000	2,19038	26,00000	0,00000	0,00000
2,20275	16,00000	0,00000	0,00000	2,20275	34,00000	0,00000	0,00000
2,21513	16,00000	0,00000	0,00000	2,21513	32,00000	0,00000	0,00000
2,22750	16,00000	0,00000	0,00000	2,22750	26,00000	0,00000	0,00000
2,23988	16,00000	0,00000	0,00000	2,23988	25,00000	0,00000	0,00000
2,25225	13,00000	0,00000	0,00000	2,25225	24,00000	0,00000	0,00000
2,26463	13,00000	0,00000	0,00000	2,26463	32,00000	0,00000	0,00000
2,27700	16,00000	0,00000	0,00000	2,27700	37,00000	0,00000	0,00000
2,28938	16,00000	0,00000	0,00000	2,28938	41,00000	0,00000	0,00000
2,30175	17,00000	0,00000	0,00000	2,30175	37,00000	0,00000	0,00000
2,31413	15,00000	0,00000	0,00000	2,31413	39,00000	0,00000	0,00000
2,32650	15,00000	0,00000	0,00000	2,32650	38,00000	0,00000	0,00000
2,33888	17,00000	0,00000	0,00000	2,33888	37,00000	0,00000	0,00000
2,35125	17,00000	0,00000	0,00000	2,35125	39,00000	0,00000	0,00000
2,36363	17,00000	0,00000	0,00000	2,36363	41,00000	0,00000	0,00000
2,37600	17,00000	0,00000	0,00000	2,37600	38,00000	0,00000	0,00000
2,38837	15,00000	0,00000	0,00000	2,38838	36,00000	0,00000	0,00000
2,40075	15,00000	0,00000	0,00000	2,40075	44,00000	0,00000	0,00000
2,41312	16,00000	0,00000	0,00000	2,41313	46,00000	0,00000	0,00000
2,42550	16,00000	0,00000	0,00000	2,42550	51,00000	0,00000	0,00000
2,43788	16,00000	0,00000	0,00000	2,43788	52,00000	0,00000	0,00000
2,45025	16,00000	0,00000	0,00000	2,45025	52,00000	0,00000	0,00000
2,46263	16,00000	0,00000	0,00000	2,46263	52,00000	0,00000	0,00000
2,47500	16,00000	0,00000	0,00000	2,47500	46,00000	0,00000	0,00000
2,48738	16,00000	0,00000	0,00000	2,48738	47,00000	0,00000	0,00000
2,49975	13,00000	0,00000	0,00000	2,49975	61,00000	0,00000	0,00000
2,51213	13,00000	0,00000	0,00000	2,51213	67,00000	0,00000	0,00000
2,52450	16,00000	0,00000	0,00000	2,52450	77,00000	0,00000	0,00000
2,53688	16,00000	0,00000	0,00000	2,53688	74,00000	0,00000	0,00000
2,54925	15,00000	0,00000	0,00000	2,54925	76,00000	0,00000	0,00000
2,56163	17,00000	0,00000	0,00000	2,56163	76,00000	0,00000	0,00000
2,57400	17,00000	0,00000	0,00000	2,57400	71,00000	0,00000	0,00000
2,58638	17,00000	0,00000	0,00000	2,58638	64,00000	0,00000	0,00000
2,59875	17,00000	0,00000	0,00000	2,59875	72,00000	0,00000	0,00000
2,61112	17,00000	0,00000	0,00000	2,61113	77,00000	0,00000	0,00000
2,62350	17,00000	0,00000	0,00000	2,62350	79,00000	0,00000	0,00000
2,63587	17,00000	0,00000	0,00000	2,63588	76,00000	0,00000	0,00000
2,64825	17,00000	0,00000	0,00000	2,64825	74,00000	0,00000	0,00000
2,66063	17,00000	0,00000	0,00000	2,66063	74,00000	0,00000	0,00000
2,67300	17,00000	0,00000	0,00000	2,67300	61,00000	0,00000	0,00000
2,68538	17,00000	0,00000	0,00000	2,68538	61,00000	0,00000	0,00000
2,69775	17,00000	0,00000	0,00000	2,69775	60,00000	0,00000	0,00000
2,71013	15,00000	0,00000	0,00000	2,71013	67,00000	0,00000	0,00000
2,72250	17,00000	0,00000	0,00000	2,72250	83,00000	0,00000	0,00000
2,73488	17,00000	0,00000	0,00000	2,73488	93,00000	0,00000	0,00000
2,74725	17,00000	0,00000	0,00000	2,74725	102,00000	0,00000	0,00000
2,75963	17,00000	0,00000	0,00000	2,75963	100,00000	0,00000	0,00000
2,77200	17,00000	0,00000	0,00000	2,77200	91,00000	0,00000	0,00000
2,78438	17,00000	0,00000	0,00000	2,78438	82,00000	0,00000	0,00000
2,79675	15,00000	0,00000	0,00000	2,79675	77,00000	0,00000	0,00000
2,80913	15,00000	0,00000	0,00000	2,80913	76,00000	0,00000	0,00000
2,82150	16,00000	0,00000	0,00000	2,82150	86,00000	0,00000	0,00000
2,83387	16,00000	0,00000	0,00000	2,83388	89,00000	0,00000	0,00000
2,84625	16,00000	0,00000	0,00000	2,84625	100,00000	0,00000	0,00000
2,85862	16,00000	0,00000	0,00000	2,85863	107,00000	0,00000	0,00000
2,87100	16,00000	0,00000	0,00000	2,87100	116,00000	0,00000	0,00000
2,88338	13,00000	0,00000	0,00000	2,88338	119,00000	0,00000	0,00000
2,89575	13,00000	0,00000	0,00000	2,89575	131,00000	0,00000	0,00000
2,90813	16,00000	0,00000	0,00000	2,90813	136,00000	0,00000	0,00000
2,92050	16,00000	0,00000	0,00000	2,92050	152,00000	0,00000	0,00000
2,93288	16,00000	0,00000	0,00000	2,93288	154,00000	0,00000	0,00000
2,94525	16,00000	0,00000	0,00000	2,94525	165,00000	0,00000	0,00000
2,95763	16,00000	0,00000	0,00000	2,95763	168,00000	0,00000	0,00000
2,97000	16,00000	0,00000	0,00000	2,97000	173,00000	0,00000	0,00000
2,98238	13,00000	0,00000	0,00000	2,98238	179,00000	0,00000	0,00000
2,99475	16,00000	0,00000	0,00000	2,99475	171,00000	0,00000	0,00000
3,00713	16,00000	0,00000	0,00000	3,00713	166,00000	0,00000	0,00000
3,01950	16,00000	0,00000	0,00000	3,01950	164,00000	0,00000	0,00000
3,03188	15,00000	0,00000	0,00000	3,03188	164,00000	0,00000	0,00000
3,04425	15,00000	0,00000	0,00000	3,04425	166,00000	0,00000	0,00000
3,05662	17,00000	0,00000	0,00000	3,05663	165,00000	0,00000	0,00000
3,06900	18,00000	0,00000	0,00000	3,06900	174,00000	0,00000	0,00000
3,08137	16,00000	0,00000	0,00000	3,08138	175,00000	0,00000	0,00000
3,09375	18,00000	0,00000	0,00000	3,09375	160,00000	0,00000	0,00000
3,10613	15,00000	0,00000	0,00000	3,10613	162,00000	0,00000	0,00000
3,11850	15,00000	0,00000	0,00000	3,11850	162,00000	0,00000	0,00000
3,13088	17,00000	0,00000	0,00000	3,13088	168,00000	0,00000	0,00000
3,14325	17,00000	0,00000	0,00000	3,14325	172,00000	0,00000	0,00000
3,15563	15,00000	0,00000	0,00000	3,15563	179,00000	0,00000	0,00000
3,16800	15,00000	0,00000	0,00000	3,16800	181,00000	0,00000	0,00000
3,18038	17,00000	0,00000	0,00000	3,18038	193,00000	0,00000	0,00000
3,19275	17,00000	0,00000	0,00000	3,19275	204,00000	0,00000	0,00000
3,20513	15,00000	0,00000	0,00000	3,20513	200,00000	0,00000	0,00000
3,21750	15,00000	0,00000	0,00000	3,21750	195,00000	0,00000	0,00000
3,22988	15,00000	0,00000	0,00000	3,22988	194,00000	0,00000	0,00000
3,24225	17,00000	0,00000	0,00000	3,24225	190,00000	0,00000	0,00000
3,25463	17,00000	0,00000	0,00000	3,25463	190,00000	0,00000	0,00000
3,26700	17,00000	0,00000	0,00000	3,26700	183,00000	0,00000	0,00000
3,27938	17,00000	0,00000	0,00000	3,27938	187,00000	0,00000	0,00000
3,29175	17,00000	0,00000	0,00000	3,29175	172,00000	0,00000	0,00000
3,30412	16,00000	0,00000	0,00000	3,30413	165,00000	0,00000	0,00000
3,31650	13,00000	0,00000	0,00000	3,31650	161,00000	0,00000	0,00000
3,32888	13,00000	0,00000	0,00000	3,32888	147,00000	0,00000	0,00000
3,34125	13,00000	0,00000	0,00000	3,34125	139,00000	0,00000	0,00000
3,35363	13,00000	0,00000	0,00000	3,35363	139,00000	0,00000	0,00000
3,36600	16,00000	0,00000	0,00000	3,36600	138,00000	0,00000	0,00000
3,37838	16,00000	0,00000	0,00000	3,37838	130,00000	0,00000	0,00000
3,39075	16,00000	0,00000	0,00000	3,39075	136,00000	0,00000	0,00000
3,40313	13,00000	0,00000	0,00000	3,40313	138,00000	0,00000	0,00000
3,41550	13,00000	0,00000	0,00000	3,41550	135,00000	0,00000	0,00000
3,42788	15,00000	0,00000	0,00000	3,42788	131,00000	0,00000	0,00000
3,44025	13,00000	0,00000	0,00000	3,44025	124,00000	0,00000	0,00000
3,45263	13,00000	0,00000	0,00000	3,45263	118,00000	0,00000	0,00000
3,46500	15,00000	0,00000	0,00000	3,46500	116,00000	0,00000	0,00000
3,47738	18,00000	0,00000	0,00000	3,47738	117,00000	0,00000	0,00000
3,48975	18,00000	0,00000	0,00000	3,48975	119,00000	0,00000	0,00000
3,50213	17,00000	0,00000	0,00000	3,50213	123,00000	0,00000	0,00000
3,51450	15,00000	0,00000	0,00000	3,51450	131,00000	0,00000	0,00000
3,52687	15,00000	0,00000	0,00000	3,52688	131,00000	0,00000	0,00000
3,53925	17,00000	0,00000	0,00000	3,53925	133,00000	0,00000	0,00000
3,55163	17,00000	0,00000	0,00000	3,55163	128,00000	0,00000	0,00000
3,56400	15,00000	0,00000	0,00000	3,56400	118,00000	0,00000	0,00000
3,57638	15,00000	0,00000	0,00000	3,57638	107,00000	0,00000	0,00000
3,58875	15,00000	0,00000	0,00000	3,58875	102,00000	0,00000	0,00000
3,60113	17,00000	0,00000	0,00000	3,60113	96,00000	0,00000	0,00000
3,61350	17,00000	0,00000	0,00000	3,61350	87,00000	0,00000	0,00000
3,62588	17,00000	0,00000	0,00000	3,62588	79,00000	0,00000	0,00000
3,63825	17,00000	0,00000	0,00000	3,63825	72,00000	0,00000	0,00000
3,65063	16,00000	0,00000	0,00000	3,65063	68,00000	0,00000	0,00000
3,66300	16,00000	0,00000	0,00000	3,66300	62,00000	0,00000	0,00000
3,67538	18,00000	0,00000	0,00000	3,67538	61,00000	0,00000	0,00000
3,68775	19,00000	0,00000	0,00000	3,68775	61,00000	0,00000	0,00000
3,70013	19,00000	0,00000	0,00000	3,70013	62,00000	0,00000	0,00000
3,71250	17,00000	0,00000	0,00000	3,71250	59,00000	0,00000	0,00000
3,72488	17,00000	0,00000	0,00000	3,72488	54,00000	0,00000	0,00000
3,73725	18,00000	0,00000	0,00000	3,73725	53,00000	0,00000	0,00000
3,74962	20,00000	0,00000	0,00000	3,74963	47,00000	0,00000	0,00000
3,76200	25,00000	0,00000	0,00000	3,76200	45,00000	0,00000	0,00000
3,77438	27,00000	0,00000	0,00000	3,77438	43,00000	0,00000	0,00000
3,78675	30,00000	0,00000	0,00000	3,78675	41,00000	0,00000	0,00000
3,79913	31,00000	0,00000	0,00000	3,79913	43,00000	0,00000	0,00000
3,81150	32,00000	0,00000	0,00000	3,81150	40,00000	0,00000	0,00000
3,82388	31,00000	0,00000	0,00000	3,82388	38,00000	0,00000	0,00000
3,83625	29,00000	0,00000	0,00000	3,83625	34,00000	0,00000	0,00000
3,84863	27,00000	0,00000	0,00000	3,84863	32,00000	0,00000	0,00000
3,86100	32,00000	0,00000	0,00000	3,86100	31,00000	0,00000	0,00000
3,87338	37,00000	0,00000	0,00000	3,87338	26,00000	0,00000	0,00000
3,88575	43,00000	0,00000	0,00000	3,88575	24,00000	0,00000	0,00000
3,89813	52,00000	0,00000	0,00000	3,89813	23,00000	0,00000	0,00000
3,91050	59,00000	0,00000	0,00000	3,91050	23,00000	0,00000	0,00000
3,92288	67,00000	0,00000	0,00000	3,92288	25,00000	0,00000	0,00000
3,93525	72,00000	0,00000	0,00000	3,93525	29,00000	0,00000	0,00000
3,94763	71,00000	0,00000	0,00000	3,94763	27,00000	0,00000	0,00000
3,96000	67,00000	0,00000	0,00000	3,96000	27,00000	0,00000	0,00000
3,97237	72,00000	0,00000	0,00000	3,97238	22,00000	0,00000	0,00000
3,98475	86,00000	0,00000	0,00000	3,98475	20,00000	0,00000	0,00000
3,99713	101,00000	0,00000	0,00000	3,99713	15,00000	0,00000	0,00000
4,00950	112,00000	0,00000	0,00000	4,00950	17,00000	0,00000	0,00000
4,02188	118,00000	0,00000	0,00000	4,02188	19,00000	0,00000	0,00000
4,03425	119,00000	0,00000	0,00000	4,03425	22,00000	0,00000	0,00000
4,04663	116,00000	0,00000	0,00000	4,04663	17,00000	0,00000	0,00000
4,05900	111,00000	0,00000	0,00000	4,05900	18,00000	0,00000	0,00000
4,07138	112,00000	0,00000	0,00000	4,07138	18,00000	0,00000	0,00000
4,08375	116,00000	0,00000	0,00000	4,08375	19,00000	0,00000	0,00000
4,09612	123,00000	0,00000	0,00000	4,09613	17,00000	0,00000	0,00000
4,10850	123,00000	0,00000	0,00000	4,10850	19,00000	0,00000	0,00000
4,12087	126,00000	0,00000	0,00000	4,12088	16,00000	0,00000	0,00000
4,13325	131,00000	0,00000	0,00000	4,13325	18,00000	0,00000	0,00000
4,14562	136,00000	0,00000	0,00000	4,14563	15,00000	0,00000	0,00000
4,15800	142,00000	0,00000	0,00000	4,15800	18,00000	0,00000	0,00000
4,17037	147,00000	0,00000	0,00000	4,17038	16,00000	0,00000	0,00000
4,18275	155,00000	0,00000	0,00000	4,18275	20,00000	0,00000	0,00000
4,19512	160,00000	0,00000	0,00000	4,19513	19,00000	0,00000	0,00000
4,20750	164,00000	0,00000	0,00000	4,20750	18,00000	0,00000	0,00000
4,21988	167,00000	0,00000	0,00000	4,21988	19,00000	0,00000	0,00000
4,23225	168,00000	0,00000	0,00000	4,23225	17,00000	0,00000	0,00000
4,24463	171,00000	0,00000	0,00000	4,24463	18,00000	0,00000	0,00000
4,25700	172,00000	0,00000	0,00000	4,25700	16,00000	0,00000	0,00000
4,26938	172,00000	0,00000	0,00000	4,26938	18,00000	0,00000	0,00000
4,28175	169,00000	0,00000	0,00000	4,28175	16,00000	0,00000	0,00000
4,29413	171,00000	0,00000	0,00000	4,29413	18,00000	0,00000	0,00000
4,30650	174,00000	0,00000	0,00000	4,30650	18,00000	0,00000	0,00000
4,31888	176,00000	0,00000	0,00000	4,31888	18,00000	0,00000	0,00000
4,33125	178,00000	0,00000	0,00000	4,33125	22,00000	0,00000	0,00000
4,34363	175,00000	0,00000	0,00000	4,34363	18,00000	0,00000	0,00000
4,35600	175,00000	0,00000	0,00000	4,35600	20,00000	0,00000	0,00000
4,36838	175,00000	0,00000	0,00000	4,36838	17,00000	0,00000	0,00000
4,38075	180,00000	0,00000	0,00000	4,38075	17,00000	0,00000	0,00000
4,39313	190,00000	0,00000	0,00000	4,39313	16,00000	0,00000	0,00000
4,40550	197,00000	0,00000	0,00000	4,40550	18,00000	0,00000	0,00000
4,41788	200,00000	0,00000	0,00000	4,41788	19,00000	0,00000	0,00000
4,43025	202,00000	0,00000	0,00000	4,43025	17,00000	0,00000	0,00000
4,44263	203,00000	0,00000	0,00000	4,44263	18,00000	0,00000	0,00000
4,45500	204,00000	0,00000	0,00000	4,45500	19,00000	0,00000	0,00000
4,46738	202,00000	0,00000	0,00000	4,46738	16,00000	0,00000	0,00000
4,47975	199,00000	0,00000	0,00000	4,47975	18,00000	0,00000	0,00000
4,49213	190,00000	0,00000	0,00000	4,49213	16,00000	0,00000	0,00000
4,50450	178,00000	0,00000	0,00000	4,50450	16,00000	0,00000	0,00000
4,51688	166,00000	0,00000	0,00000	4,51688	19,00000	0,00000	0,00000
4,52925	159,00000	0,00000	0,00000	4,52925	17,00000	0,00000	0,00000
4,54162	157,00000	0,00000	0,00000	4,54163	19,00000	0,00000	0,00000
4,55400	153,00000	0,00000	0,00000	4,55400	19,00000	0,00000	0,00000
4,56637	151,00000	0,00000	0,00000	4,56638	17,00000	0,00000	0,00000
4,57875	151,00000	0,00000	0,00000	4,57875	19,00000	0,00000	0,00000
4,59112	150,00000	0,00000	0,00000	4,59113	17,00000	0,00000	0,00000
4,60350	145,00000	0,00000	0,00000	4,60350	18,00000	0,00000	0,00000
4,61587	136,00000	0,00000	0,00000	4,61588	18,00000	0,00000	0,00000
4,62825	126,00000	0,00000	0,00000	4,62825	19,00000	0,00000	0,00000
4,64063	121,00000	0,00000	0,00000	4,64063	18,00000	0,00000	0,00000
4,65300	111,00000	0,00000	0,00000	4,65300	17,00000	0,00000	0,00000
4,66538	103,00000	0,00000	0,00000	4,66538	18,00000	0,00000	0,00000
4,67775	98,00000	0,00000	0,00000	4,67775	17,00000	0,00000	0,00000
4,69013	97,00000	0,00000	0,00000	4,69013	18,00000	0,00000	0,00000
4,70250	97,00000	0,00000	0,00000	4,70250	17,00000	0,00000	0,00000
4,71488	97,00000	0,00000	0,00000	4,71488	17,00000	0,00000	0,00000
4,72725	97,00000	0,00000	0,00000	4,72725	15,00000	0,00000	0,00000
4,73963	103,00000	0,00000	0,00000	4,73963	15,00000	0,00000	0,00000
4,75200	101,00000	0,00000	0,00000	4,75200	15,00000	0,00000	0,00000
4,76438	100,00000	0,00000	0,00000	4,76438	18,00000	0,00000	0,00000
4,77675	95,00000	0,00000	0,00000	4,77675	16,00000	0,00000	0,00000
4,78913	94,00000	0,00000	0,00000	4,78913	17,00000	0,00000	0,00000
4,80150	94,00000	0,00000	0,00000	4,80150	18,00000	0,00000	0,00000
4,81388	94,00000	0,00000	0,00000	4,81388	20,00000	0,00000	0,00000
4,82625	88,00000	0,00000	0,00000	4,82625	18,00000	0,00000	0,00000
4,83863	82,00000	0,00000	0,00000	4,83863	17,00000	0,00000	0,00000
4,85100	80,00000	0,00000	0,00000	4,85100	18,00000	0,00000	0,00000
4,86338	75,00000	0,00000	0,00000	4,86338	17,00000	0,00000	0,00000
4,87575	69,00000	0,00000	0,00000	4,87575	15,00000	0,00000	0,00000
4,88813	67,00000	0,00000	0,00000	4,88813	15,00000	0,00000	0,00000
4,90050	61,00000	0,00000	0,00000	4,90050	16,00000	0,00000	0,00000
4,91288	59,00000	0,00000	0,00000	4,91288	16,00000	0,00000	0,00000
4,92525	59,00000	0,00000	0,00000	4,92525	15,00000	0,00000	0,00000
4,93763	57,00000	0,00000	0,00000	4,93763	16,00000	0,00000	0,00000
4,95000	50,00000	0,00000	0,00000	4,95000	13,00000	0,00000	0,00000
4,96238	40,00000	0,00000	0,00000	4,96238	16,00000	0,00000	0,00000
4,97475	40,00000	0,00000	0,00000	4,97475	12,00000	0,00000	0,00000
4,98712	39,00000	0,00000	0,00000	4,98713	17,00000	0,00000	0,00000
4,99950	37,00000	0,00000	0,00000	4,99950	12,00000	0,00000	0,00000
5,01187	32,00000	0,00000	0,00000	5,01188	16,00000	0,00000	0,00000
5,02425	30,00000	0,00000	0,00000	5,02425	15,00000	0,00000	0,00000
5,03662	29,00000	0,00000	0,00000	5,03663	13,00000	0,00000	0,00000
5,04900	26,00000	0,00000	0,00000	5,04900	15,00000	0,00000	0,00000
5,06137	23,00000	0,00000	0,00000	5,06138	12,00000	0,00000	0,00000
5,07375	20,00000	0,00000	0,00000	5,07375	15,00000	0,00000	0,00000
5,08613	23,00000	0,00000	0,00000	5,08613	16,00000	0,00000	0,00000
5,09850	23,00000	0,00000	0,00000	5,09850	17,00000	0,00000	0,00000
5,11088	23,00000	0,00000	0,00000	5,11088	16,00000	0,00000	0,00000
5,12325	23,00000	0,00000	0,00000	5,12325	16,00000	0,00000	0,00000
5,13563	22,00000	0,00000	0,00000	5,13563	13,00000	0,00000	0,00000
5,14800	22,00000	0,00000	0,00000	5,14800	16,00000	0,00000	0,00000
5,16038	24,00000	0,00000	0,00000	5,16038	15,00000	0,00000	0,00000
5,17275	23,00000	0,00000	0,00000	5,17275	16,00000	0,00000	0,00000
5,18513	18,00000	0,00000	0,00000	5,18513	16,00000	0,00000	0,00000
5,19750	17,00000	0,00000	0,00000	5,19750	16,00000	0,00000	0,00000
5,20988	16,00000	0,00000	0,00000	5,20988	16,00000	0,00000	0,00000
5,22225	18,00000	0,00000	0,00000	5,22225	16,00000	0,00000	0,00000
5,23463	17,00000	0,00000	0,00000	5,23463	17,00000	0,00000	0,00000
5,24700	19,00000	0,00000	0,00000	5,24700	15,00000	0,00000	0,00000
5,25938	19,00000	0,00000	0,00000	5,25938	16,00000	0,00000	0,00000
5,27175	17,00000	0,00000	0,00000	5,27175	16,00000	0,00000	0,00000
5,28413	18,00000	0,00000	0,00000	5,28413	15,00000	0,00000	0,00000
5,29650	16,00000	0,00000	0,00000	5,29650	16,00000	0,00000	0,00000
5,30888	16,00000	0,00000	0,00000	5,30888	16,00000	0,00000	0,00000
5,32125	16,00000	0,00000	0,00000	5,32125	16,00000	0,00000	0,00000
5,33363	18,00000	0,00000	0,00000	5,33363	17,00000	0,00000	0,00000
5,34600	17,00000	0,00000	0,00000	5,34600	16,00000	0,00000	0,00000
5,35838	15,00000	0,00000	0,00000	5,35838	15,00000	0,00000	0,00000
5,37075	15,00000	0,00000	0,00000	5,37075	16,00000	0,00000	0,00000
5,38313	16,00000	0,00000	0,00000	5,38313	16,00000	0,00000	0,00000
5,39550	16,00000	0,00000	0,00000	5,39550	16,00000	0,00000	0,00000
5,40788	16,00000	0,00000	0,00000	5,40788	17,00000	0,00000	0,00000
5,42025	13,00000	0,00000	0,00000	5,42025	17,00000	0,00000	0,00000
5,43262	13,00000	0,00000	0,00000	5,43263	15,00000	0,00000	0,00000
5,44500	16,00000	0,00000	0,00000	5,44500	17,00000	0,00000	0,00000
5,45737	16,00000	0,00000	0,00000	5,45738	15,00000	0,00000	0,00000
5,46975	16,00000	0,00000	0,00000	5,46975	16,00000	0,00000	0,00000
5,48212	15,00000	0,00000	0,00000	5,48213	15,00000	0,00000	0,00000
5,49450	12,00000	0,00000	0,00000	5,49450	15,00000	0,00000	0,00000
5,50687	12,00000	0,00000	0,00000	5,50688	15,00000	0,00000	0,00000
5,51925	15,00000	0,00000	0,00000	5,51925	15,00000	0,00000	0,00000
5,53163	16,00000	0,00000	0,00000	5,53163	16,00000	0,00000	0,00000
5,54400	16,00000	0,00000	0,00000	5,54400	16,00000	0,00000	0,00000
5,55638	16,00000	0,00000	0,00000	5,55638	16,00000	0,00000	0,00000
5,56875	16,00000	0,00000	0,00000	5,56875	16,00000	0,00000	0,00000
5,58113	16,00000	0,00000	0,00000	5,58113	15,00000	0,00000	0,00000
5,59350	16,00000	0,00000	0,00000	5,59350	16,00000	0,00000	0,00000
5,60588	16,00000	0,00000	0,00000	5,60588	12,00000	0,00000	0,00000
5,61825	16,00000	0,00000	0,00000	5,61825	15,00000	0,00000	0,00000
5,63063	16,00000	0,00000	0,00000	5,63063	13,00000	0,00000	0,00000
5,64300	16,00000	0,00000	0,00000	5,64300	15,00000	0,00000	0,00000
5,65538	13,00000	0,00000	0,00000	5,65538	16,00000	0,00000	0,00000
5,66775	13,00000	0,00000	0,00000	5,66775	12,00000	0,00000	0,00000
5,68013	16,00000	0,00000	0,00000	5,68013	16,00000	0,00000	0,00000
5,69250	17,00000	0,00000	0,00000	5,69250	15,00000	0,00000	0,00000
5,70488	17,00000	0,00000	0,00000	5,70488	15,00000	0,00000	0,00000
5,71725	17,00000	0,00000	0,00000	5,71725	12,00000	0,00000	0,00000
5,72963	15,00000	0,00000	0,00000	5,72963	12,00000	0,00000	0,00000
5,74200	15,00000	0,00000	0,00000	5,74200	15,00000	0,00000	0,00000
5,75438	17,00000	0,00000	0,00000	5,75438	15,00000	0,00000	0,00000
5,76675	16,00000	0,00000	0,00000	5,76675	16,00000	0,00000	0,00000
5,77913	16,00000	0,00000	0,00000	5,77913	15,00000	0,00000	0,00000
5,79150	13,00000	0,00000	0,00000	5,79150	16,00000	0,00000	0,00000
5,80388	16,00000	0,00000	0,00000	5,80388	13,00000	0,00000	0,00000
5,81625	17,00000	0,00000	0,00000	5,81625	16,00000	0,00000	0,00000
5,82863	15,00000	0,00000	0,00000	5,82863	13,00000	0,00000	0,00000
5,84100	15,00000	0,00000	0,00000	5,84100	16,00000	0,00000	0,00000
5,85338	16,00000	0,00000	0,00000	5,85338	12,00000	0,00000	0,00000
5,86575	16,00000	0,00000	0,00000	5,86575	12,00000	0,00000	0,00000
5,87813	16,00000	0,00000	0,00000	5,87813	15,00000	0,00000	0,00000
5,89050	13,00000	0,00000	0,00000	5,89050	16,00000	0,00000	0,00000
5,90287	15,00000	0,00000	0,00000	5,90288	12,00000	0,00000	0,00000
5,91525	12,00000	0,00000	0,00000	0,00000	16,00000	0,00000	0,00000
5,92762	12,00000	0,00000	0,00000	0,00000	9,00000	0,00000	0,00000
5,94000	12,00000	0,00000	0,00000	0,00000	0,00000	0,00000	0,00000
5,95237	16,00000	0,00000	0,00000	0,00000	0,00000	0,00000	0,00000
5,96475	16,00000	0,00000	0,00000	0,00000	0,00000	0,00000	0,00000
5,97713	16,00000	0,00000	0,00000	0,00000	0,00000	0,00000	0,00000
5,98950	13,00000	0,00000	0,00000	0,00000	0,00000	0,00000	0,00000
6,00188	13,00000	0,00000	0,00000	0,00000	0,00000	0,00000	0,00000
6,01425	16,00000	0,00000	0,00000	0,00000	0,00000	0,00000	0,00000
6,02663	16,00000	0,00000	0,00000	0,00000	0,00000	0,00000	0,00000
6,03900	13,00000	0,00000	0,00000	0,00000	0,00000	0,00000	0,00000
6,05138	13,00000	0,00000	0,00000	0,00000	0,00000	0,00000	0,00000
6,06375	16,00000	0,00000	0,00000	0,00000	0,00000	0,00000	0,00000
6,07613	16,00000	0,00000	0,00000	0,00000	0,00000	0,00000	0,00000
6,08850	13,00000	0,00000	0,00000	0,00000	0,00000	0,00000	0,00000
6,10088	13,00000	0,00000	0,00000	0,00000	0,00000	0,00000	0,00000
6,11325	16,00000	0,00000	0,00000	0,00000	0,00000	0,00000	0,00000
6,12563	16,00000	0,00000	0,00000	0,00000	0,00000	0,00000	0,00000
6,13800	13,00000	0,00000	0,00000	0,00000	0,00000	0,00000	0,00000
6,15038	13,00000	0,00000	0,00000	0,00000	0,00000	0,00000	0,00000
6,16275	16,00000	0,00000	0,00000	0,00000	0,00000	0,00000	0,00000
6,17513	13,00000	0,00000	0,00000	0,00000	0,00000	0,00000	0,00000
6,18750	13,00000	0,00000	0,00000	0,00000	0,00000	0,00000	0,00000
6,19988	13,00000	0,00000	0,00000	0,00000	0,00000	0,00000	0,00000
6,21225	16,00000	0,00000	0,00000	0,00000	0,00000	0,00000	0,00000
6,22463	16,00000	0,00000	0,00000	0,00000	0,00000	0,00000	0,00000
6,23700	15,00000	0,00000	0,00000	0,00000	0,00000	0,00000	0,00000
6,24938	17,00000	0,00000	0,00000	0,00000	0,00000	0,00000	0,00000
6,26175	17,00000	0,00000	0,00000	0,00000	0,00000	0,00000	0,00000
6,27413	15,00000	0,00000	0,00000	0,00000	0,00000	0,00000	0,00000
6,28650	16,00000	0,00000	0,00000	0,00000	0,00000	0,00000	0,00000
6,29888	16,00000	0,00000	0,00000	0,00000	0,00000	0,00000	0,00000
6,31125	13,00000	0,00000	0,00000	0,00000	0,00000	0,00000	0,00000
6,32363	16,00000	0,00000	0,00000	0,00000	0,00000	0,00000	0,00000
6,33600	16,00000	0,00000	0,00000	0,00000	0,00000	0,00000	0,00000
6,34837	15,00000	0,00000	0,00000	0,00000	0,00000	0,00000	0,00000
6,36075	12,00000	0,00000	0,00000	0,00000	0,00000	0,00000	0,00000
6,37312	12,00000	0,00000	0,00000	0,00000	0,00000	0,00000	0,00000
6,38550	13,00000	0,00000	0,00000	0,00000	0,00000	0,00000	0,00000
6,39787	16,00000	0,00000	0,00000	0,00000	0,00000	0,00000	0,00000
6,41025	17,00000	0,00000	0,00000	0,00000	0,00000	0,00000	0,00000
6,42263	15,00000	0,00000	0,00000	0,00000	0,00000	0,00000	0,00000
6,43500	16,00000	0,00000	0,00000	0,00000	0,00000	0,00000	0,00000
6,44738	16,00000	0,00000	0,00000	0,00000	0,00000	0,00000	0,00000
6,45975	13,00000	0,00000	0,00000	0,00000	0,00000	0,00000	0,00000
6,47213	12,00000	0,00000	0,00000	0,00000	0,00000	0,00000	0,00000
6,48450	15,00000	0,00000	0,00000	0,00000	0,00000	0,00000	0,00000
6,49688	12,00000	0,00000	0,00000	0,00000	0,00000	0,00000	0,00000
6,50925	12,00000	0,00000	0,00000	0,00000	0,00000	0,00000	0,00000
6,52163	17,00000	0,00000	0,00000	0,00000	0,00000	0,00000	0,00000
6,53400	17,00000	0,00000	0,00000	0,00000	0,00000	0,00000	0,00000
6,54638	16,00000	0,00000	0,00000	0,00000	0,00000	0,00000	0,00000
6,55875	13,00000	0,00000	0,00000	0,00000	0,00000	0,00000	0,00000
6,57113	13,00000	0,00000	0,00000	0,00000	0,00000	0,00000	0,00000
6,58350	13,00000	0,00000	0,00000	0,00000	0,00000	0,00000	0,00000
6,59588	13,00000	0,00000	0,00000	0,00000	0,00000	0,00000	0,00000
6,60825	16,00000	0,00000	0,00000	0,00000	0,00000	0,00000	0,00000
6,62063	16,00000	0,00000	0,00000	0,00000	0,00000	0,00000	0,00000
6,63300	16,00000	0,00000	0,00000	0,00000	0,00000	0,00000	0,00000
6,64538	13,00000	0,00000	0,00000	0,00000	0,00000	0,00000	0,00000
6,65775	13,00000	0,00000	0,00000	0,00000	0,00000	0,00000	0,00000
6,67013	15,00000	0,00000	0,00000	0,00000	0,00000	0,00000	0,00000
6,68250	15,00000	0,00000	0,00000	0,00000	0,00000	0,00000	0,00000
6,69488	15,00000	0,00000	0,00000	0,00000	0,00000	0,00000	0,00000
6,70725	12,00000	0,00000	0,00000	0,00000	0,00000	0,00000	0,00000
6,71963	12,00000	0,00000	0,00000	0,00000	0,00000	0,00000	0,00000
6,73200	15,00000	0,00000	0,00000	0,00000	0,00000	0,00000	0,00000
6,74438	15,00000	0,00000	0,00000	0,00000	0,00000	0,00000	0,00000
6,75675	12,00000	0,00000	0,00000	0,00000	0,00000	0,00000	0,00000
6,76913	12,00000	0,00000	0,00000	0,00000	0,00000	0,00000	0,00000
6,78150	15,00000	0,00000	0,00000	0,00000	0,00000	0,00000	0,00000
6,79387	12,00000	0,00000	0,00000	0,00000	0,00000	0,00000	0,00000
6,80625	12,00000	0,00000	0,00000	0,00000	0,00000	0,00000	0,00000
6,81862	15,00000	0,00000	0,00000	0,00000	0,00000	0,00000	0,00000
6,83100	15,00000	0,00000	0,00000	0,00000	0,00000	0,00000	0,00000
6,84337	12,00000	0,00000	0,00000	0,00000	0,00000	0,00000	0,00000
6,85575	12,00000	0,00000	0,00000	0,00000	0,00000	0,00000	0,00000
6,86813	13,00000	0,00000	0,00000	0,00000	0,00000	0,00000	0,00000
6,88050	12,00000	0,00000	0,00000	0,00000	0,00000	0,00000	0,00000
6,89288	12,00000	0,00000	0,00000	0,00000	0,00000	0,00000	0,00000
6,90525	15,00000	0,00000	0,00000	0,00000	0,00000	0,00000	0,00000
6,91763	16,00000	0,00000	0,00000	0,00000	0,00000	0,00000	0,00000
6,93000	16,00000	0,00000	0,00000	0,00000	0,00000	0,00000	0,00000
6,94238	13,00000	0,00000	0,00000	0,00000	0,00000	0,00000	0,00000
6,95475	13,00000	0,00000	0,00000	0,00000	0,00000	0,00000	0,00000
6,96713	16,00000	0,00000	0,00000	0,00000	0,00000	0,00000	0,00000
6,97950	16,00000	0,00000	0,00000	0,00000	0,00000	0,00000	0,00000
6,99188	15,00000	0,00000	0,00000	0,00000	0,00000	0,00000	0,00000
7,00425	12,00000	0,00000	0,00000	0,00000	0,00000	0,00000	0,00000
7,01663	12,00000	0,00000	0,00000	0,00000	0,00000	0,00000	0,00000
7,02900	15,00000	0,00000	0,00000	0,00000	0,00000	0,00000	0,00000
7,04138	13,00000	0,00000	0,00000	0,00000	0,00000	0,00000	0,00000
7,05375	16,00000	0,00000	0,00000	0,00000	0,00000	0,00000	0,00000
7,06613	16,00000	0,00000	0,00000	0,00000	0,00000	0,00000	0,00000
7,07850	16,00000	0,00000	0,00000	0,00000	0,00000	0,00000	0,00000
7,09088	13,00000	0,00000	0,00000	0,00000	0,00000	0,00000	0,00000
7,10325	15,00000	0,00000	0,00000	0,00000	0,00000	0,00000	0,00000
7,11563	15,00000	0,00000	0,00000	0,00000	0,00000	0,00000	0,00000
7,12800	12,00000	0,00000	0,00000	0,00000	0,00000	0,00000	0,00000
7,14038	15,00000	0,00000	0,00000	0,00000	0,00000	0,00000	0,00000
7,15275	15,00000	0,00000	0,00000	0,00000	0,00000	0,00000	0,00000
7,16513	12,00000	0,00000	0,00000	0,00000	0,00000	0,00000	0,00000
7,17750	12,00000	0,00000	0,00000	0,00000	0,00000	0,00000	0,00000
7,18988	12,00000	0,00000	0,00000	0,00000	0,00000	0,00000	0,00000
7,20225	15,00000	0,00000	0,00000	0,00000	0,00000	0,00000	0,00000
7,21463	15,00000	0,00000	0,00000	0,00000	0,00000	0,00000	0,00000
7,22700	16,00000	0,00000	0,00000	0,00000	0,00000	0,00000	0,00000
7,23938	15,00000	0,00000	0,00000	0,00000	0,00000	0,00000	0,00000
7,25175	12,00000	0,00000	0,00000	0,00000	0,00000	0,00000	0,00000
7,26412	12,00000	0,00000	0,00000	0,00000	0,00000	0,00000	0,00000
7,27650	15,00000	0,00000	0,00000	0,00000	0,00000	0,00000	0,00000
7,28887	15,00000	0,00000	0,00000	0,00000	0,00000	0,00000	0,00000
7,30125	15,00000	0,00000	0,00000	0,00000	0,00000	0,00000	0,00000
7,31363	12,00000	0,00000	0,00000	0,00000	0,00000	0,00000	0,00000
7,32600	12,00000	0,00000	0,00000	0,00000	0,00000	0,00000	0,00000
7,33838	12,00000	0,00000	0,00000	0,00000	0,00000	0,00000	0,00000
7,35075	15,00000	0,00000	0,00000	0,00000	0,00000	0,00000	0,00000
7,36313	15,00000	0,00000	0,00000	0,00000	0,00000	0,00000	0,00000
7,37550	13,00000	0,00000	0,00000	0,00000	0,00000	0,00000	0,00000
7,38788	11,00000	0,00000	0,00000	0,00000	0,00000	0,00000	0,00000
7,40025	11,00000	0,00000	0,00000	0,00000	0,00000	0,00000	0,00000
7,41263	12,00000	0,00000	0,00000	0,00000	0,00000	0,00000	0,00000
7,42500	15,00000	0,00000	0,00000	0,00000	0,00000	0,00000	0,00000
7,43738	16,00000	0,00000	0,00000	0,00000	0,00000	0,00000	0,00000
7,44975	12,00000	0,00000	0,00000	0,00000	0,00000	0,00000	0,00000
7,46213	12,00000	0,00000	0,00000	0,00000	0,00000	0,00000	0,00000
7,47450	15,00000	0,00000	0,00000	0,00000	0,00000	0,00000	0,00000
7,48688	13,00000	0,00000	0,00000	0,00000	0,00000	0,00000	0,00000
7,49925	16,00000	0,00000	0,00000	0,00000	0,00000	0,00000	0,00000
7,51163	16,00000	0,00000	0,00000	0,00000	0,00000	0,00000	0,00000
7,52400	16,00000	0,00000	0,00000	0,00000	0,00000	0,00000	0,00000
7,53638	16,00000	0,00000	0,00000	0,00000	0,00000	0,00000	0,00000
7,54875	16,00000	0,00000	0,00000	0,00000	0,00000	0,00000	0,00000
7,56113	12,00000	0,00000	0,00000	0,00000	0,00000	0,00000	0,00000
7,57350	11,00000	0,00000	0,00000	0,00000	0,00000	0,00000	0,00000
7,58588	12,00000	0,00000	0,00000	0,00000	0,00000	0,00000	0,00000
7,59825	15,00000	0,00000	0,00000	0,00000	0,00000	0,00000	0,00000
7,61063	16,00000	0,00000	0,00000	0,00000	0,00000	0,00000	0,00000
7,62300	16,00000	0,00000	0,00000	0,00000	0,00000	0,00000	0,00000
7,63538	12,00000	0,00000	0,00000	0,00000	0,00000	0,00000	0,00000
7,64775	12,00000	0,00000	0,00000	0,00000	0,00000	0,00000	0,00000
7,66013	13,00000	0,00000	0,00000	0,00000	0,00000	0,00000	0,00000
7,67250	12,00000	0,00000	0,00000	0,00000	0,00000	0,00000	0,00000
7,68488	12,00000	0,00000	0,00000	0,00000	0,00000	0,00000	0,00000
7,69725	15,00000	0,00000	0,00000	0,00000	0,00000	0,00000	0,00000
7,70962	13,00000	0,00000	0,00000	0,00000	0,00000	0,00000	0,00000
7,72200	16,00000	0,00000	0,00000	0,00000	0,00000	0,00000	0,00000
7,73438	16,00000	0,00000	0,00000	0,00000	0,00000	0,00000	0,00000
7,74675	13,00000	0,00000	0,00000	0,00000	0,00000	0,00000	0,00000
7,75913	13,00000	0,00000	0,00000	0,00000	0,00000	0,00000	0,00000
7,77150	16,00000	0,00000	0,00000	0,00000	0,00000	0,00000	0,00000
7,78388	13,00000	0,00000	0,00000	0,00000	0,00000	0,00000	0,00000
7,79625	13,00000	0,00000	0,00000	0,00000	0,00000	0,00000	0,00000
7,80863	13,00000	0,00000	0,00000	0,00000	0,00000	0,00000	0,00000
7,82100	16,00000	0,00000	0,00000	0,00000	0,00000	0,00000	0,00000
7,83338	15,00000	0,00000	0,00000	0,00000	0,00000	0,00000	0,00000
7,84575	12,00000	0,00000	0,00000	0,00000	0,00000	0,00000	0,00000
7,85813	15,00000	0,00000	0,00000	0,00000	0,00000	0,00000	0,00000
7,87050	15,00000	0,00000	0,00000	0,00000	0,00000	0,00000	0,00000
7,88288	12,00000	0,00000	0,00000	0,00000	0,00000	0,00000	0,00000
0,00000	10,00000	0,00000	0,00000	0,00000	0,00000	0,00000	0,00000
0,00000	9,00000	0,00000	0,00000	0,00000	0,00000	0,00000	0,00000
