GRUPPE3_Greyline21.dat
04.10.2021
16:23:44
GRUPPE3

Gauss coefficients notation:
Amplitude
FWHM
Std.Abw.
[Fehler]
offset
BEAMCUT  LINES:

X H  in mm	Y H rel	Gauss fit H	H Gauss Coefficients	X V in mm	Y V rel	Gauss fit V	V Gauss Coefficientes
0,00000	15,00000	0,00000	0,00000	0,00000	15,00000	0,00000	0,00000
0,01238	15,00000	0,00000	0,00000	0,01238	17,00000	0,00000	0,00000
0,02475	13,00000	0,00000	0,00000	0,02475	15,00000	0,00000	0,00000
0,03713	16,00000	0,00000	0,00000	0,03713	17,00000	0,00000	0,00000
0,04950	16,00000	0,00000	0,00000	0,04950	18,00000	0,00000	0,00000
0,06187	15,00000	0,00000	0,00000	0,06188	17,00000	0,00000	0,00000
0,07425	17,00000	0,00000	0,00000	0,07425	17,00000	0,00000	0,00000
0,08663	17,00000	0,00000	0,00000	0,08663	15,00000	0,00000	0,00000
0,09900	15,00000	0,00000	0,00000	0,09900	17,00000	0,00000	0,00000
0,11138	15,00000	0,00000	0,00000	0,11138	15,00000	0,00000	0,00000
0,12375	16,00000	0,00000	0,00000	0,12375	15,00000	0,00000	0,00000
0,13612	16,00000	0,00000	0,00000	0,13613	17,00000	0,00000	0,00000
0,14850	16,00000	0,00000	0,00000	0,14850	16,00000	0,00000	0,00000
0,16088	16,00000	0,00000	0,00000	0,16088	17,00000	0,00000	0,00000
0,17325	16,00000	0,00000	0,00000	0,17325	13,00000	0,00000	0,00000
0,18563	13,00000	0,00000	0,00000	0,18563	18,00000	0,00000	0,00000
0,19800	13,00000	0,00000	0,00000	0,19800	13,00000	0,00000	0,00000
0,21038	16,00000	0,00000	0,00000	0,21038	18,00000	0,00000	0,00000
0,22275	16,00000	0,00000	0,00000	0,22275	18,00000	0,00000	0,00000
0,23513	16,00000	0,00000	0,00000	0,23513	15,00000	0,00000	0,00000
0,24750	16,00000	0,00000	0,00000	0,24750	15,00000	0,00000	0,00000
0,25988	16,00000	0,00000	0,00000	0,25988	15,00000	0,00000	0,00000
0,27225	16,00000	0,00000	0,00000	0,27225	17,00000	0,00000	0,00000
0,28463	15,00000	0,00000	0,00000	0,28463	17,00000	0,00000	0,00000
0,29700	15,00000	0,00000	0,00000	0,29700	17,00000	0,00000	0,00000
0,30938	17,00000	0,00000	0,00000	0,30938	17,00000	0,00000	0,00000
0,32175	16,00000	0,00000	0,00000	0,32175	16,00000	0,00000	0,00000
0,33413	13,00000	0,00000	0,00000	0,33413	17,00000	0,00000	0,00000
0,34650	13,00000	0,00000	0,00000	0,34650	15,00000	0,00000	0,00000
0,35887	13,00000	0,00000	0,00000	0,35888	15,00000	0,00000	0,00000
0,37125	16,00000	0,00000	0,00000	0,37125	16,00000	0,00000	0,00000
0,38362	16,00000	0,00000	0,00000	0,38363	16,00000	0,00000	0,00000
0,39600	17,00000	0,00000	0,00000	0,39600	17,00000	0,00000	0,00000
0,40838	15,00000	0,00000	0,00000	0,40838	16,00000	0,00000	0,00000
0,42075	15,00000	0,00000	0,00000	0,42075	17,00000	0,00000	0,00000
0,43313	16,00000	0,00000	0,00000	0,43313	15,00000	0,00000	0,00000
0,44550	16,00000	0,00000	0,00000	0,44550	17,00000	0,00000	0,00000
0,45788	13,00000	0,00000	0,00000	0,45788	15,00000	0,00000	0,00000
0,47025	13,00000	0,00000	0,00000	0,47025	17,00000	0,00000	0,00000
0,48263	16,00000	0,00000	0,00000	0,48263	15,00000	0,00000	0,00000
0,49500	16,00000	0,00000	0,00000	0,49500	17,00000	0,00000	0,00000
0,50738	16,00000	0,00000	0,00000	0,50738	16,00000	0,00000	0,00000
0,51975	16,00000	0,00000	0,00000	0,51975	13,00000	0,00000	0,00000
0,53213	16,00000	0,00000	0,00000	0,53213	17,00000	0,00000	0,00000
0,54450	16,00000	0,00000	0,00000	0,54450	17,00000	0,00000	0,00000
0,55688	16,00000	0,00000	0,00000	0,55688	17,00000	0,00000	0,00000
0,56925	16,00000	0,00000	0,00000	0,56925	15,00000	0,00000	0,00000
0,58163	16,00000	0,00000	0,00000	0,58163	17,00000	0,00000	0,00000
0,59400	16,00000	0,00000	0,00000	0,59400	17,00000	0,00000	0,00000
0,60637	16,00000	0,00000	0,00000	0,60638	16,00000	0,00000	0,00000
0,61875	13,00000	0,00000	0,00000	0,61875	17,00000	0,00000	0,00000
0,63113	13,00000	0,00000	0,00000	0,63113	17,00000	0,00000	0,00000
0,64350	12,00000	0,00000	0,00000	0,64350	17,00000	0,00000	0,00000
0,65587	16,00000	0,00000	0,00000	0,65588	16,00000	0,00000	0,00000
0,66825	16,00000	0,00000	0,00000	0,66825	18,00000	0,00000	0,00000
0,68063	16,00000	0,00000	0,00000	0,68063	17,00000	0,00000	0,00000
0,69300	16,00000	0,00000	0,00000	0,69300	17,00000	0,00000	0,00000
0,70538	16,00000	0,00000	0,00000	0,70538	17,00000	0,00000	0,00000
0,71775	16,00000	0,00000	0,00000	0,71775	17,00000	0,00000	0,00000
0,73013	13,00000	0,00000	0,00000	0,73013	17,00000	0,00000	0,00000
0,74250	15,00000	0,00000	0,00000	0,74250	18,00000	0,00000	0,00000
0,75488	17,00000	0,00000	0,00000	0,75488	15,00000	0,00000	0,00000
0,76725	17,00000	0,00000	0,00000	0,76725	17,00000	0,00000	0,00000
0,77963	17,00000	0,00000	0,00000	0,77963	16,00000	0,00000	0,00000
0,79200	17,00000	0,00000	0,00000	0,79200	15,00000	0,00000	0,00000
0,80438	17,00000	0,00000	0,00000	0,80438	18,00000	0,00000	0,00000
0,81675	15,00000	0,00000	0,00000	0,81675	16,00000	0,00000	0,00000
0,82913	15,00000	0,00000	0,00000	0,82913	16,00000	0,00000	0,00000
0,84150	15,00000	0,00000	0,00000	0,84150	16,00000	0,00000	0,00000
0,85388	17,00000	0,00000	0,00000	0,85388	16,00000	0,00000	0,00000
0,86625	16,00000	0,00000	0,00000	0,86625	17,00000	0,00000	0,00000
0,87862	13,00000	0,00000	0,00000	0,87863	18,00000	0,00000	0,00000
0,89100	12,00000	0,00000	0,00000	0,89100	17,00000	0,00000	0,00000
0,90338	12,00000	0,00000	0,00000	0,90338	17,00000	0,00000	0,00000
0,91575	12,00000	0,00000	0,00000	0,91575	17,00000	0,00000	0,00000
0,92813	16,00000	0,00000	0,00000	0,92813	17,00000	0,00000	0,00000
0,94050	16,00000	0,00000	0,00000	0,94050	17,00000	0,00000	0,00000
0,95288	12,00000	0,00000	0,00000	0,95288	18,00000	0,00000	0,00000
0,96525	11,00000	0,00000	0,00000	0,96525	17,00000	0,00000	0,00000
0,97763	11,00000	0,00000	0,00000	0,97763	18,00000	0,00000	0,00000
0,99000	16,00000	0,00000	0,00000	0,99000	17,00000	0,00000	0,00000
1,00238	16,00000	0,00000	0,00000	1,00238	17,00000	0,00000	0,00000
1,01475	13,00000	0,00000	0,00000	1,01475	16,00000	0,00000	0,00000
1,02713	13,00000	0,00000	0,00000	1,02713	16,00000	0,00000	0,00000
1,03950	16,00000	0,00000	0,00000	1,03950	16,00000	0,00000	0,00000
1,05188	16,00000	0,00000	0,00000	1,05188	19,00000	0,00000	0,00000
1,06425	16,00000	0,00000	0,00000	1,06425	16,00000	0,00000	0,00000
1,07662	16,00000	0,00000	0,00000	1,07663	15,00000	0,00000	0,00000
1,08900	12,00000	0,00000	0,00000	1,08900	17,00000	0,00000	0,00000
1,10137	13,00000	0,00000	0,00000	1,10138	16,00000	0,00000	0,00000
1,11375	16,00000	0,00000	0,00000	1,11375	16,00000	0,00000	0,00000
1,12613	16,00000	0,00000	0,00000	1,12613	16,00000	0,00000	0,00000
1,13850	16,00000	0,00000	0,00000	1,13850	16,00000	0,00000	0,00000
1,15088	13,00000	0,00000	0,00000	1,15088	19,00000	0,00000	0,00000
1,16325	13,00000	0,00000	0,00000	1,16325	16,00000	0,00000	0,00000
1,17563	16,00000	0,00000	0,00000	1,17563	17,00000	0,00000	0,00000
1,18800	17,00000	0,00000	0,00000	1,18800	17,00000	0,00000	0,00000
1,20037	17,00000	0,00000	0,00000	1,20038	22,00000	0,00000	0,00000
1,21275	15,00000	0,00000	0,00000	1,21275	18,00000	0,00000	0,00000
1,22513	13,00000	0,00000	0,00000	1,22513	19,00000	0,00000	0,00000
1,23750	16,00000	0,00000	0,00000	1,23750	19,00000	0,00000	0,00000
1,24988	15,00000	0,00000	0,00000	1,24988	17,00000	0,00000	0,00000
1,26225	17,00000	0,00000	0,00000	1,26225	19,00000	0,00000	0,00000
1,27463	17,00000	0,00000	0,00000	1,27463	18,00000	0,00000	0,00000
1,28700	16,00000	0,00000	0,00000	1,28700	20,00000	0,00000	0,00000
1,29938	13,00000	0,00000	0,00000	1,29938	19,00000	0,00000	0,00000
1,31175	13,00000	0,00000	0,00000	1,31175	20,00000	0,00000	0,00000
1,32412	16,00000	0,00000	0,00000	1,32413	22,00000	0,00000	0,00000
1,33650	17,00000	0,00000	0,00000	1,33650	17,00000	0,00000	0,00000
1,34888	17,00000	0,00000	0,00000	1,34888	17,00000	0,00000	0,00000
1,36125	15,00000	0,00000	0,00000	1,36125	19,00000	0,00000	0,00000
1,37363	15,00000	0,00000	0,00000	1,37363	16,00000	0,00000	0,00000
1,38600	16,00000	0,00000	0,00000	1,38600	19,00000	0,00000	0,00000
1,39838	15,00000	0,00000	0,00000	1,39838	19,00000	0,00000	0,00000
1,41075	15,00000	0,00000	0,00000	1,41075	19,00000	0,00000	0,00000
1,42312	17,00000	0,00000	0,00000	1,42313	16,00000	0,00000	0,00000
1,43550	17,00000	0,00000	0,00000	1,43550	18,00000	0,00000	0,00000
1,44788	18,00000	0,00000	0,00000	1,44788	18,00000	0,00000	0,00000
1,46025	17,00000	0,00000	0,00000	1,46025	16,00000	0,00000	0,00000
1,47263	15,00000	0,00000	0,00000	1,47263	15,00000	0,00000	0,00000
1,48500	17,00000	0,00000	0,00000	1,48500	18,00000	0,00000	0,00000
1,49738	17,00000	0,00000	0,00000	1,49738	18,00000	0,00000	0,00000
1,50975	16,00000	0,00000	0,00000	1,50975	18,00000	0,00000	0,00000
1,52213	13,00000	0,00000	0,00000	1,52213	18,00000	0,00000	0,00000
1,53450	12,00000	0,00000	0,00000	1,53450	20,00000	0,00000	0,00000
1,54688	12,00000	0,00000	0,00000	1,54688	22,00000	0,00000	0,00000
1,55925	16,00000	0,00000	0,00000	1,55925	20,00000	0,00000	0,00000
1,57163	17,00000	0,00000	0,00000	1,57163	23,00000	0,00000	0,00000
1,58400	16,00000	0,00000	0,00000	1,58400	26,00000	0,00000	0,00000
1,59638	16,00000	0,00000	0,00000	1,59638	27,00000	0,00000	0,00000
1,60875	12,00000	0,00000	0,00000	1,60875	33,00000	0,00000	0,00000
1,62113	16,00000	0,00000	0,00000	1,62113	31,00000	0,00000	0,00000
1,63350	16,00000	0,00000	0,00000	1,63350	40,00000	0,00000	0,00000
1,64587	15,00000	0,00000	0,00000	1,64588	44,00000	0,00000	0,00000
1,65825	17,00000	0,00000	0,00000	1,65825	47,00000	0,00000	0,00000
1,67063	17,00000	0,00000	0,00000	1,67063	53,00000	0,00000	0,00000
1,68300	17,00000	0,00000	0,00000	1,68300	57,00000	0,00000	0,00000
1,69538	13,00000	0,00000	0,00000	1,69538	61,00000	0,00000	0,00000
1,70775	13,00000	0,00000	0,00000	1,70775	69,00000	0,00000	0,00000
1,72013	13,00000	0,00000	0,00000	1,72013	72,00000	0,00000	0,00000
1,73250	17,00000	0,00000	0,00000	1,73250	79,00000	0,00000	0,00000
1,74488	17,00000	0,00000	0,00000	1,74488	83,00000	0,00000	0,00000
1,75725	16,00000	0,00000	0,00000	1,75725	93,00000	0,00000	0,00000
1,76963	12,00000	0,00000	0,00000	1,76963	103,00000	0,00000	0,00000
1,78200	12,00000	0,00000	0,00000	1,78200	110,00000	0,00000	0,00000
1,79438	12,00000	0,00000	0,00000	1,79438	115,00000	0,00000	0,00000
1,80675	12,00000	0,00000	0,00000	1,80675	125,00000	0,00000	0,00000
1,81913	15,00000	0,00000	0,00000	1,81913	132,00000	0,00000	0,00000
1,83150	16,00000	0,00000	0,00000	1,83150	130,00000	0,00000	0,00000
1,84388	16,00000	0,00000	0,00000	1,84388	132,00000	0,00000	0,00000
1,85625	13,00000	0,00000	0,00000	1,85625	143,00000	0,00000	0,00000
1,86862	16,00000	0,00000	0,00000	1,86863	145,00000	0,00000	0,00000
1,88100	16,00000	0,00000	0,00000	1,88100	152,00000	0,00000	0,00000
1,89338	15,00000	0,00000	0,00000	1,89338	151,00000	0,00000	0,00000
1,90575	15,00000	0,00000	0,00000	1,90575	150,00000	0,00000	0,00000
1,91813	17,00000	0,00000	0,00000	1,91813	150,00000	0,00000	0,00000
1,93050	17,00000	0,00000	0,00000	1,93050	152,00000	0,00000	0,00000
1,94288	16,00000	0,00000	0,00000	1,94288	157,00000	0,00000	0,00000
1,95525	16,00000	0,00000	0,00000	1,95525	155,00000	0,00000	0,00000
1,96763	12,00000	0,00000	0,00000	1,96763	167,00000	0,00000	0,00000
1,98000	16,00000	0,00000	0,00000	1,98000	159,00000	0,00000	0,00000
1,99238	16,00000	0,00000	0,00000	1,99238	162,00000	0,00000	0,00000
2,00475	16,00000	0,00000	0,00000	2,00475	167,00000	0,00000	0,00000
2,01713	16,00000	0,00000	0,00000	2,01713	168,00000	0,00000	0,00000
2,02950	13,00000	0,00000	0,00000	2,02950	171,00000	0,00000	0,00000
2,04188	13,00000	0,00000	0,00000	2,04188	168,00000	0,00000	0,00000
2,05425	13,00000	0,00000	0,00000	2,05425	162,00000	0,00000	0,00000
2,06663	13,00000	0,00000	0,00000	2,06663	158,00000	0,00000	0,00000
2,07900	16,00000	0,00000	0,00000	2,07900	153,00000	0,00000	0,00000
2,09138	16,00000	0,00000	0,00000	2,09138	147,00000	0,00000	0,00000
2,10375	16,00000	0,00000	0,00000	2,10375	152,00000	0,00000	0,00000
2,11613	13,00000	0,00000	0,00000	2,11613	157,00000	0,00000	0,00000
2,12850	15,00000	0,00000	0,00000	2,12850	147,00000	0,00000	0,00000
2,14088	15,00000	0,00000	0,00000	2,14088	142,00000	0,00000	0,00000
2,15325	12,00000	0,00000	0,00000	2,15325	133,00000	0,00000	0,00000
2,16562	16,00000	0,00000	0,00000	2,16563	133,00000	0,00000	0,00000
2,17800	16,00000	0,00000	0,00000	2,17800	126,00000	0,00000	0,00000
2,19037	16,00000	0,00000	0,00000	2,19038	125,00000	0,00000	0,00000
2,20275	16,00000	0,00000	0,00000	2,20275	119,00000	0,00000	0,00000
2,21513	12,00000	0,00000	0,00000	2,21513	117,00000	0,00000	0,00000
2,22750	16,00000	0,00000	0,00000	2,22750	116,00000	0,00000	0,00000
2,23988	16,00000	0,00000	0,00000	2,23988	107,00000	0,00000	0,00000
2,25225	16,00000	0,00000	0,00000	2,25225	104,00000	0,00000	0,00000
2,26463	16,00000	0,00000	0,00000	2,26463	98,00000	0,00000	0,00000
2,27700	16,00000	0,00000	0,00000	2,27700	89,00000	0,00000	0,00000
2,28938	13,00000	0,00000	0,00000	2,28938	87,00000	0,00000	0,00000
2,30175	13,00000	0,00000	0,00000	2,30175	81,00000	0,00000	0,00000
2,31413	16,00000	0,00000	0,00000	2,31413	81,00000	0,00000	0,00000
2,32650	17,00000	0,00000	0,00000	2,32650	79,00000	0,00000	0,00000
2,33888	16,00000	0,00000	0,00000	2,33888	74,00000	0,00000	0,00000
2,35125	12,00000	0,00000	0,00000	2,35125	72,00000	0,00000	0,00000
2,36363	12,00000	0,00000	0,00000	2,36363	73,00000	0,00000	0,00000
2,37600	13,00000	0,00000	0,00000	2,37600	69,00000	0,00000	0,00000
2,38837	12,00000	0,00000	0,00000	2,38838	67,00000	0,00000	0,00000
2,40075	12,00000	0,00000	0,00000	2,40075	60,00000	0,00000	0,00000
2,41312	16,00000	0,00000	0,00000	2,41313	57,00000	0,00000	0,00000
2,42550	17,00000	0,00000	0,00000	2,42550	54,00000	0,00000	0,00000
2,43788	17,00000	0,00000	0,00000	2,43788	52,00000	0,00000	0,00000
2,45025	17,00000	0,00000	0,00000	2,45025	46,00000	0,00000	0,00000
2,46263	16,00000	0,00000	0,00000	2,46263	47,00000	0,00000	0,00000
2,47500	13,00000	0,00000	0,00000	2,47500	44,00000	0,00000	0,00000
2,48738	15,00000	0,00000	0,00000	2,48738	44,00000	0,00000	0,00000
2,49975	15,00000	0,00000	0,00000	2,49975	41,00000	0,00000	0,00000
2,51213	12,00000	0,00000	0,00000	2,51213	40,00000	0,00000	0,00000
2,52450	16,00000	0,00000	0,00000	2,52450	43,00000	0,00000	0,00000
2,53688	16,00000	0,00000	0,00000	2,53688	41,00000	0,00000	0,00000
2,54925	16,00000	0,00000	0,00000	2,54925	39,00000	0,00000	0,00000
2,56163	16,00000	0,00000	0,00000	2,56163	39,00000	0,00000	0,00000
2,57400	13,00000	0,00000	0,00000	2,57400	37,00000	0,00000	0,00000
2,58638	13,00000	0,00000	0,00000	2,58638	34,00000	0,00000	0,00000
2,59875	16,00000	0,00000	0,00000	2,59875	32,00000	0,00000	0,00000
2,61112	16,00000	0,00000	0,00000	2,61113	29,00000	0,00000	0,00000
2,62350	16,00000	0,00000	0,00000	2,62350	31,00000	0,00000	0,00000
2,63587	16,00000	0,00000	0,00000	2,63588	30,00000	0,00000	0,00000
2,64825	15,00000	0,00000	0,00000	2,64825	27,00000	0,00000	0,00000
2,66063	12,00000	0,00000	0,00000	2,66063	27,00000	0,00000	0,00000
2,67300	12,00000	0,00000	0,00000	2,67300	25,00000	0,00000	0,00000
2,68538	13,00000	0,00000	0,00000	2,68538	24,00000	0,00000	0,00000
2,69775	16,00000	0,00000	0,00000	2,69775	23,00000	0,00000	0,00000
2,71013	17,00000	0,00000	0,00000	2,71013	24,00000	0,00000	0,00000
2,72250	17,00000	0,00000	0,00000	2,72250	25,00000	0,00000	0,00000
2,73488	15,00000	0,00000	0,00000	2,73488	22,00000	0,00000	0,00000
2,74725	16,00000	0,00000	0,00000	2,74725	23,00000	0,00000	0,00000
2,75963	16,00000	0,00000	0,00000	2,75963	23,00000	0,00000	0,00000
2,77200	13,00000	0,00000	0,00000	2,77200	24,00000	0,00000	0,00000
2,78438	13,00000	0,00000	0,00000	2,78438	22,00000	0,00000	0,00000
2,79675	13,00000	0,00000	0,00000	2,79675	22,00000	0,00000	0,00000
2,80913	13,00000	0,00000	0,00000	2,80913	18,00000	0,00000	0,00000
2,82150	16,00000	0,00000	0,00000	2,82150	22,00000	0,00000	0,00000
2,83387	16,00000	0,00000	0,00000	2,83388	18,00000	0,00000	0,00000
2,84625	13,00000	0,00000	0,00000	2,84625	19,00000	0,00000	0,00000
2,85862	16,00000	0,00000	0,00000	2,85863	23,00000	0,00000	0,00000
2,87100	16,00000	0,00000	0,00000	2,87100	18,00000	0,00000	0,00000
2,88338	16,00000	0,00000	0,00000	2,88338	20,00000	0,00000	0,00000
2,89575	13,00000	0,00000	0,00000	2,89575	19,00000	0,00000	0,00000
2,90813	13,00000	0,00000	0,00000	2,90813	18,00000	0,00000	0,00000
2,92050	16,00000	0,00000	0,00000	2,92050	16,00000	0,00000	0,00000
2,93288	12,00000	0,00000	0,00000	2,93288	17,00000	0,00000	0,00000
2,94525	13,00000	0,00000	0,00000	2,94525	15,00000	0,00000	0,00000
2,95763	16,00000	0,00000	0,00000	2,95763	15,00000	0,00000	0,00000
2,97000	16,00000	0,00000	0,00000	2,97000	18,00000	0,00000	0,00000
2,98238	15,00000	0,00000	0,00000	2,98238	17,00000	0,00000	0,00000
2,99475	17,00000	0,00000	0,00000	2,99475	18,00000	0,00000	0,00000
3,00713	17,00000	0,00000	0,00000	3,00713	18,00000	0,00000	0,00000
3,01950	15,00000	0,00000	0,00000	3,01950	18,00000	0,00000	0,00000
3,03188	15,00000	0,00000	0,00000	3,03188	18,00000	0,00000	0,00000
3,04425	16,00000	0,00000	0,00000	3,04425	17,00000	0,00000	0,00000
3,05662	16,00000	0,00000	0,00000	3,05663	17,00000	0,00000	0,00000
3,06900	13,00000	0,00000	0,00000	3,06900	13,00000	0,00000	0,00000
3,08137	13,00000	0,00000	0,00000	3,08138	15,00000	0,00000	0,00000
3,09375	16,00000	0,00000	0,00000	3,09375	17,00000	0,00000	0,00000
3,10613	16,00000	0,00000	0,00000	3,10613	16,00000	0,00000	0,00000
3,11850	15,00000	0,00000	0,00000	3,11850	17,00000	0,00000	0,00000
3,13088	12,00000	0,00000	0,00000	3,13088	15,00000	0,00000	0,00000
3,14325	12,00000	0,00000	0,00000	3,14325	15,00000	0,00000	0,00000
3,15563	16,00000	0,00000	0,00000	3,15563	13,00000	0,00000	0,00000
3,16800	16,00000	0,00000	0,00000	3,16800	13,00000	0,00000	0,00000
3,18038	12,00000	0,00000	0,00000	3,18038	16,00000	0,00000	0,00000
3,19275	12,00000	0,00000	0,00000	3,19275	16,00000	0,00000	0,00000
3,20513	12,00000	0,00000	0,00000	3,20513	16,00000	0,00000	0,00000
3,21750	15,00000	0,00000	0,00000	3,21750	17,00000	0,00000	0,00000
3,22988	16,00000	0,00000	0,00000	3,22988	16,00000	0,00000	0,00000
3,24225	16,00000	0,00000	0,00000	3,24225	16,00000	0,00000	0,00000
3,25463	16,00000	0,00000	0,00000	3,25463	16,00000	0,00000	0,00000
3,26700	16,00000	0,00000	0,00000	3,26700	13,00000	0,00000	0,00000
3,27938	16,00000	0,00000	0,00000	3,27938	15,00000	0,00000	0,00000
3,29175	13,00000	0,00000	0,00000	3,29175	15,00000	0,00000	0,00000
3,30412	15,00000	0,00000	0,00000	3,30413	16,00000	0,00000	0,00000
3,31650	12,00000	0,00000	0,00000	3,31650	16,00000	0,00000	0,00000
3,32888	15,00000	0,00000	0,00000	3,32888	16,00000	0,00000	0,00000
3,34125	15,00000	0,00000	0,00000	3,34125	15,00000	0,00000	0,00000
3,35363	12,00000	0,00000	0,00000	3,35363	16,00000	0,00000	0,00000
3,36600	12,00000	0,00000	0,00000	3,36600	13,00000	0,00000	0,00000
3,37838	16,00000	0,00000	0,00000	3,37838	16,00000	0,00000	0,00000
3,39075	16,00000	0,00000	0,00000	3,39075	13,00000	0,00000	0,00000
3,40313	15,00000	0,00000	0,00000	3,40313	17,00000	0,00000	0,00000
3,41550	17,00000	0,00000	0,00000	3,41550	13,00000	0,00000	0,00000
3,42788	15,00000	0,00000	0,00000	3,42788	16,00000	0,00000	0,00000
3,44025	15,00000	0,00000	0,00000	3,44025	16,00000	0,00000	0,00000
3,45263	16,00000	0,00000	0,00000	3,45263	16,00000	0,00000	0,00000
3,46500	17,00000	0,00000	0,00000	3,46500	13,00000	0,00000	0,00000
3,47738	13,00000	0,00000	0,00000	3,47738	13,00000	0,00000	0,00000
3,48975	13,00000	0,00000	0,00000	3,48975	16,00000	0,00000	0,00000
3,50213	13,00000	0,00000	0,00000	3,50213	16,00000	0,00000	0,00000
3,51450	16,00000	0,00000	0,00000	3,51450	16,00000	0,00000	0,00000
3,52687	16,00000	0,00000	0,00000	3,52688	16,00000	0,00000	0,00000
3,53925	15,00000	0,00000	0,00000	3,53925	16,00000	0,00000	0,00000
3,55163	17,00000	0,00000	0,00000	3,55163	16,00000	0,00000	0,00000
3,56400	17,00000	0,00000	0,00000	3,56400	12,00000	0,00000	0,00000
3,57638	17,00000	0,00000	0,00000	3,57638	17,00000	0,00000	0,00000
3,58875	13,00000	0,00000	0,00000	3,58875	16,00000	0,00000	0,00000
3,60113	15,00000	0,00000	0,00000	3,60113	15,00000	0,00000	0,00000
3,61350	17,00000	0,00000	0,00000	3,61350	13,00000	0,00000	0,00000
3,62588	18,00000	0,00000	0,00000	3,62588	15,00000	0,00000	0,00000
3,63825	18,00000	0,00000	0,00000	3,63825	17,00000	0,00000	0,00000
3,65063	17,00000	0,00000	0,00000	3,65063	16,00000	0,00000	0,00000
3,66300	15,00000	0,00000	0,00000	3,66300	17,00000	0,00000	0,00000
3,67538	13,00000	0,00000	0,00000	3,67538	16,00000	0,00000	0,00000
3,68775	13,00000	0,00000	0,00000	3,68775	16,00000	0,00000	0,00000
3,70013	16,00000	0,00000	0,00000	3,70013	15,00000	0,00000	0,00000
3,71250	17,00000	0,00000	0,00000	3,71250	16,00000	0,00000	0,00000
3,72488	17,00000	0,00000	0,00000	3,72488	16,00000	0,00000	0,00000
3,73725	16,00000	0,00000	0,00000	3,73725	16,00000	0,00000	0,00000
3,74962	16,00000	0,00000	0,00000	3,74963	16,00000	0,00000	0,00000
3,76200	19,00000	0,00000	0,00000	3,76200	16,00000	0,00000	0,00000
3,77438	22,00000	0,00000	0,00000	3,77438	16,00000	0,00000	0,00000
3,78675	17,00000	0,00000	0,00000	3,78675	17,00000	0,00000	0,00000
3,79913	16,00000	0,00000	0,00000	3,79913	16,00000	0,00000	0,00000
3,81150	16,00000	0,00000	0,00000	3,81150	15,00000	0,00000	0,00000
3,82388	16,00000	0,00000	0,00000	3,82388	13,00000	0,00000	0,00000
3,83625	16,00000	0,00000	0,00000	3,83625	15,00000	0,00000	0,00000
3,84863	17,00000	0,00000	0,00000	3,84863	16,00000	0,00000	0,00000
3,86100	19,00000	0,00000	0,00000	3,86100	15,00000	0,00000	0,00000
3,87338	20,00000	0,00000	0,00000	3,87338	15,00000	0,00000	0,00000
3,88575	19,00000	0,00000	0,00000	3,88575	15,00000	0,00000	0,00000
3,89813	19,00000	0,00000	0,00000	3,89813	12,00000	0,00000	0,00000
3,91050	24,00000	0,00000	0,00000	3,91050	16,00000	0,00000	0,00000
3,92288	25,00000	0,00000	0,00000	3,92288	15,00000	0,00000	0,00000
3,93525	27,00000	0,00000	0,00000	3,93525	16,00000	0,00000	0,00000
3,94763	27,00000	0,00000	0,00000	3,94763	16,00000	0,00000	0,00000
3,96000	32,00000	0,00000	0,00000	3,96000	13,00000	0,00000	0,00000
3,97237	34,00000	0,00000	0,00000	3,97238	16,00000	0,00000	0,00000
3,98475	38,00000	0,00000	0,00000	3,98475	12,00000	0,00000	0,00000
3,99713	39,00000	0,00000	0,00000	3,99713	16,00000	0,00000	0,00000
4,00950	39,00000	0,00000	0,00000	4,00950	12,00000	0,00000	0,00000
4,02188	40,00000	0,00000	0,00000	4,02188	16,00000	0,00000	0,00000
4,03425	43,00000	0,00000	0,00000	4,03425	13,00000	0,00000	0,00000
4,04663	46,00000	0,00000	0,00000	4,04663	16,00000	0,00000	0,00000
4,05900	52,00000	0,00000	0,00000	4,05900	16,00000	0,00000	0,00000
4,07138	57,00000	0,00000	0,00000	4,07138	12,00000	0,00000	0,00000
4,08375	58,00000	0,00000	0,00000	4,08375	15,00000	0,00000	0,00000
4,09612	61,00000	0,00000	0,00000	4,09613	15,00000	0,00000	0,00000
4,10850	67,00000	0,00000	0,00000	4,10850	12,00000	0,00000	0,00000
4,12087	71,00000	0,00000	0,00000	4,12088	16,00000	0,00000	0,00000
4,13325	73,00000	0,00000	0,00000	4,13325	12,00000	0,00000	0,00000
4,14562	77,00000	0,00000	0,00000	4,14563	16,00000	0,00000	0,00000
4,15800	84,00000	0,00000	0,00000	4,15800	13,00000	0,00000	0,00000
4,17037	90,00000	0,00000	0,00000	4,17038	16,00000	0,00000	0,00000
4,18275	100,00000	0,00000	0,00000	4,18275	17,00000	0,00000	0,00000
4,19512	109,00000	0,00000	0,00000	4,19513	16,00000	0,00000	0,00000
4,20750	111,00000	0,00000	0,00000	4,20750	13,00000	0,00000	0,00000
4,21988	117,00000	0,00000	0,00000	4,21988	16,00000	0,00000	0,00000
4,23225	121,00000	0,00000	0,00000	4,23225	12,00000	0,00000	0,00000
4,24463	125,00000	0,00000	0,00000	4,24463	17,00000	0,00000	0,00000
4,25700	129,00000	0,00000	0,00000	4,25700	17,00000	0,00000	0,00000
4,26938	131,00000	0,00000	0,00000	4,26938	16,00000	0,00000	0,00000
4,28175	132,00000	0,00000	0,00000	4,28175	16,00000	0,00000	0,00000
4,29413	132,00000	0,00000	0,00000	4,29413	16,00000	0,00000	0,00000
4,30650	133,00000	0,00000	0,00000	4,30650	15,00000	0,00000	0,00000
4,31888	135,00000	0,00000	0,00000	4,31888	15,00000	0,00000	0,00000
4,33125	143,00000	0,00000	0,00000	4,33125	16,00000	0,00000	0,00000
4,34363	152,00000	0,00000	0,00000	4,34363	15,00000	0,00000	0,00000
4,35600	154,00000	0,00000	0,00000	4,35600	16,00000	0,00000	0,00000
4,36838	157,00000	0,00000	0,00000	4,36838	16,00000	0,00000	0,00000
4,38075	159,00000	0,00000	0,00000	4,38075	16,00000	0,00000	0,00000
4,39313	159,00000	0,00000	0,00000	4,39313	15,00000	0,00000	0,00000
4,40550	158,00000	0,00000	0,00000	4,40550	15,00000	0,00000	0,00000
4,41788	160,00000	0,00000	0,00000	4,41788	15,00000	0,00000	0,00000
4,43025	161,00000	0,00000	0,00000	4,43025	13,00000	0,00000	0,00000
4,44263	153,00000	0,00000	0,00000	4,44263	13,00000	0,00000	0,00000
4,45500	152,00000	0,00000	0,00000	4,45500	12,00000	0,00000	0,00000
4,46738	157,00000	0,00000	0,00000	4,46738	16,00000	0,00000	0,00000
4,47975	162,00000	0,00000	0,00000	4,47975	15,00000	0,00000	0,00000
4,49213	165,00000	0,00000	0,00000	4,49213	16,00000	0,00000	0,00000
4,50450	159,00000	0,00000	0,00000	4,50450	15,00000	0,00000	0,00000
4,51688	146,00000	0,00000	0,00000	4,51688	15,00000	0,00000	0,00000
4,52925	144,00000	0,00000	0,00000	4,52925	16,00000	0,00000	0,00000
4,54162	145,00000	0,00000	0,00000	4,54163	15,00000	0,00000	0,00000
4,55400	146,00000	0,00000	0,00000	4,55400	15,00000	0,00000	0,00000
4,56637	146,00000	0,00000	0,00000	4,56638	16,00000	0,00000	0,00000
4,57875	146,00000	0,00000	0,00000	4,57875	15,00000	0,00000	0,00000
4,59112	144,00000	0,00000	0,00000	4,59113	16,00000	0,00000	0,00000
4,60350	142,00000	0,00000	0,00000	4,60350	15,00000	0,00000	0,00000
4,61587	136,00000	0,00000	0,00000	4,61588	16,00000	0,00000	0,00000
4,62825	126,00000	0,00000	0,00000	4,62825	15,00000	0,00000	0,00000
4,64063	117,00000	0,00000	0,00000	4,64063	12,00000	0,00000	0,00000
4,65300	107,00000	0,00000	0,00000	4,65300	15,00000	0,00000	0,00000
4,66538	98,00000	0,00000	0,00000	4,66538	16,00000	0,00000	0,00000
4,67775	93,00000	0,00000	0,00000	4,67775	15,00000	0,00000	0,00000
4,69013	84,00000	0,00000	0,00000	4,69013	16,00000	0,00000	0,00000
4,70250	75,00000	0,00000	0,00000	4,70250	16,00000	0,00000	0,00000
4,71488	66,00000	0,00000	0,00000	4,71488	12,00000	0,00000	0,00000
4,72725	62,00000	0,00000	0,00000	4,72725	16,00000	0,00000	0,00000
4,73963	59,00000	0,00000	0,00000	4,73963	15,00000	0,00000	0,00000
4,75200	53,00000	0,00000	0,00000	4,75200	13,00000	0,00000	0,00000
4,76438	45,00000	0,00000	0,00000	4,76438	15,00000	0,00000	0,00000
4,77675	40,00000	0,00000	0,00000	4,77675	15,00000	0,00000	0,00000
4,78913	38,00000	0,00000	0,00000	4,78913	12,00000	0,00000	0,00000
4,80150	36,00000	0,00000	0,00000	4,80150	15,00000	0,00000	0,00000
4,81388	33,00000	0,00000	0,00000	4,81388	16,00000	0,00000	0,00000
4,82625	34,00000	0,00000	0,00000	4,82625	16,00000	0,00000	0,00000
4,83863	32,00000	0,00000	0,00000	4,83863	16,00000	0,00000	0,00000
4,85100	30,00000	0,00000	0,00000	4,85100	15,00000	0,00000	0,00000
4,86338	26,00000	0,00000	0,00000	4,86338	16,00000	0,00000	0,00000
4,87575	20,00000	0,00000	0,00000	4,87575	16,00000	0,00000	0,00000
4,88813	19,00000	0,00000	0,00000	4,88813	16,00000	0,00000	0,00000
4,90050	17,00000	0,00000	0,00000	4,90050	16,00000	0,00000	0,00000
4,91288	16,00000	0,00000	0,00000	4,91288	16,00000	0,00000	0,00000
4,92525	16,00000	0,00000	0,00000	4,92525	13,00000	0,00000	0,00000
4,93763	17,00000	0,00000	0,00000	4,93763	16,00000	0,00000	0,00000
4,95000	17,00000	0,00000	0,00000	4,95000	15,00000	0,00000	0,00000
4,96238	15,00000	0,00000	0,00000	4,96238	16,00000	0,00000	0,00000
4,97475	17,00000	0,00000	0,00000	4,97475	16,00000	0,00000	0,00000
4,98712	17,00000	0,00000	0,00000	4,98713	16,00000	0,00000	0,00000
4,99950	16,00000	0,00000	0,00000	4,99950	16,00000	0,00000	0,00000
5,01187	13,00000	0,00000	0,00000	5,01188	13,00000	0,00000	0,00000
5,02425	13,00000	0,00000	0,00000	5,02425	16,00000	0,00000	0,00000
5,03662	16,00000	0,00000	0,00000	5,03663	16,00000	0,00000	0,00000
5,04900	15,00000	0,00000	0,00000	5,04900	15,00000	0,00000	0,00000
5,06137	17,00000	0,00000	0,00000	5,06138	17,00000	0,00000	0,00000
5,07375	17,00000	0,00000	0,00000	5,07375	16,00000	0,00000	0,00000
5,08613	12,00000	0,00000	0,00000	5,08613	15,00000	0,00000	0,00000
5,09850	12,00000	0,00000	0,00000	5,09850	16,00000	0,00000	0,00000
5,11088	16,00000	0,00000	0,00000	5,11088	15,00000	0,00000	0,00000
5,12325	16,00000	0,00000	0,00000	5,12325	16,00000	0,00000	0,00000
5,13563	16,00000	0,00000	0,00000	5,13563	15,00000	0,00000	0,00000
5,14800	15,00000	0,00000	0,00000	5,14800	15,00000	0,00000	0,00000
5,16038	15,00000	0,00000	0,00000	5,16038	12,00000	0,00000	0,00000
5,17275	17,00000	0,00000	0,00000	5,17275	15,00000	0,00000	0,00000
5,18513	15,00000	0,00000	0,00000	5,18513	15,00000	0,00000	0,00000
5,19750	15,00000	0,00000	0,00000	5,19750	15,00000	0,00000	0,00000
5,20988	16,00000	0,00000	0,00000	5,20988	16,00000	0,00000	0,00000
5,22225	16,00000	0,00000	0,00000	5,22225	13,00000	0,00000	0,00000
5,23463	16,00000	0,00000	0,00000	5,23463	15,00000	0,00000	0,00000
5,24700	16,00000	0,00000	0,00000	5,24700	16,00000	0,00000	0,00000
5,25938	16,00000	0,00000	0,00000	5,25938	15,00000	0,00000	0,00000
5,27175	16,00000	0,00000	0,00000	5,27175	16,00000	0,00000	0,00000
5,28413	16,00000	0,00000	0,00000	5,28413	15,00000	0,00000	0,00000
5,29650	16,00000	0,00000	0,00000	5,29650	16,00000	0,00000	0,00000
5,30888	15,00000	0,00000	0,00000	5,30888	15,00000	0,00000	0,00000
5,32125	15,00000	0,00000	0,00000	5,32125	13,00000	0,00000	0,00000
5,33363	17,00000	0,00000	0,00000	5,33363	12,00000	0,00000	0,00000
5,34600	16,00000	0,00000	0,00000	5,34600	15,00000	0,00000	0,00000
5,35838	16,00000	0,00000	0,00000	5,35838	12,00000	0,00000	0,00000
5,37075	13,00000	0,00000	0,00000	5,37075	15,00000	0,00000	0,00000
5,38313	13,00000	0,00000	0,00000	5,38313	12,00000	0,00000	0,00000
5,39550	16,00000	0,00000	0,00000	5,39550	15,00000	0,00000	0,00000
5,40788	16,00000	0,00000	0,00000	5,40788	15,00000	0,00000	0,00000
5,42025	16,00000	0,00000	0,00000	5,42025	15,00000	0,00000	0,00000
5,43262	16,00000	0,00000	0,00000	5,43263	16,00000	0,00000	0,00000
5,44500	15,00000	0,00000	0,00000	5,44500	16,00000	0,00000	0,00000
5,45737	12,00000	0,00000	0,00000	5,45738	16,00000	0,00000	0,00000
5,46975	12,00000	0,00000	0,00000	5,46975	13,00000	0,00000	0,00000
5,48212	15,00000	0,00000	0,00000	5,48213	16,00000	0,00000	0,00000
5,49450	16,00000	0,00000	0,00000	5,49450	16,00000	0,00000	0,00000
5,50687	15,00000	0,00000	0,00000	5,50688	12,00000	0,00000	0,00000
5,51925	17,00000	0,00000	0,00000	5,51925	16,00000	0,00000	0,00000
5,53163	17,00000	0,00000	0,00000	5,53163	15,00000	0,00000	0,00000
5,54400	15,00000	0,00000	0,00000	5,54400	15,00000	0,00000	0,00000
5,55638	16,00000	0,00000	0,00000	5,55638	15,00000	0,00000	0,00000
5,56875	15,00000	0,00000	0,00000	5,56875	15,00000	0,00000	0,00000
5,58113	12,00000	0,00000	0,00000	5,58113	16,00000	0,00000	0,00000
5,59350	12,00000	0,00000	0,00000	5,59350	12,00000	0,00000	0,00000
5,60588	17,00000	0,00000	0,00000	5,60588	13,00000	0,00000	0,00000
5,61825	19,00000	0,00000	0,00000	5,61825	13,00000	0,00000	0,00000
5,63063	17,00000	0,00000	0,00000	5,63063	12,00000	0,00000	0,00000
5,64300	16,00000	0,00000	0,00000	5,64300	12,00000	0,00000	0,00000
5,65538	12,00000	0,00000	0,00000	5,65538	13,00000	0,00000	0,00000
5,66775	12,00000	0,00000	0,00000	5,66775	15,00000	0,00000	0,00000
5,68013	15,00000	0,00000	0,00000	5,68013	13,00000	0,00000	0,00000
5,69250	16,00000	0,00000	0,00000	5,69250	13,00000	0,00000	0,00000
5,70488	13,00000	0,00000	0,00000	5,70488	11,00000	0,00000	0,00000
5,71725	16,00000	0,00000	0,00000	5,71725	15,00000	0,00000	0,00000
5,72963	15,00000	0,00000	0,00000	5,72963	16,00000	0,00000	0,00000
5,74200	17,00000	0,00000	0,00000	5,74200	17,00000	0,00000	0,00000
5,75438	17,00000	0,00000	0,00000	5,75438	15,00000	0,00000	0,00000
5,76675	16,00000	0,00000	0,00000	5,76675	16,00000	0,00000	0,00000
5,77913	12,00000	0,00000	0,00000	5,77913	15,00000	0,00000	0,00000
5,79150	13,00000	0,00000	0,00000	5,79150	16,00000	0,00000	0,00000
5,80388	16,00000	0,00000	0,00000	5,80388	12,00000	0,00000	0,00000
5,81625	16,00000	0,00000	0,00000	5,81625	16,00000	0,00000	0,00000
5,82863	16,00000	0,00000	0,00000	5,82863	16,00000	0,00000	0,00000
5,84100	13,00000	0,00000	0,00000	5,84100	16,00000	0,00000	0,00000
5,85338	15,00000	0,00000	0,00000	5,85338	15,00000	0,00000	0,00000
5,86575	12,00000	0,00000	0,00000	5,86575	12,00000	0,00000	0,00000
5,87813	12,00000	0,00000	0,00000	5,87813	12,00000	0,00000	0,00000
5,89050	15,00000	0,00000	0,00000	5,89050	16,00000	0,00000	0,00000
5,90287	12,00000	0,00000	0,00000	5,90288	16,00000	0,00000	0,00000
5,91525	15,00000	0,00000	0,00000	0,00000	13,00000	0,00000	0,00000
5,92762	15,00000	0,00000	0,00000	0,00000	9,00000	0,00000	0,00000
5,94000	15,00000	0,00000	0,00000	0,00000	0,00000	0,00000	0,00000
5,95237	15,00000	0,00000	0,00000	0,00000	0,00000	0,00000	0,00000
5,96475	12,00000	0,00000	0,00000	0,00000	0,00000	0,00000	0,00000
5,97713	15,00000	0,00000	0,00000	0,00000	0,00000	0,00000	0,00000
5,98950	15,00000	0,00000	0,00000	0,00000	0,00000	0,00000	0,00000
6,00188	13,00000	0,00000	0,00000	0,00000	0,00000	0,00000	0,00000
6,01425	16,00000	0,00000	0,00000	0,00000	0,00000	0,00000	0,00000
6,02663	16,00000	0,00000	0,00000	0,00000	0,00000	0,00000	0,00000
6,03900	12,00000	0,00000	0,00000	0,00000	0,00000	0,00000	0,00000
6,05138	13,00000	0,00000	0,00000	0,00000	0,00000	0,00000	0,00000
6,06375	16,00000	0,00000	0,00000	0,00000	0,00000	0,00000	0,00000
6,07613	17,00000	0,00000	0,00000	0,00000	0,00000	0,00000	0,00000
6,08850	13,00000	0,00000	0,00000	0,00000	0,00000	0,00000	0,00000
6,10088	13,00000	0,00000	0,00000	0,00000	0,00000	0,00000	0,00000
6,11325	16,00000	0,00000	0,00000	0,00000	0,00000	0,00000	0,00000
6,12563	16,00000	0,00000	0,00000	0,00000	0,00000	0,00000	0,00000
6,13800	16,00000	0,00000	0,00000	0,00000	0,00000	0,00000	0,00000
6,15038	16,00000	0,00000	0,00000	0,00000	0,00000	0,00000	0,00000
6,16275	16,00000	0,00000	0,00000	0,00000	0,00000	0,00000	0,00000
6,17513	13,00000	0,00000	0,00000	0,00000	0,00000	0,00000	0,00000
6,18750	13,00000	0,00000	0,00000	0,00000	0,00000	0,00000	0,00000
6,19988	16,00000	0,00000	0,00000	0,00000	0,00000	0,00000	0,00000
6,21225	16,00000	0,00000	0,00000	0,00000	0,00000	0,00000	0,00000
6,22463	16,00000	0,00000	0,00000	0,00000	0,00000	0,00000	0,00000
6,23700	16,00000	0,00000	0,00000	0,00000	0,00000	0,00000	0,00000
6,24938	16,00000	0,00000	0,00000	0,00000	0,00000	0,00000	0,00000
6,26175	16,00000	0,00000	0,00000	0,00000	0,00000	0,00000	0,00000
6,27413	16,00000	0,00000	0,00000	0,00000	0,00000	0,00000	0,00000
6,28650	16,00000	0,00000	0,00000	0,00000	0,00000	0,00000	0,00000
6,29888	13,00000	0,00000	0,00000	0,00000	0,00000	0,00000	0,00000
6,31125	12,00000	0,00000	0,00000	0,00000	0,00000	0,00000	0,00000
6,32363	15,00000	0,00000	0,00000	0,00000	0,00000	0,00000	0,00000
6,33600	12,00000	0,00000	0,00000	0,00000	0,00000	0,00000	0,00000
6,34837	12,00000	0,00000	0,00000	0,00000	0,00000	0,00000	0,00000
6,36075	12,00000	0,00000	0,00000	0,00000	0,00000	0,00000	0,00000
6,37312	15,00000	0,00000	0,00000	0,00000	0,00000	0,00000	0,00000
6,38550	15,00000	0,00000	0,00000	0,00000	0,00000	0,00000	0,00000
6,39787	12,00000	0,00000	0,00000	0,00000	0,00000	0,00000	0,00000
6,41025	15,00000	0,00000	0,00000	0,00000	0,00000	0,00000	0,00000
6,42263	16,00000	0,00000	0,00000	0,00000	0,00000	0,00000	0,00000
6,43500	15,00000	0,00000	0,00000	0,00000	0,00000	0,00000	0,00000
6,44738	12,00000	0,00000	0,00000	0,00000	0,00000	0,00000	0,00000
6,45975	12,00000	0,00000	0,00000	0,00000	0,00000	0,00000	0,00000
6,47213	12,00000	0,00000	0,00000	0,00000	0,00000	0,00000	0,00000
6,48450	15,00000	0,00000	0,00000	0,00000	0,00000	0,00000	0,00000
6,49688	15,00000	0,00000	0,00000	0,00000	0,00000	0,00000	0,00000
6,50925	13,00000	0,00000	0,00000	0,00000	0,00000	0,00000	0,00000
6,52163	16,00000	0,00000	0,00000	0,00000	0,00000	0,00000	0,00000
6,53400	16,00000	0,00000	0,00000	0,00000	0,00000	0,00000	0,00000
6,54638	16,00000	0,00000	0,00000	0,00000	0,00000	0,00000	0,00000
6,55875	13,00000	0,00000	0,00000	0,00000	0,00000	0,00000	0,00000
6,57113	13,00000	0,00000	0,00000	0,00000	0,00000	0,00000	0,00000
6,58350	13,00000	0,00000	0,00000	0,00000	0,00000	0,00000	0,00000
6,59588	16,00000	0,00000	0,00000	0,00000	0,00000	0,00000	0,00000
6,60825	16,00000	0,00000	0,00000	0,00000	0,00000	0,00000	0,00000
6,62063	16,00000	0,00000	0,00000	0,00000	0,00000	0,00000	0,00000
6,63300	16,00000	0,00000	0,00000	0,00000	0,00000	0,00000	0,00000
6,64538	12,00000	0,00000	0,00000	0,00000	0,00000	0,00000	0,00000
6,65775	12,00000	0,00000	0,00000	0,00000	0,00000	0,00000	0,00000
6,67013	12,00000	0,00000	0,00000	0,00000	0,00000	0,00000	0,00000
6,68250	15,00000	0,00000	0,00000	0,00000	0,00000	0,00000	0,00000
6,69488	16,00000	0,00000	0,00000	0,00000	0,00000	0,00000	0,00000
6,70725	13,00000	0,00000	0,00000	0,00000	0,00000	0,00000	0,00000
6,71963	13,00000	0,00000	0,00000	0,00000	0,00000	0,00000	0,00000
6,73200	15,00000	0,00000	0,00000	0,00000	0,00000	0,00000	0,00000
6,74438	15,00000	0,00000	0,00000	0,00000	0,00000	0,00000	0,00000
6,75675	12,00000	0,00000	0,00000	0,00000	0,00000	0,00000	0,00000
6,76913	12,00000	0,00000	0,00000	0,00000	0,00000	0,00000	0,00000
6,78150	12,00000	0,00000	0,00000	0,00000	0,00000	0,00000	0,00000
6,79387	15,00000	0,00000	0,00000	0,00000	0,00000	0,00000	0,00000
6,80625	16,00000	0,00000	0,00000	0,00000	0,00000	0,00000	0,00000
6,81862	13,00000	0,00000	0,00000	0,00000	0,00000	0,00000	0,00000
6,83100	16,00000	0,00000	0,00000	0,00000	0,00000	0,00000	0,00000
6,84337	15,00000	0,00000	0,00000	0,00000	0,00000	0,00000	0,00000
6,85575	12,00000	0,00000	0,00000	0,00000	0,00000	0,00000	0,00000
6,86813	13,00000	0,00000	0,00000	0,00000	0,00000	0,00000	0,00000
6,88050	16,00000	0,00000	0,00000	0,00000	0,00000	0,00000	0,00000
6,89288	16,00000	0,00000	0,00000	0,00000	0,00000	0,00000	0,00000
6,90525	16,00000	0,00000	0,00000	0,00000	0,00000	0,00000	0,00000
6,91763	16,00000	0,00000	0,00000	0,00000	0,00000	0,00000	0,00000
6,93000	16,00000	0,00000	0,00000	0,00000	0,00000	0,00000	0,00000
6,94238	12,00000	0,00000	0,00000	0,00000	0,00000	0,00000	0,00000
6,95475	16,00000	0,00000	0,00000	0,00000	0,00000	0,00000	0,00000
6,96713	16,00000	0,00000	0,00000	0,00000	0,00000	0,00000	0,00000
6,97950	13,00000	0,00000	0,00000	0,00000	0,00000	0,00000	0,00000
6,99188	13,00000	0,00000	0,00000	0,00000	0,00000	0,00000	0,00000
7,00425	16,00000	0,00000	0,00000	0,00000	0,00000	0,00000	0,00000
7,01663	13,00000	0,00000	0,00000	0,00000	0,00000	0,00000	0,00000
7,02900	13,00000	0,00000	0,00000	0,00000	0,00000	0,00000	0,00000
7,04138	15,00000	0,00000	0,00000	0,00000	0,00000	0,00000	0,00000
7,05375	15,00000	0,00000	0,00000	0,00000	0,00000	0,00000	0,00000
7,06613	15,00000	0,00000	0,00000	0,00000	0,00000	0,00000	0,00000
7,07850	11,00000	0,00000	0,00000	0,00000	0,00000	0,00000	0,00000
7,09088	11,00000	0,00000	0,00000	0,00000	0,00000	0,00000	0,00000
7,10325	13,00000	0,00000	0,00000	0,00000	0,00000	0,00000	0,00000
7,11563	13,00000	0,00000	0,00000	0,00000	0,00000	0,00000	0,00000
7,12800	12,00000	0,00000	0,00000	0,00000	0,00000	0,00000	0,00000
7,14038	13,00000	0,00000	0,00000	0,00000	0,00000	0,00000	0,00000
7,15275	16,00000	0,00000	0,00000	0,00000	0,00000	0,00000	0,00000
7,16513	17,00000	0,00000	0,00000	0,00000	0,00000	0,00000	0,00000
7,17750	17,00000	0,00000	0,00000	0,00000	0,00000	0,00000	0,00000
7,18988	13,00000	0,00000	0,00000	0,00000	0,00000	0,00000	0,00000
7,20225	13,00000	0,00000	0,00000	0,00000	0,00000	0,00000	0,00000
7,21463	13,00000	0,00000	0,00000	0,00000	0,00000	0,00000	0,00000
7,22700	17,00000	0,00000	0,00000	0,00000	0,00000	0,00000	0,00000
7,23938	16,00000	0,00000	0,00000	0,00000	0,00000	0,00000	0,00000
7,25175	16,00000	0,00000	0,00000	0,00000	0,00000	0,00000	0,00000
7,26412	12,00000	0,00000	0,00000	0,00000	0,00000	0,00000	0,00000
7,27650	15,00000	0,00000	0,00000	0,00000	0,00000	0,00000	0,00000
7,28887	15,00000	0,00000	0,00000	0,00000	0,00000	0,00000	0,00000
7,30125	13,00000	0,00000	0,00000	0,00000	0,00000	0,00000	0,00000
7,31363	16,00000	0,00000	0,00000	0,00000	0,00000	0,00000	0,00000
7,32600	13,00000	0,00000	0,00000	0,00000	0,00000	0,00000	0,00000
7,33838	15,00000	0,00000	0,00000	0,00000	0,00000	0,00000	0,00000
7,35075	15,00000	0,00000	0,00000	0,00000	0,00000	0,00000	0,00000
7,36313	12,00000	0,00000	0,00000	0,00000	0,00000	0,00000	0,00000
7,37550	12,00000	0,00000	0,00000	0,00000	0,00000	0,00000	0,00000
7,38788	13,00000	0,00000	0,00000	0,00000	0,00000	0,00000	0,00000
7,40025	12,00000	0,00000	0,00000	0,00000	0,00000	0,00000	0,00000
7,41263	12,00000	0,00000	0,00000	0,00000	0,00000	0,00000	0,00000
7,42500	15,00000	0,00000	0,00000	0,00000	0,00000	0,00000	0,00000
7,43738	13,00000	0,00000	0,00000	0,00000	0,00000	0,00000	0,00000
7,44975	16,00000	0,00000	0,00000	0,00000	0,00000	0,00000	0,00000
7,46213	16,00000	0,00000	0,00000	0,00000	0,00000	0,00000	0,00000
7,47450	13,00000	0,00000	0,00000	0,00000	0,00000	0,00000	0,00000
7,48688	12,00000	0,00000	0,00000	0,00000	0,00000	0,00000	0,00000
7,49925	13,00000	0,00000	0,00000	0,00000	0,00000	0,00000	0,00000
7,51163	16,00000	0,00000	0,00000	0,00000	0,00000	0,00000	0,00000
7,52400	16,00000	0,00000	0,00000	0,00000	0,00000	0,00000	0,00000
7,53638	15,00000	0,00000	0,00000	0,00000	0,00000	0,00000	0,00000
7,54875	12,00000	0,00000	0,00000	0,00000	0,00000	0,00000	0,00000
7,56113	12,00000	0,00000	0,00000	0,00000	0,00000	0,00000	0,00000
7,57350	13,00000	0,00000	0,00000	0,00000	0,00000	0,00000	0,00000
7,58588	12,00000	0,00000	0,00000	0,00000	0,00000	0,00000	0,00000
7,59825	12,00000	0,00000	0,00000	0,00000	0,00000	0,00000	0,00000
7,61063	16,00000	0,00000	0,00000	0,00000	0,00000	0,00000	0,00000
7,62300	16,00000	0,00000	0,00000	0,00000	0,00000	0,00000	0,00000
7,63538	16,00000	0,00000	0,00000	0,00000	0,00000	0,00000	0,00000
7,64775	13,00000	0,00000	0,00000	0,00000	0,00000	0,00000	0,00000
7,66013	12,00000	0,00000	0,00000	0,00000	0,00000	0,00000	0,00000
7,67250	15,00000	0,00000	0,00000	0,00000	0,00000	0,00000	0,00000
7,68488	16,00000	0,00000	0,00000	0,00000	0,00000	0,00000	0,00000
7,69725	13,00000	0,00000	0,00000	0,00000	0,00000	0,00000	0,00000
7,70962	16,00000	0,00000	0,00000	0,00000	0,00000	0,00000	0,00000
7,72200	16,00000	0,00000	0,00000	0,00000	0,00000	0,00000	0,00000
7,73438	13,00000	0,00000	0,00000	0,00000	0,00000	0,00000	0,00000
7,74675	15,00000	0,00000	0,00000	0,00000	0,00000	0,00000	0,00000
7,75913	12,00000	0,00000	0,00000	0,00000	0,00000	0,00000	0,00000
7,77150	12,00000	0,00000	0,00000	0,00000	0,00000	0,00000	0,00000
7,78388	15,00000	0,00000	0,00000	0,00000	0,00000	0,00000	0,00000
7,79625	16,00000	0,00000	0,00000	0,00000	0,00000	0,00000	0,00000
7,80863	16,00000	0,00000	0,00000	0,00000	0,00000	0,00000	0,00000
7,82100	13,00000	0,00000	0,00000	0,00000	0,00000	0,00000	0,00000
7,83338	15,00000	0,00000	0,00000	0,00000	0,00000	0,00000	0,00000
7,84575	15,00000	0,00000	0,00000	0,00000	0,00000	0,00000	0,00000
7,85813	13,00000	0,00000	0,00000	0,00000	0,00000	0,00000	0,00000
7,87050	13,00000	0,00000	0,00000	0,00000	0,00000	0,00000	0,00000
7,88288	11,00000	0,00000	0,00000	0,00000	0,00000	0,00000	0,00000
0,00000	9,00000	0,00000	0,00000	0,00000	0,00000	0,00000	0,00000
0,00000	9,00000	0,00000	0,00000	0,00000	0,00000	0,00000	0,00000
