GRUPPE3_Greyline18.dat
04.10.2021
16:21:37
GRUPPE3

Gauss coefficients notation:
Amplitude
FWHM
Std.Abw.
[Fehler]
offset
BEAMCUT  LINES:

X H  in mm	Y H rel	Gauss fit H	H Gauss Coefficients	X V in mm	Y V rel	Gauss fit V	V Gauss Coefficientes
0,00000	15,00000	0,00000	0,00000	0,00000	15,00000	0,00000	0,00000
0,01238	13,00000	0,00000	0,00000	0,01238	16,00000	0,00000	0,00000
0,02475	12,00000	0,00000	0,00000	0,02475	15,00000	0,00000	0,00000
0,03713	15,00000	0,00000	0,00000	0,03713	15,00000	0,00000	0,00000
0,04950	16,00000	0,00000	0,00000	0,04950	15,00000	0,00000	0,00000
0,06187	16,00000	0,00000	0,00000	0,06188	18,00000	0,00000	0,00000
0,07425	16,00000	0,00000	0,00000	0,07425	15,00000	0,00000	0,00000
0,08663	15,00000	0,00000	0,00000	0,08663	18,00000	0,00000	0,00000
0,09900	15,00000	0,00000	0,00000	0,09900	15,00000	0,00000	0,00000
0,11138	17,00000	0,00000	0,00000	0,11138	17,00000	0,00000	0,00000
0,12375	17,00000	0,00000	0,00000	0,12375	12,00000	0,00000	0,00000
0,13612	17,00000	0,00000	0,00000	0,13613	13,00000	0,00000	0,00000
0,14850	16,00000	0,00000	0,00000	0,14850	16,00000	0,00000	0,00000
0,16088	13,00000	0,00000	0,00000	0,16088	15,00000	0,00000	0,00000
0,17325	13,00000	0,00000	0,00000	0,17325	16,00000	0,00000	0,00000
0,18563	16,00000	0,00000	0,00000	0,18563	15,00000	0,00000	0,00000
0,19800	17,00000	0,00000	0,00000	0,19800	15,00000	0,00000	0,00000
0,21038	16,00000	0,00000	0,00000	0,21038	16,00000	0,00000	0,00000
0,22275	13,00000	0,00000	0,00000	0,22275	17,00000	0,00000	0,00000
0,23513	12,00000	0,00000	0,00000	0,23513	15,00000	0,00000	0,00000
0,24750	13,00000	0,00000	0,00000	0,24750	17,00000	0,00000	0,00000
0,25988	17,00000	0,00000	0,00000	0,25988	15,00000	0,00000	0,00000
0,27225	16,00000	0,00000	0,00000	0,27225	15,00000	0,00000	0,00000
0,28463	16,00000	0,00000	0,00000	0,28463	16,00000	0,00000	0,00000
0,29700	13,00000	0,00000	0,00000	0,29700	17,00000	0,00000	0,00000
0,30938	13,00000	0,00000	0,00000	0,30938	13,00000	0,00000	0,00000
0,32175	13,00000	0,00000	0,00000	0,32175	17,00000	0,00000	0,00000
0,33413	13,00000	0,00000	0,00000	0,33413	18,00000	0,00000	0,00000
0,34650	16,00000	0,00000	0,00000	0,34650	15,00000	0,00000	0,00000
0,35887	17,00000	0,00000	0,00000	0,35888	15,00000	0,00000	0,00000
0,37125	17,00000	0,00000	0,00000	0,37125	15,00000	0,00000	0,00000
0,38362	17,00000	0,00000	0,00000	0,38363	13,00000	0,00000	0,00000
0,39600	17,00000	0,00000	0,00000	0,39600	13,00000	0,00000	0,00000
0,40838	17,00000	0,00000	0,00000	0,40838	13,00000	0,00000	0,00000
0,42075	15,00000	0,00000	0,00000	0,42075	16,00000	0,00000	0,00000
0,43313	15,00000	0,00000	0,00000	0,43313	15,00000	0,00000	0,00000
0,44550	17,00000	0,00000	0,00000	0,44550	15,00000	0,00000	0,00000
0,45788	17,00000	0,00000	0,00000	0,45788	15,00000	0,00000	0,00000
0,47025	18,00000	0,00000	0,00000	0,47025	17,00000	0,00000	0,00000
0,48263	17,00000	0,00000	0,00000	0,48263	15,00000	0,00000	0,00000
0,49500	15,00000	0,00000	0,00000	0,49500	17,00000	0,00000	0,00000
0,50738	17,00000	0,00000	0,00000	0,50738	13,00000	0,00000	0,00000
0,51975	17,00000	0,00000	0,00000	0,51975	17,00000	0,00000	0,00000
0,53213	15,00000	0,00000	0,00000	0,53213	15,00000	0,00000	0,00000
0,54450	13,00000	0,00000	0,00000	0,54450	13,00000	0,00000	0,00000
0,55688	15,00000	0,00000	0,00000	0,55688	13,00000	0,00000	0,00000
0,56925	17,00000	0,00000	0,00000	0,56925	16,00000	0,00000	0,00000
0,58163	18,00000	0,00000	0,00000	0,58163	13,00000	0,00000	0,00000
0,59400	15,00000	0,00000	0,00000	0,59400	16,00000	0,00000	0,00000
0,60637	15,00000	0,00000	0,00000	0,60638	16,00000	0,00000	0,00000
0,61875	15,00000	0,00000	0,00000	0,61875	17,00000	0,00000	0,00000
0,63113	15,00000	0,00000	0,00000	0,63113	15,00000	0,00000	0,00000
0,64350	17,00000	0,00000	0,00000	0,64350	15,00000	0,00000	0,00000
0,65587	16,00000	0,00000	0,00000	0,65588	17,00000	0,00000	0,00000
0,66825	16,00000	0,00000	0,00000	0,66825	15,00000	0,00000	0,00000
0,68063	12,00000	0,00000	0,00000	0,68063	18,00000	0,00000	0,00000
0,69300	13,00000	0,00000	0,00000	0,69300	17,00000	0,00000	0,00000
0,70538	16,00000	0,00000	0,00000	0,70538	15,00000	0,00000	0,00000
0,71775	16,00000	0,00000	0,00000	0,71775	13,00000	0,00000	0,00000
0,73013	16,00000	0,00000	0,00000	0,73013	15,00000	0,00000	0,00000
0,74250	16,00000	0,00000	0,00000	0,74250	15,00000	0,00000	0,00000
0,75488	16,00000	0,00000	0,00000	0,75488	16,00000	0,00000	0,00000
0,76725	15,00000	0,00000	0,00000	0,76725	15,00000	0,00000	0,00000
0,77963	15,00000	0,00000	0,00000	0,77963	17,00000	0,00000	0,00000
0,79200	17,00000	0,00000	0,00000	0,79200	15,00000	0,00000	0,00000
0,80438	17,00000	0,00000	0,00000	0,80438	17,00000	0,00000	0,00000
0,81675	15,00000	0,00000	0,00000	0,81675	16,00000	0,00000	0,00000
0,82913	16,00000	0,00000	0,00000	0,82913	15,00000	0,00000	0,00000
0,84150	13,00000	0,00000	0,00000	0,84150	17,00000	0,00000	0,00000
0,85388	16,00000	0,00000	0,00000	0,85388	17,00000	0,00000	0,00000
0,86625	16,00000	0,00000	0,00000	0,86625	16,00000	0,00000	0,00000
0,87862	16,00000	0,00000	0,00000	0,87863	15,00000	0,00000	0,00000
0,89100	16,00000	0,00000	0,00000	0,89100	16,00000	0,00000	0,00000
0,90338	13,00000	0,00000	0,00000	0,90338	15,00000	0,00000	0,00000
0,91575	13,00000	0,00000	0,00000	0,91575	16,00000	0,00000	0,00000
0,92813	16,00000	0,00000	0,00000	0,92813	16,00000	0,00000	0,00000
0,94050	17,00000	0,00000	0,00000	0,94050	17,00000	0,00000	0,00000
0,95288	17,00000	0,00000	0,00000	0,95288	18,00000	0,00000	0,00000
0,96525	17,00000	0,00000	0,00000	0,96525	17,00000	0,00000	0,00000
0,97763	15,00000	0,00000	0,00000	0,97763	18,00000	0,00000	0,00000
0,99000	15,00000	0,00000	0,00000	0,99000	13,00000	0,00000	0,00000
1,00238	16,00000	0,00000	0,00000	1,00238	17,00000	0,00000	0,00000
1,01475	15,00000	0,00000	0,00000	1,01475	13,00000	0,00000	0,00000
1,02713	15,00000	0,00000	0,00000	1,02713	13,00000	0,00000	0,00000
1,03950	17,00000	0,00000	0,00000	1,03950	16,00000	0,00000	0,00000
1,05188	15,00000	0,00000	0,00000	1,05188	12,00000	0,00000	0,00000
1,06425	15,00000	0,00000	0,00000	1,06425	15,00000	0,00000	0,00000
1,07662	15,00000	0,00000	0,00000	1,07663	12,00000	0,00000	0,00000
1,08900	17,00000	0,00000	0,00000	1,08900	15,00000	0,00000	0,00000
1,10137	17,00000	0,00000	0,00000	1,10138	15,00000	0,00000	0,00000
1,11375	17,00000	0,00000	0,00000	1,11375	16,00000	0,00000	0,00000
1,12613	17,00000	0,00000	0,00000	1,12613	16,00000	0,00000	0,00000
1,13850	17,00000	0,00000	0,00000	1,13850	13,00000	0,00000	0,00000
1,15088	15,00000	0,00000	0,00000	1,15088	15,00000	0,00000	0,00000
1,16325	16,00000	0,00000	0,00000	1,16325	15,00000	0,00000	0,00000
1,17563	13,00000	0,00000	0,00000	1,17563	17,00000	0,00000	0,00000
1,18800	13,00000	0,00000	0,00000	1,18800	13,00000	0,00000	0,00000
1,20037	16,00000	0,00000	0,00000	1,20038	15,00000	0,00000	0,00000
1,21275	16,00000	0,00000	0,00000	1,21275	13,00000	0,00000	0,00000
1,22513	12,00000	0,00000	0,00000	1,22513	15,00000	0,00000	0,00000
1,23750	16,00000	0,00000	0,00000	1,23750	17,00000	0,00000	0,00000
1,24988	16,00000	0,00000	0,00000	1,24988	13,00000	0,00000	0,00000
1,26225	13,00000	0,00000	0,00000	1,26225	16,00000	0,00000	0,00000
1,27463	13,00000	0,00000	0,00000	1,27463	16,00000	0,00000	0,00000
1,28700	17,00000	0,00000	0,00000	1,28700	16,00000	0,00000	0,00000
1,29938	17,00000	0,00000	0,00000	1,29938	15,00000	0,00000	0,00000
1,31175	16,00000	0,00000	0,00000	1,31175	16,00000	0,00000	0,00000
1,32412	13,00000	0,00000	0,00000	1,32413	16,00000	0,00000	0,00000
1,33650	12,00000	0,00000	0,00000	1,33650	16,00000	0,00000	0,00000
1,34888	13,00000	0,00000	0,00000	1,34888	15,00000	0,00000	0,00000
1,36125	16,00000	0,00000	0,00000	1,36125	16,00000	0,00000	0,00000
1,37363	16,00000	0,00000	0,00000	1,37363	16,00000	0,00000	0,00000
1,38600	16,00000	0,00000	0,00000	1,38600	19,00000	0,00000	0,00000
1,39838	16,00000	0,00000	0,00000	1,39838	13,00000	0,00000	0,00000
1,41075	16,00000	0,00000	0,00000	1,41075	17,00000	0,00000	0,00000
1,42312	13,00000	0,00000	0,00000	1,42313	13,00000	0,00000	0,00000
1,43550	15,00000	0,00000	0,00000	1,43550	17,00000	0,00000	0,00000
1,44788	12,00000	0,00000	0,00000	1,44788	16,00000	0,00000	0,00000
1,46025	15,00000	0,00000	0,00000	1,46025	17,00000	0,00000	0,00000
1,47263	15,00000	0,00000	0,00000	1,47263	16,00000	0,00000	0,00000
1,48500	15,00000	0,00000	0,00000	1,48500	17,00000	0,00000	0,00000
1,49738	13,00000	0,00000	0,00000	1,49738	13,00000	0,00000	0,00000
1,50975	13,00000	0,00000	0,00000	1,50975	17,00000	0,00000	0,00000
1,52213	16,00000	0,00000	0,00000	1,52213	15,00000	0,00000	0,00000
1,53450	16,00000	0,00000	0,00000	1,53450	17,00000	0,00000	0,00000
1,54688	16,00000	0,00000	0,00000	1,54688	16,00000	0,00000	0,00000
1,55925	16,00000	0,00000	0,00000	1,55925	15,00000	0,00000	0,00000
1,57163	13,00000	0,00000	0,00000	1,57163	15,00000	0,00000	0,00000
1,58400	13,00000	0,00000	0,00000	1,58400	16,00000	0,00000	0,00000
1,59638	16,00000	0,00000	0,00000	1,59638	16,00000	0,00000	0,00000
1,60875	16,00000	0,00000	0,00000	1,60875	18,00000	0,00000	0,00000
1,62113	13,00000	0,00000	0,00000	1,62113	16,00000	0,00000	0,00000
1,63350	13,00000	0,00000	0,00000	1,63350	17,00000	0,00000	0,00000
1,64587	16,00000	0,00000	0,00000	1,64588	17,00000	0,00000	0,00000
1,65825	16,00000	0,00000	0,00000	1,65825	17,00000	0,00000	0,00000
1,67063	13,00000	0,00000	0,00000	1,67063	15,00000	0,00000	0,00000
1,68300	13,00000	0,00000	0,00000	1,68300	17,00000	0,00000	0,00000
1,69538	15,00000	0,00000	0,00000	1,69538	16,00000	0,00000	0,00000
1,70775	15,00000	0,00000	0,00000	1,70775	16,00000	0,00000	0,00000
1,72013	15,00000	0,00000	0,00000	1,72013	18,00000	0,00000	0,00000
1,73250	15,00000	0,00000	0,00000	1,73250	18,00000	0,00000	0,00000
1,74488	15,00000	0,00000	0,00000	1,74488	18,00000	0,00000	0,00000
1,75725	13,00000	0,00000	0,00000	1,75725	16,00000	0,00000	0,00000
1,76963	13,00000	0,00000	0,00000	1,76963	19,00000	0,00000	0,00000
1,78200	16,00000	0,00000	0,00000	1,78200	20,00000	0,00000	0,00000
1,79438	16,00000	0,00000	0,00000	1,79438	19,00000	0,00000	0,00000
1,80675	15,00000	0,00000	0,00000	1,80675	19,00000	0,00000	0,00000
1,81913	17,00000	0,00000	0,00000	1,81913	17,00000	0,00000	0,00000
1,83150	17,00000	0,00000	0,00000	1,83150	18,00000	0,00000	0,00000
1,84388	17,00000	0,00000	0,00000	1,84388	16,00000	0,00000	0,00000
1,85625	13,00000	0,00000	0,00000	1,85625	15,00000	0,00000	0,00000
1,86862	16,00000	0,00000	0,00000	1,86863	18,00000	0,00000	0,00000
1,88100	16,00000	0,00000	0,00000	1,88100	15,00000	0,00000	0,00000
1,89338	15,00000	0,00000	0,00000	1,89338	15,00000	0,00000	0,00000
1,90575	17,00000	0,00000	0,00000	1,90575	17,00000	0,00000	0,00000
1,91813	15,00000	0,00000	0,00000	1,91813	19,00000	0,00000	0,00000
1,93050	15,00000	0,00000	0,00000	1,93050	22,00000	0,00000	0,00000
1,94288	17,00000	0,00000	0,00000	1,94288	30,00000	0,00000	0,00000
1,95525	16,00000	0,00000	0,00000	1,95525	39,00000	0,00000	0,00000
1,96763	12,00000	0,00000	0,00000	1,96763	37,00000	0,00000	0,00000
1,98000	15,00000	0,00000	0,00000	1,98000	48,00000	0,00000	0,00000
1,99238	15,00000	0,00000	0,00000	1,99238	58,00000	0,00000	0,00000
2,00475	15,00000	0,00000	0,00000	2,00475	77,00000	0,00000	0,00000
2,01713	13,00000	0,00000	0,00000	2,01713	77,00000	0,00000	0,00000
2,02950	13,00000	0,00000	0,00000	2,02950	101,00000	0,00000	0,00000
2,04188	16,00000	0,00000	0,00000	2,04188	109,00000	0,00000	0,00000
2,05425	16,00000	0,00000	0,00000	2,05425	123,00000	0,00000	0,00000
2,06663	16,00000	0,00000	0,00000	2,06663	135,00000	0,00000	0,00000
2,07900	13,00000	0,00000	0,00000	2,07900	152,00000	0,00000	0,00000
2,09138	13,00000	0,00000	0,00000	2,09138	167,00000	0,00000	0,00000
2,10375	16,00000	0,00000	0,00000	2,10375	186,00000	0,00000	0,00000
2,11613	17,00000	0,00000	0,00000	2,11613	196,00000	0,00000	0,00000
2,12850	16,00000	0,00000	0,00000	2,12850	209,00000	0,00000	0,00000
2,14088	13,00000	0,00000	0,00000	2,14088	208,00000	0,00000	0,00000
2,15325	15,00000	0,00000	0,00000	2,15325	225,00000	0,00000	0,00000
2,16562	12,00000	0,00000	0,00000	2,16563	228,00000	0,00000	0,00000
2,17800	12,00000	0,00000	0,00000	2,17800	236,00000	0,00000	0,00000
2,19037	15,00000	0,00000	0,00000	2,19038	232,00000	0,00000	0,00000
2,20275	16,00000	0,00000	0,00000	2,20275	237,00000	0,00000	0,00000
2,21513	16,00000	0,00000	0,00000	2,21513	232,00000	0,00000	0,00000
2,22750	16,00000	0,00000	0,00000	2,22750	222,00000	0,00000	0,00000
2,23988	16,00000	0,00000	0,00000	2,23988	222,00000	0,00000	0,00000
2,25225	16,00000	0,00000	0,00000	2,25225	215,00000	0,00000	0,00000
2,26463	13,00000	0,00000	0,00000	2,26463	213,00000	0,00000	0,00000
2,27700	15,00000	0,00000	0,00000	2,27700	201,00000	0,00000	0,00000
2,28938	17,00000	0,00000	0,00000	2,28938	199,00000	0,00000	0,00000
2,30175	17,00000	0,00000	0,00000	2,30175	194,00000	0,00000	0,00000
2,31413	15,00000	0,00000	0,00000	2,31413	193,00000	0,00000	0,00000
2,32650	16,00000	0,00000	0,00000	2,32650	193,00000	0,00000	0,00000
2,33888	16,00000	0,00000	0,00000	2,33888	176,00000	0,00000	0,00000
2,35125	13,00000	0,00000	0,00000	2,35125	168,00000	0,00000	0,00000
2,36363	13,00000	0,00000	0,00000	2,36363	162,00000	0,00000	0,00000
2,37600	16,00000	0,00000	0,00000	2,37600	150,00000	0,00000	0,00000
2,38837	17,00000	0,00000	0,00000	2,38838	140,00000	0,00000	0,00000
2,40075	17,00000	0,00000	0,00000	2,40075	131,00000	0,00000	0,00000
2,41312	15,00000	0,00000	0,00000	2,41313	124,00000	0,00000	0,00000
2,42550	15,00000	0,00000	0,00000	2,42550	116,00000	0,00000	0,00000
2,43788	15,00000	0,00000	0,00000	2,43788	112,00000	0,00000	0,00000
2,45025	15,00000	0,00000	0,00000	2,45025	109,00000	0,00000	0,00000
2,46263	17,00000	0,00000	0,00000	2,46263	102,00000	0,00000	0,00000
2,47500	17,00000	0,00000	0,00000	2,47500	101,00000	0,00000	0,00000
2,48738	17,00000	0,00000	0,00000	2,48738	94,00000	0,00000	0,00000
2,49975	17,00000	0,00000	0,00000	2,49975	82,00000	0,00000	0,00000
2,51213	16,00000	0,00000	0,00000	2,51213	71,00000	0,00000	0,00000
2,52450	13,00000	0,00000	0,00000	2,52450	64,00000	0,00000	0,00000
2,53688	13,00000	0,00000	0,00000	2,53688	59,00000	0,00000	0,00000
2,54925	16,00000	0,00000	0,00000	2,54925	54,00000	0,00000	0,00000
2,56163	16,00000	0,00000	0,00000	2,56163	51,00000	0,00000	0,00000
2,57400	15,00000	0,00000	0,00000	2,57400	46,00000	0,00000	0,00000
2,58638	15,00000	0,00000	0,00000	2,58638	43,00000	0,00000	0,00000
2,59875	17,00000	0,00000	0,00000	2,59875	39,00000	0,00000	0,00000
2,61112	17,00000	0,00000	0,00000	2,61113	40,00000	0,00000	0,00000
2,62350	15,00000	0,00000	0,00000	2,62350	32,00000	0,00000	0,00000
2,63587	15,00000	0,00000	0,00000	2,63588	32,00000	0,00000	0,00000
2,64825	17,00000	0,00000	0,00000	2,64825	32,00000	0,00000	0,00000
2,66063	17,00000	0,00000	0,00000	2,66063	31,00000	0,00000	0,00000
2,67300	17,00000	0,00000	0,00000	2,67300	33,00000	0,00000	0,00000
2,68538	17,00000	0,00000	0,00000	2,68538	29,00000	0,00000	0,00000
2,69775	16,00000	0,00000	0,00000	2,69775	27,00000	0,00000	0,00000
2,71013	12,00000	0,00000	0,00000	2,71013	26,00000	0,00000	0,00000
2,72250	13,00000	0,00000	0,00000	2,72250	20,00000	0,00000	0,00000
2,73488	16,00000	0,00000	0,00000	2,73488	22,00000	0,00000	0,00000
2,74725	13,00000	0,00000	0,00000	2,74725	20,00000	0,00000	0,00000
2,75963	13,00000	0,00000	0,00000	2,75963	23,00000	0,00000	0,00000
2,77200	16,00000	0,00000	0,00000	2,77200	22,00000	0,00000	0,00000
2,78438	16,00000	0,00000	0,00000	2,78438	19,00000	0,00000	0,00000
2,79675	16,00000	0,00000	0,00000	2,79675	17,00000	0,00000	0,00000
2,80913	13,00000	0,00000	0,00000	2,80913	19,00000	0,00000	0,00000
2,82150	13,00000	0,00000	0,00000	2,82150	16,00000	0,00000	0,00000
2,83387	16,00000	0,00000	0,00000	2,83388	19,00000	0,00000	0,00000
2,84625	12,00000	0,00000	0,00000	2,84625	19,00000	0,00000	0,00000
2,85862	16,00000	0,00000	0,00000	2,85863	18,00000	0,00000	0,00000
2,87100	16,00000	0,00000	0,00000	2,87100	19,00000	0,00000	0,00000
2,88338	16,00000	0,00000	0,00000	2,88338	18,00000	0,00000	0,00000
2,89575	16,00000	0,00000	0,00000	2,89575	17,00000	0,00000	0,00000
2,90813	16,00000	0,00000	0,00000	2,90813	17,00000	0,00000	0,00000
2,92050	16,00000	0,00000	0,00000	2,92050	18,00000	0,00000	0,00000
2,93288	13,00000	0,00000	0,00000	2,93288	16,00000	0,00000	0,00000
2,94525	13,00000	0,00000	0,00000	2,94525	17,00000	0,00000	0,00000
2,95763	13,00000	0,00000	0,00000	2,95763	13,00000	0,00000	0,00000
2,97000	16,00000	0,00000	0,00000	2,97000	15,00000	0,00000	0,00000
2,98238	16,00000	0,00000	0,00000	2,98238	17,00000	0,00000	0,00000
2,99475	17,00000	0,00000	0,00000	2,99475	16,00000	0,00000	0,00000
3,00713	16,00000	0,00000	0,00000	3,00713	16,00000	0,00000	0,00000
3,01950	16,00000	0,00000	0,00000	3,01950	13,00000	0,00000	0,00000
3,03188	13,00000	0,00000	0,00000	3,03188	17,00000	0,00000	0,00000
3,04425	12,00000	0,00000	0,00000	3,04425	17,00000	0,00000	0,00000
3,05662	13,00000	0,00000	0,00000	3,05663	12,00000	0,00000	0,00000
3,06900	16,00000	0,00000	0,00000	3,06900	16,00000	0,00000	0,00000
3,08137	16,00000	0,00000	0,00000	3,08138	12,00000	0,00000	0,00000
3,09375	15,00000	0,00000	0,00000	3,09375	16,00000	0,00000	0,00000
3,10613	17,00000	0,00000	0,00000	3,10613	13,00000	0,00000	0,00000
3,11850	17,00000	0,00000	0,00000	3,11850	15,00000	0,00000	0,00000
3,13088	17,00000	0,00000	0,00000	3,13088	13,00000	0,00000	0,00000
3,14325	17,00000	0,00000	0,00000	3,14325	13,00000	0,00000	0,00000
3,15563	17,00000	0,00000	0,00000	3,15563	15,00000	0,00000	0,00000
3,16800	17,00000	0,00000	0,00000	3,16800	12,00000	0,00000	0,00000
3,18038	17,00000	0,00000	0,00000	3,18038	15,00000	0,00000	0,00000
3,19275	16,00000	0,00000	0,00000	3,19275	12,00000	0,00000	0,00000
3,20513	13,00000	0,00000	0,00000	3,20513	13,00000	0,00000	0,00000
3,21750	13,00000	0,00000	0,00000	3,21750	17,00000	0,00000	0,00000
3,22988	15,00000	0,00000	0,00000	3,22988	12,00000	0,00000	0,00000
3,24225	15,00000	0,00000	0,00000	3,24225	16,00000	0,00000	0,00000
3,25463	12,00000	0,00000	0,00000	3,25463	13,00000	0,00000	0,00000
3,26700	16,00000	0,00000	0,00000	3,26700	13,00000	0,00000	0,00000
3,27938	15,00000	0,00000	0,00000	3,27938	17,00000	0,00000	0,00000
3,29175	13,00000	0,00000	0,00000	3,29175	15,00000	0,00000	0,00000
3,30412	13,00000	0,00000	0,00000	3,30413	16,00000	0,00000	0,00000
3,31650	13,00000	0,00000	0,00000	3,31650	17,00000	0,00000	0,00000
3,32888	16,00000	0,00000	0,00000	3,32888	13,00000	0,00000	0,00000
3,34125	16,00000	0,00000	0,00000	3,34125	16,00000	0,00000	0,00000
3,35363	13,00000	0,00000	0,00000	3,35363	13,00000	0,00000	0,00000
3,36600	15,00000	0,00000	0,00000	3,36600	17,00000	0,00000	0,00000
3,37838	12,00000	0,00000	0,00000	3,37838	12,00000	0,00000	0,00000
3,39075	12,00000	0,00000	0,00000	3,39075	16,00000	0,00000	0,00000
3,40313	15,00000	0,00000	0,00000	3,40313	13,00000	0,00000	0,00000
3,41550	13,00000	0,00000	0,00000	3,41550	16,00000	0,00000	0,00000
3,42788	16,00000	0,00000	0,00000	3,42788	15,00000	0,00000	0,00000
3,44025	16,00000	0,00000	0,00000	3,44025	15,00000	0,00000	0,00000
3,45263	13,00000	0,00000	0,00000	3,45263	15,00000	0,00000	0,00000
3,46500	13,00000	0,00000	0,00000	3,46500	16,00000	0,00000	0,00000
3,47738	13,00000	0,00000	0,00000	3,47738	13,00000	0,00000	0,00000
3,48975	16,00000	0,00000	0,00000	3,48975	17,00000	0,00000	0,00000
3,50213	16,00000	0,00000	0,00000	3,50213	15,00000	0,00000	0,00000
3,51450	16,00000	0,00000	0,00000	3,51450	16,00000	0,00000	0,00000
3,52687	16,00000	0,00000	0,00000	3,52688	15,00000	0,00000	0,00000
3,53925	16,00000	0,00000	0,00000	3,53925	16,00000	0,00000	0,00000
3,55163	13,00000	0,00000	0,00000	3,55163	16,00000	0,00000	0,00000
3,56400	13,00000	0,00000	0,00000	3,56400	13,00000	0,00000	0,00000
3,57638	16,00000	0,00000	0,00000	3,57638	13,00000	0,00000	0,00000
3,58875	16,00000	0,00000	0,00000	3,58875	17,00000	0,00000	0,00000
3,60113	16,00000	0,00000	0,00000	3,60113	13,00000	0,00000	0,00000
3,61350	16,00000	0,00000	0,00000	3,61350	15,00000	0,00000	0,00000
3,62588	16,00000	0,00000	0,00000	3,62588	13,00000	0,00000	0,00000
3,63825	16,00000	0,00000	0,00000	3,63825	15,00000	0,00000	0,00000
3,65063	16,00000	0,00000	0,00000	3,65063	13,00000	0,00000	0,00000
3,66300	16,00000	0,00000	0,00000	3,66300	15,00000	0,00000	0,00000
3,67538	16,00000	0,00000	0,00000	3,67538	12,00000	0,00000	0,00000
3,68775	16,00000	0,00000	0,00000	3,68775	12,00000	0,00000	0,00000
3,70013	16,00000	0,00000	0,00000	3,70013	13,00000	0,00000	0,00000
3,71250	13,00000	0,00000	0,00000	3,71250	12,00000	0,00000	0,00000
3,72488	13,00000	0,00000	0,00000	3,72488	12,00000	0,00000	0,00000
3,73725	16,00000	0,00000	0,00000	3,73725	13,00000	0,00000	0,00000
3,74962	17,00000	0,00000	0,00000	3,74963	12,00000	0,00000	0,00000
3,76200	17,00000	0,00000	0,00000	3,76200	15,00000	0,00000	0,00000
3,77438	17,00000	0,00000	0,00000	3,77438	16,00000	0,00000	0,00000
3,78675	15,00000	0,00000	0,00000	3,78675	15,00000	0,00000	0,00000
3,79913	15,00000	0,00000	0,00000	3,79913	12,00000	0,00000	0,00000
3,81150	15,00000	0,00000	0,00000	3,81150	15,00000	0,00000	0,00000
3,82388	17,00000	0,00000	0,00000	3,82388	15,00000	0,00000	0,00000
3,83625	16,00000	0,00000	0,00000	3,83625	16,00000	0,00000	0,00000
3,84863	13,00000	0,00000	0,00000	3,84863	12,00000	0,00000	0,00000
3,86100	12,00000	0,00000	0,00000	3,86100	16,00000	0,00000	0,00000
3,87338	15,00000	0,00000	0,00000	3,87338	11,00000	0,00000	0,00000
3,88575	13,00000	0,00000	0,00000	3,88575	13,00000	0,00000	0,00000
3,89813	16,00000	0,00000	0,00000	3,89813	12,00000	0,00000	0,00000
3,91050	17,00000	0,00000	0,00000	3,91050	16,00000	0,00000	0,00000
3,92288	17,00000	0,00000	0,00000	3,92288	13,00000	0,00000	0,00000
3,93525	17,00000	0,00000	0,00000	3,93525	16,00000	0,00000	0,00000
3,94763	15,00000	0,00000	0,00000	3,94763	12,00000	0,00000	0,00000
3,96000	15,00000	0,00000	0,00000	3,96000	16,00000	0,00000	0,00000
3,97237	17,00000	0,00000	0,00000	3,97238	13,00000	0,00000	0,00000
3,98475	18,00000	0,00000	0,00000	3,98475	16,00000	0,00000	0,00000
3,99713	17,00000	0,00000	0,00000	3,99713	13,00000	0,00000	0,00000
4,00950	15,00000	0,00000	0,00000	4,00950	13,00000	0,00000	0,00000
4,02188	15,00000	0,00000	0,00000	4,02188	12,00000	0,00000	0,00000
4,03425	16,00000	0,00000	0,00000	4,03425	15,00000	0,00000	0,00000
4,04663	16,00000	0,00000	0,00000	4,04663	15,00000	0,00000	0,00000
4,05900	16,00000	0,00000	0,00000	4,05900	13,00000	0,00000	0,00000
4,07138	15,00000	0,00000	0,00000	4,07138	11,00000	0,00000	0,00000
4,08375	15,00000	0,00000	0,00000	4,08375	15,00000	0,00000	0,00000
4,09612	17,00000	0,00000	0,00000	4,09613	13,00000	0,00000	0,00000
4,10850	17,00000	0,00000	0,00000	4,10850	13,00000	0,00000	0,00000
4,12087	16,00000	0,00000	0,00000	4,12088	16,00000	0,00000	0,00000
4,13325	18,00000	0,00000	0,00000	4,13325	11,00000	0,00000	0,00000
4,14562	18,00000	0,00000	0,00000	4,14563	12,00000	0,00000	0,00000
4,15800	19,00000	0,00000	0,00000	4,15800	13,00000	0,00000	0,00000
4,17037	18,00000	0,00000	0,00000	4,17038	13,00000	0,00000	0,00000
4,18275	16,00000	0,00000	0,00000	4,18275	12,00000	0,00000	0,00000
4,19512	15,00000	0,00000	0,00000	4,19513	15,00000	0,00000	0,00000
4,20750	15,00000	0,00000	0,00000	4,20750	13,00000	0,00000	0,00000
4,21988	16,00000	0,00000	0,00000	4,21988	15,00000	0,00000	0,00000
4,23225	19,00000	0,00000	0,00000	4,23225	13,00000	0,00000	0,00000
4,24463	20,00000	0,00000	0,00000	4,24463	16,00000	0,00000	0,00000
4,25700	20,00000	0,00000	0,00000	4,25700	15,00000	0,00000	0,00000
4,26938	18,00000	0,00000	0,00000	4,26938	15,00000	0,00000	0,00000
4,28175	18,00000	0,00000	0,00000	4,28175	16,00000	0,00000	0,00000
4,29413	18,00000	0,00000	0,00000	4,29413	16,00000	0,00000	0,00000
4,30650	20,00000	0,00000	0,00000	4,30650	16,00000	0,00000	0,00000
4,31888	20,00000	0,00000	0,00000	4,31888	16,00000	0,00000	0,00000
4,33125	19,00000	0,00000	0,00000	4,33125	16,00000	0,00000	0,00000
4,34363	20,00000	0,00000	0,00000	4,34363	13,00000	0,00000	0,00000
4,35600	22,00000	0,00000	0,00000	4,35600	17,00000	0,00000	0,00000
4,36838	24,00000	0,00000	0,00000	4,36838	12,00000	0,00000	0,00000
4,38075	29,00000	0,00000	0,00000	4,38075	13,00000	0,00000	0,00000
4,39313	29,00000	0,00000	0,00000	4,39313	12,00000	0,00000	0,00000
4,40550	32,00000	0,00000	0,00000	4,40550	13,00000	0,00000	0,00000
4,41788	38,00000	0,00000	0,00000	4,41788	13,00000	0,00000	0,00000
4,43025	45,00000	0,00000	0,00000	4,43025	15,00000	0,00000	0,00000
4,44263	52,00000	0,00000	0,00000	4,44263	12,00000	0,00000	0,00000
4,45500	51,00000	0,00000	0,00000	4,45500	12,00000	0,00000	0,00000
4,46738	54,00000	0,00000	0,00000	4,46738	15,00000	0,00000	0,00000
4,47975	60,00000	0,00000	0,00000	4,47975	15,00000	0,00000	0,00000
4,49213	71,00000	0,00000	0,00000	4,49213	13,00000	0,00000	0,00000
4,50450	80,00000	0,00000	0,00000	4,50450	12,00000	0,00000	0,00000
4,51688	89,00000	0,00000	0,00000	4,51688	13,00000	0,00000	0,00000
4,52925	100,00000	0,00000	0,00000	4,52925	13,00000	0,00000	0,00000
4,54162	111,00000	0,00000	0,00000	4,54163	12,00000	0,00000	0,00000
4,55400	123,00000	0,00000	0,00000	4,55400	12,00000	0,00000	0,00000
4,56637	130,00000	0,00000	0,00000	4,56638	12,00000	0,00000	0,00000
4,57875	135,00000	0,00000	0,00000	4,57875	13,00000	0,00000	0,00000
4,59112	142,00000	0,00000	0,00000	4,59113	16,00000	0,00000	0,00000
4,60350	154,00000	0,00000	0,00000	4,60350	15,00000	0,00000	0,00000
4,61587	167,00000	0,00000	0,00000	4,61588	13,00000	0,00000	0,00000
4,62825	182,00000	0,00000	0,00000	4,62825	15,00000	0,00000	0,00000
4,64063	195,00000	0,00000	0,00000	4,64063	15,00000	0,00000	0,00000
4,65300	204,00000	0,00000	0,00000	4,65300	13,00000	0,00000	0,00000
4,66538	213,00000	0,00000	0,00000	4,66538	12,00000	0,00000	0,00000
4,67775	217,00000	0,00000	0,00000	4,67775	15,00000	0,00000	0,00000
4,69013	221,00000	0,00000	0,00000	4,69013	15,00000	0,00000	0,00000
4,70250	222,00000	0,00000	0,00000	4,70250	12,00000	0,00000	0,00000
4,71488	217,00000	0,00000	0,00000	4,71488	16,00000	0,00000	0,00000
4,72725	215,00000	0,00000	0,00000	4,72725	15,00000	0,00000	0,00000
4,73963	210,00000	0,00000	0,00000	4,73963	16,00000	0,00000	0,00000
4,75200	210,00000	0,00000	0,00000	4,75200	13,00000	0,00000	0,00000
4,76438	211,00000	0,00000	0,00000	4,76438	15,00000	0,00000	0,00000
4,77675	204,00000	0,00000	0,00000	4,77675	13,00000	0,00000	0,00000
4,78913	192,00000	0,00000	0,00000	4,78913	13,00000	0,00000	0,00000
4,80150	182,00000	0,00000	0,00000	4,80150	12,00000	0,00000	0,00000
4,81388	176,00000	0,00000	0,00000	4,81388	13,00000	0,00000	0,00000
4,82625	168,00000	0,00000	0,00000	4,82625	13,00000	0,00000	0,00000
4,83863	158,00000	0,00000	0,00000	4,83863	13,00000	0,00000	0,00000
4,85100	143,00000	0,00000	0,00000	4,85100	15,00000	0,00000	0,00000
4,86338	129,00000	0,00000	0,00000	4,86338	13,00000	0,00000	0,00000
4,87575	112,00000	0,00000	0,00000	4,87575	13,00000	0,00000	0,00000
4,88813	100,00000	0,00000	0,00000	4,88813	13,00000	0,00000	0,00000
4,90050	82,00000	0,00000	0,00000	4,90050	12,00000	0,00000	0,00000
4,91288	68,00000	0,00000	0,00000	4,91288	13,00000	0,00000	0,00000
4,92525	65,00000	0,00000	0,00000	4,92525	16,00000	0,00000	0,00000
4,93763	60,00000	0,00000	0,00000	4,93763	16,00000	0,00000	0,00000
4,95000	55,00000	0,00000	0,00000	4,95000	13,00000	0,00000	0,00000
4,96238	45,00000	0,00000	0,00000	4,96238	12,00000	0,00000	0,00000
4,97475	43,00000	0,00000	0,00000	4,97475	15,00000	0,00000	0,00000
4,98712	32,00000	0,00000	0,00000	4,98713	15,00000	0,00000	0,00000
4,99950	26,00000	0,00000	0,00000	4,99950	15,00000	0,00000	0,00000
5,01187	22,00000	0,00000	0,00000	5,01188	13,00000	0,00000	0,00000
5,02425	19,00000	0,00000	0,00000	5,02425	13,00000	0,00000	0,00000
5,03662	19,00000	0,00000	0,00000	5,03663	15,00000	0,00000	0,00000
5,04900	16,00000	0,00000	0,00000	5,04900	11,00000	0,00000	0,00000
5,06137	16,00000	0,00000	0,00000	5,06138	16,00000	0,00000	0,00000
5,07375	17,00000	0,00000	0,00000	5,07375	11,00000	0,00000	0,00000
5,08613	17,00000	0,00000	0,00000	5,08613	16,00000	0,00000	0,00000
5,09850	17,00000	0,00000	0,00000	5,09850	15,00000	0,00000	0,00000
5,11088	17,00000	0,00000	0,00000	5,11088	16,00000	0,00000	0,00000
5,12325	17,00000	0,00000	0,00000	5,12325	13,00000	0,00000	0,00000
5,13563	17,00000	0,00000	0,00000	5,13563	16,00000	0,00000	0,00000
5,14800	17,00000	0,00000	0,00000	5,14800	12,00000	0,00000	0,00000
5,16038	16,00000	0,00000	0,00000	5,16038	13,00000	0,00000	0,00000
5,17275	16,00000	0,00000	0,00000	5,17275	12,00000	0,00000	0,00000
5,18513	18,00000	0,00000	0,00000	5,18513	16,00000	0,00000	0,00000
5,19750	18,00000	0,00000	0,00000	5,19750	12,00000	0,00000	0,00000
5,20988	16,00000	0,00000	0,00000	5,20988	16,00000	0,00000	0,00000
5,22225	17,00000	0,00000	0,00000	5,22225	12,00000	0,00000	0,00000
5,23463	16,00000	0,00000	0,00000	5,23463	12,00000	0,00000	0,00000
5,24700	13,00000	0,00000	0,00000	5,24700	15,00000	0,00000	0,00000
5,25938	13,00000	0,00000	0,00000	5,25938	15,00000	0,00000	0,00000
5,27175	16,00000	0,00000	0,00000	5,27175	11,00000	0,00000	0,00000
5,28413	16,00000	0,00000	0,00000	5,28413	12,00000	0,00000	0,00000
5,29650	15,00000	0,00000	0,00000	5,29650	11,00000	0,00000	0,00000
5,30888	12,00000	0,00000	0,00000	5,30888	15,00000	0,00000	0,00000
5,32125	12,00000	0,00000	0,00000	5,32125	13,00000	0,00000	0,00000
5,33363	12,00000	0,00000	0,00000	5,33363	11,00000	0,00000	0,00000
5,34600	16,00000	0,00000	0,00000	5,34600	12,00000	0,00000	0,00000
5,35838	16,00000	0,00000	0,00000	5,35838	13,00000	0,00000	0,00000
5,37075	16,00000	0,00000	0,00000	5,37075	13,00000	0,00000	0,00000
5,38313	16,00000	0,00000	0,00000	5,38313	15,00000	0,00000	0,00000
5,39550	16,00000	0,00000	0,00000	5,39550	12,00000	0,00000	0,00000
5,40788	13,00000	0,00000	0,00000	5,40788	12,00000	0,00000	0,00000
5,42025	13,00000	0,00000	0,00000	5,42025	15,00000	0,00000	0,00000
5,43262	16,00000	0,00000	0,00000	5,43263	12,00000	0,00000	0,00000
5,44500	12,00000	0,00000	0,00000	5,44500	16,00000	0,00000	0,00000
5,45737	12,00000	0,00000	0,00000	5,45738	12,00000	0,00000	0,00000
5,46975	16,00000	0,00000	0,00000	5,46975	16,00000	0,00000	0,00000
5,48212	16,00000	0,00000	0,00000	5,48213	12,00000	0,00000	0,00000
5,49450	16,00000	0,00000	0,00000	5,49450	13,00000	0,00000	0,00000
5,50687	16,00000	0,00000	0,00000	5,50688	11,00000	0,00000	0,00000
5,51925	16,00000	0,00000	0,00000	5,51925	13,00000	0,00000	0,00000
5,53163	16,00000	0,00000	0,00000	5,53163	12,00000	0,00000	0,00000
5,54400	15,00000	0,00000	0,00000	5,54400	16,00000	0,00000	0,00000
5,55638	15,00000	0,00000	0,00000	5,55638	12,00000	0,00000	0,00000
5,56875	17,00000	0,00000	0,00000	5,56875	12,00000	0,00000	0,00000
5,58113	15,00000	0,00000	0,00000	5,58113	12,00000	0,00000	0,00000
5,59350	15,00000	0,00000	0,00000	5,59350	15,00000	0,00000	0,00000
5,60588	15,00000	0,00000	0,00000	5,60588	16,00000	0,00000	0,00000
5,61825	15,00000	0,00000	0,00000	5,61825	16,00000	0,00000	0,00000
5,63063	17,00000	0,00000	0,00000	5,63063	15,00000	0,00000	0,00000
5,64300	17,00000	0,00000	0,00000	5,64300	16,00000	0,00000	0,00000
5,65538	17,00000	0,00000	0,00000	5,65538	16,00000	0,00000	0,00000
5,66775	16,00000	0,00000	0,00000	5,66775	16,00000	0,00000	0,00000
5,68013	16,00000	0,00000	0,00000	5,68013	15,00000	0,00000	0,00000
5,69250	18,00000	0,00000	0,00000	5,69250	12,00000	0,00000	0,00000
5,70488	17,00000	0,00000	0,00000	5,70488	16,00000	0,00000	0,00000
5,71725	15,00000	0,00000	0,00000	5,71725	12,00000	0,00000	0,00000
5,72963	16,00000	0,00000	0,00000	5,72963	11,00000	0,00000	0,00000
5,74200	13,00000	0,00000	0,00000	5,74200	13,00000	0,00000	0,00000
5,75438	13,00000	0,00000	0,00000	5,75438	15,00000	0,00000	0,00000
5,76675	16,00000	0,00000	0,00000	5,76675	13,00000	0,00000	0,00000
5,77913	15,00000	0,00000	0,00000	5,77913	11,00000	0,00000	0,00000
5,79150	17,00000	0,00000	0,00000	5,79150	15,00000	0,00000	0,00000
5,80388	17,00000	0,00000	0,00000	5,80388	11,00000	0,00000	0,00000
5,81625	15,00000	0,00000	0,00000	5,81625	15,00000	0,00000	0,00000
5,82863	16,00000	0,00000	0,00000	5,82863	16,00000	0,00000	0,00000
5,84100	15,00000	0,00000	0,00000	5,84100	15,00000	0,00000	0,00000
5,85338	12,00000	0,00000	0,00000	5,85338	15,00000	0,00000	0,00000
5,86575	12,00000	0,00000	0,00000	5,86575	12,00000	0,00000	0,00000
5,87813	15,00000	0,00000	0,00000	5,87813	13,00000	0,00000	0,00000
5,89050	16,00000	0,00000	0,00000	5,89050	12,00000	0,00000	0,00000
5,90287	12,00000	0,00000	0,00000	5,90288	12,00000	0,00000	0,00000
5,91525	13,00000	0,00000	0,00000	0,00000	15,00000	0,00000	0,00000
5,92762	16,00000	0,00000	0,00000	0,00000	9,00000	0,00000	0,00000
5,94000	16,00000	0,00000	0,00000	0,00000	0,00000	0,00000	0,00000
5,95237	16,00000	0,00000	0,00000	0,00000	0,00000	0,00000	0,00000
5,96475	16,00000	0,00000	0,00000	0,00000	0,00000	0,00000	0,00000
5,97713	16,00000	0,00000	0,00000	0,00000	0,00000	0,00000	0,00000
5,98950	15,00000	0,00000	0,00000	0,00000	0,00000	0,00000	0,00000
6,00188	12,00000	0,00000	0,00000	0,00000	0,00000	0,00000	0,00000
6,01425	12,00000	0,00000	0,00000	0,00000	0,00000	0,00000	0,00000
6,02663	15,00000	0,00000	0,00000	0,00000	0,00000	0,00000	0,00000
6,03900	15,00000	0,00000	0,00000	0,00000	0,00000	0,00000	0,00000
6,05138	13,00000	0,00000	0,00000	0,00000	0,00000	0,00000	0,00000
6,06375	16,00000	0,00000	0,00000	0,00000	0,00000	0,00000	0,00000
6,07613	17,00000	0,00000	0,00000	0,00000	0,00000	0,00000	0,00000
6,08850	13,00000	0,00000	0,00000	0,00000	0,00000	0,00000	0,00000
6,10088	16,00000	0,00000	0,00000	0,00000	0,00000	0,00000	0,00000
6,11325	16,00000	0,00000	0,00000	0,00000	0,00000	0,00000	0,00000
6,12563	13,00000	0,00000	0,00000	0,00000	0,00000	0,00000	0,00000
6,13800	13,00000	0,00000	0,00000	0,00000	0,00000	0,00000	0,00000
6,15038	16,00000	0,00000	0,00000	0,00000	0,00000	0,00000	0,00000
6,16275	16,00000	0,00000	0,00000	0,00000	0,00000	0,00000	0,00000
6,17513	16,00000	0,00000	0,00000	0,00000	0,00000	0,00000	0,00000
6,18750	13,00000	0,00000	0,00000	0,00000	0,00000	0,00000	0,00000
6,19988	13,00000	0,00000	0,00000	0,00000	0,00000	0,00000	0,00000
6,21225	16,00000	0,00000	0,00000	0,00000	0,00000	0,00000	0,00000
6,22463	17,00000	0,00000	0,00000	0,00000	0,00000	0,00000	0,00000
6,23700	16,00000	0,00000	0,00000	0,00000	0,00000	0,00000	0,00000
6,24938	13,00000	0,00000	0,00000	0,00000	0,00000	0,00000	0,00000
6,26175	12,00000	0,00000	0,00000	0,00000	0,00000	0,00000	0,00000
6,27413	15,00000	0,00000	0,00000	0,00000	0,00000	0,00000	0,00000
6,28650	16,00000	0,00000	0,00000	0,00000	0,00000	0,00000	0,00000
6,29888	13,00000	0,00000	0,00000	0,00000	0,00000	0,00000	0,00000
6,31125	12,00000	0,00000	0,00000	0,00000	0,00000	0,00000	0,00000
6,32363	16,00000	0,00000	0,00000	0,00000	0,00000	0,00000	0,00000
6,33600	16,00000	0,00000	0,00000	0,00000	0,00000	0,00000	0,00000
6,34837	16,00000	0,00000	0,00000	0,00000	0,00000	0,00000	0,00000
6,36075	13,00000	0,00000	0,00000	0,00000	0,00000	0,00000	0,00000
6,37312	13,00000	0,00000	0,00000	0,00000	0,00000	0,00000	0,00000
6,38550	16,00000	0,00000	0,00000	0,00000	0,00000	0,00000	0,00000
6,39787	12,00000	0,00000	0,00000	0,00000	0,00000	0,00000	0,00000
6,41025	12,00000	0,00000	0,00000	0,00000	0,00000	0,00000	0,00000
6,42263	15,00000	0,00000	0,00000	0,00000	0,00000	0,00000	0,00000
6,43500	16,00000	0,00000	0,00000	0,00000	0,00000	0,00000	0,00000
6,44738	16,00000	0,00000	0,00000	0,00000	0,00000	0,00000	0,00000
6,45975	16,00000	0,00000	0,00000	0,00000	0,00000	0,00000	0,00000
6,47213	16,00000	0,00000	0,00000	0,00000	0,00000	0,00000	0,00000
6,48450	13,00000	0,00000	0,00000	0,00000	0,00000	0,00000	0,00000
6,49688	12,00000	0,00000	0,00000	0,00000	0,00000	0,00000	0,00000
6,50925	15,00000	0,00000	0,00000	0,00000	0,00000	0,00000	0,00000
6,52163	16,00000	0,00000	0,00000	0,00000	0,00000	0,00000	0,00000
6,53400	15,00000	0,00000	0,00000	0,00000	0,00000	0,00000	0,00000
6,54638	15,00000	0,00000	0,00000	0,00000	0,00000	0,00000	0,00000
6,55875	12,00000	0,00000	0,00000	0,00000	0,00000	0,00000	0,00000
6,57113	12,00000	0,00000	0,00000	0,00000	0,00000	0,00000	0,00000
6,58350	16,00000	0,00000	0,00000	0,00000	0,00000	0,00000	0,00000
6,59588	15,00000	0,00000	0,00000	0,00000	0,00000	0,00000	0,00000
6,60825	12,00000	0,00000	0,00000	0,00000	0,00000	0,00000	0,00000
6,62063	12,00000	0,00000	0,00000	0,00000	0,00000	0,00000	0,00000
6,63300	12,00000	0,00000	0,00000	0,00000	0,00000	0,00000	0,00000
6,64538	15,00000	0,00000	0,00000	0,00000	0,00000	0,00000	0,00000
6,65775	15,00000	0,00000	0,00000	0,00000	0,00000	0,00000	0,00000
6,67013	12,00000	0,00000	0,00000	0,00000	0,00000	0,00000	0,00000
6,68250	12,00000	0,00000	0,00000	0,00000	0,00000	0,00000	0,00000
6,69488	15,00000	0,00000	0,00000	0,00000	0,00000	0,00000	0,00000
6,70725	16,00000	0,00000	0,00000	0,00000	0,00000	0,00000	0,00000
6,71963	16,00000	0,00000	0,00000	0,00000	0,00000	0,00000	0,00000
6,73200	16,00000	0,00000	0,00000	0,00000	0,00000	0,00000	0,00000
6,74438	16,00000	0,00000	0,00000	0,00000	0,00000	0,00000	0,00000
6,75675	16,00000	0,00000	0,00000	0,00000	0,00000	0,00000	0,00000
6,76913	16,00000	0,00000	0,00000	0,00000	0,00000	0,00000	0,00000
6,78150	12,00000	0,00000	0,00000	0,00000	0,00000	0,00000	0,00000
6,79387	12,00000	0,00000	0,00000	0,00000	0,00000	0,00000	0,00000
6,80625	12,00000	0,00000	0,00000	0,00000	0,00000	0,00000	0,00000
6,81862	12,00000	0,00000	0,00000	0,00000	0,00000	0,00000	0,00000
6,83100	15,00000	0,00000	0,00000	0,00000	0,00000	0,00000	0,00000
6,84337	15,00000	0,00000	0,00000	0,00000	0,00000	0,00000	0,00000
6,85575	12,00000	0,00000	0,00000	0,00000	0,00000	0,00000	0,00000
6,86813	12,00000	0,00000	0,00000	0,00000	0,00000	0,00000	0,00000
6,88050	15,00000	0,00000	0,00000	0,00000	0,00000	0,00000	0,00000
6,89288	15,00000	0,00000	0,00000	0,00000	0,00000	0,00000	0,00000
6,90525	12,00000	0,00000	0,00000	0,00000	0,00000	0,00000	0,00000
6,91763	12,00000	0,00000	0,00000	0,00000	0,00000	0,00000	0,00000
6,93000	12,00000	0,00000	0,00000	0,00000	0,00000	0,00000	0,00000
6,94238	15,00000	0,00000	0,00000	0,00000	0,00000	0,00000	0,00000
6,95475	15,00000	0,00000	0,00000	0,00000	0,00000	0,00000	0,00000
6,96713	12,00000	0,00000	0,00000	0,00000	0,00000	0,00000	0,00000
6,97950	12,00000	0,00000	0,00000	0,00000	0,00000	0,00000	0,00000
6,99188	15,00000	0,00000	0,00000	0,00000	0,00000	0,00000	0,00000
7,00425	15,00000	0,00000	0,00000	0,00000	0,00000	0,00000	0,00000
7,01663	16,00000	0,00000	0,00000	0,00000	0,00000	0,00000	0,00000
7,02900	12,00000	0,00000	0,00000	0,00000	0,00000	0,00000	0,00000
7,04138	12,00000	0,00000	0,00000	0,00000	0,00000	0,00000	0,00000
7,05375	15,00000	0,00000	0,00000	0,00000	0,00000	0,00000	0,00000
7,06613	16,00000	0,00000	0,00000	0,00000	0,00000	0,00000	0,00000
7,07850	16,00000	0,00000	0,00000	0,00000	0,00000	0,00000	0,00000
7,09088	13,00000	0,00000	0,00000	0,00000	0,00000	0,00000	0,00000
7,10325	13,00000	0,00000	0,00000	0,00000	0,00000	0,00000	0,00000
7,11563	13,00000	0,00000	0,00000	0,00000	0,00000	0,00000	0,00000
7,12800	13,00000	0,00000	0,00000	0,00000	0,00000	0,00000	0,00000
7,14038	16,00000	0,00000	0,00000	0,00000	0,00000	0,00000	0,00000
7,15275	16,00000	0,00000	0,00000	0,00000	0,00000	0,00000	0,00000
7,16513	13,00000	0,00000	0,00000	0,00000	0,00000	0,00000	0,00000
7,17750	15,00000	0,00000	0,00000	0,00000	0,00000	0,00000	0,00000
7,18988	15,00000	0,00000	0,00000	0,00000	0,00000	0,00000	0,00000
7,20225	12,00000	0,00000	0,00000	0,00000	0,00000	0,00000	0,00000
7,21463	12,00000	0,00000	0,00000	0,00000	0,00000	0,00000	0,00000
7,22700	12,00000	0,00000	0,00000	0,00000	0,00000	0,00000	0,00000
7,23938	15,00000	0,00000	0,00000	0,00000	0,00000	0,00000	0,00000
7,25175	15,00000	0,00000	0,00000	0,00000	0,00000	0,00000	0,00000
7,26412	15,00000	0,00000	0,00000	0,00000	0,00000	0,00000	0,00000
7,27650	12,00000	0,00000	0,00000	0,00000	0,00000	0,00000	0,00000
7,28887	12,00000	0,00000	0,00000	0,00000	0,00000	0,00000	0,00000
7,30125	15,00000	0,00000	0,00000	0,00000	0,00000	0,00000	0,00000
7,31363	16,00000	0,00000	0,00000	0,00000	0,00000	0,00000	0,00000
7,32600	16,00000	0,00000	0,00000	0,00000	0,00000	0,00000	0,00000
7,33838	13,00000	0,00000	0,00000	0,00000	0,00000	0,00000	0,00000
7,35075	15,00000	0,00000	0,00000	0,00000	0,00000	0,00000	0,00000
7,36313	12,00000	0,00000	0,00000	0,00000	0,00000	0,00000	0,00000
7,37550	12,00000	0,00000	0,00000	0,00000	0,00000	0,00000	0,00000
7,38788	12,00000	0,00000	0,00000	0,00000	0,00000	0,00000	0,00000
7,40025	12,00000	0,00000	0,00000	0,00000	0,00000	0,00000	0,00000
7,41263	15,00000	0,00000	0,00000	0,00000	0,00000	0,00000	0,00000
7,42500	16,00000	0,00000	0,00000	0,00000	0,00000	0,00000	0,00000
7,43738	12,00000	0,00000	0,00000	0,00000	0,00000	0,00000	0,00000
7,44975	15,00000	0,00000	0,00000	0,00000	0,00000	0,00000	0,00000
7,46213	15,00000	0,00000	0,00000	0,00000	0,00000	0,00000	0,00000
7,47450	15,00000	0,00000	0,00000	0,00000	0,00000	0,00000	0,00000
7,48688	13,00000	0,00000	0,00000	0,00000	0,00000	0,00000	0,00000
7,49925	13,00000	0,00000	0,00000	0,00000	0,00000	0,00000	0,00000
7,51163	16,00000	0,00000	0,00000	0,00000	0,00000	0,00000	0,00000
7,52400	16,00000	0,00000	0,00000	0,00000	0,00000	0,00000	0,00000
7,53638	16,00000	0,00000	0,00000	0,00000	0,00000	0,00000	0,00000
7,54875	16,00000	0,00000	0,00000	0,00000	0,00000	0,00000	0,00000
7,56113	16,00000	0,00000	0,00000	0,00000	0,00000	0,00000	0,00000
7,57350	13,00000	0,00000	0,00000	0,00000	0,00000	0,00000	0,00000
7,58588	16,00000	0,00000	0,00000	0,00000	0,00000	0,00000	0,00000
7,59825	16,00000	0,00000	0,00000	0,00000	0,00000	0,00000	0,00000
7,61063	16,00000	0,00000	0,00000	0,00000	0,00000	0,00000	0,00000
7,62300	16,00000	0,00000	0,00000	0,00000	0,00000	0,00000	0,00000
7,63538	16,00000	0,00000	0,00000	0,00000	0,00000	0,00000	0,00000
7,64775	16,00000	0,00000	0,00000	0,00000	0,00000	0,00000	0,00000
7,66013	16,00000	0,00000	0,00000	0,00000	0,00000	0,00000	0,00000
7,67250	16,00000	0,00000	0,00000	0,00000	0,00000	0,00000	0,00000
7,68488	13,00000	0,00000	0,00000	0,00000	0,00000	0,00000	0,00000
7,69725	12,00000	0,00000	0,00000	0,00000	0,00000	0,00000	0,00000
7,70962	16,00000	0,00000	0,00000	0,00000	0,00000	0,00000	0,00000
7,72200	16,00000	0,00000	0,00000	0,00000	0,00000	0,00000	0,00000
7,73438	16,00000	0,00000	0,00000	0,00000	0,00000	0,00000	0,00000
7,74675	13,00000	0,00000	0,00000	0,00000	0,00000	0,00000	0,00000
7,75913	13,00000	0,00000	0,00000	0,00000	0,00000	0,00000	0,00000
7,77150	16,00000	0,00000	0,00000	0,00000	0,00000	0,00000	0,00000
7,78388	16,00000	0,00000	0,00000	0,00000	0,00000	0,00000	0,00000
7,79625	12,00000	0,00000	0,00000	0,00000	0,00000	0,00000	0,00000
7,80863	12,00000	0,00000	0,00000	0,00000	0,00000	0,00000	0,00000
7,82100	15,00000	0,00000	0,00000	0,00000	0,00000	0,00000	0,00000
7,83338	13,00000	0,00000	0,00000	0,00000	0,00000	0,00000	0,00000
7,84575	16,00000	0,00000	0,00000	0,00000	0,00000	0,00000	0,00000
7,85813	18,00000	0,00000	0,00000	0,00000	0,00000	0,00000	0,00000
7,87050	17,00000	0,00000	0,00000	0,00000	0,00000	0,00000	0,00000
7,88288	11,00000	0,00000	0,00000	0,00000	0,00000	0,00000	0,00000
0,00000	9,00000	0,00000	0,00000	0,00000	0,00000	0,00000	0,00000
0,00000	9,00000	0,00000	0,00000	0,00000	0,00000	0,00000	0,00000
