GRUPPE3_Greyline08.dat
04.10.2021
16:10:39
GRUPPE3

Gauss coefficients notation:
Amplitude
FWHM
Std.Abw.
[Fehler]
offset
BEAMCUT  LINES:

X H  in mm	Y H rel	Gauss fit H	H Gauss Coefficients	X V in mm	Y V rel	Gauss fit V	V Gauss Coefficientes
0,00000	15,00000	0,00000	0,00000	0,00000	15,00000	0,00000	0,00000
0,01238	15,00000	0,00000	0,00000	0,01238	16,00000	0,00000	0,00000
0,02475	13,00000	0,00000	0,00000	0,02475	15,00000	0,00000	0,00000
0,03713	16,00000	0,00000	0,00000	0,03713	15,00000	0,00000	0,00000
0,04950	15,00000	0,00000	0,00000	0,04950	15,00000	0,00000	0,00000
0,06187	17,00000	0,00000	0,00000	0,06188	13,00000	0,00000	0,00000
0,07425	18,00000	0,00000	0,00000	0,07425	16,00000	0,00000	0,00000
0,08663	17,00000	0,00000	0,00000	0,08663	16,00000	0,00000	0,00000
0,09900	15,00000	0,00000	0,00000	0,09900	17,00000	0,00000	0,00000
0,11138	15,00000	0,00000	0,00000	0,11138	16,00000	0,00000	0,00000
0,12375	17,00000	0,00000	0,00000	0,12375	17,00000	0,00000	0,00000
0,13612	15,00000	0,00000	0,00000	0,13613	16,00000	0,00000	0,00000
0,14850	15,00000	0,00000	0,00000	0,14850	16,00000	0,00000	0,00000
0,16088	17,00000	0,00000	0,00000	0,16088	13,00000	0,00000	0,00000
0,17325	17,00000	0,00000	0,00000	0,17325	13,00000	0,00000	0,00000
0,18563	17,00000	0,00000	0,00000	0,18563	16,00000	0,00000	0,00000
0,19800	17,00000	0,00000	0,00000	0,19800	12,00000	0,00000	0,00000
0,21038	17,00000	0,00000	0,00000	0,21038	12,00000	0,00000	0,00000
0,22275	15,00000	0,00000	0,00000	0,22275	16,00000	0,00000	0,00000
0,23513	15,00000	0,00000	0,00000	0,23513	15,00000	0,00000	0,00000
0,24750	17,00000	0,00000	0,00000	0,24750	17,00000	0,00000	0,00000
0,25988	17,00000	0,00000	0,00000	0,25988	17,00000	0,00000	0,00000
0,27225	17,00000	0,00000	0,00000	0,27225	16,00000	0,00000	0,00000
0,28463	17,00000	0,00000	0,00000	0,28463	16,00000	0,00000	0,00000
0,29700	17,00000	0,00000	0,00000	0,29700	16,00000	0,00000	0,00000
0,30938	17,00000	0,00000	0,00000	0,30938	15,00000	0,00000	0,00000
0,32175	17,00000	0,00000	0,00000	0,32175	15,00000	0,00000	0,00000
0,33413	17,00000	0,00000	0,00000	0,33413	16,00000	0,00000	0,00000
0,34650	15,00000	0,00000	0,00000	0,34650	15,00000	0,00000	0,00000
0,35887	15,00000	0,00000	0,00000	0,35888	16,00000	0,00000	0,00000
0,37125	16,00000	0,00000	0,00000	0,37125	15,00000	0,00000	0,00000
0,38362	16,00000	0,00000	0,00000	0,38363	13,00000	0,00000	0,00000
0,39600	16,00000	0,00000	0,00000	0,39600	15,00000	0,00000	0,00000
0,40838	15,00000	0,00000	0,00000	0,40838	16,00000	0,00000	0,00000
0,42075	15,00000	0,00000	0,00000	0,42075	16,00000	0,00000	0,00000
0,43313	17,00000	0,00000	0,00000	0,43313	13,00000	0,00000	0,00000
0,44550	17,00000	0,00000	0,00000	0,44550	16,00000	0,00000	0,00000
0,45788	17,00000	0,00000	0,00000	0,45788	16,00000	0,00000	0,00000
0,47025	17,00000	0,00000	0,00000	0,47025	16,00000	0,00000	0,00000
0,48263	17,00000	0,00000	0,00000	0,48263	17,00000	0,00000	0,00000
0,49500	15,00000	0,00000	0,00000	0,49500	16,00000	0,00000	0,00000
0,50738	15,00000	0,00000	0,00000	0,50738	18,00000	0,00000	0,00000
0,51975	15,00000	0,00000	0,00000	0,51975	16,00000	0,00000	0,00000
0,53213	17,00000	0,00000	0,00000	0,53213	16,00000	0,00000	0,00000
0,54450	15,00000	0,00000	0,00000	0,54450	16,00000	0,00000	0,00000
0,55688	15,00000	0,00000	0,00000	0,55688	17,00000	0,00000	0,00000
0,56925	16,00000	0,00000	0,00000	0,56925	15,00000	0,00000	0,00000
0,58163	15,00000	0,00000	0,00000	0,58163	17,00000	0,00000	0,00000
0,59400	15,00000	0,00000	0,00000	0,59400	15,00000	0,00000	0,00000
0,60637	17,00000	0,00000	0,00000	0,60638	16,00000	0,00000	0,00000
0,61875	17,00000	0,00000	0,00000	0,61875	15,00000	0,00000	0,00000
0,63113	17,00000	0,00000	0,00000	0,63113	17,00000	0,00000	0,00000
0,64350	17,00000	0,00000	0,00000	0,64350	13,00000	0,00000	0,00000
0,65587	17,00000	0,00000	0,00000	0,65588	16,00000	0,00000	0,00000
0,66825	17,00000	0,00000	0,00000	0,66825	13,00000	0,00000	0,00000
0,68063	17,00000	0,00000	0,00000	0,68063	16,00000	0,00000	0,00000
0,69300	17,00000	0,00000	0,00000	0,69300	15,00000	0,00000	0,00000
0,70538	17,00000	0,00000	0,00000	0,70538	16,00000	0,00000	0,00000
0,71775	13,00000	0,00000	0,00000	0,71775	17,00000	0,00000	0,00000
0,73013	13,00000	0,00000	0,00000	0,73013	16,00000	0,00000	0,00000
0,74250	16,00000	0,00000	0,00000	0,74250	17,00000	0,00000	0,00000
0,75488	16,00000	0,00000	0,00000	0,75488	15,00000	0,00000	0,00000
0,76725	16,00000	0,00000	0,00000	0,76725	17,00000	0,00000	0,00000
0,77963	16,00000	0,00000	0,00000	0,77963	17,00000	0,00000	0,00000
0,79200	16,00000	0,00000	0,00000	0,79200	17,00000	0,00000	0,00000
0,80438	16,00000	0,00000	0,00000	0,80438	18,00000	0,00000	0,00000
0,81675	13,00000	0,00000	0,00000	0,81675	17,00000	0,00000	0,00000
0,82913	13,00000	0,00000	0,00000	0,82913	16,00000	0,00000	0,00000
0,84150	16,00000	0,00000	0,00000	0,84150	16,00000	0,00000	0,00000
0,85388	16,00000	0,00000	0,00000	0,85388	15,00000	0,00000	0,00000
0,86625	17,00000	0,00000	0,00000	0,86625	13,00000	0,00000	0,00000
0,87862	15,00000	0,00000	0,00000	0,87863	17,00000	0,00000	0,00000
0,89100	15,00000	0,00000	0,00000	0,89100	13,00000	0,00000	0,00000
0,90338	16,00000	0,00000	0,00000	0,90338	17,00000	0,00000	0,00000
0,91575	16,00000	0,00000	0,00000	0,91575	16,00000	0,00000	0,00000
0,92813	15,00000	0,00000	0,00000	0,92813	17,00000	0,00000	0,00000
0,94050	15,00000	0,00000	0,00000	0,94050	16,00000	0,00000	0,00000
0,95288	17,00000	0,00000	0,00000	0,95288	16,00000	0,00000	0,00000
0,96525	18,00000	0,00000	0,00000	0,96525	16,00000	0,00000	0,00000
0,97763	16,00000	0,00000	0,00000	0,97763	17,00000	0,00000	0,00000
0,99000	16,00000	0,00000	0,00000	0,99000	16,00000	0,00000	0,00000
1,00238	18,00000	0,00000	0,00000	1,00238	15,00000	0,00000	0,00000
1,01475	18,00000	0,00000	0,00000	1,01475	16,00000	0,00000	0,00000
1,02713	18,00000	0,00000	0,00000	1,02713	15,00000	0,00000	0,00000
1,03950	16,00000	0,00000	0,00000	1,03950	13,00000	0,00000	0,00000
1,05188	17,00000	0,00000	0,00000	1,05188	15,00000	0,00000	0,00000
1,06425	17,00000	0,00000	0,00000	1,06425	16,00000	0,00000	0,00000
1,07662	15,00000	0,00000	0,00000	1,07663	15,00000	0,00000	0,00000
1,08900	15,00000	0,00000	0,00000	1,08900	16,00000	0,00000	0,00000
1,10137	15,00000	0,00000	0,00000	1,10138	17,00000	0,00000	0,00000
1,11375	17,00000	0,00000	0,00000	1,11375	17,00000	0,00000	0,00000
1,12613	17,00000	0,00000	0,00000	1,12613	15,00000	0,00000	0,00000
1,13850	16,00000	0,00000	0,00000	1,13850	17,00000	0,00000	0,00000
1,15088	13,00000	0,00000	0,00000	1,15088	15,00000	0,00000	0,00000
1,16325	13,00000	0,00000	0,00000	1,16325	17,00000	0,00000	0,00000
1,17563	16,00000	0,00000	0,00000	1,17563	15,00000	0,00000	0,00000
1,18800	16,00000	0,00000	0,00000	1,18800	15,00000	0,00000	0,00000
1,20037	13,00000	0,00000	0,00000	1,20038	16,00000	0,00000	0,00000
1,21275	13,00000	0,00000	0,00000	1,21275	17,00000	0,00000	0,00000
1,22513	16,00000	0,00000	0,00000	1,22513	13,00000	0,00000	0,00000
1,23750	17,00000	0,00000	0,00000	1,23750	16,00000	0,00000	0,00000
1,24988	16,00000	0,00000	0,00000	1,24988	16,00000	0,00000	0,00000
1,26225	13,00000	0,00000	0,00000	1,26225	13,00000	0,00000	0,00000
1,27463	13,00000	0,00000	0,00000	1,27463	16,00000	0,00000	0,00000
1,28700	17,00000	0,00000	0,00000	1,28700	16,00000	0,00000	0,00000
1,29938	17,00000	0,00000	0,00000	1,29938	15,00000	0,00000	0,00000
1,31175	15,00000	0,00000	0,00000	1,31175	13,00000	0,00000	0,00000
1,32412	17,00000	0,00000	0,00000	1,32413	16,00000	0,00000	0,00000
1,33650	17,00000	0,00000	0,00000	1,33650	17,00000	0,00000	0,00000
1,34888	15,00000	0,00000	0,00000	1,34888	15,00000	0,00000	0,00000
1,36125	15,00000	0,00000	0,00000	1,36125	16,00000	0,00000	0,00000
1,37363	16,00000	0,00000	0,00000	1,37363	16,00000	0,00000	0,00000
1,38600	15,00000	0,00000	0,00000	1,38600	16,00000	0,00000	0,00000
1,39838	15,00000	0,00000	0,00000	1,39838	18,00000	0,00000	0,00000
1,41075	17,00000	0,00000	0,00000	1,41075	17,00000	0,00000	0,00000
1,42312	17,00000	0,00000	0,00000	1,42313	15,00000	0,00000	0,00000
1,43550	15,00000	0,00000	0,00000	1,43550	17,00000	0,00000	0,00000
1,44788	15,00000	0,00000	0,00000	1,44788	15,00000	0,00000	0,00000
1,46025	16,00000	0,00000	0,00000	1,46025	18,00000	0,00000	0,00000
1,47263	16,00000	0,00000	0,00000	1,47263	15,00000	0,00000	0,00000
1,48500	16,00000	0,00000	0,00000	1,48500	15,00000	0,00000	0,00000
1,49738	16,00000	0,00000	0,00000	1,49738	16,00000	0,00000	0,00000
1,50975	16,00000	0,00000	0,00000	1,50975	16,00000	0,00000	0,00000
1,52213	16,00000	0,00000	0,00000	1,52213	16,00000	0,00000	0,00000
1,53450	16,00000	0,00000	0,00000	1,53450	17,00000	0,00000	0,00000
1,54688	16,00000	0,00000	0,00000	1,54688	17,00000	0,00000	0,00000
1,55925	16,00000	0,00000	0,00000	1,55925	15,00000	0,00000	0,00000
1,57163	16,00000	0,00000	0,00000	1,57163	17,00000	0,00000	0,00000
1,58400	15,00000	0,00000	0,00000	1,58400	17,00000	0,00000	0,00000
1,59638	15,00000	0,00000	0,00000	1,59638	13,00000	0,00000	0,00000
1,60875	17,00000	0,00000	0,00000	1,60875	17,00000	0,00000	0,00000
1,62113	15,00000	0,00000	0,00000	1,62113	16,00000	0,00000	0,00000
1,63350	15,00000	0,00000	0,00000	1,63350	18,00000	0,00000	0,00000
1,64587	16,00000	0,00000	0,00000	1,64588	12,00000	0,00000	0,00000
1,65825	16,00000	0,00000	0,00000	1,65825	18,00000	0,00000	0,00000
1,67063	16,00000	0,00000	0,00000	1,67063	16,00000	0,00000	0,00000
1,68300	16,00000	0,00000	0,00000	1,68300	15,00000	0,00000	0,00000
1,69538	16,00000	0,00000	0,00000	1,69538	17,00000	0,00000	0,00000
1,70775	16,00000	0,00000	0,00000	1,70775	16,00000	0,00000	0,00000
1,72013	16,00000	0,00000	0,00000	1,72013	17,00000	0,00000	0,00000
1,73250	16,00000	0,00000	0,00000	1,73250	17,00000	0,00000	0,00000
1,74488	16,00000	0,00000	0,00000	1,74488	16,00000	0,00000	0,00000
1,75725	15,00000	0,00000	0,00000	1,75725	15,00000	0,00000	0,00000
1,76963	15,00000	0,00000	0,00000	1,76963	13,00000	0,00000	0,00000
1,78200	17,00000	0,00000	0,00000	1,78200	16,00000	0,00000	0,00000
1,79438	17,00000	0,00000	0,00000	1,79438	16,00000	0,00000	0,00000
1,80675	17,00000	0,00000	0,00000	1,80675	17,00000	0,00000	0,00000
1,81913	17,00000	0,00000	0,00000	1,81913	17,00000	0,00000	0,00000
1,83150	17,00000	0,00000	0,00000	1,83150	18,00000	0,00000	0,00000
1,84388	15,00000	0,00000	0,00000	1,84388	16,00000	0,00000	0,00000
1,85625	15,00000	0,00000	0,00000	1,85625	16,00000	0,00000	0,00000
1,86862	17,00000	0,00000	0,00000	1,86863	18,00000	0,00000	0,00000
1,88100	17,00000	0,00000	0,00000	1,88100	17,00000	0,00000	0,00000
1,89338	15,00000	0,00000	0,00000	1,89338	17,00000	0,00000	0,00000
1,90575	15,00000	0,00000	0,00000	1,90575	16,00000	0,00000	0,00000
1,91813	17,00000	0,00000	0,00000	1,91813	13,00000	0,00000	0,00000
1,93050	17,00000	0,00000	0,00000	1,93050	13,00000	0,00000	0,00000
1,94288	15,00000	0,00000	0,00000	1,94288	16,00000	0,00000	0,00000
1,95525	15,00000	0,00000	0,00000	1,95525	16,00000	0,00000	0,00000
1,96763	17,00000	0,00000	0,00000	1,96763	17,00000	0,00000	0,00000
1,98000	17,00000	0,00000	0,00000	1,98000	16,00000	0,00000	0,00000
1,99238	17,00000	0,00000	0,00000	1,99238	17,00000	0,00000	0,00000
2,00475	15,00000	0,00000	0,00000	2,00475	19,00000	0,00000	0,00000
2,01713	16,00000	0,00000	0,00000	2,01713	17,00000	0,00000	0,00000
2,02950	16,00000	0,00000	0,00000	2,02950	17,00000	0,00000	0,00000
2,04188	13,00000	0,00000	0,00000	2,04188	17,00000	0,00000	0,00000
2,05425	13,00000	0,00000	0,00000	2,05425	18,00000	0,00000	0,00000
2,06663	13,00000	0,00000	0,00000	2,06663	18,00000	0,00000	0,00000
2,07900	16,00000	0,00000	0,00000	2,07900	16,00000	0,00000	0,00000
2,09138	16,00000	0,00000	0,00000	2,09138	15,00000	0,00000	0,00000
2,10375	17,00000	0,00000	0,00000	2,10375	18,00000	0,00000	0,00000
2,11613	15,00000	0,00000	0,00000	2,11613	19,00000	0,00000	0,00000
2,12850	15,00000	0,00000	0,00000	2,12850	18,00000	0,00000	0,00000
2,14088	17,00000	0,00000	0,00000	2,14088	20,00000	0,00000	0,00000
2,15325	17,00000	0,00000	0,00000	2,15325	19,00000	0,00000	0,00000
2,16562	15,00000	0,00000	0,00000	2,16563	22,00000	0,00000	0,00000
2,17800	15,00000	0,00000	0,00000	2,17800	20,00000	0,00000	0,00000
2,19037	17,00000	0,00000	0,00000	2,19038	19,00000	0,00000	0,00000
2,20275	17,00000	0,00000	0,00000	2,20275	18,00000	0,00000	0,00000
2,21513	17,00000	0,00000	0,00000	2,21513	17,00000	0,00000	0,00000
2,22750	16,00000	0,00000	0,00000	2,22750	20,00000	0,00000	0,00000
2,23988	13,00000	0,00000	0,00000	2,23988	20,00000	0,00000	0,00000
2,25225	13,00000	0,00000	0,00000	2,25225	20,00000	0,00000	0,00000
2,26463	13,00000	0,00000	0,00000	2,26463	20,00000	0,00000	0,00000
2,27700	13,00000	0,00000	0,00000	2,27700	25,00000	0,00000	0,00000
2,28938	16,00000	0,00000	0,00000	2,28938	24,00000	0,00000	0,00000
2,30175	16,00000	0,00000	0,00000	2,30175	24,00000	0,00000	0,00000
2,31413	15,00000	0,00000	0,00000	2,31413	22,00000	0,00000	0,00000
2,32650	17,00000	0,00000	0,00000	2,32650	19,00000	0,00000	0,00000
2,33888	16,00000	0,00000	0,00000	2,33888	19,00000	0,00000	0,00000
2,35125	12,00000	0,00000	0,00000	2,35125	23,00000	0,00000	0,00000
2,36363	12,00000	0,00000	0,00000	2,36363	23,00000	0,00000	0,00000
2,37600	15,00000	0,00000	0,00000	2,37600	30,00000	0,00000	0,00000
2,38837	13,00000	0,00000	0,00000	2,38838	30,00000	0,00000	0,00000
2,40075	16,00000	0,00000	0,00000	2,40075	32,00000	0,00000	0,00000
2,41312	16,00000	0,00000	0,00000	2,41313	29,00000	0,00000	0,00000
2,42550	16,00000	0,00000	0,00000	2,42550	32,00000	0,00000	0,00000
2,43788	15,00000	0,00000	0,00000	2,43788	30,00000	0,00000	0,00000
2,45025	15,00000	0,00000	0,00000	2,45025	33,00000	0,00000	0,00000
2,46263	17,00000	0,00000	0,00000	2,46263	40,00000	0,00000	0,00000
2,47500	17,00000	0,00000	0,00000	2,47500	46,00000	0,00000	0,00000
2,48738	17,00000	0,00000	0,00000	2,48738	52,00000	0,00000	0,00000
2,49975	17,00000	0,00000	0,00000	2,49975	55,00000	0,00000	0,00000
2,51213	17,00000	0,00000	0,00000	2,51213	58,00000	0,00000	0,00000
2,52450	15,00000	0,00000	0,00000	2,52450	62,00000	0,00000	0,00000
2,53688	15,00000	0,00000	0,00000	2,53688	61,00000	0,00000	0,00000
2,54925	17,00000	0,00000	0,00000	2,54925	60,00000	0,00000	0,00000
2,56163	17,00000	0,00000	0,00000	2,56163	65,00000	0,00000	0,00000
2,57400	17,00000	0,00000	0,00000	2,57400	66,00000	0,00000	0,00000
2,58638	17,00000	0,00000	0,00000	2,58638	68,00000	0,00000	0,00000
2,59875	15,00000	0,00000	0,00000	2,59875	75,00000	0,00000	0,00000
2,61112	15,00000	0,00000	0,00000	2,61113	83,00000	0,00000	0,00000
2,62350	15,00000	0,00000	0,00000	2,62350	89,00000	0,00000	0,00000
2,63587	17,00000	0,00000	0,00000	2,63588	93,00000	0,00000	0,00000
2,64825	17,00000	0,00000	0,00000	2,64825	94,00000	0,00000	0,00000
2,66063	13,00000	0,00000	0,00000	2,66063	97,00000	0,00000	0,00000
2,67300	13,00000	0,00000	0,00000	2,67300	108,00000	0,00000	0,00000
2,68538	16,00000	0,00000	0,00000	2,68538	115,00000	0,00000	0,00000
2,69775	16,00000	0,00000	0,00000	2,69775	129,00000	0,00000	0,00000
2,71013	16,00000	0,00000	0,00000	2,71013	135,00000	0,00000	0,00000
2,72250	16,00000	0,00000	0,00000	2,72250	133,00000	0,00000	0,00000
2,73488	13,00000	0,00000	0,00000	2,73488	138,00000	0,00000	0,00000
2,74725	16,00000	0,00000	0,00000	2,74725	140,00000	0,00000	0,00000
2,75963	15,00000	0,00000	0,00000	2,75963	143,00000	0,00000	0,00000
2,77200	17,00000	0,00000	0,00000	2,77200	148,00000	0,00000	0,00000
2,78438	17,00000	0,00000	0,00000	2,78438	152,00000	0,00000	0,00000
2,79675	17,00000	0,00000	0,00000	2,79675	160,00000	0,00000	0,00000
2,80913	15,00000	0,00000	0,00000	2,80913	160,00000	0,00000	0,00000
2,82150	15,00000	0,00000	0,00000	2,82150	168,00000	0,00000	0,00000
2,83387	17,00000	0,00000	0,00000	2,83388	166,00000	0,00000	0,00000
2,84625	15,00000	0,00000	0,00000	2,84625	166,00000	0,00000	0,00000
2,85862	15,00000	0,00000	0,00000	2,85863	166,00000	0,00000	0,00000
2,87100	15,00000	0,00000	0,00000	2,87100	167,00000	0,00000	0,00000
2,88338	17,00000	0,00000	0,00000	2,88338	168,00000	0,00000	0,00000
2,89575	17,00000	0,00000	0,00000	2,89575	176,00000	0,00000	0,00000
2,90813	17,00000	0,00000	0,00000	2,90813	175,00000	0,00000	0,00000
2,92050	13,00000	0,00000	0,00000	2,92050	180,00000	0,00000	0,00000
2,93288	12,00000	0,00000	0,00000	2,93288	167,00000	0,00000	0,00000
2,94525	12,00000	0,00000	0,00000	2,94525	154,00000	0,00000	0,00000
2,95763	15,00000	0,00000	0,00000	2,95763	147,00000	0,00000	0,00000
2,97000	16,00000	0,00000	0,00000	2,97000	136,00000	0,00000	0,00000
2,98238	16,00000	0,00000	0,00000	2,98238	132,00000	0,00000	0,00000
2,99475	15,00000	0,00000	0,00000	2,99475	124,00000	0,00000	0,00000
3,00713	15,00000	0,00000	0,00000	3,00713	116,00000	0,00000	0,00000
3,01950	17,00000	0,00000	0,00000	3,01950	103,00000	0,00000	0,00000
3,03188	17,00000	0,00000	0,00000	3,03188	98,00000	0,00000	0,00000
3,04425	17,00000	0,00000	0,00000	3,04425	86,00000	0,00000	0,00000
3,05662	15,00000	0,00000	0,00000	3,05663	73,00000	0,00000	0,00000
3,06900	15,00000	0,00000	0,00000	3,06900	60,00000	0,00000	0,00000
3,08137	15,00000	0,00000	0,00000	3,08138	57,00000	0,00000	0,00000
3,09375	15,00000	0,00000	0,00000	3,09375	47,00000	0,00000	0,00000
3,10613	17,00000	0,00000	0,00000	3,10613	46,00000	0,00000	0,00000
3,11850	17,00000	0,00000	0,00000	3,11850	44,00000	0,00000	0,00000
3,13088	17,00000	0,00000	0,00000	3,13088	45,00000	0,00000	0,00000
3,14325	17,00000	0,00000	0,00000	3,14325	38,00000	0,00000	0,00000
3,15563	15,00000	0,00000	0,00000	3,15563	34,00000	0,00000	0,00000
3,16800	15,00000	0,00000	0,00000	3,16800	27,00000	0,00000	0,00000
3,18038	15,00000	0,00000	0,00000	3,18038	24,00000	0,00000	0,00000
3,19275	17,00000	0,00000	0,00000	3,19275	22,00000	0,00000	0,00000
3,20513	15,00000	0,00000	0,00000	3,20513	22,00000	0,00000	0,00000
3,21750	15,00000	0,00000	0,00000	3,21750	22,00000	0,00000	0,00000
3,22988	16,00000	0,00000	0,00000	3,22988	19,00000	0,00000	0,00000
3,24225	16,00000	0,00000	0,00000	3,24225	24,00000	0,00000	0,00000
3,25463	16,00000	0,00000	0,00000	3,25463	23,00000	0,00000	0,00000
3,26700	15,00000	0,00000	0,00000	3,26700	23,00000	0,00000	0,00000
3,27938	15,00000	0,00000	0,00000	3,27938	18,00000	0,00000	0,00000
3,29175	17,00000	0,00000	0,00000	3,29175	19,00000	0,00000	0,00000
3,30412	17,00000	0,00000	0,00000	3,30413	16,00000	0,00000	0,00000
3,31650	17,00000	0,00000	0,00000	3,31650	19,00000	0,00000	0,00000
3,32888	17,00000	0,00000	0,00000	3,32888	17,00000	0,00000	0,00000
3,34125	15,00000	0,00000	0,00000	3,34125	17,00000	0,00000	0,00000
3,35363	17,00000	0,00000	0,00000	3,35363	18,00000	0,00000	0,00000
3,36600	18,00000	0,00000	0,00000	3,36600	17,00000	0,00000	0,00000
3,37838	17,00000	0,00000	0,00000	3,37838	18,00000	0,00000	0,00000
3,39075	17,00000	0,00000	0,00000	3,39075	19,00000	0,00000	0,00000
3,40313	15,00000	0,00000	0,00000	3,40313	22,00000	0,00000	0,00000
3,41550	16,00000	0,00000	0,00000	3,41550	18,00000	0,00000	0,00000
3,42788	13,00000	0,00000	0,00000	3,42788	18,00000	0,00000	0,00000
3,44025	13,00000	0,00000	0,00000	3,44025	22,00000	0,00000	0,00000
3,45263	16,00000	0,00000	0,00000	3,45263	22,00000	0,00000	0,00000
3,46500	17,00000	0,00000	0,00000	3,46500	20,00000	0,00000	0,00000
3,47738	15,00000	0,00000	0,00000	3,47738	20,00000	0,00000	0,00000
3,48975	15,00000	0,00000	0,00000	3,48975	18,00000	0,00000	0,00000
3,50213	15,00000	0,00000	0,00000	3,50213	20,00000	0,00000	0,00000
3,51450	15,00000	0,00000	0,00000	3,51450	19,00000	0,00000	0,00000
3,52687	17,00000	0,00000	0,00000	3,52688	19,00000	0,00000	0,00000
3,53925	17,00000	0,00000	0,00000	3,53925	19,00000	0,00000	0,00000
3,55163	15,00000	0,00000	0,00000	3,55163	20,00000	0,00000	0,00000
3,56400	15,00000	0,00000	0,00000	3,56400	18,00000	0,00000	0,00000
3,57638	16,00000	0,00000	0,00000	3,57638	17,00000	0,00000	0,00000
3,58875	15,00000	0,00000	0,00000	3,58875	18,00000	0,00000	0,00000
3,60113	15,00000	0,00000	0,00000	3,60113	18,00000	0,00000	0,00000
3,61350	17,00000	0,00000	0,00000	3,61350	20,00000	0,00000	0,00000
3,62588	17,00000	0,00000	0,00000	3,62588	17,00000	0,00000	0,00000
3,63825	17,00000	0,00000	0,00000	3,63825	16,00000	0,00000	0,00000
3,65063	15,00000	0,00000	0,00000	3,65063	18,00000	0,00000	0,00000
3,66300	15,00000	0,00000	0,00000	3,66300	18,00000	0,00000	0,00000
3,67538	17,00000	0,00000	0,00000	3,67538	12,00000	0,00000	0,00000
3,68775	18,00000	0,00000	0,00000	3,68775	17,00000	0,00000	0,00000
3,70013	16,00000	0,00000	0,00000	3,70013	18,00000	0,00000	0,00000
3,71250	16,00000	0,00000	0,00000	3,71250	17,00000	0,00000	0,00000
3,72488	17,00000	0,00000	0,00000	3,72488	13,00000	0,00000	0,00000
3,73725	17,00000	0,00000	0,00000	3,73725	15,00000	0,00000	0,00000
3,74962	17,00000	0,00000	0,00000	3,74963	13,00000	0,00000	0,00000
3,76200	16,00000	0,00000	0,00000	3,76200	15,00000	0,00000	0,00000
3,77438	16,00000	0,00000	0,00000	3,77438	17,00000	0,00000	0,00000
3,78675	12,00000	0,00000	0,00000	3,78675	17,00000	0,00000	0,00000
3,79913	12,00000	0,00000	0,00000	3,79913	13,00000	0,00000	0,00000
3,81150	15,00000	0,00000	0,00000	3,81150	16,00000	0,00000	0,00000
3,82388	16,00000	0,00000	0,00000	3,82388	13,00000	0,00000	0,00000
3,83625	16,00000	0,00000	0,00000	3,83625	13,00000	0,00000	0,00000
3,84863	15,00000	0,00000	0,00000	3,84863	17,00000	0,00000	0,00000
3,86100	15,00000	0,00000	0,00000	3,86100	15,00000	0,00000	0,00000
3,87338	17,00000	0,00000	0,00000	3,87338	17,00000	0,00000	0,00000
3,88575	17,00000	0,00000	0,00000	3,88575	15,00000	0,00000	0,00000
3,89813	17,00000	0,00000	0,00000	3,89813	17,00000	0,00000	0,00000
3,91050	17,00000	0,00000	0,00000	3,91050	17,00000	0,00000	0,00000
3,92288	17,00000	0,00000	0,00000	3,92288	17,00000	0,00000	0,00000
3,93525	17,00000	0,00000	0,00000	3,93525	17,00000	0,00000	0,00000
3,94763	15,00000	0,00000	0,00000	3,94763	17,00000	0,00000	0,00000
3,96000	15,00000	0,00000	0,00000	3,96000	16,00000	0,00000	0,00000
3,97237	17,00000	0,00000	0,00000	3,97238	15,00000	0,00000	0,00000
3,98475	15,00000	0,00000	0,00000	3,98475	15,00000	0,00000	0,00000
3,99713	15,00000	0,00000	0,00000	3,99713	16,00000	0,00000	0,00000
4,00950	17,00000	0,00000	0,00000	4,00950	17,00000	0,00000	0,00000
4,02188	17,00000	0,00000	0,00000	4,02188	16,00000	0,00000	0,00000
4,03425	17,00000	0,00000	0,00000	4,03425	12,00000	0,00000	0,00000
4,04663	16,00000	0,00000	0,00000	4,04663	13,00000	0,00000	0,00000
4,05900	13,00000	0,00000	0,00000	4,05900	12,00000	0,00000	0,00000
4,07138	13,00000	0,00000	0,00000	4,07138	16,00000	0,00000	0,00000
4,08375	16,00000	0,00000	0,00000	4,08375	16,00000	0,00000	0,00000
4,09612	16,00000	0,00000	0,00000	4,09613	16,00000	0,00000	0,00000
4,10850	16,00000	0,00000	0,00000	4,10850	16,00000	0,00000	0,00000
4,12087	16,00000	0,00000	0,00000	4,12088	13,00000	0,00000	0,00000
4,13325	15,00000	0,00000	0,00000	4,13325	17,00000	0,00000	0,00000
4,14562	15,00000	0,00000	0,00000	4,14563	16,00000	0,00000	0,00000
4,15800	18,00000	0,00000	0,00000	4,15800	17,00000	0,00000	0,00000
4,17037	19,00000	0,00000	0,00000	4,17038	16,00000	0,00000	0,00000
4,18275	20,00000	0,00000	0,00000	4,18275	17,00000	0,00000	0,00000
4,19512	22,00000	0,00000	0,00000	4,19513	15,00000	0,00000	0,00000
4,20750	20,00000	0,00000	0,00000	4,20750	15,00000	0,00000	0,00000
4,21988	23,00000	0,00000	0,00000	4,21988	15,00000	0,00000	0,00000
4,23225	22,00000	0,00000	0,00000	4,23225	13,00000	0,00000	0,00000
4,24463	23,00000	0,00000	0,00000	4,24463	16,00000	0,00000	0,00000
4,25700	29,00000	0,00000	0,00000	4,25700	15,00000	0,00000	0,00000
4,26938	36,00000	0,00000	0,00000	4,26938	16,00000	0,00000	0,00000
4,28175	39,00000	0,00000	0,00000	4,28175	16,00000	0,00000	0,00000
4,29413	44,00000	0,00000	0,00000	4,29413	17,00000	0,00000	0,00000
4,30650	51,00000	0,00000	0,00000	4,30650	17,00000	0,00000	0,00000
4,31888	60,00000	0,00000	0,00000	4,31888	16,00000	0,00000	0,00000
4,33125	67,00000	0,00000	0,00000	4,33125	16,00000	0,00000	0,00000
4,34363	73,00000	0,00000	0,00000	4,34363	16,00000	0,00000	0,00000
4,35600	79,00000	0,00000	0,00000	4,35600	16,00000	0,00000	0,00000
4,36838	91,00000	0,00000	0,00000	4,36838	17,00000	0,00000	0,00000
4,38075	107,00000	0,00000	0,00000	4,38075	16,00000	0,00000	0,00000
4,39313	117,00000	0,00000	0,00000	4,39313	16,00000	0,00000	0,00000
4,40550	123,00000	0,00000	0,00000	4,40550	16,00000	0,00000	0,00000
4,41788	128,00000	0,00000	0,00000	4,41788	16,00000	0,00000	0,00000
4,43025	135,00000	0,00000	0,00000	4,43025	16,00000	0,00000	0,00000
4,44263	145,00000	0,00000	0,00000	4,44263	17,00000	0,00000	0,00000
4,45500	152,00000	0,00000	0,00000	4,45500	12,00000	0,00000	0,00000
4,46738	160,00000	0,00000	0,00000	4,46738	15,00000	0,00000	0,00000
4,47975	162,00000	0,00000	0,00000	4,47975	15,00000	0,00000	0,00000
4,49213	165,00000	0,00000	0,00000	4,49213	13,00000	0,00000	0,00000
4,50450	166,00000	0,00000	0,00000	4,50450	15,00000	0,00000	0,00000
4,51688	171,00000	0,00000	0,00000	4,51688	16,00000	0,00000	0,00000
4,52925	175,00000	0,00000	0,00000	4,52925	16,00000	0,00000	0,00000
4,54162	176,00000	0,00000	0,00000	4,54163	15,00000	0,00000	0,00000
4,55400	174,00000	0,00000	0,00000	4,55400	17,00000	0,00000	0,00000
4,56637	172,00000	0,00000	0,00000	4,56638	15,00000	0,00000	0,00000
4,57875	169,00000	0,00000	0,00000	4,57875	12,00000	0,00000	0,00000
4,59112	161,00000	0,00000	0,00000	4,59113	16,00000	0,00000	0,00000
4,60350	154,00000	0,00000	0,00000	4,60350	15,00000	0,00000	0,00000
4,61587	145,00000	0,00000	0,00000	4,61588	17,00000	0,00000	0,00000
4,62825	135,00000	0,00000	0,00000	4,62825	13,00000	0,00000	0,00000
4,64063	128,00000	0,00000	0,00000	4,64063	16,00000	0,00000	0,00000
4,65300	119,00000	0,00000	0,00000	4,65300	16,00000	0,00000	0,00000
4,66538	110,00000	0,00000	0,00000	4,66538	16,00000	0,00000	0,00000
4,67775	100,00000	0,00000	0,00000	4,67775	13,00000	0,00000	0,00000
4,69013	89,00000	0,00000	0,00000	4,69013	16,00000	0,00000	0,00000
4,70250	87,00000	0,00000	0,00000	4,70250	13,00000	0,00000	0,00000
4,71488	86,00000	0,00000	0,00000	4,71488	13,00000	0,00000	0,00000
4,72725	77,00000	0,00000	0,00000	4,72725	15,00000	0,00000	0,00000
4,73963	64,00000	0,00000	0,00000	4,73963	13,00000	0,00000	0,00000
4,75200	52,00000	0,00000	0,00000	4,75200	13,00000	0,00000	0,00000
4,76438	47,00000	0,00000	0,00000	4,76438	13,00000	0,00000	0,00000
4,77675	41,00000	0,00000	0,00000	4,77675	13,00000	0,00000	0,00000
4,78913	37,00000	0,00000	0,00000	4,78913	16,00000	0,00000	0,00000
4,80150	33,00000	0,00000	0,00000	4,80150	15,00000	0,00000	0,00000
4,81388	32,00000	0,00000	0,00000	4,81388	16,00000	0,00000	0,00000
4,82625	30,00000	0,00000	0,00000	4,82625	12,00000	0,00000	0,00000
4,83863	25,00000	0,00000	0,00000	4,83863	15,00000	0,00000	0,00000
4,85100	25,00000	0,00000	0,00000	4,85100	13,00000	0,00000	0,00000
4,86338	23,00000	0,00000	0,00000	4,86338	16,00000	0,00000	0,00000
4,87575	18,00000	0,00000	0,00000	4,87575	11,00000	0,00000	0,00000
4,88813	17,00000	0,00000	0,00000	4,88813	16,00000	0,00000	0,00000
4,90050	16,00000	0,00000	0,00000	4,90050	15,00000	0,00000	0,00000
4,91288	17,00000	0,00000	0,00000	4,91288	16,00000	0,00000	0,00000
4,92525	17,00000	0,00000	0,00000	4,92525	13,00000	0,00000	0,00000
4,93763	15,00000	0,00000	0,00000	4,93763	15,00000	0,00000	0,00000
4,95000	15,00000	0,00000	0,00000	4,95000	12,00000	0,00000	0,00000
4,96238	17,00000	0,00000	0,00000	4,96238	11,00000	0,00000	0,00000
4,97475	16,00000	0,00000	0,00000	4,97475	13,00000	0,00000	0,00000
4,98712	16,00000	0,00000	0,00000	4,98713	13,00000	0,00000	0,00000
4,99950	13,00000	0,00000	0,00000	4,99950	16,00000	0,00000	0,00000
5,01187	13,00000	0,00000	0,00000	5,01188	12,00000	0,00000	0,00000
5,02425	15,00000	0,00000	0,00000	5,02425	13,00000	0,00000	0,00000
5,03662	18,00000	0,00000	0,00000	5,03663	15,00000	0,00000	0,00000
5,04900	18,00000	0,00000	0,00000	5,04900	15,00000	0,00000	0,00000
5,06137	16,00000	0,00000	0,00000	5,06138	13,00000	0,00000	0,00000
5,07375	17,00000	0,00000	0,00000	5,07375	16,00000	0,00000	0,00000
5,08613	16,00000	0,00000	0,00000	5,08613	13,00000	0,00000	0,00000
5,09850	13,00000	0,00000	0,00000	5,09850	15,00000	0,00000	0,00000
5,11088	13,00000	0,00000	0,00000	5,11088	12,00000	0,00000	0,00000
5,12325	16,00000	0,00000	0,00000	5,12325	15,00000	0,00000	0,00000
5,13563	16,00000	0,00000	0,00000	5,13563	12,00000	0,00000	0,00000
5,14800	15,00000	0,00000	0,00000	5,14800	16,00000	0,00000	0,00000
5,16038	17,00000	0,00000	0,00000	5,16038	16,00000	0,00000	0,00000
5,17275	17,00000	0,00000	0,00000	5,17275	15,00000	0,00000	0,00000
5,18513	17,00000	0,00000	0,00000	5,18513	12,00000	0,00000	0,00000
5,19750	17,00000	0,00000	0,00000	5,19750	15,00000	0,00000	0,00000
5,20988	15,00000	0,00000	0,00000	5,20988	16,00000	0,00000	0,00000
5,22225	15,00000	0,00000	0,00000	5,22225	13,00000	0,00000	0,00000
5,23463	16,00000	0,00000	0,00000	5,23463	16,00000	0,00000	0,00000
5,24700	16,00000	0,00000	0,00000	5,24700	11,00000	0,00000	0,00000
5,25938	13,00000	0,00000	0,00000	5,25938	15,00000	0,00000	0,00000
5,27175	13,00000	0,00000	0,00000	5,27175	15,00000	0,00000	0,00000
5,28413	13,00000	0,00000	0,00000	5,28413	12,00000	0,00000	0,00000
5,29650	16,00000	0,00000	0,00000	5,29650	12,00000	0,00000	0,00000
5,30888	16,00000	0,00000	0,00000	5,30888	13,00000	0,00000	0,00000
5,32125	15,00000	0,00000	0,00000	5,32125	16,00000	0,00000	0,00000
5,33363	17,00000	0,00000	0,00000	5,33363	11,00000	0,00000	0,00000
5,34600	16,00000	0,00000	0,00000	5,34600	15,00000	0,00000	0,00000
5,35838	13,00000	0,00000	0,00000	5,35838	15,00000	0,00000	0,00000
5,37075	13,00000	0,00000	0,00000	5,37075	13,00000	0,00000	0,00000
5,38313	13,00000	0,00000	0,00000	5,38313	15,00000	0,00000	0,00000
5,39550	16,00000	0,00000	0,00000	5,39550	16,00000	0,00000	0,00000
5,40788	13,00000	0,00000	0,00000	5,40788	12,00000	0,00000	0,00000
5,42025	13,00000	0,00000	0,00000	5,42025	12,00000	0,00000	0,00000
5,43262	16,00000	0,00000	0,00000	5,43263	13,00000	0,00000	0,00000
5,44500	17,00000	0,00000	0,00000	5,44500	17,00000	0,00000	0,00000
5,45737	13,00000	0,00000	0,00000	5,45738	16,00000	0,00000	0,00000
5,46975	16,00000	0,00000	0,00000	5,46975	16,00000	0,00000	0,00000
5,48212	16,00000	0,00000	0,00000	5,48213	16,00000	0,00000	0,00000
5,49450	16,00000	0,00000	0,00000	5,49450	16,00000	0,00000	0,00000
5,50687	16,00000	0,00000	0,00000	5,50688	17,00000	0,00000	0,00000
5,51925	16,00000	0,00000	0,00000	5,51925	16,00000	0,00000	0,00000
5,53163	16,00000	0,00000	0,00000	5,53163	15,00000	0,00000	0,00000
5,54400	15,00000	0,00000	0,00000	5,54400	12,00000	0,00000	0,00000
5,55638	15,00000	0,00000	0,00000	5,55638	11,00000	0,00000	0,00000
5,56875	17,00000	0,00000	0,00000	5,56875	15,00000	0,00000	0,00000
5,58113	15,00000	0,00000	0,00000	5,58113	16,00000	0,00000	0,00000
5,59350	15,00000	0,00000	0,00000	5,59350	12,00000	0,00000	0,00000
5,60588	17,00000	0,00000	0,00000	5,60588	15,00000	0,00000	0,00000
5,61825	17,00000	0,00000	0,00000	5,61825	12,00000	0,00000	0,00000
5,63063	15,00000	0,00000	0,00000	5,63063	15,00000	0,00000	0,00000
5,64300	16,00000	0,00000	0,00000	5,64300	15,00000	0,00000	0,00000
5,65538	13,00000	0,00000	0,00000	5,65538	15,00000	0,00000	0,00000
5,66775	13,00000	0,00000	0,00000	5,66775	13,00000	0,00000	0,00000
5,68013	16,00000	0,00000	0,00000	5,68013	15,00000	0,00000	0,00000
5,69250	16,00000	0,00000	0,00000	5,69250	16,00000	0,00000	0,00000
5,70488	16,00000	0,00000	0,00000	5,70488	15,00000	0,00000	0,00000
5,71725	16,00000	0,00000	0,00000	5,71725	15,00000	0,00000	0,00000
5,72963	16,00000	0,00000	0,00000	5,72963	15,00000	0,00000	0,00000
5,74200	16,00000	0,00000	0,00000	5,74200	15,00000	0,00000	0,00000
5,75438	16,00000	0,00000	0,00000	5,75438	15,00000	0,00000	0,00000
5,76675	13,00000	0,00000	0,00000	5,76675	16,00000	0,00000	0,00000
5,77913	13,00000	0,00000	0,00000	5,77913	15,00000	0,00000	0,00000
5,79150	16,00000	0,00000	0,00000	5,79150	16,00000	0,00000	0,00000
5,80388	17,00000	0,00000	0,00000	5,80388	15,00000	0,00000	0,00000
5,81625	15,00000	0,00000	0,00000	5,81625	16,00000	0,00000	0,00000
5,82863	15,00000	0,00000	0,00000	5,82863	12,00000	0,00000	0,00000
5,84100	16,00000	0,00000	0,00000	5,84100	13,00000	0,00000	0,00000
5,85338	16,00000	0,00000	0,00000	5,85338	15,00000	0,00000	0,00000
5,86575	16,00000	0,00000	0,00000	5,86575	13,00000	0,00000	0,00000
5,87813	16,00000	0,00000	0,00000	5,87813	15,00000	0,00000	0,00000
5,89050	13,00000	0,00000	0,00000	5,89050	12,00000	0,00000	0,00000
5,90287	13,00000	0,00000	0,00000	5,90288	13,00000	0,00000	0,00000
5,91525	16,00000	0,00000	0,00000	0,00000	12,00000	0,00000	0,00000
5,92762	16,00000	0,00000	0,00000	0,00000	9,00000	0,00000	0,00000
5,94000	16,00000	0,00000	0,00000	0,00000	0,00000	0,00000	0,00000
5,95237	13,00000	0,00000	0,00000	0,00000	0,00000	0,00000	0,00000
5,96475	16,00000	0,00000	0,00000	0,00000	0,00000	0,00000	0,00000
5,97713	16,00000	0,00000	0,00000	0,00000	0,00000	0,00000	0,00000
5,98950	13,00000	0,00000	0,00000	0,00000	0,00000	0,00000	0,00000
6,00188	15,00000	0,00000	0,00000	0,00000	0,00000	0,00000	0,00000
6,01425	12,00000	0,00000	0,00000	0,00000	0,00000	0,00000	0,00000
6,02663	12,00000	0,00000	0,00000	0,00000	0,00000	0,00000	0,00000
6,03900	15,00000	0,00000	0,00000	0,00000	0,00000	0,00000	0,00000
6,05138	15,00000	0,00000	0,00000	0,00000	0,00000	0,00000	0,00000
6,06375	13,00000	0,00000	0,00000	0,00000	0,00000	0,00000	0,00000
6,07613	16,00000	0,00000	0,00000	0,00000	0,00000	0,00000	0,00000
6,08850	16,00000	0,00000	0,00000	0,00000	0,00000	0,00000	0,00000
6,10088	16,00000	0,00000	0,00000	0,00000	0,00000	0,00000	0,00000
6,11325	13,00000	0,00000	0,00000	0,00000	0,00000	0,00000	0,00000
6,12563	16,00000	0,00000	0,00000	0,00000	0,00000	0,00000	0,00000
6,13800	16,00000	0,00000	0,00000	0,00000	0,00000	0,00000	0,00000
6,15038	16,00000	0,00000	0,00000	0,00000	0,00000	0,00000	0,00000
6,16275	16,00000	0,00000	0,00000	0,00000	0,00000	0,00000	0,00000
6,17513	13,00000	0,00000	0,00000	0,00000	0,00000	0,00000	0,00000
6,18750	13,00000	0,00000	0,00000	0,00000	0,00000	0,00000	0,00000
6,19988	16,00000	0,00000	0,00000	0,00000	0,00000	0,00000	0,00000
6,21225	12,00000	0,00000	0,00000	0,00000	0,00000	0,00000	0,00000
6,22463	12,00000	0,00000	0,00000	0,00000	0,00000	0,00000	0,00000
6,23700	15,00000	0,00000	0,00000	0,00000	0,00000	0,00000	0,00000
6,24938	15,00000	0,00000	0,00000	0,00000	0,00000	0,00000	0,00000
6,26175	15,00000	0,00000	0,00000	0,00000	0,00000	0,00000	0,00000
6,27413	15,00000	0,00000	0,00000	0,00000	0,00000	0,00000	0,00000
6,28650	15,00000	0,00000	0,00000	0,00000	0,00000	0,00000	0,00000
6,29888	12,00000	0,00000	0,00000	0,00000	0,00000	0,00000	0,00000
6,31125	12,00000	0,00000	0,00000	0,00000	0,00000	0,00000	0,00000
6,32363	16,00000	0,00000	0,00000	0,00000	0,00000	0,00000	0,00000
6,33600	15,00000	0,00000	0,00000	0,00000	0,00000	0,00000	0,00000
6,34837	13,00000	0,00000	0,00000	0,00000	0,00000	0,00000	0,00000
6,36075	13,00000	0,00000	0,00000	0,00000	0,00000	0,00000	0,00000
6,37312	16,00000	0,00000	0,00000	0,00000	0,00000	0,00000	0,00000
6,38550	16,00000	0,00000	0,00000	0,00000	0,00000	0,00000	0,00000
6,39787	13,00000	0,00000	0,00000	0,00000	0,00000	0,00000	0,00000
6,41025	13,00000	0,00000	0,00000	0,00000	0,00000	0,00000	0,00000
6,42263	16,00000	0,00000	0,00000	0,00000	0,00000	0,00000	0,00000
6,43500	16,00000	0,00000	0,00000	0,00000	0,00000	0,00000	0,00000
6,44738	12,00000	0,00000	0,00000	0,00000	0,00000	0,00000	0,00000
6,45975	16,00000	0,00000	0,00000	0,00000	0,00000	0,00000	0,00000
6,47213	16,00000	0,00000	0,00000	0,00000	0,00000	0,00000	0,00000
6,48450	16,00000	0,00000	0,00000	0,00000	0,00000	0,00000	0,00000
6,49688	16,00000	0,00000	0,00000	0,00000	0,00000	0,00000	0,00000
6,50925	16,00000	0,00000	0,00000	0,00000	0,00000	0,00000	0,00000
6,52163	16,00000	0,00000	0,00000	0,00000	0,00000	0,00000	0,00000
6,53400	16,00000	0,00000	0,00000	0,00000	0,00000	0,00000	0,00000
6,54638	16,00000	0,00000	0,00000	0,00000	0,00000	0,00000	0,00000
6,55875	16,00000	0,00000	0,00000	0,00000	0,00000	0,00000	0,00000
6,57113	16,00000	0,00000	0,00000	0,00000	0,00000	0,00000	0,00000
6,58350	13,00000	0,00000	0,00000	0,00000	0,00000	0,00000	0,00000
6,59588	13,00000	0,00000	0,00000	0,00000	0,00000	0,00000	0,00000
6,60825	13,00000	0,00000	0,00000	0,00000	0,00000	0,00000	0,00000
6,62063	16,00000	0,00000	0,00000	0,00000	0,00000	0,00000	0,00000
6,63300	16,00000	0,00000	0,00000	0,00000	0,00000	0,00000	0,00000
6,64538	12,00000	0,00000	0,00000	0,00000	0,00000	0,00000	0,00000
6,65775	12,00000	0,00000	0,00000	0,00000	0,00000	0,00000	0,00000
6,67013	12,00000	0,00000	0,00000	0,00000	0,00000	0,00000	0,00000
6,68250	15,00000	0,00000	0,00000	0,00000	0,00000	0,00000	0,00000
6,69488	16,00000	0,00000	0,00000	0,00000	0,00000	0,00000	0,00000
6,70725	13,00000	0,00000	0,00000	0,00000	0,00000	0,00000	0,00000
6,71963	16,00000	0,00000	0,00000	0,00000	0,00000	0,00000	0,00000
6,73200	16,00000	0,00000	0,00000	0,00000	0,00000	0,00000	0,00000
6,74438	13,00000	0,00000	0,00000	0,00000	0,00000	0,00000	0,00000
6,75675	12,00000	0,00000	0,00000	0,00000	0,00000	0,00000	0,00000
6,76913	13,00000	0,00000	0,00000	0,00000	0,00000	0,00000	0,00000
6,78150	16,00000	0,00000	0,00000	0,00000	0,00000	0,00000	0,00000
6,79387	17,00000	0,00000	0,00000	0,00000	0,00000	0,00000	0,00000
6,80625	16,00000	0,00000	0,00000	0,00000	0,00000	0,00000	0,00000
6,81862	16,00000	0,00000	0,00000	0,00000	0,00000	0,00000	0,00000
6,83100	13,00000	0,00000	0,00000	0,00000	0,00000	0,00000	0,00000
6,84337	13,00000	0,00000	0,00000	0,00000	0,00000	0,00000	0,00000
6,85575	13,00000	0,00000	0,00000	0,00000	0,00000	0,00000	0,00000
6,86813	16,00000	0,00000	0,00000	0,00000	0,00000	0,00000	0,00000
6,88050	16,00000	0,00000	0,00000	0,00000	0,00000	0,00000	0,00000
6,89288	13,00000	0,00000	0,00000	0,00000	0,00000	0,00000	0,00000
6,90525	13,00000	0,00000	0,00000	0,00000	0,00000	0,00000	0,00000
6,91763	13,00000	0,00000	0,00000	0,00000	0,00000	0,00000	0,00000
6,93000	16,00000	0,00000	0,00000	0,00000	0,00000	0,00000	0,00000
6,94238	16,00000	0,00000	0,00000	0,00000	0,00000	0,00000	0,00000
6,95475	13,00000	0,00000	0,00000	0,00000	0,00000	0,00000	0,00000
6,96713	13,00000	0,00000	0,00000	0,00000	0,00000	0,00000	0,00000
6,97950	15,00000	0,00000	0,00000	0,00000	0,00000	0,00000	0,00000
6,99188	15,00000	0,00000	0,00000	0,00000	0,00000	0,00000	0,00000
7,00425	15,00000	0,00000	0,00000	0,00000	0,00000	0,00000	0,00000
7,01663	15,00000	0,00000	0,00000	0,00000	0,00000	0,00000	0,00000
7,02900	12,00000	0,00000	0,00000	0,00000	0,00000	0,00000	0,00000
7,04138	13,00000	0,00000	0,00000	0,00000	0,00000	0,00000	0,00000
7,05375	16,00000	0,00000	0,00000	0,00000	0,00000	0,00000	0,00000
7,06613	16,00000	0,00000	0,00000	0,00000	0,00000	0,00000	0,00000
7,07850	13,00000	0,00000	0,00000	0,00000	0,00000	0,00000	0,00000
7,09088	16,00000	0,00000	0,00000	0,00000	0,00000	0,00000	0,00000
7,10325	16,00000	0,00000	0,00000	0,00000	0,00000	0,00000	0,00000
7,11563	13,00000	0,00000	0,00000	0,00000	0,00000	0,00000	0,00000
7,12800	12,00000	0,00000	0,00000	0,00000	0,00000	0,00000	0,00000
7,14038	15,00000	0,00000	0,00000	0,00000	0,00000	0,00000	0,00000
7,15275	16,00000	0,00000	0,00000	0,00000	0,00000	0,00000	0,00000
7,16513	13,00000	0,00000	0,00000	0,00000	0,00000	0,00000	0,00000
7,17750	13,00000	0,00000	0,00000	0,00000	0,00000	0,00000	0,00000
7,18988	15,00000	0,00000	0,00000	0,00000	0,00000	0,00000	0,00000
7,20225	15,00000	0,00000	0,00000	0,00000	0,00000	0,00000	0,00000
7,21463	15,00000	0,00000	0,00000	0,00000	0,00000	0,00000	0,00000
7,22700	15,00000	0,00000	0,00000	0,00000	0,00000	0,00000	0,00000
7,23938	15,00000	0,00000	0,00000	0,00000	0,00000	0,00000	0,00000
7,25175	13,00000	0,00000	0,00000	0,00000	0,00000	0,00000	0,00000
7,26412	13,00000	0,00000	0,00000	0,00000	0,00000	0,00000	0,00000
7,27650	16,00000	0,00000	0,00000	0,00000	0,00000	0,00000	0,00000
7,28887	16,00000	0,00000	0,00000	0,00000	0,00000	0,00000	0,00000
7,30125	13,00000	0,00000	0,00000	0,00000	0,00000	0,00000	0,00000
7,31363	13,00000	0,00000	0,00000	0,00000	0,00000	0,00000	0,00000
7,32600	13,00000	0,00000	0,00000	0,00000	0,00000	0,00000	0,00000
7,33838	13,00000	0,00000	0,00000	0,00000	0,00000	0,00000	0,00000
7,35075	16,00000	0,00000	0,00000	0,00000	0,00000	0,00000	0,00000
7,36313	15,00000	0,00000	0,00000	0,00000	0,00000	0,00000	0,00000
7,37550	12,00000	0,00000	0,00000	0,00000	0,00000	0,00000	0,00000
7,38788	12,00000	0,00000	0,00000	0,00000	0,00000	0,00000	0,00000
7,40025	13,00000	0,00000	0,00000	0,00000	0,00000	0,00000	0,00000
7,41263	16,00000	0,00000	0,00000	0,00000	0,00000	0,00000	0,00000
7,42500	17,00000	0,00000	0,00000	0,00000	0,00000	0,00000	0,00000
7,43738	15,00000	0,00000	0,00000	0,00000	0,00000	0,00000	0,00000
7,44975	15,00000	0,00000	0,00000	0,00000	0,00000	0,00000	0,00000
7,46213	16,00000	0,00000	0,00000	0,00000	0,00000	0,00000	0,00000
7,47450	16,00000	0,00000	0,00000	0,00000	0,00000	0,00000	0,00000
7,48688	13,00000	0,00000	0,00000	0,00000	0,00000	0,00000	0,00000
7,49925	13,00000	0,00000	0,00000	0,00000	0,00000	0,00000	0,00000
7,51163	15,00000	0,00000	0,00000	0,00000	0,00000	0,00000	0,00000
7,52400	13,00000	0,00000	0,00000	0,00000	0,00000	0,00000	0,00000
7,53638	13,00000	0,00000	0,00000	0,00000	0,00000	0,00000	0,00000
7,54875	16,00000	0,00000	0,00000	0,00000	0,00000	0,00000	0,00000
7,56113	16,00000	0,00000	0,00000	0,00000	0,00000	0,00000	0,00000
7,57350	13,00000	0,00000	0,00000	0,00000	0,00000	0,00000	0,00000
7,58588	13,00000	0,00000	0,00000	0,00000	0,00000	0,00000	0,00000
7,59825	13,00000	0,00000	0,00000	0,00000	0,00000	0,00000	0,00000
7,61063	13,00000	0,00000	0,00000	0,00000	0,00000	0,00000	0,00000
7,62300	16,00000	0,00000	0,00000	0,00000	0,00000	0,00000	0,00000
7,63538	13,00000	0,00000	0,00000	0,00000	0,00000	0,00000	0,00000
7,64775	13,00000	0,00000	0,00000	0,00000	0,00000	0,00000	0,00000
7,66013	13,00000	0,00000	0,00000	0,00000	0,00000	0,00000	0,00000
7,67250	13,00000	0,00000	0,00000	0,00000	0,00000	0,00000	0,00000
7,68488	16,00000	0,00000	0,00000	0,00000	0,00000	0,00000	0,00000
7,69725	15,00000	0,00000	0,00000	0,00000	0,00000	0,00000	0,00000
7,70962	12,00000	0,00000	0,00000	0,00000	0,00000	0,00000	0,00000
7,72200	12,00000	0,00000	0,00000	0,00000	0,00000	0,00000	0,00000
7,73438	15,00000	0,00000	0,00000	0,00000	0,00000	0,00000	0,00000
7,74675	15,00000	0,00000	0,00000	0,00000	0,00000	0,00000	0,00000
7,75913	15,00000	0,00000	0,00000	0,00000	0,00000	0,00000	0,00000
7,77150	15,00000	0,00000	0,00000	0,00000	0,00000	0,00000	0,00000
7,78388	15,00000	0,00000	0,00000	0,00000	0,00000	0,00000	0,00000
7,79625	15,00000	0,00000	0,00000	0,00000	0,00000	0,00000	0,00000
7,80863	15,00000	0,00000	0,00000	0,00000	0,00000	0,00000	0,00000
7,82100	12,00000	0,00000	0,00000	0,00000	0,00000	0,00000	0,00000
7,83338	12,00000	0,00000	0,00000	0,00000	0,00000	0,00000	0,00000
7,84575	13,00000	0,00000	0,00000	0,00000	0,00000	0,00000	0,00000
7,85813	13,00000	0,00000	0,00000	0,00000	0,00000	0,00000	0,00000
7,87050	13,00000	0,00000	0,00000	0,00000	0,00000	0,00000	0,00000
7,88288	12,00000	0,00000	0,00000	0,00000	0,00000	0,00000	0,00000
0,00000	9,00000	0,00000	0,00000	0,00000	0,00000	0,00000	0,00000
0,00000	9,00000	0,00000	0,00000	0,00000	0,00000	0,00000	0,00000
