GRUPPE3_Greyline07.dat
04.10.2021
16:09:30
GRUPPE3

Gauss coefficients notation:
Amplitude
FWHM
Std.Abw.
[Fehler]
offset
BEAMCUT  LINES:

X H  in mm	Y H rel	Gauss fit H	H Gauss Coefficients	X V in mm	Y V rel	Gauss fit V	V Gauss Coefficientes
0,00000	13,00000	0,00000	0,00000	0,00000	13,00000	0,00000	0,00000
0,01238	13,00000	0,00000	0,00000	0,01238	16,00000	0,00000	0,00000
0,02475	16,00000	0,00000	0,00000	0,02475	13,00000	0,00000	0,00000
0,03713	16,00000	0,00000	0,00000	0,03713	16,00000	0,00000	0,00000
0,04950	13,00000	0,00000	0,00000	0,04950	15,00000	0,00000	0,00000
0,06187	13,00000	0,00000	0,00000	0,06188	16,00000	0,00000	0,00000
0,07425	13,00000	0,00000	0,00000	0,07425	13,00000	0,00000	0,00000
0,08663	16,00000	0,00000	0,00000	0,08663	16,00000	0,00000	0,00000
0,09900	16,00000	0,00000	0,00000	0,09900	12,00000	0,00000	0,00000
0,11138	16,00000	0,00000	0,00000	0,11138	15,00000	0,00000	0,00000
0,12375	16,00000	0,00000	0,00000	0,12375	16,00000	0,00000	0,00000
0,13612	16,00000	0,00000	0,00000	0,13613	16,00000	0,00000	0,00000
0,14850	16,00000	0,00000	0,00000	0,14850	16,00000	0,00000	0,00000
0,16088	16,00000	0,00000	0,00000	0,16088	16,00000	0,00000	0,00000
0,17325	13,00000	0,00000	0,00000	0,17325	16,00000	0,00000	0,00000
0,18563	13,00000	0,00000	0,00000	0,18563	13,00000	0,00000	0,00000
0,19800	13,00000	0,00000	0,00000	0,19800	16,00000	0,00000	0,00000
0,21038	16,00000	0,00000	0,00000	0,21038	15,00000	0,00000	0,00000
0,22275	16,00000	0,00000	0,00000	0,22275	16,00000	0,00000	0,00000
0,23513	16,00000	0,00000	0,00000	0,23513	16,00000	0,00000	0,00000
0,24750	13,00000	0,00000	0,00000	0,24750	17,00000	0,00000	0,00000
0,25988	13,00000	0,00000	0,00000	0,25988	17,00000	0,00000	0,00000
0,27225	16,00000	0,00000	0,00000	0,27225	13,00000	0,00000	0,00000
0,28463	16,00000	0,00000	0,00000	0,28463	17,00000	0,00000	0,00000
0,29700	15,00000	0,00000	0,00000	0,29700	16,00000	0,00000	0,00000
0,30938	15,00000	0,00000	0,00000	0,30938	17,00000	0,00000	0,00000
0,32175	17,00000	0,00000	0,00000	0,32175	13,00000	0,00000	0,00000
0,33413	17,00000	0,00000	0,00000	0,33413	17,00000	0,00000	0,00000
0,34650	15,00000	0,00000	0,00000	0,34650	13,00000	0,00000	0,00000
0,35887	15,00000	0,00000	0,00000	0,35888	15,00000	0,00000	0,00000
0,37125	16,00000	0,00000	0,00000	0,37125	12,00000	0,00000	0,00000
0,38362	16,00000	0,00000	0,00000	0,38363	18,00000	0,00000	0,00000
0,39600	16,00000	0,00000	0,00000	0,39600	12,00000	0,00000	0,00000
0,40838	13,00000	0,00000	0,00000	0,40838	15,00000	0,00000	0,00000
0,42075	13,00000	0,00000	0,00000	0,42075	16,00000	0,00000	0,00000
0,43313	16,00000	0,00000	0,00000	0,43313	17,00000	0,00000	0,00000
0,44550	16,00000	0,00000	0,00000	0,44550	16,00000	0,00000	0,00000
0,45788	15,00000	0,00000	0,00000	0,45788	17,00000	0,00000	0,00000
0,47025	16,00000	0,00000	0,00000	0,47025	16,00000	0,00000	0,00000
0,48263	17,00000	0,00000	0,00000	0,48263	19,00000	0,00000	0,00000
0,49500	13,00000	0,00000	0,00000	0,49500	15,00000	0,00000	0,00000
0,50738	13,00000	0,00000	0,00000	0,50738	15,00000	0,00000	0,00000
0,51975	15,00000	0,00000	0,00000	0,51975	15,00000	0,00000	0,00000
0,53213	15,00000	0,00000	0,00000	0,53213	16,00000	0,00000	0,00000
0,54450	12,00000	0,00000	0,00000	0,54450	13,00000	0,00000	0,00000
0,55688	12,00000	0,00000	0,00000	0,55688	18,00000	0,00000	0,00000
0,56925	15,00000	0,00000	0,00000	0,56925	16,00000	0,00000	0,00000
0,58163	15,00000	0,00000	0,00000	0,58163	17,00000	0,00000	0,00000
0,59400	13,00000	0,00000	0,00000	0,59400	17,00000	0,00000	0,00000
0,60637	16,00000	0,00000	0,00000	0,60638	15,00000	0,00000	0,00000
0,61875	13,00000	0,00000	0,00000	0,61875	18,00000	0,00000	0,00000
0,63113	13,00000	0,00000	0,00000	0,63113	15,00000	0,00000	0,00000
0,64350	16,00000	0,00000	0,00000	0,64350	15,00000	0,00000	0,00000
0,65587	16,00000	0,00000	0,00000	0,65588	15,00000	0,00000	0,00000
0,66825	16,00000	0,00000	0,00000	0,66825	13,00000	0,00000	0,00000
0,68063	13,00000	0,00000	0,00000	0,68063	16,00000	0,00000	0,00000
0,69300	15,00000	0,00000	0,00000	0,69300	17,00000	0,00000	0,00000
0,70538	17,00000	0,00000	0,00000	0,70538	17,00000	0,00000	0,00000
0,71775	17,00000	0,00000	0,00000	0,71775	17,00000	0,00000	0,00000
0,73013	17,00000	0,00000	0,00000	0,73013	16,00000	0,00000	0,00000
0,74250	17,00000	0,00000	0,00000	0,74250	17,00000	0,00000	0,00000
0,75488	17,00000	0,00000	0,00000	0,75488	16,00000	0,00000	0,00000
0,76725	17,00000	0,00000	0,00000	0,76725	17,00000	0,00000	0,00000
0,77963	17,00000	0,00000	0,00000	0,77963	17,00000	0,00000	0,00000
0,79200	15,00000	0,00000	0,00000	0,79200	17,00000	0,00000	0,00000
0,80438	16,00000	0,00000	0,00000	0,80438	17,00000	0,00000	0,00000
0,81675	13,00000	0,00000	0,00000	0,81675	17,00000	0,00000	0,00000
0,82913	13,00000	0,00000	0,00000	0,82913	16,00000	0,00000	0,00000
0,84150	16,00000	0,00000	0,00000	0,84150	13,00000	0,00000	0,00000
0,85388	16,00000	0,00000	0,00000	0,85388	18,00000	0,00000	0,00000
0,86625	16,00000	0,00000	0,00000	0,86625	17,00000	0,00000	0,00000
0,87862	16,00000	0,00000	0,00000	0,87863	17,00000	0,00000	0,00000
0,89100	16,00000	0,00000	0,00000	0,89100	16,00000	0,00000	0,00000
0,90338	16,00000	0,00000	0,00000	0,90338	17,00000	0,00000	0,00000
0,91575	16,00000	0,00000	0,00000	0,91575	16,00000	0,00000	0,00000
0,92813	16,00000	0,00000	0,00000	0,92813	17,00000	0,00000	0,00000
0,94050	16,00000	0,00000	0,00000	0,94050	17,00000	0,00000	0,00000
0,95288	15,00000	0,00000	0,00000	0,95288	16,00000	0,00000	0,00000
0,96525	16,00000	0,00000	0,00000	0,96525	17,00000	0,00000	0,00000
0,97763	17,00000	0,00000	0,00000	0,97763	16,00000	0,00000	0,00000
0,99000	13,00000	0,00000	0,00000	0,99000	17,00000	0,00000	0,00000
1,00238	13,00000	0,00000	0,00000	1,00238	13,00000	0,00000	0,00000
1,01475	16,00000	0,00000	0,00000	1,01475	17,00000	0,00000	0,00000
1,02713	16,00000	0,00000	0,00000	1,02713	17,00000	0,00000	0,00000
1,03950	16,00000	0,00000	0,00000	1,03950	16,00000	0,00000	0,00000
1,05188	16,00000	0,00000	0,00000	1,05188	16,00000	0,00000	0,00000
1,06425	13,00000	0,00000	0,00000	1,06425	16,00000	0,00000	0,00000
1,07662	13,00000	0,00000	0,00000	1,07663	16,00000	0,00000	0,00000
1,08900	13,00000	0,00000	0,00000	1,08900	15,00000	0,00000	0,00000
1,10137	13,00000	0,00000	0,00000	1,10138	17,00000	0,00000	0,00000
1,11375	17,00000	0,00000	0,00000	1,11375	16,00000	0,00000	0,00000
1,12613	17,00000	0,00000	0,00000	1,12613	17,00000	0,00000	0,00000
1,13850	17,00000	0,00000	0,00000	1,13850	16,00000	0,00000	0,00000
1,15088	17,00000	0,00000	0,00000	1,15088	16,00000	0,00000	0,00000
1,16325	15,00000	0,00000	0,00000	1,16325	17,00000	0,00000	0,00000
1,17563	15,00000	0,00000	0,00000	1,17563	17,00000	0,00000	0,00000
1,18800	15,00000	0,00000	0,00000	1,18800	15,00000	0,00000	0,00000
1,20037	15,00000	0,00000	0,00000	1,20038	16,00000	0,00000	0,00000
1,21275	17,00000	0,00000	0,00000	1,21275	15,00000	0,00000	0,00000
1,22513	17,00000	0,00000	0,00000	1,22513	13,00000	0,00000	0,00000
1,23750	13,00000	0,00000	0,00000	1,23750	15,00000	0,00000	0,00000
1,24988	12,00000	0,00000	0,00000	1,24988	17,00000	0,00000	0,00000
1,26225	12,00000	0,00000	0,00000	1,26225	17,00000	0,00000	0,00000
1,27463	12,00000	0,00000	0,00000	1,27463	16,00000	0,00000	0,00000
1,28700	15,00000	0,00000	0,00000	1,28700	17,00000	0,00000	0,00000
1,29938	16,00000	0,00000	0,00000	1,29938	16,00000	0,00000	0,00000
1,31175	13,00000	0,00000	0,00000	1,31175	16,00000	0,00000	0,00000
1,32412	13,00000	0,00000	0,00000	1,32413	16,00000	0,00000	0,00000
1,33650	13,00000	0,00000	0,00000	1,33650	13,00000	0,00000	0,00000
1,34888	13,00000	0,00000	0,00000	1,34888	16,00000	0,00000	0,00000
1,36125	16,00000	0,00000	0,00000	1,36125	15,00000	0,00000	0,00000
1,37363	17,00000	0,00000	0,00000	1,37363	17,00000	0,00000	0,00000
1,38600	16,00000	0,00000	0,00000	1,38600	17,00000	0,00000	0,00000
1,39838	13,00000	0,00000	0,00000	1,39838	16,00000	0,00000	0,00000
1,41075	13,00000	0,00000	0,00000	1,41075	16,00000	0,00000	0,00000
1,42312	13,00000	0,00000	0,00000	1,42313	16,00000	0,00000	0,00000
1,43550	16,00000	0,00000	0,00000	1,43550	17,00000	0,00000	0,00000
1,44788	16,00000	0,00000	0,00000	1,44788	17,00000	0,00000	0,00000
1,46025	16,00000	0,00000	0,00000	1,46025	15,00000	0,00000	0,00000
1,47263	13,00000	0,00000	0,00000	1,47263	16,00000	0,00000	0,00000
1,48500	16,00000	0,00000	0,00000	1,48500	12,00000	0,00000	0,00000
1,49738	16,00000	0,00000	0,00000	1,49738	17,00000	0,00000	0,00000
1,50975	16,00000	0,00000	0,00000	1,50975	16,00000	0,00000	0,00000
1,52213	15,00000	0,00000	0,00000	1,52213	16,00000	0,00000	0,00000
1,53450	12,00000	0,00000	0,00000	1,53450	16,00000	0,00000	0,00000
1,54688	12,00000	0,00000	0,00000	1,54688	13,00000	0,00000	0,00000
1,55925	15,00000	0,00000	0,00000	1,55925	16,00000	0,00000	0,00000
1,57163	16,00000	0,00000	0,00000	1,57163	16,00000	0,00000	0,00000
1,58400	16,00000	0,00000	0,00000	1,58400	16,00000	0,00000	0,00000
1,59638	16,00000	0,00000	0,00000	1,59638	16,00000	0,00000	0,00000
1,60875	16,00000	0,00000	0,00000	1,60875	16,00000	0,00000	0,00000
1,62113	16,00000	0,00000	0,00000	1,62113	17,00000	0,00000	0,00000
1,63350	16,00000	0,00000	0,00000	1,63350	16,00000	0,00000	0,00000
1,64587	16,00000	0,00000	0,00000	1,64588	16,00000	0,00000	0,00000
1,65825	16,00000	0,00000	0,00000	1,65825	16,00000	0,00000	0,00000
1,67063	16,00000	0,00000	0,00000	1,67063	13,00000	0,00000	0,00000
1,68300	16,00000	0,00000	0,00000	1,68300	15,00000	0,00000	0,00000
1,69538	16,00000	0,00000	0,00000	1,69538	17,00000	0,00000	0,00000
1,70775	16,00000	0,00000	0,00000	1,70775	16,00000	0,00000	0,00000
1,72013	13,00000	0,00000	0,00000	1,72013	17,00000	0,00000	0,00000
1,73250	16,00000	0,00000	0,00000	1,73250	16,00000	0,00000	0,00000
1,74488	16,00000	0,00000	0,00000	1,74488	16,00000	0,00000	0,00000
1,75725	16,00000	0,00000	0,00000	1,75725	16,00000	0,00000	0,00000
1,76963	13,00000	0,00000	0,00000	1,76963	15,00000	0,00000	0,00000
1,78200	13,00000	0,00000	0,00000	1,78200	13,00000	0,00000	0,00000
1,79438	15,00000	0,00000	0,00000	1,79438	16,00000	0,00000	0,00000
1,80675	15,00000	0,00000	0,00000	1,80675	13,00000	0,00000	0,00000
1,81913	15,00000	0,00000	0,00000	1,81913	16,00000	0,00000	0,00000
1,83150	15,00000	0,00000	0,00000	1,83150	15,00000	0,00000	0,00000
1,84388	13,00000	0,00000	0,00000	1,84388	12,00000	0,00000	0,00000
1,85625	13,00000	0,00000	0,00000	1,85625	17,00000	0,00000	0,00000
1,86862	16,00000	0,00000	0,00000	1,86863	16,00000	0,00000	0,00000
1,88100	16,00000	0,00000	0,00000	1,88100	17,00000	0,00000	0,00000
1,89338	16,00000	0,00000	0,00000	1,89338	12,00000	0,00000	0,00000
1,90575	16,00000	0,00000	0,00000	1,90575	17,00000	0,00000	0,00000
1,91813	16,00000	0,00000	0,00000	1,91813	13,00000	0,00000	0,00000
1,93050	16,00000	0,00000	0,00000	1,93050	15,00000	0,00000	0,00000
1,94288	16,00000	0,00000	0,00000	1,94288	16,00000	0,00000	0,00000
1,95525	16,00000	0,00000	0,00000	1,95525	13,00000	0,00000	0,00000
1,96763	15,00000	0,00000	0,00000	1,96763	16,00000	0,00000	0,00000
1,98000	11,00000	0,00000	0,00000	1,98000	16,00000	0,00000	0,00000
1,99238	11,00000	0,00000	0,00000	1,99238	16,00000	0,00000	0,00000
2,00475	15,00000	0,00000	0,00000	2,00475	16,00000	0,00000	0,00000
2,01713	15,00000	0,00000	0,00000	2,01713	15,00000	0,00000	0,00000
2,02950	16,00000	0,00000	0,00000	2,02950	16,00000	0,00000	0,00000
2,04188	16,00000	0,00000	0,00000	2,04188	16,00000	0,00000	0,00000
2,05425	16,00000	0,00000	0,00000	2,05425	13,00000	0,00000	0,00000
2,06663	15,00000	0,00000	0,00000	2,06663	15,00000	0,00000	0,00000
2,07900	12,00000	0,00000	0,00000	2,07900	13,00000	0,00000	0,00000
2,09138	12,00000	0,00000	0,00000	2,09138	17,00000	0,00000	0,00000
2,10375	16,00000	0,00000	0,00000	2,10375	13,00000	0,00000	0,00000
2,11613	13,00000	0,00000	0,00000	2,11613	16,00000	0,00000	0,00000
2,12850	13,00000	0,00000	0,00000	2,12850	16,00000	0,00000	0,00000
2,14088	16,00000	0,00000	0,00000	2,14088	16,00000	0,00000	0,00000
2,15325	16,00000	0,00000	0,00000	2,15325	15,00000	0,00000	0,00000
2,16562	15,00000	0,00000	0,00000	2,16563	17,00000	0,00000	0,00000
2,17800	15,00000	0,00000	0,00000	2,17800	17,00000	0,00000	0,00000
2,19037	17,00000	0,00000	0,00000	2,19038	15,00000	0,00000	0,00000
2,20275	15,00000	0,00000	0,00000	2,20275	18,00000	0,00000	0,00000
2,21513	15,00000	0,00000	0,00000	2,21513	17,00000	0,00000	0,00000
2,22750	16,00000	0,00000	0,00000	2,22750	17,00000	0,00000	0,00000
2,23988	16,00000	0,00000	0,00000	2,23988	17,00000	0,00000	0,00000
2,25225	16,00000	0,00000	0,00000	2,25225	16,00000	0,00000	0,00000
2,26463	15,00000	0,00000	0,00000	2,26463	17,00000	0,00000	0,00000
2,27700	15,00000	0,00000	0,00000	2,27700	16,00000	0,00000	0,00000
2,28938	17,00000	0,00000	0,00000	2,28938	18,00000	0,00000	0,00000
2,30175	16,00000	0,00000	0,00000	2,30175	18,00000	0,00000	0,00000
2,31413	13,00000	0,00000	0,00000	2,31413	19,00000	0,00000	0,00000
2,32650	12,00000	0,00000	0,00000	2,32650	18,00000	0,00000	0,00000
2,33888	15,00000	0,00000	0,00000	2,33888	17,00000	0,00000	0,00000
2,35125	13,00000	0,00000	0,00000	2,35125	17,00000	0,00000	0,00000
2,36363	16,00000	0,00000	0,00000	2,36363	22,00000	0,00000	0,00000
2,37600	16,00000	0,00000	0,00000	2,37600	19,00000	0,00000	0,00000
2,38837	13,00000	0,00000	0,00000	2,38838	23,00000	0,00000	0,00000
2,40075	15,00000	0,00000	0,00000	2,40075	20,00000	0,00000	0,00000
2,41312	12,00000	0,00000	0,00000	2,41313	25,00000	0,00000	0,00000
2,42550	12,00000	0,00000	0,00000	2,42550	25,00000	0,00000	0,00000
2,43788	12,00000	0,00000	0,00000	2,43788	27,00000	0,00000	0,00000
2,45025	12,00000	0,00000	0,00000	2,45025	32,00000	0,00000	0,00000
2,46263	15,00000	0,00000	0,00000	2,46263	31,00000	0,00000	0,00000
2,47500	16,00000	0,00000	0,00000	2,47500	38,00000	0,00000	0,00000
2,48738	16,00000	0,00000	0,00000	2,48738	43,00000	0,00000	0,00000
2,49975	16,00000	0,00000	0,00000	2,49975	46,00000	0,00000	0,00000
2,51213	16,00000	0,00000	0,00000	2,51213	47,00000	0,00000	0,00000
2,52450	16,00000	0,00000	0,00000	2,52450	52,00000	0,00000	0,00000
2,53688	16,00000	0,00000	0,00000	2,53688	57,00000	0,00000	0,00000
2,54925	16,00000	0,00000	0,00000	2,54925	59,00000	0,00000	0,00000
2,56163	16,00000	0,00000	0,00000	2,56163	68,00000	0,00000	0,00000
2,57400	16,00000	0,00000	0,00000	2,57400	71,00000	0,00000	0,00000
2,58638	16,00000	0,00000	0,00000	2,58638	79,00000	0,00000	0,00000
2,59875	13,00000	0,00000	0,00000	2,59875	90,00000	0,00000	0,00000
2,61112	13,00000	0,00000	0,00000	2,61113	101,00000	0,00000	0,00000
2,62350	13,00000	0,00000	0,00000	2,62350	102,00000	0,00000	0,00000
2,63587	17,00000	0,00000	0,00000	2,63588	104,00000	0,00000	0,00000
2,64825	17,00000	0,00000	0,00000	2,64825	117,00000	0,00000	0,00000
2,66063	15,00000	0,00000	0,00000	2,66063	121,00000	0,00000	0,00000
2,67300	15,00000	0,00000	0,00000	2,67300	136,00000	0,00000	0,00000
2,68538	16,00000	0,00000	0,00000	2,68538	142,00000	0,00000	0,00000
2,69775	16,00000	0,00000	0,00000	2,69775	147,00000	0,00000	0,00000
2,71013	13,00000	0,00000	0,00000	2,71013	146,00000	0,00000	0,00000
2,72250	13,00000	0,00000	0,00000	2,72250	146,00000	0,00000	0,00000
2,73488	16,00000	0,00000	0,00000	2,73488	153,00000	0,00000	0,00000
2,74725	16,00000	0,00000	0,00000	2,74725	159,00000	0,00000	0,00000
2,75963	16,00000	0,00000	0,00000	2,75963	165,00000	0,00000	0,00000
2,77200	15,00000	0,00000	0,00000	2,77200	160,00000	0,00000	0,00000
2,78438	15,00000	0,00000	0,00000	2,78438	164,00000	0,00000	0,00000
2,79675	17,00000	0,00000	0,00000	2,79675	164,00000	0,00000	0,00000
2,80913	16,00000	0,00000	0,00000	2,80913	158,00000	0,00000	0,00000
2,82150	16,00000	0,00000	0,00000	2,82150	150,00000	0,00000	0,00000
2,83387	13,00000	0,00000	0,00000	2,83388	145,00000	0,00000	0,00000
2,84625	12,00000	0,00000	0,00000	2,84625	136,00000	0,00000	0,00000
2,85862	15,00000	0,00000	0,00000	2,85863	126,00000	0,00000	0,00000
2,87100	15,00000	0,00000	0,00000	2,87100	115,00000	0,00000	0,00000
2,88338	12,00000	0,00000	0,00000	2,88338	110,00000	0,00000	0,00000
2,89575	12,00000	0,00000	0,00000	2,89575	107,00000	0,00000	0,00000
2,90813	16,00000	0,00000	0,00000	2,90813	96,00000	0,00000	0,00000
2,92050	18,00000	0,00000	0,00000	2,92050	82,00000	0,00000	0,00000
2,93288	13,00000	0,00000	0,00000	2,93288	68,00000	0,00000	0,00000
2,94525	13,00000	0,00000	0,00000	2,94525	58,00000	0,00000	0,00000
2,95763	13,00000	0,00000	0,00000	2,95763	52,00000	0,00000	0,00000
2,97000	16,00000	0,00000	0,00000	2,97000	50,00000	0,00000	0,00000
2,98238	16,00000	0,00000	0,00000	2,98238	43,00000	0,00000	0,00000
2,99475	16,00000	0,00000	0,00000	2,99475	38,00000	0,00000	0,00000
3,00713	16,00000	0,00000	0,00000	3,00713	30,00000	0,00000	0,00000
3,01950	13,00000	0,00000	0,00000	3,01950	30,00000	0,00000	0,00000
3,03188	13,00000	0,00000	0,00000	3,03188	26,00000	0,00000	0,00000
3,04425	16,00000	0,00000	0,00000	3,04425	24,00000	0,00000	0,00000
3,05662	16,00000	0,00000	0,00000	3,05663	24,00000	0,00000	0,00000
3,06900	15,00000	0,00000	0,00000	3,06900	22,00000	0,00000	0,00000
3,08137	15,00000	0,00000	0,00000	3,08138	23,00000	0,00000	0,00000
3,09375	17,00000	0,00000	0,00000	3,09375	19,00000	0,00000	0,00000
3,10613	16,00000	0,00000	0,00000	3,10613	18,00000	0,00000	0,00000
3,11850	16,00000	0,00000	0,00000	3,11850	19,00000	0,00000	0,00000
3,13088	13,00000	0,00000	0,00000	3,13088	19,00000	0,00000	0,00000
3,14325	13,00000	0,00000	0,00000	3,14325	18,00000	0,00000	0,00000
3,15563	16,00000	0,00000	0,00000	3,15563	17,00000	0,00000	0,00000
3,16800	16,00000	0,00000	0,00000	3,16800	19,00000	0,00000	0,00000
3,18038	16,00000	0,00000	0,00000	3,18038	16,00000	0,00000	0,00000
3,19275	13,00000	0,00000	0,00000	3,19275	17,00000	0,00000	0,00000
3,20513	15,00000	0,00000	0,00000	3,20513	17,00000	0,00000	0,00000
3,21750	15,00000	0,00000	0,00000	3,21750	17,00000	0,00000	0,00000
3,22988	12,00000	0,00000	0,00000	3,22988	23,00000	0,00000	0,00000
3,24225	16,00000	0,00000	0,00000	3,24225	20,00000	0,00000	0,00000
3,25463	16,00000	0,00000	0,00000	3,25463	20,00000	0,00000	0,00000
3,26700	16,00000	0,00000	0,00000	3,26700	20,00000	0,00000	0,00000
3,27938	16,00000	0,00000	0,00000	3,27938	18,00000	0,00000	0,00000
3,29175	16,00000	0,00000	0,00000	3,29175	20,00000	0,00000	0,00000
3,30412	16,00000	0,00000	0,00000	3,30413	19,00000	0,00000	0,00000
3,31650	13,00000	0,00000	0,00000	3,31650	19,00000	0,00000	0,00000
3,32888	13,00000	0,00000	0,00000	3,32888	19,00000	0,00000	0,00000
3,34125	13,00000	0,00000	0,00000	3,34125	18,00000	0,00000	0,00000
3,35363	16,00000	0,00000	0,00000	3,35363	18,00000	0,00000	0,00000
3,36600	16,00000	0,00000	0,00000	3,36600	16,00000	0,00000	0,00000
3,37838	16,00000	0,00000	0,00000	3,37838	18,00000	0,00000	0,00000
3,39075	16,00000	0,00000	0,00000	3,39075	17,00000	0,00000	0,00000
3,40313	16,00000	0,00000	0,00000	3,40313	18,00000	0,00000	0,00000
3,41550	12,00000	0,00000	0,00000	3,41550	17,00000	0,00000	0,00000
3,42788	12,00000	0,00000	0,00000	3,42788	18,00000	0,00000	0,00000
3,44025	12,00000	0,00000	0,00000	3,44025	16,00000	0,00000	0,00000
3,45263	16,00000	0,00000	0,00000	3,45263	16,00000	0,00000	0,00000
3,46500	16,00000	0,00000	0,00000	3,46500	15,00000	0,00000	0,00000
3,47738	16,00000	0,00000	0,00000	3,47738	16,00000	0,00000	0,00000
3,48975	16,00000	0,00000	0,00000	3,48975	16,00000	0,00000	0,00000
3,50213	16,00000	0,00000	0,00000	3,50213	16,00000	0,00000	0,00000
3,51450	16,00000	0,00000	0,00000	3,51450	16,00000	0,00000	0,00000
3,52687	16,00000	0,00000	0,00000	3,52688	13,00000	0,00000	0,00000
3,53925	16,00000	0,00000	0,00000	3,53925	15,00000	0,00000	0,00000
3,55163	16,00000	0,00000	0,00000	3,55163	16,00000	0,00000	0,00000
3,56400	13,00000	0,00000	0,00000	3,56400	13,00000	0,00000	0,00000
3,57638	13,00000	0,00000	0,00000	3,57638	13,00000	0,00000	0,00000
3,58875	16,00000	0,00000	0,00000	3,58875	12,00000	0,00000	0,00000
3,60113	13,00000	0,00000	0,00000	3,60113	13,00000	0,00000	0,00000
3,61350	13,00000	0,00000	0,00000	3,61350	16,00000	0,00000	0,00000
3,62588	16,00000	0,00000	0,00000	3,62588	13,00000	0,00000	0,00000
3,63825	16,00000	0,00000	0,00000	3,63825	15,00000	0,00000	0,00000
3,65063	13,00000	0,00000	0,00000	3,65063	13,00000	0,00000	0,00000
3,66300	13,00000	0,00000	0,00000	3,66300	16,00000	0,00000	0,00000
3,67538	13,00000	0,00000	0,00000	3,67538	15,00000	0,00000	0,00000
3,68775	16,00000	0,00000	0,00000	3,68775	16,00000	0,00000	0,00000
3,70013	16,00000	0,00000	0,00000	3,70013	16,00000	0,00000	0,00000
3,71250	16,00000	0,00000	0,00000	3,71250	13,00000	0,00000	0,00000
3,72488	16,00000	0,00000	0,00000	3,72488	16,00000	0,00000	0,00000
3,73725	16,00000	0,00000	0,00000	3,73725	16,00000	0,00000	0,00000
3,74962	16,00000	0,00000	0,00000	3,74963	12,00000	0,00000	0,00000
3,76200	13,00000	0,00000	0,00000	3,76200	16,00000	0,00000	0,00000
3,77438	13,00000	0,00000	0,00000	3,77438	16,00000	0,00000	0,00000
3,78675	16,00000	0,00000	0,00000	3,78675	13,00000	0,00000	0,00000
3,79913	16,00000	0,00000	0,00000	3,79913	16,00000	0,00000	0,00000
3,81150	15,00000	0,00000	0,00000	3,81150	13,00000	0,00000	0,00000
3,82388	17,00000	0,00000	0,00000	3,82388	16,00000	0,00000	0,00000
3,83625	18,00000	0,00000	0,00000	3,83625	15,00000	0,00000	0,00000
3,84863	15,00000	0,00000	0,00000	3,84863	15,00000	0,00000	0,00000
3,86100	15,00000	0,00000	0,00000	3,86100	15,00000	0,00000	0,00000
3,87338	16,00000	0,00000	0,00000	3,87338	13,00000	0,00000	0,00000
3,88575	16,00000	0,00000	0,00000	3,88575	11,00000	0,00000	0,00000
3,89813	16,00000	0,00000	0,00000	3,89813	12,00000	0,00000	0,00000
3,91050	16,00000	0,00000	0,00000	3,91050	15,00000	0,00000	0,00000
3,92288	16,00000	0,00000	0,00000	3,92288	12,00000	0,00000	0,00000
3,93525	16,00000	0,00000	0,00000	3,93525	15,00000	0,00000	0,00000
3,94763	15,00000	0,00000	0,00000	3,94763	12,00000	0,00000	0,00000
3,96000	15,00000	0,00000	0,00000	3,96000	12,00000	0,00000	0,00000
3,97237	18,00000	0,00000	0,00000	3,97238	12,00000	0,00000	0,00000
3,98475	18,00000	0,00000	0,00000	3,98475	13,00000	0,00000	0,00000
3,99713	16,00000	0,00000	0,00000	3,99713	11,00000	0,00000	0,00000
4,00950	17,00000	0,00000	0,00000	4,00950	16,00000	0,00000	0,00000
4,02188	17,00000	0,00000	0,00000	4,02188	15,00000	0,00000	0,00000
4,03425	15,00000	0,00000	0,00000	4,03425	16,00000	0,00000	0,00000
4,04663	16,00000	0,00000	0,00000	4,04663	13,00000	0,00000	0,00000
4,05900	13,00000	0,00000	0,00000	4,05900	16,00000	0,00000	0,00000
4,07138	13,00000	0,00000	0,00000	4,07138	12,00000	0,00000	0,00000
4,08375	16,00000	0,00000	0,00000	4,08375	13,00000	0,00000	0,00000
4,09612	16,00000	0,00000	0,00000	4,09613	15,00000	0,00000	0,00000
4,10850	13,00000	0,00000	0,00000	4,10850	15,00000	0,00000	0,00000
4,12087	13,00000	0,00000	0,00000	4,12088	13,00000	0,00000	0,00000
4,13325	16,00000	0,00000	0,00000	4,13325	13,00000	0,00000	0,00000
4,14562	17,00000	0,00000	0,00000	4,14563	15,00000	0,00000	0,00000
4,15800	17,00000	0,00000	0,00000	4,15800	15,00000	0,00000	0,00000
4,17037	16,00000	0,00000	0,00000	4,17038	15,00000	0,00000	0,00000
4,18275	16,00000	0,00000	0,00000	4,18275	15,00000	0,00000	0,00000
4,19512	17,00000	0,00000	0,00000	4,19513	12,00000	0,00000	0,00000
4,20750	19,00000	0,00000	0,00000	4,20750	16,00000	0,00000	0,00000
4,21988	19,00000	0,00000	0,00000	4,21988	15,00000	0,00000	0,00000
4,23225	19,00000	0,00000	0,00000	4,23225	16,00000	0,00000	0,00000
4,24463	25,00000	0,00000	0,00000	4,24463	15,00000	0,00000	0,00000
4,25700	31,00000	0,00000	0,00000	4,25700	15,00000	0,00000	0,00000
4,26938	37,00000	0,00000	0,00000	4,26938	16,00000	0,00000	0,00000
4,28175	43,00000	0,00000	0,00000	4,28175	12,00000	0,00000	0,00000
4,29413	51,00000	0,00000	0,00000	4,29413	15,00000	0,00000	0,00000
4,30650	60,00000	0,00000	0,00000	4,30650	15,00000	0,00000	0,00000
4,31888	72,00000	0,00000	0,00000	4,31888	13,00000	0,00000	0,00000
4,33125	84,00000	0,00000	0,00000	4,33125	13,00000	0,00000	0,00000
4,34363	100,00000	0,00000	0,00000	4,34363	13,00000	0,00000	0,00000
4,35600	111,00000	0,00000	0,00000	4,35600	13,00000	0,00000	0,00000
4,36838	123,00000	0,00000	0,00000	4,36838	12,00000	0,00000	0,00000
4,38075	133,00000	0,00000	0,00000	4,38075	12,00000	0,00000	0,00000
4,39313	142,00000	0,00000	0,00000	4,39313	12,00000	0,00000	0,00000
4,40550	151,00000	0,00000	0,00000	4,40550	12,00000	0,00000	0,00000
4,41788	154,00000	0,00000	0,00000	4,41788	11,00000	0,00000	0,00000
4,43025	160,00000	0,00000	0,00000	4,43025	12,00000	0,00000	0,00000
4,44263	160,00000	0,00000	0,00000	4,44263	13,00000	0,00000	0,00000
4,45500	160,00000	0,00000	0,00000	4,45500	15,00000	0,00000	0,00000
4,46738	161,00000	0,00000	0,00000	4,46738	13,00000	0,00000	0,00000
4,47975	158,00000	0,00000	0,00000	4,47975	15,00000	0,00000	0,00000
4,49213	150,00000	0,00000	0,00000	4,49213	16,00000	0,00000	0,00000
4,50450	144,00000	0,00000	0,00000	4,50450	16,00000	0,00000	0,00000
4,51688	137,00000	0,00000	0,00000	4,51688	15,00000	0,00000	0,00000
4,52925	128,00000	0,00000	0,00000	4,52925	16,00000	0,00000	0,00000
4,54162	121,00000	0,00000	0,00000	4,54163	13,00000	0,00000	0,00000
4,55400	116,00000	0,00000	0,00000	4,55400	16,00000	0,00000	0,00000
4,56637	108,00000	0,00000	0,00000	4,56638	15,00000	0,00000	0,00000
4,57875	101,00000	0,00000	0,00000	4,57875	13,00000	0,00000	0,00000
4,59112	88,00000	0,00000	0,00000	4,59113	16,00000	0,00000	0,00000
4,60350	75,00000	0,00000	0,00000	4,60350	15,00000	0,00000	0,00000
4,61587	64,00000	0,00000	0,00000	4,61588	16,00000	0,00000	0,00000
4,62825	58,00000	0,00000	0,00000	4,62825	18,00000	0,00000	0,00000
4,64063	52,00000	0,00000	0,00000	4,64063	16,00000	0,00000	0,00000
4,65300	43,00000	0,00000	0,00000	4,65300	15,00000	0,00000	0,00000
4,66538	33,00000	0,00000	0,00000	4,66538	15,00000	0,00000	0,00000
4,67775	27,00000	0,00000	0,00000	4,67775	15,00000	0,00000	0,00000
4,69013	27,00000	0,00000	0,00000	4,69013	15,00000	0,00000	0,00000
4,70250	27,00000	0,00000	0,00000	4,70250	11,00000	0,00000	0,00000
4,71488	22,00000	0,00000	0,00000	4,71488	12,00000	0,00000	0,00000
4,72725	19,00000	0,00000	0,00000	4,72725	15,00000	0,00000	0,00000
4,73963	18,00000	0,00000	0,00000	4,73963	15,00000	0,00000	0,00000
4,75200	17,00000	0,00000	0,00000	4,75200	15,00000	0,00000	0,00000
4,76438	18,00000	0,00000	0,00000	4,76438	12,00000	0,00000	0,00000
4,77675	15,00000	0,00000	0,00000	4,77675	13,00000	0,00000	0,00000
4,78913	15,00000	0,00000	0,00000	4,78913	12,00000	0,00000	0,00000
4,80150	15,00000	0,00000	0,00000	4,80150	15,00000	0,00000	0,00000
4,81388	17,00000	0,00000	0,00000	4,81388	15,00000	0,00000	0,00000
4,82625	17,00000	0,00000	0,00000	4,82625	15,00000	0,00000	0,00000
4,83863	17,00000	0,00000	0,00000	4,83863	12,00000	0,00000	0,00000
4,85100	17,00000	0,00000	0,00000	4,85100	15,00000	0,00000	0,00000
4,86338	17,00000	0,00000	0,00000	4,86338	12,00000	0,00000	0,00000
4,87575	17,00000	0,00000	0,00000	4,87575	12,00000	0,00000	0,00000
4,88813	15,00000	0,00000	0,00000	4,88813	15,00000	0,00000	0,00000
4,90050	15,00000	0,00000	0,00000	4,90050	12,00000	0,00000	0,00000
4,91288	16,00000	0,00000	0,00000	4,91288	15,00000	0,00000	0,00000
4,92525	16,00000	0,00000	0,00000	4,92525	15,00000	0,00000	0,00000
4,93763	16,00000	0,00000	0,00000	4,93763	11,00000	0,00000	0,00000
4,95000	16,00000	0,00000	0,00000	4,95000	16,00000	0,00000	0,00000
4,96238	13,00000	0,00000	0,00000	4,96238	15,00000	0,00000	0,00000
4,97475	13,00000	0,00000	0,00000	4,97475	16,00000	0,00000	0,00000
4,98712	15,00000	0,00000	0,00000	4,98713	13,00000	0,00000	0,00000
4,99950	13,00000	0,00000	0,00000	4,99950	15,00000	0,00000	0,00000
5,01187	13,00000	0,00000	0,00000	5,01188	13,00000	0,00000	0,00000
5,02425	16,00000	0,00000	0,00000	5,02425	12,00000	0,00000	0,00000
5,03662	16,00000	0,00000	0,00000	5,03663	13,00000	0,00000	0,00000
5,04900	13,00000	0,00000	0,00000	5,04900	15,00000	0,00000	0,00000
5,06137	13,00000	0,00000	0,00000	5,06138	15,00000	0,00000	0,00000
5,07375	16,00000	0,00000	0,00000	5,07375	13,00000	0,00000	0,00000
5,08613	13,00000	0,00000	0,00000	5,08613	15,00000	0,00000	0,00000
5,09850	13,00000	0,00000	0,00000	5,09850	17,00000	0,00000	0,00000
5,11088	15,00000	0,00000	0,00000	5,11088	13,00000	0,00000	0,00000
5,12325	15,00000	0,00000	0,00000	5,12325	15,00000	0,00000	0,00000
5,13563	13,00000	0,00000	0,00000	5,13563	15,00000	0,00000	0,00000
5,14800	13,00000	0,00000	0,00000	5,14800	12,00000	0,00000	0,00000
5,16038	16,00000	0,00000	0,00000	5,16038	12,00000	0,00000	0,00000
5,17275	16,00000	0,00000	0,00000	5,17275	15,00000	0,00000	0,00000
5,18513	16,00000	0,00000	0,00000	5,18513	12,00000	0,00000	0,00000
5,19750	16,00000	0,00000	0,00000	5,19750	15,00000	0,00000	0,00000
5,20988	16,00000	0,00000	0,00000	5,20988	13,00000	0,00000	0,00000
5,22225	13,00000	0,00000	0,00000	5,22225	13,00000	0,00000	0,00000
5,23463	13,00000	0,00000	0,00000	5,23463	11,00000	0,00000	0,00000
5,24700	15,00000	0,00000	0,00000	5,24700	13,00000	0,00000	0,00000
5,25938	15,00000	0,00000	0,00000	5,25938	15,00000	0,00000	0,00000
5,27175	12,00000	0,00000	0,00000	5,27175	15,00000	0,00000	0,00000
5,28413	13,00000	0,00000	0,00000	5,28413	15,00000	0,00000	0,00000
5,29650	16,00000	0,00000	0,00000	5,29650	15,00000	0,00000	0,00000
5,30888	17,00000	0,00000	0,00000	5,30888	15,00000	0,00000	0,00000
5,32125	13,00000	0,00000	0,00000	5,32125	16,00000	0,00000	0,00000
5,33363	16,00000	0,00000	0,00000	5,33363	12,00000	0,00000	0,00000
5,34600	16,00000	0,00000	0,00000	5,34600	13,00000	0,00000	0,00000
5,35838	16,00000	0,00000	0,00000	5,35838	16,00000	0,00000	0,00000
5,37075	16,00000	0,00000	0,00000	5,37075	15,00000	0,00000	0,00000
5,38313	13,00000	0,00000	0,00000	5,38313	13,00000	0,00000	0,00000
5,39550	12,00000	0,00000	0,00000	5,39550	13,00000	0,00000	0,00000
5,40788	13,00000	0,00000	0,00000	5,40788	11,00000	0,00000	0,00000
5,42025	16,00000	0,00000	0,00000	5,42025	12,00000	0,00000	0,00000
5,43262	17,00000	0,00000	0,00000	5,43263	11,00000	0,00000	0,00000
5,44500	16,00000	0,00000	0,00000	5,44500	13,00000	0,00000	0,00000
5,45737	13,00000	0,00000	0,00000	5,45738	13,00000	0,00000	0,00000
5,46975	15,00000	0,00000	0,00000	5,46975	13,00000	0,00000	0,00000
5,48212	15,00000	0,00000	0,00000	5,48213	13,00000	0,00000	0,00000
5,49450	12,00000	0,00000	0,00000	5,49450	13,00000	0,00000	0,00000
5,50687	12,00000	0,00000	0,00000	5,50688	12,00000	0,00000	0,00000
5,51925	15,00000	0,00000	0,00000	5,51925	15,00000	0,00000	0,00000
5,53163	15,00000	0,00000	0,00000	5,53163	12,00000	0,00000	0,00000
5,54400	15,00000	0,00000	0,00000	5,54400	13,00000	0,00000	0,00000
5,55638	15,00000	0,00000	0,00000	5,55638	13,00000	0,00000	0,00000
5,56875	13,00000	0,00000	0,00000	5,56875	15,00000	0,00000	0,00000
5,58113	13,00000	0,00000	0,00000	5,58113	15,00000	0,00000	0,00000
5,59350	16,00000	0,00000	0,00000	5,59350	15,00000	0,00000	0,00000
5,60588	16,00000	0,00000	0,00000	5,60588	16,00000	0,00000	0,00000
5,61825	13,00000	0,00000	0,00000	5,61825	15,00000	0,00000	0,00000
5,63063	13,00000	0,00000	0,00000	5,63063	16,00000	0,00000	0,00000
5,64300	15,00000	0,00000	0,00000	5,64300	12,00000	0,00000	0,00000
5,65538	15,00000	0,00000	0,00000	5,65538	15,00000	0,00000	0,00000
5,66775	15,00000	0,00000	0,00000	5,66775	12,00000	0,00000	0,00000
5,68013	13,00000	0,00000	0,00000	5,68013	12,00000	0,00000	0,00000
5,69250	13,00000	0,00000	0,00000	5,69250	16,00000	0,00000	0,00000
5,70488	16,00000	0,00000	0,00000	5,70488	16,00000	0,00000	0,00000
5,71725	16,00000	0,00000	0,00000	5,71725	16,00000	0,00000	0,00000
5,72963	16,00000	0,00000	0,00000	5,72963	16,00000	0,00000	0,00000
5,74200	13,00000	0,00000	0,00000	5,74200	15,00000	0,00000	0,00000
5,75438	15,00000	0,00000	0,00000	5,75438	12,00000	0,00000	0,00000
5,76675	12,00000	0,00000	0,00000	5,76675	13,00000	0,00000	0,00000
5,77913	12,00000	0,00000	0,00000	5,77913	12,00000	0,00000	0,00000
5,79150	15,00000	0,00000	0,00000	5,79150	11,00000	0,00000	0,00000
5,80388	15,00000	0,00000	0,00000	5,80388	13,00000	0,00000	0,00000
5,81625	15,00000	0,00000	0,00000	5,81625	13,00000	0,00000	0,00000
5,82863	15,00000	0,00000	0,00000	5,82863	15,00000	0,00000	0,00000
5,84100	15,00000	0,00000	0,00000	5,84100	12,00000	0,00000	0,00000
5,85338	13,00000	0,00000	0,00000	5,85338	16,00000	0,00000	0,00000
5,86575	13,00000	0,00000	0,00000	5,86575	15,00000	0,00000	0,00000
5,87813	16,00000	0,00000	0,00000	5,87813	15,00000	0,00000	0,00000
5,89050	16,00000	0,00000	0,00000	5,89050	16,00000	0,00000	0,00000
5,90287	16,00000	0,00000	0,00000	5,90288	12,00000	0,00000	0,00000
5,91525	16,00000	0,00000	0,00000	0,00000	12,00000	0,00000	0,00000
5,92762	16,00000	0,00000	0,00000	0,00000	9,00000	0,00000	0,00000
5,94000	16,00000	0,00000	0,00000	0,00000	0,00000	0,00000	0,00000
5,95237	16,00000	0,00000	0,00000	0,00000	0,00000	0,00000	0,00000
5,96475	13,00000	0,00000	0,00000	0,00000	0,00000	0,00000	0,00000
5,97713	15,00000	0,00000	0,00000	0,00000	0,00000	0,00000	0,00000
5,98950	12,00000	0,00000	0,00000	0,00000	0,00000	0,00000	0,00000
6,00188	12,00000	0,00000	0,00000	0,00000	0,00000	0,00000	0,00000
6,01425	13,00000	0,00000	0,00000	0,00000	0,00000	0,00000	0,00000
6,02663	13,00000	0,00000	0,00000	0,00000	0,00000	0,00000	0,00000
6,03900	12,00000	0,00000	0,00000	0,00000	0,00000	0,00000	0,00000
6,05138	12,00000	0,00000	0,00000	0,00000	0,00000	0,00000	0,00000
6,06375	15,00000	0,00000	0,00000	0,00000	0,00000	0,00000	0,00000
6,07613	15,00000	0,00000	0,00000	0,00000	0,00000	0,00000	0,00000
6,08850	15,00000	0,00000	0,00000	0,00000	0,00000	0,00000	0,00000
6,10088	15,00000	0,00000	0,00000	0,00000	0,00000	0,00000	0,00000
6,11325	15,00000	0,00000	0,00000	0,00000	0,00000	0,00000	0,00000
6,12563	12,00000	0,00000	0,00000	0,00000	0,00000	0,00000	0,00000
6,13800	15,00000	0,00000	0,00000	0,00000	0,00000	0,00000	0,00000
6,15038	15,00000	0,00000	0,00000	0,00000	0,00000	0,00000	0,00000
6,16275	13,00000	0,00000	0,00000	0,00000	0,00000	0,00000	0,00000
6,17513	16,00000	0,00000	0,00000	0,00000	0,00000	0,00000	0,00000
6,18750	16,00000	0,00000	0,00000	0,00000	0,00000	0,00000	0,00000
6,19988	13,00000	0,00000	0,00000	0,00000	0,00000	0,00000	0,00000
6,21225	13,00000	0,00000	0,00000	0,00000	0,00000	0,00000	0,00000
6,22463	13,00000	0,00000	0,00000	0,00000	0,00000	0,00000	0,00000
6,23700	16,00000	0,00000	0,00000	0,00000	0,00000	0,00000	0,00000
6,24938	16,00000	0,00000	0,00000	0,00000	0,00000	0,00000	0,00000
6,26175	13,00000	0,00000	0,00000	0,00000	0,00000	0,00000	0,00000
6,27413	13,00000	0,00000	0,00000	0,00000	0,00000	0,00000	0,00000
6,28650	15,00000	0,00000	0,00000	0,00000	0,00000	0,00000	0,00000
6,29888	15,00000	0,00000	0,00000	0,00000	0,00000	0,00000	0,00000
6,31125	12,00000	0,00000	0,00000	0,00000	0,00000	0,00000	0,00000
6,32363	15,00000	0,00000	0,00000	0,00000	0,00000	0,00000	0,00000
6,33600	15,00000	0,00000	0,00000	0,00000	0,00000	0,00000	0,00000
6,34837	15,00000	0,00000	0,00000	0,00000	0,00000	0,00000	0,00000
6,36075	15,00000	0,00000	0,00000	0,00000	0,00000	0,00000	0,00000
6,37312	12,00000	0,00000	0,00000	0,00000	0,00000	0,00000	0,00000
6,38550	12,00000	0,00000	0,00000	0,00000	0,00000	0,00000	0,00000
6,39787	15,00000	0,00000	0,00000	0,00000	0,00000	0,00000	0,00000
6,41025	13,00000	0,00000	0,00000	0,00000	0,00000	0,00000	0,00000
6,42263	16,00000	0,00000	0,00000	0,00000	0,00000	0,00000	0,00000
6,43500	16,00000	0,00000	0,00000	0,00000	0,00000	0,00000	0,00000
6,44738	12,00000	0,00000	0,00000	0,00000	0,00000	0,00000	0,00000
6,45975	13,00000	0,00000	0,00000	0,00000	0,00000	0,00000	0,00000
6,47213	16,00000	0,00000	0,00000	0,00000	0,00000	0,00000	0,00000
6,48450	17,00000	0,00000	0,00000	0,00000	0,00000	0,00000	0,00000
6,49688	15,00000	0,00000	0,00000	0,00000	0,00000	0,00000	0,00000
6,50925	15,00000	0,00000	0,00000	0,00000	0,00000	0,00000	0,00000
6,52163	16,00000	0,00000	0,00000	0,00000	0,00000	0,00000	0,00000
6,53400	16,00000	0,00000	0,00000	0,00000	0,00000	0,00000	0,00000
6,54638	16,00000	0,00000	0,00000	0,00000	0,00000	0,00000	0,00000
6,55875	15,00000	0,00000	0,00000	0,00000	0,00000	0,00000	0,00000
6,57113	12,00000	0,00000	0,00000	0,00000	0,00000	0,00000	0,00000
6,58350	12,00000	0,00000	0,00000	0,00000	0,00000	0,00000	0,00000
6,59588	15,00000	0,00000	0,00000	0,00000	0,00000	0,00000	0,00000
6,60825	15,00000	0,00000	0,00000	0,00000	0,00000	0,00000	0,00000
6,62063	13,00000	0,00000	0,00000	0,00000	0,00000	0,00000	0,00000
6,63300	16,00000	0,00000	0,00000	0,00000	0,00000	0,00000	0,00000
6,64538	17,00000	0,00000	0,00000	0,00000	0,00000	0,00000	0,00000
6,65775	17,00000	0,00000	0,00000	0,00000	0,00000	0,00000	0,00000
6,67013	15,00000	0,00000	0,00000	0,00000	0,00000	0,00000	0,00000
6,68250	16,00000	0,00000	0,00000	0,00000	0,00000	0,00000	0,00000
6,69488	16,00000	0,00000	0,00000	0,00000	0,00000	0,00000	0,00000
6,70725	13,00000	0,00000	0,00000	0,00000	0,00000	0,00000	0,00000
6,71963	13,00000	0,00000	0,00000	0,00000	0,00000	0,00000	0,00000
6,73200	16,00000	0,00000	0,00000	0,00000	0,00000	0,00000	0,00000
6,74438	15,00000	0,00000	0,00000	0,00000	0,00000	0,00000	0,00000
6,75675	12,00000	0,00000	0,00000	0,00000	0,00000	0,00000	0,00000
6,76913	12,00000	0,00000	0,00000	0,00000	0,00000	0,00000	0,00000
6,78150	15,00000	0,00000	0,00000	0,00000	0,00000	0,00000	0,00000
6,79387	12,00000	0,00000	0,00000	0,00000	0,00000	0,00000	0,00000
6,80625	12,00000	0,00000	0,00000	0,00000	0,00000	0,00000	0,00000
6,81862	13,00000	0,00000	0,00000	0,00000	0,00000	0,00000	0,00000
6,83100	13,00000	0,00000	0,00000	0,00000	0,00000	0,00000	0,00000
6,84337	12,00000	0,00000	0,00000	0,00000	0,00000	0,00000	0,00000
6,85575	12,00000	0,00000	0,00000	0,00000	0,00000	0,00000	0,00000
6,86813	15,00000	0,00000	0,00000	0,00000	0,00000	0,00000	0,00000
6,88050	16,00000	0,00000	0,00000	0,00000	0,00000	0,00000	0,00000
6,89288	16,00000	0,00000	0,00000	0,00000	0,00000	0,00000	0,00000
6,90525	15,00000	0,00000	0,00000	0,00000	0,00000	0,00000	0,00000
6,91763	12,00000	0,00000	0,00000	0,00000	0,00000	0,00000	0,00000
6,93000	12,00000	0,00000	0,00000	0,00000	0,00000	0,00000	0,00000
6,94238	12,00000	0,00000	0,00000	0,00000	0,00000	0,00000	0,00000
6,95475	12,00000	0,00000	0,00000	0,00000	0,00000	0,00000	0,00000
6,96713	15,00000	0,00000	0,00000	0,00000	0,00000	0,00000	0,00000
6,97950	16,00000	0,00000	0,00000	0,00000	0,00000	0,00000	0,00000
6,99188	16,00000	0,00000	0,00000	0,00000	0,00000	0,00000	0,00000
7,00425	13,00000	0,00000	0,00000	0,00000	0,00000	0,00000	0,00000
7,01663	13,00000	0,00000	0,00000	0,00000	0,00000	0,00000	0,00000
7,02900	16,00000	0,00000	0,00000	0,00000	0,00000	0,00000	0,00000
7,04138	16,00000	0,00000	0,00000	0,00000	0,00000	0,00000	0,00000
7,05375	12,00000	0,00000	0,00000	0,00000	0,00000	0,00000	0,00000
7,06613	12,00000	0,00000	0,00000	0,00000	0,00000	0,00000	0,00000
7,07850	12,00000	0,00000	0,00000	0,00000	0,00000	0,00000	0,00000
7,09088	15,00000	0,00000	0,00000	0,00000	0,00000	0,00000	0,00000
7,10325	16,00000	0,00000	0,00000	0,00000	0,00000	0,00000	0,00000
7,11563	15,00000	0,00000	0,00000	0,00000	0,00000	0,00000	0,00000
7,12800	12,00000	0,00000	0,00000	0,00000	0,00000	0,00000	0,00000
7,14038	15,00000	0,00000	0,00000	0,00000	0,00000	0,00000	0,00000
7,15275	15,00000	0,00000	0,00000	0,00000	0,00000	0,00000	0,00000
7,16513	15,00000	0,00000	0,00000	0,00000	0,00000	0,00000	0,00000
7,17750	15,00000	0,00000	0,00000	0,00000	0,00000	0,00000	0,00000
7,18988	12,00000	0,00000	0,00000	0,00000	0,00000	0,00000	0,00000
7,20225	12,00000	0,00000	0,00000	0,00000	0,00000	0,00000	0,00000
7,21463	15,00000	0,00000	0,00000	0,00000	0,00000	0,00000	0,00000
7,22700	16,00000	0,00000	0,00000	0,00000	0,00000	0,00000	0,00000
7,23938	13,00000	0,00000	0,00000	0,00000	0,00000	0,00000	0,00000
7,25175	15,00000	0,00000	0,00000	0,00000	0,00000	0,00000	0,00000
7,26412	15,00000	0,00000	0,00000	0,00000	0,00000	0,00000	0,00000
7,27650	12,00000	0,00000	0,00000	0,00000	0,00000	0,00000	0,00000
7,28887	13,00000	0,00000	0,00000	0,00000	0,00000	0,00000	0,00000
7,30125	11,00000	0,00000	0,00000	0,00000	0,00000	0,00000	0,00000
7,31363	12,00000	0,00000	0,00000	0,00000	0,00000	0,00000	0,00000
7,32600	16,00000	0,00000	0,00000	0,00000	0,00000	0,00000	0,00000
7,33838	13,00000	0,00000	0,00000	0,00000	0,00000	0,00000	0,00000
7,35075	13,00000	0,00000	0,00000	0,00000	0,00000	0,00000	0,00000
7,36313	16,00000	0,00000	0,00000	0,00000	0,00000	0,00000	0,00000
7,37550	15,00000	0,00000	0,00000	0,00000	0,00000	0,00000	0,00000
7,38788	12,00000	0,00000	0,00000	0,00000	0,00000	0,00000	0,00000
7,40025	12,00000	0,00000	0,00000	0,00000	0,00000	0,00000	0,00000
7,41263	12,00000	0,00000	0,00000	0,00000	0,00000	0,00000	0,00000
7,42500	15,00000	0,00000	0,00000	0,00000	0,00000	0,00000	0,00000
7,43738	16,00000	0,00000	0,00000	0,00000	0,00000	0,00000	0,00000
7,44975	16,00000	0,00000	0,00000	0,00000	0,00000	0,00000	0,00000
7,46213	16,00000	0,00000	0,00000	0,00000	0,00000	0,00000	0,00000
7,47450	16,00000	0,00000	0,00000	0,00000	0,00000	0,00000	0,00000
7,48688	15,00000	0,00000	0,00000	0,00000	0,00000	0,00000	0,00000
7,49925	12,00000	0,00000	0,00000	0,00000	0,00000	0,00000	0,00000
7,51163	12,00000	0,00000	0,00000	0,00000	0,00000	0,00000	0,00000
7,52400	15,00000	0,00000	0,00000	0,00000	0,00000	0,00000	0,00000
7,53638	16,00000	0,00000	0,00000	0,00000	0,00000	0,00000	0,00000
7,54875	15,00000	0,00000	0,00000	0,00000	0,00000	0,00000	0,00000
7,56113	15,00000	0,00000	0,00000	0,00000	0,00000	0,00000	0,00000
7,57350	12,00000	0,00000	0,00000	0,00000	0,00000	0,00000	0,00000
7,58588	15,00000	0,00000	0,00000	0,00000	0,00000	0,00000	0,00000
7,59825	15,00000	0,00000	0,00000	0,00000	0,00000	0,00000	0,00000
7,61063	15,00000	0,00000	0,00000	0,00000	0,00000	0,00000	0,00000
7,62300	15,00000	0,00000	0,00000	0,00000	0,00000	0,00000	0,00000
7,63538	12,00000	0,00000	0,00000	0,00000	0,00000	0,00000	0,00000
7,64775	12,00000	0,00000	0,00000	0,00000	0,00000	0,00000	0,00000
7,66013	13,00000	0,00000	0,00000	0,00000	0,00000	0,00000	0,00000
7,67250	12,00000	0,00000	0,00000	0,00000	0,00000	0,00000	0,00000
7,68488	12,00000	0,00000	0,00000	0,00000	0,00000	0,00000	0,00000
7,69725	15,00000	0,00000	0,00000	0,00000	0,00000	0,00000	0,00000
7,70962	15,00000	0,00000	0,00000	0,00000	0,00000	0,00000	0,00000
7,72200	12,00000	0,00000	0,00000	0,00000	0,00000	0,00000	0,00000
7,73438	12,00000	0,00000	0,00000	0,00000	0,00000	0,00000	0,00000
7,74675	15,00000	0,00000	0,00000	0,00000	0,00000	0,00000	0,00000
7,75913	12,00000	0,00000	0,00000	0,00000	0,00000	0,00000	0,00000
7,77150	15,00000	0,00000	0,00000	0,00000	0,00000	0,00000	0,00000
7,78388	12,00000	0,00000	0,00000	0,00000	0,00000	0,00000	0,00000
7,79625	12,00000	0,00000	0,00000	0,00000	0,00000	0,00000	0,00000
7,80863	13,00000	0,00000	0,00000	0,00000	0,00000	0,00000	0,00000
7,82100	13,00000	0,00000	0,00000	0,00000	0,00000	0,00000	0,00000
7,83338	13,00000	0,00000	0,00000	0,00000	0,00000	0,00000	0,00000
7,84575	12,00000	0,00000	0,00000	0,00000	0,00000	0,00000	0,00000
7,85813	13,00000	0,00000	0,00000	0,00000	0,00000	0,00000	0,00000
7,87050	16,00000	0,00000	0,00000	0,00000	0,00000	0,00000	0,00000
7,88288	12,00000	0,00000	0,00000	0,00000	0,00000	0,00000	0,00000
0,00000	9,00000	0,00000	0,00000	0,00000	0,00000	0,00000	0,00000
0,00000	9,00000	0,00000	0,00000	0,00000	0,00000	0,00000	0,00000
