GRUPPE3_Greyline17.dat
04.10.2021
16:20:41
GRUPPE3

Gauss coefficients notation:
Amplitude
FWHM
Std.Abw.
[Fehler]
offset
BEAMCUT  LINES:

X H  in mm	Y H rel	Gauss fit H	H Gauss Coefficients	X V in mm	Y V rel	Gauss fit V	V Gauss Coefficientes
0,00000	15,00000	0,00000	0,00000	0,00000	16,00000	0,00000	0,00000
0,01238	15,00000	0,00000	0,00000	0,01238	17,00000	0,00000	0,00000
0,02475	16,00000	0,00000	0,00000	0,02475	16,00000	0,00000	0,00000
0,03713	17,00000	0,00000	0,00000	0,03713	16,00000	0,00000	0,00000
0,04950	17,00000	0,00000	0,00000	0,04950	16,00000	0,00000	0,00000
0,06187	17,00000	0,00000	0,00000	0,06188	15,00000	0,00000	0,00000
0,07425	15,00000	0,00000	0,00000	0,07425	15,00000	0,00000	0,00000
0,08663	15,00000	0,00000	0,00000	0,08663	15,00000	0,00000	0,00000
0,09900	17,00000	0,00000	0,00000	0,09900	16,00000	0,00000	0,00000
0,11138	17,00000	0,00000	0,00000	0,11138	15,00000	0,00000	0,00000
0,12375	16,00000	0,00000	0,00000	0,12375	15,00000	0,00000	0,00000
0,13612	16,00000	0,00000	0,00000	0,13613	15,00000	0,00000	0,00000
0,14850	18,00000	0,00000	0,00000	0,14850	17,00000	0,00000	0,00000
0,16088	16,00000	0,00000	0,00000	0,16088	15,00000	0,00000	0,00000
0,17325	16,00000	0,00000	0,00000	0,17325	13,00000	0,00000	0,00000
0,18563	17,00000	0,00000	0,00000	0,18563	15,00000	0,00000	0,00000
0,19800	17,00000	0,00000	0,00000	0,19800	13,00000	0,00000	0,00000
0,21038	17,00000	0,00000	0,00000	0,21038	17,00000	0,00000	0,00000
0,22275	15,00000	0,00000	0,00000	0,22275	15,00000	0,00000	0,00000
0,23513	15,00000	0,00000	0,00000	0,23513	16,00000	0,00000	0,00000
0,24750	13,00000	0,00000	0,00000	0,24750	16,00000	0,00000	0,00000
0,25988	17,00000	0,00000	0,00000	0,25988	16,00000	0,00000	0,00000
0,27225	17,00000	0,00000	0,00000	0,27225	15,00000	0,00000	0,00000
0,28463	17,00000	0,00000	0,00000	0,28463	15,00000	0,00000	0,00000
0,29700	17,00000	0,00000	0,00000	0,29700	17,00000	0,00000	0,00000
0,30938	17,00000	0,00000	0,00000	0,30938	16,00000	0,00000	0,00000
0,32175	17,00000	0,00000	0,00000	0,32175	17,00000	0,00000	0,00000
0,33413	17,00000	0,00000	0,00000	0,33413	17,00000	0,00000	0,00000
0,34650	17,00000	0,00000	0,00000	0,34650	17,00000	0,00000	0,00000
0,35887	15,00000	0,00000	0,00000	0,35888	16,00000	0,00000	0,00000
0,37125	15,00000	0,00000	0,00000	0,37125	17,00000	0,00000	0,00000
0,38362	17,00000	0,00000	0,00000	0,38363	17,00000	0,00000	0,00000
0,39600	17,00000	0,00000	0,00000	0,39600	13,00000	0,00000	0,00000
0,40838	17,00000	0,00000	0,00000	0,40838	16,00000	0,00000	0,00000
0,42075	17,00000	0,00000	0,00000	0,42075	16,00000	0,00000	0,00000
0,43313	17,00000	0,00000	0,00000	0,43313	15,00000	0,00000	0,00000
0,44550	17,00000	0,00000	0,00000	0,44550	15,00000	0,00000	0,00000
0,45788	16,00000	0,00000	0,00000	0,45788	15,00000	0,00000	0,00000
0,47025	13,00000	0,00000	0,00000	0,47025	16,00000	0,00000	0,00000
0,48263	13,00000	0,00000	0,00000	0,48263	15,00000	0,00000	0,00000
0,49500	12,00000	0,00000	0,00000	0,49500	15,00000	0,00000	0,00000
0,50738	16,00000	0,00000	0,00000	0,50738	17,00000	0,00000	0,00000
0,51975	16,00000	0,00000	0,00000	0,51975	15,00000	0,00000	0,00000
0,53213	16,00000	0,00000	0,00000	0,53213	15,00000	0,00000	0,00000
0,54450	15,00000	0,00000	0,00000	0,54450	17,00000	0,00000	0,00000
0,55688	12,00000	0,00000	0,00000	0,55688	17,00000	0,00000	0,00000
0,56925	11,00000	0,00000	0,00000	0,56925	17,00000	0,00000	0,00000
0,58163	11,00000	0,00000	0,00000	0,58163	17,00000	0,00000	0,00000
0,59400	15,00000	0,00000	0,00000	0,59400	15,00000	0,00000	0,00000
0,60637	16,00000	0,00000	0,00000	0,60638	16,00000	0,00000	0,00000
0,61875	16,00000	0,00000	0,00000	0,61875	15,00000	0,00000	0,00000
0,63113	16,00000	0,00000	0,00000	0,63113	13,00000	0,00000	0,00000
0,64350	15,00000	0,00000	0,00000	0,64350	17,00000	0,00000	0,00000
0,65587	15,00000	0,00000	0,00000	0,65588	16,00000	0,00000	0,00000
0,66825	17,00000	0,00000	0,00000	0,66825	15,00000	0,00000	0,00000
0,68063	17,00000	0,00000	0,00000	0,68063	15,00000	0,00000	0,00000
0,69300	17,00000	0,00000	0,00000	0,69300	16,00000	0,00000	0,00000
0,70538	17,00000	0,00000	0,00000	0,70538	15,00000	0,00000	0,00000
0,71775	17,00000	0,00000	0,00000	0,71775	16,00000	0,00000	0,00000
0,73013	15,00000	0,00000	0,00000	0,73013	13,00000	0,00000	0,00000
0,74250	15,00000	0,00000	0,00000	0,74250	15,00000	0,00000	0,00000
0,75488	15,00000	0,00000	0,00000	0,75488	15,00000	0,00000	0,00000
0,76725	17,00000	0,00000	0,00000	0,76725	18,00000	0,00000	0,00000
0,77963	17,00000	0,00000	0,00000	0,77963	13,00000	0,00000	0,00000
0,79200	15,00000	0,00000	0,00000	0,79200	18,00000	0,00000	0,00000
0,80438	15,00000	0,00000	0,00000	0,80438	16,00000	0,00000	0,00000
0,81675	16,00000	0,00000	0,00000	0,81675	12,00000	0,00000	0,00000
0,82913	15,00000	0,00000	0,00000	0,82913	13,00000	0,00000	0,00000
0,84150	15,00000	0,00000	0,00000	0,84150	16,00000	0,00000	0,00000
0,85388	17,00000	0,00000	0,00000	0,85388	13,00000	0,00000	0,00000
0,86625	17,00000	0,00000	0,00000	0,86625	15,00000	0,00000	0,00000
0,87862	16,00000	0,00000	0,00000	0,87863	13,00000	0,00000	0,00000
0,89100	13,00000	0,00000	0,00000	0,89100	13,00000	0,00000	0,00000
0,90338	13,00000	0,00000	0,00000	0,90338	16,00000	0,00000	0,00000
0,91575	15,00000	0,00000	0,00000	0,91575	13,00000	0,00000	0,00000
0,92813	15,00000	0,00000	0,00000	0,92813	17,00000	0,00000	0,00000
0,94050	13,00000	0,00000	0,00000	0,94050	13,00000	0,00000	0,00000
0,95288	13,00000	0,00000	0,00000	0,95288	17,00000	0,00000	0,00000
0,96525	16,00000	0,00000	0,00000	0,96525	13,00000	0,00000	0,00000
0,97763	17,00000	0,00000	0,00000	0,97763	17,00000	0,00000	0,00000
0,99000	16,00000	0,00000	0,00000	0,99000	13,00000	0,00000	0,00000
1,00238	18,00000	0,00000	0,00000	1,00238	15,00000	0,00000	0,00000
1,01475	18,00000	0,00000	0,00000	1,01475	15,00000	0,00000	0,00000
1,02713	16,00000	0,00000	0,00000	1,02713	15,00000	0,00000	0,00000
1,03950	17,00000	0,00000	0,00000	1,03950	13,00000	0,00000	0,00000
1,05188	17,00000	0,00000	0,00000	1,05188	15,00000	0,00000	0,00000
1,06425	15,00000	0,00000	0,00000	1,06425	13,00000	0,00000	0,00000
1,07662	15,00000	0,00000	0,00000	1,07663	15,00000	0,00000	0,00000
1,08900	17,00000	0,00000	0,00000	1,08900	13,00000	0,00000	0,00000
1,10137	17,00000	0,00000	0,00000	1,10138	16,00000	0,00000	0,00000
1,11375	15,00000	0,00000	0,00000	1,11375	17,00000	0,00000	0,00000
1,12613	13,00000	0,00000	0,00000	1,12613	16,00000	0,00000	0,00000
1,13850	16,00000	0,00000	0,00000	1,13850	15,00000	0,00000	0,00000
1,15088	15,00000	0,00000	0,00000	1,15088	13,00000	0,00000	0,00000
1,16325	17,00000	0,00000	0,00000	1,16325	16,00000	0,00000	0,00000
1,17563	17,00000	0,00000	0,00000	1,17563	13,00000	0,00000	0,00000
1,18800	18,00000	0,00000	0,00000	1,18800	18,00000	0,00000	0,00000
1,20037	17,00000	0,00000	0,00000	1,20038	16,00000	0,00000	0,00000
1,21275	15,00000	0,00000	0,00000	1,21275	15,00000	0,00000	0,00000
1,22513	15,00000	0,00000	0,00000	1,22513	17,00000	0,00000	0,00000
1,23750	17,00000	0,00000	0,00000	1,23750	13,00000	0,00000	0,00000
1,24988	17,00000	0,00000	0,00000	1,24988	17,00000	0,00000	0,00000
1,26225	15,00000	0,00000	0,00000	1,26225	15,00000	0,00000	0,00000
1,27463	15,00000	0,00000	0,00000	1,27463	13,00000	0,00000	0,00000
1,28700	17,00000	0,00000	0,00000	1,28700	17,00000	0,00000	0,00000
1,29938	16,00000	0,00000	0,00000	1,29938	15,00000	0,00000	0,00000
1,31175	13,00000	0,00000	0,00000	1,31175	13,00000	0,00000	0,00000
1,32412	13,00000	0,00000	0,00000	1,32413	13,00000	0,00000	0,00000
1,33650	15,00000	0,00000	0,00000	1,33650	13,00000	0,00000	0,00000
1,34888	15,00000	0,00000	0,00000	1,34888	13,00000	0,00000	0,00000
1,36125	12,00000	0,00000	0,00000	1,36125	13,00000	0,00000	0,00000
1,37363	13,00000	0,00000	0,00000	1,37363	15,00000	0,00000	0,00000
1,38600	16,00000	0,00000	0,00000	1,38600	16,00000	0,00000	0,00000
1,39838	16,00000	0,00000	0,00000	1,39838	17,00000	0,00000	0,00000
1,41075	16,00000	0,00000	0,00000	1,41075	15,00000	0,00000	0,00000
1,42312	16,00000	0,00000	0,00000	1,42313	17,00000	0,00000	0,00000
1,43550	16,00000	0,00000	0,00000	1,43550	17,00000	0,00000	0,00000
1,44788	16,00000	0,00000	0,00000	1,44788	15,00000	0,00000	0,00000
1,46025	16,00000	0,00000	0,00000	1,46025	17,00000	0,00000	0,00000
1,47263	16,00000	0,00000	0,00000	1,47263	16,00000	0,00000	0,00000
1,48500	13,00000	0,00000	0,00000	1,48500	15,00000	0,00000	0,00000
1,49738	15,00000	0,00000	0,00000	1,49738	12,00000	0,00000	0,00000
1,50975	12,00000	0,00000	0,00000	1,50975	15,00000	0,00000	0,00000
1,52213	12,00000	0,00000	0,00000	1,52213	16,00000	0,00000	0,00000
1,53450	13,00000	0,00000	0,00000	1,53450	15,00000	0,00000	0,00000
1,54688	16,00000	0,00000	0,00000	1,54688	16,00000	0,00000	0,00000
1,55925	17,00000	0,00000	0,00000	1,55925	17,00000	0,00000	0,00000
1,57163	15,00000	0,00000	0,00000	1,57163	15,00000	0,00000	0,00000
1,58400	15,00000	0,00000	0,00000	1,58400	17,00000	0,00000	0,00000
1,59638	15,00000	0,00000	0,00000	1,59638	13,00000	0,00000	0,00000
1,60875	17,00000	0,00000	0,00000	1,60875	16,00000	0,00000	0,00000
1,62113	16,00000	0,00000	0,00000	1,62113	15,00000	0,00000	0,00000
1,63350	13,00000	0,00000	0,00000	1,63350	15,00000	0,00000	0,00000
1,64587	13,00000	0,00000	0,00000	1,64588	15,00000	0,00000	0,00000
1,65825	16,00000	0,00000	0,00000	1,65825	13,00000	0,00000	0,00000
1,67063	16,00000	0,00000	0,00000	1,67063	17,00000	0,00000	0,00000
1,68300	17,00000	0,00000	0,00000	1,68300	15,00000	0,00000	0,00000
1,69538	15,00000	0,00000	0,00000	1,69538	16,00000	0,00000	0,00000
1,70775	15,00000	0,00000	0,00000	1,70775	15,00000	0,00000	0,00000
1,72013	16,00000	0,00000	0,00000	1,72013	16,00000	0,00000	0,00000
1,73250	15,00000	0,00000	0,00000	1,73250	15,00000	0,00000	0,00000
1,74488	15,00000	0,00000	0,00000	1,74488	16,00000	0,00000	0,00000
1,75725	17,00000	0,00000	0,00000	1,75725	16,00000	0,00000	0,00000
1,76963	17,00000	0,00000	0,00000	1,76963	13,00000	0,00000	0,00000
1,78200	15,00000	0,00000	0,00000	1,78200	17,00000	0,00000	0,00000
1,79438	15,00000	0,00000	0,00000	1,79438	15,00000	0,00000	0,00000
1,80675	16,00000	0,00000	0,00000	1,80675	13,00000	0,00000	0,00000
1,81913	16,00000	0,00000	0,00000	1,81913	15,00000	0,00000	0,00000
1,83150	15,00000	0,00000	0,00000	1,83150	17,00000	0,00000	0,00000
1,84388	15,00000	0,00000	0,00000	1,84388	17,00000	0,00000	0,00000
1,85625	17,00000	0,00000	0,00000	1,85625	17,00000	0,00000	0,00000
1,86862	16,00000	0,00000	0,00000	1,86863	18,00000	0,00000	0,00000
1,88100	13,00000	0,00000	0,00000	1,88100	15,00000	0,00000	0,00000
1,89338	16,00000	0,00000	0,00000	1,89338	18,00000	0,00000	0,00000
1,90575	16,00000	0,00000	0,00000	1,90575	15,00000	0,00000	0,00000
1,91813	16,00000	0,00000	0,00000	1,91813	18,00000	0,00000	0,00000
1,93050	12,00000	0,00000	0,00000	1,93050	18,00000	0,00000	0,00000
1,94288	13,00000	0,00000	0,00000	1,94288	18,00000	0,00000	0,00000
1,95525	16,00000	0,00000	0,00000	1,95525	19,00000	0,00000	0,00000
1,96763	16,00000	0,00000	0,00000	1,96763	18,00000	0,00000	0,00000
1,98000	16,00000	0,00000	0,00000	1,98000	19,00000	0,00000	0,00000
1,99238	16,00000	0,00000	0,00000	1,99238	18,00000	0,00000	0,00000
2,00475	16,00000	0,00000	0,00000	2,00475	18,00000	0,00000	0,00000
2,01713	13,00000	0,00000	0,00000	2,01713	20,00000	0,00000	0,00000
2,02950	13,00000	0,00000	0,00000	2,02950	16,00000	0,00000	0,00000
2,04188	16,00000	0,00000	0,00000	2,04188	16,00000	0,00000	0,00000
2,05425	16,00000	0,00000	0,00000	2,05425	15,00000	0,00000	0,00000
2,06663	16,00000	0,00000	0,00000	2,06663	15,00000	0,00000	0,00000
2,07900	16,00000	0,00000	0,00000	2,07900	22,00000	0,00000	0,00000
2,09138	16,00000	0,00000	0,00000	2,09138	20,00000	0,00000	0,00000
2,10375	12,00000	0,00000	0,00000	2,10375	32,00000	0,00000	0,00000
2,11613	13,00000	0,00000	0,00000	2,11613	43,00000	0,00000	0,00000
2,12850	13,00000	0,00000	0,00000	2,12850	61,00000	0,00000	0,00000
2,14088	16,00000	0,00000	0,00000	2,14088	75,00000	0,00000	0,00000
2,15325	16,00000	0,00000	0,00000	2,15325	96,00000	0,00000	0,00000
2,16562	12,00000	0,00000	0,00000	2,16563	110,00000	0,00000	0,00000
2,17800	15,00000	0,00000	0,00000	2,17800	133,00000	0,00000	0,00000
2,19037	15,00000	0,00000	0,00000	2,19038	148,00000	0,00000	0,00000
2,20275	15,00000	0,00000	0,00000	2,20275	173,00000	0,00000	0,00000
2,21513	12,00000	0,00000	0,00000	2,21513	188,00000	0,00000	0,00000
2,22750	16,00000	0,00000	0,00000	2,22750	207,00000	0,00000	0,00000
2,23988	16,00000	0,00000	0,00000	2,23988	210,00000	0,00000	0,00000
2,25225	15,00000	0,00000	0,00000	2,25225	217,00000	0,00000	0,00000
2,26463	17,00000	0,00000	0,00000	2,26463	219,00000	0,00000	0,00000
2,27700	18,00000	0,00000	0,00000	2,27700	223,00000	0,00000	0,00000
2,28938	18,00000	0,00000	0,00000	2,28938	221,00000	0,00000	0,00000
2,30175	18,00000	0,00000	0,00000	2,30175	221,00000	0,00000	0,00000
2,31413	18,00000	0,00000	0,00000	2,31413	214,00000	0,00000	0,00000
2,32650	16,00000	0,00000	0,00000	2,32650	214,00000	0,00000	0,00000
2,33888	17,00000	0,00000	0,00000	2,33888	201,00000	0,00000	0,00000
2,35125	15,00000	0,00000	0,00000	2,35125	187,00000	0,00000	0,00000
2,36363	16,00000	0,00000	0,00000	2,36363	183,00000	0,00000	0,00000
2,37600	13,00000	0,00000	0,00000	2,37600	167,00000	0,00000	0,00000
2,38837	13,00000	0,00000	0,00000	2,38838	160,00000	0,00000	0,00000
2,40075	16,00000	0,00000	0,00000	2,40075	147,00000	0,00000	0,00000
2,41312	17,00000	0,00000	0,00000	2,41313	136,00000	0,00000	0,00000
2,42550	17,00000	0,00000	0,00000	2,42550	123,00000	0,00000	0,00000
2,43788	15,00000	0,00000	0,00000	2,43788	110,00000	0,00000	0,00000
2,45025	15,00000	0,00000	0,00000	2,45025	100,00000	0,00000	0,00000
2,46263	16,00000	0,00000	0,00000	2,46263	90,00000	0,00000	0,00000
2,47500	16,00000	0,00000	0,00000	2,47500	83,00000	0,00000	0,00000
2,48738	16,00000	0,00000	0,00000	2,48738	74,00000	0,00000	0,00000
2,49975	13,00000	0,00000	0,00000	2,49975	65,00000	0,00000	0,00000
2,51213	12,00000	0,00000	0,00000	2,51213	60,00000	0,00000	0,00000
2,52450	16,00000	0,00000	0,00000	2,52450	52,00000	0,00000	0,00000
2,53688	16,00000	0,00000	0,00000	2,53688	52,00000	0,00000	0,00000
2,54925	16,00000	0,00000	0,00000	2,54925	45,00000	0,00000	0,00000
2,56163	13,00000	0,00000	0,00000	2,56163	39,00000	0,00000	0,00000
2,57400	13,00000	0,00000	0,00000	2,57400	34,00000	0,00000	0,00000
2,58638	13,00000	0,00000	0,00000	2,58638	32,00000	0,00000	0,00000
2,59875	17,00000	0,00000	0,00000	2,59875	31,00000	0,00000	0,00000
2,61112	15,00000	0,00000	0,00000	2,61113	27,00000	0,00000	0,00000
2,62350	15,00000	0,00000	0,00000	2,62350	27,00000	0,00000	0,00000
2,63587	17,00000	0,00000	0,00000	2,63588	26,00000	0,00000	0,00000
2,64825	15,00000	0,00000	0,00000	2,64825	22,00000	0,00000	0,00000
2,66063	15,00000	0,00000	0,00000	2,66063	23,00000	0,00000	0,00000
2,67300	15,00000	0,00000	0,00000	2,67300	19,00000	0,00000	0,00000
2,68538	15,00000	0,00000	0,00000	2,68538	20,00000	0,00000	0,00000
2,69775	17,00000	0,00000	0,00000	2,69775	20,00000	0,00000	0,00000
2,71013	17,00000	0,00000	0,00000	2,71013	20,00000	0,00000	0,00000
2,72250	15,00000	0,00000	0,00000	2,72250	16,00000	0,00000	0,00000
2,73488	17,00000	0,00000	0,00000	2,73488	19,00000	0,00000	0,00000
2,74725	17,00000	0,00000	0,00000	2,74725	17,00000	0,00000	0,00000
2,75963	17,00000	0,00000	0,00000	2,75963	16,00000	0,00000	0,00000
2,77200	15,00000	0,00000	0,00000	2,77200	17,00000	0,00000	0,00000
2,78438	16,00000	0,00000	0,00000	2,78438	15,00000	0,00000	0,00000
2,79675	13,00000	0,00000	0,00000	2,79675	17,00000	0,00000	0,00000
2,80913	13,00000	0,00000	0,00000	2,80913	15,00000	0,00000	0,00000
2,82150	16,00000	0,00000	0,00000	2,82150	17,00000	0,00000	0,00000
2,83387	17,00000	0,00000	0,00000	2,83388	15,00000	0,00000	0,00000
2,84625	17,00000	0,00000	0,00000	2,84625	16,00000	0,00000	0,00000
2,85862	16,00000	0,00000	0,00000	2,85863	16,00000	0,00000	0,00000
2,87100	13,00000	0,00000	0,00000	2,87100	15,00000	0,00000	0,00000
2,88338	12,00000	0,00000	0,00000	2,88338	13,00000	0,00000	0,00000
2,89575	12,00000	0,00000	0,00000	2,89575	15,00000	0,00000	0,00000
2,90813	16,00000	0,00000	0,00000	2,90813	12,00000	0,00000	0,00000
2,92050	17,00000	0,00000	0,00000	2,92050	13,00000	0,00000	0,00000
2,93288	15,00000	0,00000	0,00000	2,93288	15,00000	0,00000	0,00000
2,94525	15,00000	0,00000	0,00000	2,94525	16,00000	0,00000	0,00000
2,95763	16,00000	0,00000	0,00000	2,95763	13,00000	0,00000	0,00000
2,97000	16,00000	0,00000	0,00000	2,97000	16,00000	0,00000	0,00000
2,98238	16,00000	0,00000	0,00000	2,98238	15,00000	0,00000	0,00000
2,99475	13,00000	0,00000	0,00000	2,99475	16,00000	0,00000	0,00000
3,00713	13,00000	0,00000	0,00000	3,00713	15,00000	0,00000	0,00000
3,01950	16,00000	0,00000	0,00000	3,01950	16,00000	0,00000	0,00000
3,03188	17,00000	0,00000	0,00000	3,03188	16,00000	0,00000	0,00000
3,04425	16,00000	0,00000	0,00000	3,04425	16,00000	0,00000	0,00000
3,05662	16,00000	0,00000	0,00000	3,05663	13,00000	0,00000	0,00000
3,06900	13,00000	0,00000	0,00000	3,06900	15,00000	0,00000	0,00000
3,08137	13,00000	0,00000	0,00000	3,08138	15,00000	0,00000	0,00000
3,09375	17,00000	0,00000	0,00000	3,09375	17,00000	0,00000	0,00000
3,10613	17,00000	0,00000	0,00000	3,10613	16,00000	0,00000	0,00000
3,11850	17,00000	0,00000	0,00000	3,11850	16,00000	0,00000	0,00000
3,13088	17,00000	0,00000	0,00000	3,13088	17,00000	0,00000	0,00000
3,14325	17,00000	0,00000	0,00000	3,14325	13,00000	0,00000	0,00000
3,15563	15,00000	0,00000	0,00000	3,15563	16,00000	0,00000	0,00000
3,16800	15,00000	0,00000	0,00000	3,16800	16,00000	0,00000	0,00000
3,18038	16,00000	0,00000	0,00000	3,18038	16,00000	0,00000	0,00000
3,19275	16,00000	0,00000	0,00000	3,19275	15,00000	0,00000	0,00000
3,20513	16,00000	0,00000	0,00000	3,20513	13,00000	0,00000	0,00000
3,21750	16,00000	0,00000	0,00000	3,21750	12,00000	0,00000	0,00000
3,22988	12,00000	0,00000	0,00000	3,22988	12,00000	0,00000	0,00000
3,24225	13,00000	0,00000	0,00000	3,24225	12,00000	0,00000	0,00000
3,25463	16,00000	0,00000	0,00000	3,25463	13,00000	0,00000	0,00000
3,26700	16,00000	0,00000	0,00000	3,26700	12,00000	0,00000	0,00000
3,27938	16,00000	0,00000	0,00000	3,27938	15,00000	0,00000	0,00000
3,29175	13,00000	0,00000	0,00000	3,29175	12,00000	0,00000	0,00000
3,30412	13,00000	0,00000	0,00000	3,30413	12,00000	0,00000	0,00000
3,31650	16,00000	0,00000	0,00000	3,31650	16,00000	0,00000	0,00000
3,32888	13,00000	0,00000	0,00000	3,32888	15,00000	0,00000	0,00000
3,34125	11,00000	0,00000	0,00000	3,34125	13,00000	0,00000	0,00000
3,35363	16,00000	0,00000	0,00000	3,35363	13,00000	0,00000	0,00000
3,36600	19,00000	0,00000	0,00000	3,36600	12,00000	0,00000	0,00000
3,37838	17,00000	0,00000	0,00000	3,37838	15,00000	0,00000	0,00000
3,39075	15,00000	0,00000	0,00000	3,39075	13,00000	0,00000	0,00000
3,40313	13,00000	0,00000	0,00000	3,40313	13,00000	0,00000	0,00000
3,41550	13,00000	0,00000	0,00000	3,41550	13,00000	0,00000	0,00000
3,42788	15,00000	0,00000	0,00000	3,42788	12,00000	0,00000	0,00000
3,44025	13,00000	0,00000	0,00000	3,44025	12,00000	0,00000	0,00000
3,45263	13,00000	0,00000	0,00000	3,45263	11,00000	0,00000	0,00000
3,46500	16,00000	0,00000	0,00000	3,46500	16,00000	0,00000	0,00000
3,47738	17,00000	0,00000	0,00000	3,47738	15,00000	0,00000	0,00000
3,48975	16,00000	0,00000	0,00000	3,48975	15,00000	0,00000	0,00000
3,50213	16,00000	0,00000	0,00000	3,50213	15,00000	0,00000	0,00000
3,51450	13,00000	0,00000	0,00000	3,51450	13,00000	0,00000	0,00000
3,52687	13,00000	0,00000	0,00000	3,52688	15,00000	0,00000	0,00000
3,53925	17,00000	0,00000	0,00000	3,53925	15,00000	0,00000	0,00000
3,55163	17,00000	0,00000	0,00000	3,55163	13,00000	0,00000	0,00000
3,56400	13,00000	0,00000	0,00000	3,56400	13,00000	0,00000	0,00000
3,57638	13,00000	0,00000	0,00000	3,57638	15,00000	0,00000	0,00000
3,58875	13,00000	0,00000	0,00000	3,58875	11,00000	0,00000	0,00000
3,60113	17,00000	0,00000	0,00000	3,60113	16,00000	0,00000	0,00000
3,61350	17,00000	0,00000	0,00000	3,61350	15,00000	0,00000	0,00000
3,62588	16,00000	0,00000	0,00000	3,62588	16,00000	0,00000	0,00000
3,63825	12,00000	0,00000	0,00000	3,63825	15,00000	0,00000	0,00000
3,65063	12,00000	0,00000	0,00000	3,65063	13,00000	0,00000	0,00000
3,66300	15,00000	0,00000	0,00000	3,66300	12,00000	0,00000	0,00000
3,67538	16,00000	0,00000	0,00000	3,67538	16,00000	0,00000	0,00000
3,68775	16,00000	0,00000	0,00000	3,68775	12,00000	0,00000	0,00000
3,70013	16,00000	0,00000	0,00000	3,70013	13,00000	0,00000	0,00000
3,71250	16,00000	0,00000	0,00000	3,71250	16,00000	0,00000	0,00000
3,72488	16,00000	0,00000	0,00000	3,72488	16,00000	0,00000	0,00000
3,73725	16,00000	0,00000	0,00000	3,73725	12,00000	0,00000	0,00000
3,74962	13,00000	0,00000	0,00000	3,74963	15,00000	0,00000	0,00000
3,76200	13,00000	0,00000	0,00000	3,76200	12,00000	0,00000	0,00000
3,77438	13,00000	0,00000	0,00000	3,77438	13,00000	0,00000	0,00000
3,78675	16,00000	0,00000	0,00000	3,78675	12,00000	0,00000	0,00000
3,79913	16,00000	0,00000	0,00000	3,79913	16,00000	0,00000	0,00000
3,81150	16,00000	0,00000	0,00000	3,81150	15,00000	0,00000	0,00000
3,82388	16,00000	0,00000	0,00000	3,82388	13,00000	0,00000	0,00000
3,83625	16,00000	0,00000	0,00000	3,83625	16,00000	0,00000	0,00000
3,84863	16,00000	0,00000	0,00000	3,84863	13,00000	0,00000	0,00000
3,86100	16,00000	0,00000	0,00000	3,86100	15,00000	0,00000	0,00000
3,87338	16,00000	0,00000	0,00000	3,87338	16,00000	0,00000	0,00000
3,88575	16,00000	0,00000	0,00000	3,88575	12,00000	0,00000	0,00000
3,89813	16,00000	0,00000	0,00000	3,89813	16,00000	0,00000	0,00000
3,91050	16,00000	0,00000	0,00000	3,91050	12,00000	0,00000	0,00000
3,92288	16,00000	0,00000	0,00000	3,92288	13,00000	0,00000	0,00000
3,93525	16,00000	0,00000	0,00000	3,93525	12,00000	0,00000	0,00000
3,94763	16,00000	0,00000	0,00000	3,94763	15,00000	0,00000	0,00000
3,96000	16,00000	0,00000	0,00000	3,96000	12,00000	0,00000	0,00000
3,97237	16,00000	0,00000	0,00000	3,97238	16,00000	0,00000	0,00000
3,98475	16,00000	0,00000	0,00000	3,98475	12,00000	0,00000	0,00000
3,99713	15,00000	0,00000	0,00000	3,99713	16,00000	0,00000	0,00000
4,00950	12,00000	0,00000	0,00000	4,00950	12,00000	0,00000	0,00000
4,02188	12,00000	0,00000	0,00000	4,02188	15,00000	0,00000	0,00000
4,03425	16,00000	0,00000	0,00000	4,03425	15,00000	0,00000	0,00000
4,04663	16,00000	0,00000	0,00000	4,04663	13,00000	0,00000	0,00000
4,05900	15,00000	0,00000	0,00000	4,05900	12,00000	0,00000	0,00000
4,07138	17,00000	0,00000	0,00000	4,07138	13,00000	0,00000	0,00000
4,08375	17,00000	0,00000	0,00000	4,08375	12,00000	0,00000	0,00000
4,09612	17,00000	0,00000	0,00000	4,09613	15,00000	0,00000	0,00000
4,10850	17,00000	0,00000	0,00000	4,10850	15,00000	0,00000	0,00000
4,12087	17,00000	0,00000	0,00000	4,12088	16,00000	0,00000	0,00000
4,13325	16,00000	0,00000	0,00000	4,13325	16,00000	0,00000	0,00000
4,14562	11,00000	0,00000	0,00000	4,14563	15,00000	0,00000	0,00000
4,15800	13,00000	0,00000	0,00000	4,15800	13,00000	0,00000	0,00000
4,17037	17,00000	0,00000	0,00000	4,17038	16,00000	0,00000	0,00000
4,18275	18,00000	0,00000	0,00000	4,18275	15,00000	0,00000	0,00000
4,19512	16,00000	0,00000	0,00000	4,19513	16,00000	0,00000	0,00000
4,20750	16,00000	0,00000	0,00000	4,20750	15,00000	0,00000	0,00000
4,21988	18,00000	0,00000	0,00000	4,21988	16,00000	0,00000	0,00000
4,23225	17,00000	0,00000	0,00000	4,23225	13,00000	0,00000	0,00000
4,24463	17,00000	0,00000	0,00000	4,24463	15,00000	0,00000	0,00000
4,25700	22,00000	0,00000	0,00000	4,25700	13,00000	0,00000	0,00000
4,26938	23,00000	0,00000	0,00000	4,26938	15,00000	0,00000	0,00000
4,28175	20,00000	0,00000	0,00000	4,28175	16,00000	0,00000	0,00000
4,29413	20,00000	0,00000	0,00000	4,29413	12,00000	0,00000	0,00000
4,30650	22,00000	0,00000	0,00000	4,30650	16,00000	0,00000	0,00000
4,31888	25,00000	0,00000	0,00000	4,31888	15,00000	0,00000	0,00000
4,33125	27,00000	0,00000	0,00000	4,33125	13,00000	0,00000	0,00000
4,34363	32,00000	0,00000	0,00000	4,34363	12,00000	0,00000	0,00000
4,35600	34,00000	0,00000	0,00000	4,35600	12,00000	0,00000	0,00000
4,36838	40,00000	0,00000	0,00000	4,36838	16,00000	0,00000	0,00000
4,38075	52,00000	0,00000	0,00000	4,38075	15,00000	0,00000	0,00000
4,39313	64,00000	0,00000	0,00000	4,39313	15,00000	0,00000	0,00000
4,40550	76,00000	0,00000	0,00000	4,40550	15,00000	0,00000	0,00000
4,41788	88,00000	0,00000	0,00000	4,41788	15,00000	0,00000	0,00000
4,43025	96,00000	0,00000	0,00000	4,43025	16,00000	0,00000	0,00000
4,44263	107,00000	0,00000	0,00000	4,44263	15,00000	0,00000	0,00000
4,45500	122,00000	0,00000	0,00000	4,45500	13,00000	0,00000	0,00000
4,46738	138,00000	0,00000	0,00000	4,46738	12,00000	0,00000	0,00000
4,47975	153,00000	0,00000	0,00000	4,47975	16,00000	0,00000	0,00000
4,49213	165,00000	0,00000	0,00000	4,49213	15,00000	0,00000	0,00000
4,50450	173,00000	0,00000	0,00000	4,50450	16,00000	0,00000	0,00000
4,51688	182,00000	0,00000	0,00000	4,51688	16,00000	0,00000	0,00000
4,52925	187,00000	0,00000	0,00000	4,52925	15,00000	0,00000	0,00000
4,54162	189,00000	0,00000	0,00000	4,54163	16,00000	0,00000	0,00000
4,55400	195,00000	0,00000	0,00000	4,55400	15,00000	0,00000	0,00000
4,56637	203,00000	0,00000	0,00000	4,56638	16,00000	0,00000	0,00000
4,57875	209,00000	0,00000	0,00000	4,57875	12,00000	0,00000	0,00000
4,59112	214,00000	0,00000	0,00000	4,59113	16,00000	0,00000	0,00000
4,60350	208,00000	0,00000	0,00000	4,60350	15,00000	0,00000	0,00000
4,61587	196,00000	0,00000	0,00000	4,61588	13,00000	0,00000	0,00000
4,62825	182,00000	0,00000	0,00000	4,62825	13,00000	0,00000	0,00000
4,64063	168,00000	0,00000	0,00000	4,64063	15,00000	0,00000	0,00000
4,65300	158,00000	0,00000	0,00000	4,65300	16,00000	0,00000	0,00000
4,66538	144,00000	0,00000	0,00000	4,66538	15,00000	0,00000	0,00000
4,67775	126,00000	0,00000	0,00000	4,67775	13,00000	0,00000	0,00000
4,69013	111,00000	0,00000	0,00000	4,69013	12,00000	0,00000	0,00000
4,70250	100,00000	0,00000	0,00000	4,70250	12,00000	0,00000	0,00000
4,71488	88,00000	0,00000	0,00000	4,71488	13,00000	0,00000	0,00000
4,72725	69,00000	0,00000	0,00000	4,72725	11,00000	0,00000	0,00000
4,73963	53,00000	0,00000	0,00000	4,73963	13,00000	0,00000	0,00000
4,75200	41,00000	0,00000	0,00000	4,75200	13,00000	0,00000	0,00000
4,76438	32,00000	0,00000	0,00000	4,76438	15,00000	0,00000	0,00000
4,77675	24,00000	0,00000	0,00000	4,77675	13,00000	0,00000	0,00000
4,78913	22,00000	0,00000	0,00000	4,78913	15,00000	0,00000	0,00000
4,80150	18,00000	0,00000	0,00000	4,80150	15,00000	0,00000	0,00000
4,81388	17,00000	0,00000	0,00000	4,81388	12,00000	0,00000	0,00000
4,82625	16,00000	0,00000	0,00000	4,82625	12,00000	0,00000	0,00000
4,83863	15,00000	0,00000	0,00000	4,83863	13,00000	0,00000	0,00000
4,85100	15,00000	0,00000	0,00000	4,85100	13,00000	0,00000	0,00000
4,86338	18,00000	0,00000	0,00000	4,86338	12,00000	0,00000	0,00000
4,87575	18,00000	0,00000	0,00000	4,87575	12,00000	0,00000	0,00000
4,88813	18,00000	0,00000	0,00000	4,88813	12,00000	0,00000	0,00000
4,90050	16,00000	0,00000	0,00000	4,90050	16,00000	0,00000	0,00000
4,91288	17,00000	0,00000	0,00000	4,91288	11,00000	0,00000	0,00000
4,92525	17,00000	0,00000	0,00000	4,92525	16,00000	0,00000	0,00000
4,93763	13,00000	0,00000	0,00000	4,93763	12,00000	0,00000	0,00000
4,95000	15,00000	0,00000	0,00000	4,95000	15,00000	0,00000	0,00000
4,96238	12,00000	0,00000	0,00000	4,96238	15,00000	0,00000	0,00000
4,97475	12,00000	0,00000	0,00000	4,97475	12,00000	0,00000	0,00000
4,98712	16,00000	0,00000	0,00000	4,98713	16,00000	0,00000	0,00000
4,99950	16,00000	0,00000	0,00000	4,99950	16,00000	0,00000	0,00000
5,01187	16,00000	0,00000	0,00000	5,01188	15,00000	0,00000	0,00000
5,02425	13,00000	0,00000	0,00000	5,02425	12,00000	0,00000	0,00000
5,03662	13,00000	0,00000	0,00000	5,03663	15,00000	0,00000	0,00000
5,04900	13,00000	0,00000	0,00000	5,04900	15,00000	0,00000	0,00000
5,06137	16,00000	0,00000	0,00000	5,06138	15,00000	0,00000	0,00000
5,07375	15,00000	0,00000	0,00000	5,07375	12,00000	0,00000	0,00000
5,08613	17,00000	0,00000	0,00000	5,08613	13,00000	0,00000	0,00000
5,09850	17,00000	0,00000	0,00000	5,09850	13,00000	0,00000	0,00000
5,11088	18,00000	0,00000	0,00000	5,11088	13,00000	0,00000	0,00000
5,12325	16,00000	0,00000	0,00000	5,12325	17,00000	0,00000	0,00000
5,13563	16,00000	0,00000	0,00000	5,13563	13,00000	0,00000	0,00000
5,14800	17,00000	0,00000	0,00000	5,14800	15,00000	0,00000	0,00000
5,16038	17,00000	0,00000	0,00000	5,16038	13,00000	0,00000	0,00000
5,17275	17,00000	0,00000	0,00000	5,17275	12,00000	0,00000	0,00000
5,18513	17,00000	0,00000	0,00000	5,18513	13,00000	0,00000	0,00000
5,19750	15,00000	0,00000	0,00000	5,19750	12,00000	0,00000	0,00000
5,20988	16,00000	0,00000	0,00000	5,20988	13,00000	0,00000	0,00000
5,22225	16,00000	0,00000	0,00000	5,22225	12,00000	0,00000	0,00000
5,23463	13,00000	0,00000	0,00000	5,23463	15,00000	0,00000	0,00000
5,24700	13,00000	0,00000	0,00000	5,24700	15,00000	0,00000	0,00000
5,25938	16,00000	0,00000	0,00000	5,25938	15,00000	0,00000	0,00000
5,27175	17,00000	0,00000	0,00000	5,27175	15,00000	0,00000	0,00000
5,28413	17,00000	0,00000	0,00000	5,28413	15,00000	0,00000	0,00000
5,29650	17,00000	0,00000	0,00000	5,29650	15,00000	0,00000	0,00000
5,30888	17,00000	0,00000	0,00000	5,30888	16,00000	0,00000	0,00000
5,32125	15,00000	0,00000	0,00000	5,32125	12,00000	0,00000	0,00000
5,33363	15,00000	0,00000	0,00000	5,33363	15,00000	0,00000	0,00000
5,34600	17,00000	0,00000	0,00000	5,34600	12,00000	0,00000	0,00000
5,35838	15,00000	0,00000	0,00000	5,35838	15,00000	0,00000	0,00000
5,37075	15,00000	0,00000	0,00000	5,37075	13,00000	0,00000	0,00000
5,38313	16,00000	0,00000	0,00000	5,38313	15,00000	0,00000	0,00000
5,39550	16,00000	0,00000	0,00000	5,39550	11,00000	0,00000	0,00000
5,40788	13,00000	0,00000	0,00000	5,40788	13,00000	0,00000	0,00000
5,42025	13,00000	0,00000	0,00000	5,42025	12,00000	0,00000	0,00000
5,43262	16,00000	0,00000	0,00000	5,43263	16,00000	0,00000	0,00000
5,44500	17,00000	0,00000	0,00000	5,44500	12,00000	0,00000	0,00000
5,45737	13,00000	0,00000	0,00000	5,45738	15,00000	0,00000	0,00000
5,46975	13,00000	0,00000	0,00000	5,46975	12,00000	0,00000	0,00000
5,48212	13,00000	0,00000	0,00000	5,48213	13,00000	0,00000	0,00000
5,49450	16,00000	0,00000	0,00000	5,49450	12,00000	0,00000	0,00000
5,50687	16,00000	0,00000	0,00000	5,50688	16,00000	0,00000	0,00000
5,51925	15,00000	0,00000	0,00000	5,51925	16,00000	0,00000	0,00000
5,53163	17,00000	0,00000	0,00000	5,53163	12,00000	0,00000	0,00000
5,54400	15,00000	0,00000	0,00000	5,54400	12,00000	0,00000	0,00000
5,55638	15,00000	0,00000	0,00000	5,55638	13,00000	0,00000	0,00000
5,56875	16,00000	0,00000	0,00000	5,56875	12,00000	0,00000	0,00000
5,58113	16,00000	0,00000	0,00000	5,58113	13,00000	0,00000	0,00000
5,59350	16,00000	0,00000	0,00000	5,59350	12,00000	0,00000	0,00000
5,60588	16,00000	0,00000	0,00000	5,60588	13,00000	0,00000	0,00000
5,61825	16,00000	0,00000	0,00000	5,61825	15,00000	0,00000	0,00000
5,63063	16,00000	0,00000	0,00000	5,63063	16,00000	0,00000	0,00000
5,64300	16,00000	0,00000	0,00000	5,64300	12,00000	0,00000	0,00000
5,65538	16,00000	0,00000	0,00000	5,65538	15,00000	0,00000	0,00000
5,66775	16,00000	0,00000	0,00000	5,66775	15,00000	0,00000	0,00000
5,68013	15,00000	0,00000	0,00000	5,68013	12,00000	0,00000	0,00000
5,69250	15,00000	0,00000	0,00000	5,69250	12,00000	0,00000	0,00000
5,70488	17,00000	0,00000	0,00000	5,70488	15,00000	0,00000	0,00000
5,71725	17,00000	0,00000	0,00000	5,71725	15,00000	0,00000	0,00000
5,72963	17,00000	0,00000	0,00000	5,72963	15,00000	0,00000	0,00000
5,74200	15,00000	0,00000	0,00000	5,74200	12,00000	0,00000	0,00000
5,75438	16,00000	0,00000	0,00000	5,75438	15,00000	0,00000	0,00000
5,76675	13,00000	0,00000	0,00000	5,76675	15,00000	0,00000	0,00000
5,77913	13,00000	0,00000	0,00000	5,77913	12,00000	0,00000	0,00000
5,79150	16,00000	0,00000	0,00000	5,79150	16,00000	0,00000	0,00000
5,80388	16,00000	0,00000	0,00000	5,80388	13,00000	0,00000	0,00000
5,81625	16,00000	0,00000	0,00000	5,81625	12,00000	0,00000	0,00000
5,82863	15,00000	0,00000	0,00000	5,82863	15,00000	0,00000	0,00000
5,84100	12,00000	0,00000	0,00000	5,84100	15,00000	0,00000	0,00000
5,85338	12,00000	0,00000	0,00000	5,85338	16,00000	0,00000	0,00000
5,86575	15,00000	0,00000	0,00000	5,86575	11,00000	0,00000	0,00000
5,87813	16,00000	0,00000	0,00000	5,87813	15,00000	0,00000	0,00000
5,89050	13,00000	0,00000	0,00000	5,89050	12,00000	0,00000	0,00000
5,90287	15,00000	0,00000	0,00000	5,90288	15,00000	0,00000	0,00000
5,91525	15,00000	0,00000	0,00000	0,00000	16,00000	0,00000	0,00000
5,92762	12,00000	0,00000	0,00000	0,00000	9,00000	0,00000	0,00000
5,94000	12,00000	0,00000	0,00000	0,00000	0,00000	0,00000	0,00000
5,95237	15,00000	0,00000	0,00000	0,00000	0,00000	0,00000	0,00000
5,96475	16,00000	0,00000	0,00000	0,00000	0,00000	0,00000	0,00000
5,97713	16,00000	0,00000	0,00000	0,00000	0,00000	0,00000	0,00000
5,98950	16,00000	0,00000	0,00000	0,00000	0,00000	0,00000	0,00000
6,00188	16,00000	0,00000	0,00000	0,00000	0,00000	0,00000	0,00000
6,01425	13,00000	0,00000	0,00000	0,00000	0,00000	0,00000	0,00000
6,02663	13,00000	0,00000	0,00000	0,00000	0,00000	0,00000	0,00000
6,03900	16,00000	0,00000	0,00000	0,00000	0,00000	0,00000	0,00000
6,05138	16,00000	0,00000	0,00000	0,00000	0,00000	0,00000	0,00000
6,06375	16,00000	0,00000	0,00000	0,00000	0,00000	0,00000	0,00000
6,07613	16,00000	0,00000	0,00000	0,00000	0,00000	0,00000	0,00000
6,08850	16,00000	0,00000	0,00000	0,00000	0,00000	0,00000	0,00000
6,10088	16,00000	0,00000	0,00000	0,00000	0,00000	0,00000	0,00000
6,11325	16,00000	0,00000	0,00000	0,00000	0,00000	0,00000	0,00000
6,12563	16,00000	0,00000	0,00000	0,00000	0,00000	0,00000	0,00000
6,13800	16,00000	0,00000	0,00000	0,00000	0,00000	0,00000	0,00000
6,15038	16,00000	0,00000	0,00000	0,00000	0,00000	0,00000	0,00000
6,16275	16,00000	0,00000	0,00000	0,00000	0,00000	0,00000	0,00000
6,17513	16,00000	0,00000	0,00000	0,00000	0,00000	0,00000	0,00000
6,18750	16,00000	0,00000	0,00000	0,00000	0,00000	0,00000	0,00000
6,19988	16,00000	0,00000	0,00000	0,00000	0,00000	0,00000	0,00000
6,21225	16,00000	0,00000	0,00000	0,00000	0,00000	0,00000	0,00000
6,22463	16,00000	0,00000	0,00000	0,00000	0,00000	0,00000	0,00000
6,23700	13,00000	0,00000	0,00000	0,00000	0,00000	0,00000	0,00000
6,24938	13,00000	0,00000	0,00000	0,00000	0,00000	0,00000	0,00000
6,26175	13,00000	0,00000	0,00000	0,00000	0,00000	0,00000	0,00000
6,27413	13,00000	0,00000	0,00000	0,00000	0,00000	0,00000	0,00000
6,28650	16,00000	0,00000	0,00000	0,00000	0,00000	0,00000	0,00000
6,29888	16,00000	0,00000	0,00000	0,00000	0,00000	0,00000	0,00000
6,31125	12,00000	0,00000	0,00000	0,00000	0,00000	0,00000	0,00000
6,32363	12,00000	0,00000	0,00000	0,00000	0,00000	0,00000	0,00000
6,33600	16,00000	0,00000	0,00000	0,00000	0,00000	0,00000	0,00000
6,34837	16,00000	0,00000	0,00000	0,00000	0,00000	0,00000	0,00000
6,36075	16,00000	0,00000	0,00000	0,00000	0,00000	0,00000	0,00000
6,37312	16,00000	0,00000	0,00000	0,00000	0,00000	0,00000	0,00000
6,38550	16,00000	0,00000	0,00000	0,00000	0,00000	0,00000	0,00000
6,39787	15,00000	0,00000	0,00000	0,00000	0,00000	0,00000	0,00000
6,41025	12,00000	0,00000	0,00000	0,00000	0,00000	0,00000	0,00000
6,42263	12,00000	0,00000	0,00000	0,00000	0,00000	0,00000	0,00000
6,43500	15,00000	0,00000	0,00000	0,00000	0,00000	0,00000	0,00000
6,44738	16,00000	0,00000	0,00000	0,00000	0,00000	0,00000	0,00000
6,45975	13,00000	0,00000	0,00000	0,00000	0,00000	0,00000	0,00000
6,47213	13,00000	0,00000	0,00000	0,00000	0,00000	0,00000	0,00000
6,48450	13,00000	0,00000	0,00000	0,00000	0,00000	0,00000	0,00000
6,49688	16,00000	0,00000	0,00000	0,00000	0,00000	0,00000	0,00000
6,50925	16,00000	0,00000	0,00000	0,00000	0,00000	0,00000	0,00000
6,52163	13,00000	0,00000	0,00000	0,00000	0,00000	0,00000	0,00000
6,53400	13,00000	0,00000	0,00000	0,00000	0,00000	0,00000	0,00000
6,54638	13,00000	0,00000	0,00000	0,00000	0,00000	0,00000	0,00000
6,55875	16,00000	0,00000	0,00000	0,00000	0,00000	0,00000	0,00000
6,57113	17,00000	0,00000	0,00000	0,00000	0,00000	0,00000	0,00000
6,58350	15,00000	0,00000	0,00000	0,00000	0,00000	0,00000	0,00000
6,59588	16,00000	0,00000	0,00000	0,00000	0,00000	0,00000	0,00000
6,60825	16,00000	0,00000	0,00000	0,00000	0,00000	0,00000	0,00000
6,62063	13,00000	0,00000	0,00000	0,00000	0,00000	0,00000	0,00000
6,63300	12,00000	0,00000	0,00000	0,00000	0,00000	0,00000	0,00000
6,64538	15,00000	0,00000	0,00000	0,00000	0,00000	0,00000	0,00000
6,65775	16,00000	0,00000	0,00000	0,00000	0,00000	0,00000	0,00000
6,67013	13,00000	0,00000	0,00000	0,00000	0,00000	0,00000	0,00000
6,68250	13,00000	0,00000	0,00000	0,00000	0,00000	0,00000	0,00000
6,69488	16,00000	0,00000	0,00000	0,00000	0,00000	0,00000	0,00000
6,70725	16,00000	0,00000	0,00000	0,00000	0,00000	0,00000	0,00000
6,71963	16,00000	0,00000	0,00000	0,00000	0,00000	0,00000	0,00000
6,73200	16,00000	0,00000	0,00000	0,00000	0,00000	0,00000	0,00000
6,74438	16,00000	0,00000	0,00000	0,00000	0,00000	0,00000	0,00000
6,75675	13,00000	0,00000	0,00000	0,00000	0,00000	0,00000	0,00000
6,76913	12,00000	0,00000	0,00000	0,00000	0,00000	0,00000	0,00000
6,78150	15,00000	0,00000	0,00000	0,00000	0,00000	0,00000	0,00000
6,79387	15,00000	0,00000	0,00000	0,00000	0,00000	0,00000	0,00000
6,80625	15,00000	0,00000	0,00000	0,00000	0,00000	0,00000	0,00000
6,81862	15,00000	0,00000	0,00000	0,00000	0,00000	0,00000	0,00000
6,83100	12,00000	0,00000	0,00000	0,00000	0,00000	0,00000	0,00000
6,84337	16,00000	0,00000	0,00000	0,00000	0,00000	0,00000	0,00000
6,85575	16,00000	0,00000	0,00000	0,00000	0,00000	0,00000	0,00000
6,86813	16,00000	0,00000	0,00000	0,00000	0,00000	0,00000	0,00000
6,88050	16,00000	0,00000	0,00000	0,00000	0,00000	0,00000	0,00000
6,89288	13,00000	0,00000	0,00000	0,00000	0,00000	0,00000	0,00000
6,90525	13,00000	0,00000	0,00000	0,00000	0,00000	0,00000	0,00000
6,91763	16,00000	0,00000	0,00000	0,00000	0,00000	0,00000	0,00000
6,93000	16,00000	0,00000	0,00000	0,00000	0,00000	0,00000	0,00000
6,94238	12,00000	0,00000	0,00000	0,00000	0,00000	0,00000	0,00000
6,95475	12,00000	0,00000	0,00000	0,00000	0,00000	0,00000	0,00000
6,96713	15,00000	0,00000	0,00000	0,00000	0,00000	0,00000	0,00000
6,97950	16,00000	0,00000	0,00000	0,00000	0,00000	0,00000	0,00000
6,99188	16,00000	0,00000	0,00000	0,00000	0,00000	0,00000	0,00000
7,00425	13,00000	0,00000	0,00000	0,00000	0,00000	0,00000	0,00000
7,01663	13,00000	0,00000	0,00000	0,00000	0,00000	0,00000	0,00000
7,02900	13,00000	0,00000	0,00000	0,00000	0,00000	0,00000	0,00000
7,04138	13,00000	0,00000	0,00000	0,00000	0,00000	0,00000	0,00000
7,05375	16,00000	0,00000	0,00000	0,00000	0,00000	0,00000	0,00000
7,06613	16,00000	0,00000	0,00000	0,00000	0,00000	0,00000	0,00000
7,07850	13,00000	0,00000	0,00000	0,00000	0,00000	0,00000	0,00000
7,09088	13,00000	0,00000	0,00000	0,00000	0,00000	0,00000	0,00000
7,10325	13,00000	0,00000	0,00000	0,00000	0,00000	0,00000	0,00000
7,11563	16,00000	0,00000	0,00000	0,00000	0,00000	0,00000	0,00000
7,12800	16,00000	0,00000	0,00000	0,00000	0,00000	0,00000	0,00000
7,14038	17,00000	0,00000	0,00000	0,00000	0,00000	0,00000	0,00000
7,15275	16,00000	0,00000	0,00000	0,00000	0,00000	0,00000	0,00000
7,16513	13,00000	0,00000	0,00000	0,00000	0,00000	0,00000	0,00000
7,17750	13,00000	0,00000	0,00000	0,00000	0,00000	0,00000	0,00000
7,18988	16,00000	0,00000	0,00000	0,00000	0,00000	0,00000	0,00000
7,20225	16,00000	0,00000	0,00000	0,00000	0,00000	0,00000	0,00000
7,21463	16,00000	0,00000	0,00000	0,00000	0,00000	0,00000	0,00000
7,22700	16,00000	0,00000	0,00000	0,00000	0,00000	0,00000	0,00000
7,23938	16,00000	0,00000	0,00000	0,00000	0,00000	0,00000	0,00000
7,25175	16,00000	0,00000	0,00000	0,00000	0,00000	0,00000	0,00000
7,26412	16,00000	0,00000	0,00000	0,00000	0,00000	0,00000	0,00000
7,27650	16,00000	0,00000	0,00000	0,00000	0,00000	0,00000	0,00000
7,28887	16,00000	0,00000	0,00000	0,00000	0,00000	0,00000	0,00000
7,30125	13,00000	0,00000	0,00000	0,00000	0,00000	0,00000	0,00000
7,31363	15,00000	0,00000	0,00000	0,00000	0,00000	0,00000	0,00000
7,32600	12,00000	0,00000	0,00000	0,00000	0,00000	0,00000	0,00000
7,33838	12,00000	0,00000	0,00000	0,00000	0,00000	0,00000	0,00000
7,35075	12,00000	0,00000	0,00000	0,00000	0,00000	0,00000	0,00000
7,36313	12,00000	0,00000	0,00000	0,00000	0,00000	0,00000	0,00000
7,37550	16,00000	0,00000	0,00000	0,00000	0,00000	0,00000	0,00000
7,38788	16,00000	0,00000	0,00000	0,00000	0,00000	0,00000	0,00000
7,40025	16,00000	0,00000	0,00000	0,00000	0,00000	0,00000	0,00000
7,41263	16,00000	0,00000	0,00000	0,00000	0,00000	0,00000	0,00000
7,42500	16,00000	0,00000	0,00000	0,00000	0,00000	0,00000	0,00000
7,43738	13,00000	0,00000	0,00000	0,00000	0,00000	0,00000	0,00000
7,44975	16,00000	0,00000	0,00000	0,00000	0,00000	0,00000	0,00000
7,46213	16,00000	0,00000	0,00000	0,00000	0,00000	0,00000	0,00000
7,47450	13,00000	0,00000	0,00000	0,00000	0,00000	0,00000	0,00000
7,48688	13,00000	0,00000	0,00000	0,00000	0,00000	0,00000	0,00000
7,49925	13,00000	0,00000	0,00000	0,00000	0,00000	0,00000	0,00000
7,51163	16,00000	0,00000	0,00000	0,00000	0,00000	0,00000	0,00000
7,52400	17,00000	0,00000	0,00000	0,00000	0,00000	0,00000	0,00000
7,53638	17,00000	0,00000	0,00000	0,00000	0,00000	0,00000	0,00000
7,54875	16,00000	0,00000	0,00000	0,00000	0,00000	0,00000	0,00000
7,56113	13,00000	0,00000	0,00000	0,00000	0,00000	0,00000	0,00000
7,57350	12,00000	0,00000	0,00000	0,00000	0,00000	0,00000	0,00000
7,58588	12,00000	0,00000	0,00000	0,00000	0,00000	0,00000	0,00000
7,59825	15,00000	0,00000	0,00000	0,00000	0,00000	0,00000	0,00000
7,61063	16,00000	0,00000	0,00000	0,00000	0,00000	0,00000	0,00000
7,62300	16,00000	0,00000	0,00000	0,00000	0,00000	0,00000	0,00000
7,63538	12,00000	0,00000	0,00000	0,00000	0,00000	0,00000	0,00000
7,64775	13,00000	0,00000	0,00000	0,00000	0,00000	0,00000	0,00000
7,66013	16,00000	0,00000	0,00000	0,00000	0,00000	0,00000	0,00000
7,67250	16,00000	0,00000	0,00000	0,00000	0,00000	0,00000	0,00000
7,68488	16,00000	0,00000	0,00000	0,00000	0,00000	0,00000	0,00000
7,69725	13,00000	0,00000	0,00000	0,00000	0,00000	0,00000	0,00000
7,70962	12,00000	0,00000	0,00000	0,00000	0,00000	0,00000	0,00000
7,72200	15,00000	0,00000	0,00000	0,00000	0,00000	0,00000	0,00000
7,73438	15,00000	0,00000	0,00000	0,00000	0,00000	0,00000	0,00000
7,74675	12,00000	0,00000	0,00000	0,00000	0,00000	0,00000	0,00000
7,75913	15,00000	0,00000	0,00000	0,00000	0,00000	0,00000	0,00000
7,77150	15,00000	0,00000	0,00000	0,00000	0,00000	0,00000	0,00000
7,78388	15,00000	0,00000	0,00000	0,00000	0,00000	0,00000	0,00000
7,79625	12,00000	0,00000	0,00000	0,00000	0,00000	0,00000	0,00000
7,80863	12,00000	0,00000	0,00000	0,00000	0,00000	0,00000	0,00000
7,82100	18,00000	0,00000	0,00000	0,00000	0,00000	0,00000	0,00000
7,83338	16,00000	0,00000	0,00000	0,00000	0,00000	0,00000	0,00000
7,84575	15,00000	0,00000	0,00000	0,00000	0,00000	0,00000	0,00000
7,85813	16,00000	0,00000	0,00000	0,00000	0,00000	0,00000	0,00000
7,87050	16,00000	0,00000	0,00000	0,00000	0,00000	0,00000	0,00000
7,88288	15,00000	0,00000	0,00000	0,00000	0,00000	0,00000	0,00000
0,00000	11,00000	0,00000	0,00000	0,00000	0,00000	0,00000	0,00000
0,00000	9,00000	0,00000	0,00000	0,00000	0,00000	0,00000	0,00000
