GRUPPE3_Greyline06.dat
04.10.2021
16:08:42
GRUPPE3

Gauss coefficients notation:
Amplitude
FWHM
Std.Abw.
[Fehler]
offset
BEAMCUT  LINES:

X H  in mm	Y H rel	Gauss fit H	H Gauss Coefficients	X V in mm	Y V rel	Gauss fit V	V Gauss Coefficientes
0,00000	16,00000	0,00000	0,00000	0,00000	16,00000	0,00000	0,00000
0,01238	16,00000	0,00000	0,00000	0,01238	15,00000	0,00000	0,00000
0,02475	15,00000	0,00000	0,00000	0,02475	15,00000	0,00000	0,00000
0,03713	17,00000	0,00000	0,00000	0,03713	12,00000	0,00000	0,00000
0,04950	15,00000	0,00000	0,00000	0,04950	15,00000	0,00000	0,00000
0,06187	15,00000	0,00000	0,00000	0,06188	13,00000	0,00000	0,00000
0,07425	16,00000	0,00000	0,00000	0,07425	16,00000	0,00000	0,00000
0,08663	16,00000	0,00000	0,00000	0,08663	13,00000	0,00000	0,00000
0,09900	15,00000	0,00000	0,00000	0,09900	12,00000	0,00000	0,00000
0,11138	15,00000	0,00000	0,00000	0,11138	15,00000	0,00000	0,00000
0,12375	17,00000	0,00000	0,00000	0,12375	15,00000	0,00000	0,00000
0,13612	16,00000	0,00000	0,00000	0,13613	17,00000	0,00000	0,00000
0,14850	13,00000	0,00000	0,00000	0,14850	16,00000	0,00000	0,00000
0,16088	13,00000	0,00000	0,00000	0,16088	16,00000	0,00000	0,00000
0,17325	13,00000	0,00000	0,00000	0,17325	16,00000	0,00000	0,00000
0,18563	16,00000	0,00000	0,00000	0,18563	16,00000	0,00000	0,00000
0,19800	17,00000	0,00000	0,00000	0,19800	16,00000	0,00000	0,00000
0,21038	17,00000	0,00000	0,00000	0,21038	15,00000	0,00000	0,00000
0,22275	15,00000	0,00000	0,00000	0,22275	16,00000	0,00000	0,00000
0,23513	15,00000	0,00000	0,00000	0,23513	15,00000	0,00000	0,00000
0,24750	16,00000	0,00000	0,00000	0,24750	11,00000	0,00000	0,00000
0,25988	16,00000	0,00000	0,00000	0,25988	15,00000	0,00000	0,00000
0,27225	16,00000	0,00000	0,00000	0,27225	13,00000	0,00000	0,00000
0,28463	16,00000	0,00000	0,00000	0,28463	16,00000	0,00000	0,00000
0,29700	16,00000	0,00000	0,00000	0,29700	12,00000	0,00000	0,00000
0,30938	16,00000	0,00000	0,00000	0,30938	16,00000	0,00000	0,00000
0,32175	15,00000	0,00000	0,00000	0,32175	16,00000	0,00000	0,00000
0,33413	15,00000	0,00000	0,00000	0,33413	15,00000	0,00000	0,00000
0,34650	17,00000	0,00000	0,00000	0,34650	16,00000	0,00000	0,00000
0,35887	17,00000	0,00000	0,00000	0,35888	15,00000	0,00000	0,00000
0,37125	15,00000	0,00000	0,00000	0,37125	17,00000	0,00000	0,00000
0,38362	17,00000	0,00000	0,00000	0,38363	18,00000	0,00000	0,00000
0,39600	17,00000	0,00000	0,00000	0,39600	16,00000	0,00000	0,00000
0,40838	15,00000	0,00000	0,00000	0,40838	17,00000	0,00000	0,00000
0,42075	15,00000	0,00000	0,00000	0,42075	16,00000	0,00000	0,00000
0,43313	16,00000	0,00000	0,00000	0,43313	15,00000	0,00000	0,00000
0,44550	16,00000	0,00000	0,00000	0,44550	13,00000	0,00000	0,00000
0,45788	16,00000	0,00000	0,00000	0,45788	16,00000	0,00000	0,00000
0,47025	16,00000	0,00000	0,00000	0,47025	13,00000	0,00000	0,00000
0,48263	13,00000	0,00000	0,00000	0,48263	15,00000	0,00000	0,00000
0,49500	16,00000	0,00000	0,00000	0,49500	13,00000	0,00000	0,00000
0,50738	16,00000	0,00000	0,00000	0,50738	17,00000	0,00000	0,00000
0,51975	17,00000	0,00000	0,00000	0,51975	17,00000	0,00000	0,00000
0,53213	15,00000	0,00000	0,00000	0,53213	18,00000	0,00000	0,00000
0,54450	15,00000	0,00000	0,00000	0,54450	16,00000	0,00000	0,00000
0,55688	17,00000	0,00000	0,00000	0,55688	17,00000	0,00000	0,00000
0,56925	18,00000	0,00000	0,00000	0,56925	16,00000	0,00000	0,00000
0,58163	18,00000	0,00000	0,00000	0,58163	17,00000	0,00000	0,00000
0,59400	16,00000	0,00000	0,00000	0,59400	17,00000	0,00000	0,00000
0,60637	16,00000	0,00000	0,00000	0,60638	15,00000	0,00000	0,00000
0,61875	17,00000	0,00000	0,00000	0,61875	17,00000	0,00000	0,00000
0,63113	17,00000	0,00000	0,00000	0,63113	15,00000	0,00000	0,00000
0,64350	17,00000	0,00000	0,00000	0,64350	16,00000	0,00000	0,00000
0,65587	17,00000	0,00000	0,00000	0,65588	15,00000	0,00000	0,00000
0,66825	17,00000	0,00000	0,00000	0,66825	16,00000	0,00000	0,00000
0,68063	15,00000	0,00000	0,00000	0,68063	17,00000	0,00000	0,00000
0,69300	16,00000	0,00000	0,00000	0,69300	17,00000	0,00000	0,00000
0,70538	16,00000	0,00000	0,00000	0,70538	17,00000	0,00000	0,00000
0,71775	13,00000	0,00000	0,00000	0,71775	17,00000	0,00000	0,00000
0,73013	13,00000	0,00000	0,00000	0,73013	17,00000	0,00000	0,00000
0,74250	16,00000	0,00000	0,00000	0,74250	17,00000	0,00000	0,00000
0,75488	16,00000	0,00000	0,00000	0,75488	17,00000	0,00000	0,00000
0,76725	16,00000	0,00000	0,00000	0,76725	15,00000	0,00000	0,00000
0,77963	16,00000	0,00000	0,00000	0,77963	17,00000	0,00000	0,00000
0,79200	16,00000	0,00000	0,00000	0,79200	13,00000	0,00000	0,00000
0,80438	16,00000	0,00000	0,00000	0,80438	17,00000	0,00000	0,00000
0,81675	16,00000	0,00000	0,00000	0,81675	13,00000	0,00000	0,00000
0,82913	16,00000	0,00000	0,00000	0,82913	15,00000	0,00000	0,00000
0,84150	13,00000	0,00000	0,00000	0,84150	15,00000	0,00000	0,00000
0,85388	13,00000	0,00000	0,00000	0,85388	15,00000	0,00000	0,00000
0,86625	16,00000	0,00000	0,00000	0,86625	17,00000	0,00000	0,00000
0,87862	16,00000	0,00000	0,00000	0,87863	15,00000	0,00000	0,00000
0,89100	16,00000	0,00000	0,00000	0,89100	17,00000	0,00000	0,00000
0,90338	13,00000	0,00000	0,00000	0,90338	15,00000	0,00000	0,00000
0,91575	12,00000	0,00000	0,00000	0,91575	17,00000	0,00000	0,00000
0,92813	13,00000	0,00000	0,00000	0,92813	13,00000	0,00000	0,00000
0,94050	16,00000	0,00000	0,00000	0,94050	15,00000	0,00000	0,00000
0,95288	17,00000	0,00000	0,00000	0,95288	16,00000	0,00000	0,00000
0,96525	17,00000	0,00000	0,00000	0,96525	15,00000	0,00000	0,00000
0,97763	16,00000	0,00000	0,00000	0,97763	15,00000	0,00000	0,00000
0,99000	13,00000	0,00000	0,00000	0,99000	15,00000	0,00000	0,00000
1,00238	13,00000	0,00000	0,00000	1,00238	16,00000	0,00000	0,00000
1,01475	17,00000	0,00000	0,00000	1,01475	17,00000	0,00000	0,00000
1,02713	17,00000	0,00000	0,00000	1,02713	17,00000	0,00000	0,00000
1,03950	17,00000	0,00000	0,00000	1,03950	16,00000	0,00000	0,00000
1,05188	15,00000	0,00000	0,00000	1,05188	17,00000	0,00000	0,00000
1,06425	15,00000	0,00000	0,00000	1,06425	16,00000	0,00000	0,00000
1,07662	16,00000	0,00000	0,00000	1,07663	15,00000	0,00000	0,00000
1,08900	16,00000	0,00000	0,00000	1,08900	16,00000	0,00000	0,00000
1,10137	16,00000	0,00000	0,00000	1,10138	15,00000	0,00000	0,00000
1,11375	16,00000	0,00000	0,00000	1,11375	16,00000	0,00000	0,00000
1,12613	15,00000	0,00000	0,00000	1,12613	16,00000	0,00000	0,00000
1,13850	15,00000	0,00000	0,00000	1,13850	15,00000	0,00000	0,00000
1,15088	17,00000	0,00000	0,00000	1,15088	15,00000	0,00000	0,00000
1,16325	17,00000	0,00000	0,00000	1,16325	13,00000	0,00000	0,00000
1,17563	16,00000	0,00000	0,00000	1,17563	13,00000	0,00000	0,00000
1,18800	13,00000	0,00000	0,00000	1,18800	13,00000	0,00000	0,00000
1,20037	13,00000	0,00000	0,00000	1,20038	15,00000	0,00000	0,00000
1,21275	13,00000	0,00000	0,00000	1,21275	15,00000	0,00000	0,00000
1,22513	16,00000	0,00000	0,00000	1,22513	13,00000	0,00000	0,00000
1,23750	16,00000	0,00000	0,00000	1,23750	16,00000	0,00000	0,00000
1,24988	17,00000	0,00000	0,00000	1,24988	13,00000	0,00000	0,00000
1,26225	15,00000	0,00000	0,00000	1,26225	16,00000	0,00000	0,00000
1,27463	15,00000	0,00000	0,00000	1,27463	17,00000	0,00000	0,00000
1,28700	16,00000	0,00000	0,00000	1,28700	13,00000	0,00000	0,00000
1,29938	16,00000	0,00000	0,00000	1,29938	16,00000	0,00000	0,00000
1,31175	13,00000	0,00000	0,00000	1,31175	13,00000	0,00000	0,00000
1,32412	13,00000	0,00000	0,00000	1,32413	15,00000	0,00000	0,00000
1,33650	16,00000	0,00000	0,00000	1,33650	17,00000	0,00000	0,00000
1,34888	17,00000	0,00000	0,00000	1,34888	16,00000	0,00000	0,00000
1,36125	15,00000	0,00000	0,00000	1,36125	15,00000	0,00000	0,00000
1,37363	16,00000	0,00000	0,00000	1,37363	16,00000	0,00000	0,00000
1,38600	16,00000	0,00000	0,00000	1,38600	16,00000	0,00000	0,00000
1,39838	13,00000	0,00000	0,00000	1,39838	13,00000	0,00000	0,00000
1,41075	13,00000	0,00000	0,00000	1,41075	16,00000	0,00000	0,00000
1,42312	17,00000	0,00000	0,00000	1,42313	13,00000	0,00000	0,00000
1,43550	17,00000	0,00000	0,00000	1,43550	16,00000	0,00000	0,00000
1,44788	15,00000	0,00000	0,00000	1,44788	17,00000	0,00000	0,00000
1,46025	15,00000	0,00000	0,00000	1,46025	15,00000	0,00000	0,00000
1,47263	17,00000	0,00000	0,00000	1,47263	17,00000	0,00000	0,00000
1,48500	13,00000	0,00000	0,00000	1,48500	16,00000	0,00000	0,00000
1,49738	13,00000	0,00000	0,00000	1,49738	17,00000	0,00000	0,00000
1,50975	16,00000	0,00000	0,00000	1,50975	16,00000	0,00000	0,00000
1,52213	16,00000	0,00000	0,00000	1,52213	16,00000	0,00000	0,00000
1,53450	16,00000	0,00000	0,00000	1,53450	16,00000	0,00000	0,00000
1,54688	16,00000	0,00000	0,00000	1,54688	16,00000	0,00000	0,00000
1,55925	16,00000	0,00000	0,00000	1,55925	15,00000	0,00000	0,00000
1,57163	15,00000	0,00000	0,00000	1,57163	16,00000	0,00000	0,00000
1,58400	15,00000	0,00000	0,00000	1,58400	17,00000	0,00000	0,00000
1,59638	17,00000	0,00000	0,00000	1,59638	16,00000	0,00000	0,00000
1,60875	16,00000	0,00000	0,00000	1,60875	16,00000	0,00000	0,00000
1,62113	13,00000	0,00000	0,00000	1,62113	13,00000	0,00000	0,00000
1,63350	13,00000	0,00000	0,00000	1,63350	16,00000	0,00000	0,00000
1,64587	13,00000	0,00000	0,00000	1,64588	16,00000	0,00000	0,00000
1,65825	16,00000	0,00000	0,00000	1,65825	13,00000	0,00000	0,00000
1,67063	17,00000	0,00000	0,00000	1,67063	16,00000	0,00000	0,00000
1,68300	15,00000	0,00000	0,00000	1,68300	13,00000	0,00000	0,00000
1,69538	15,00000	0,00000	0,00000	1,69538	16,00000	0,00000	0,00000
1,70775	16,00000	0,00000	0,00000	1,70775	16,00000	0,00000	0,00000
1,72013	16,00000	0,00000	0,00000	1,72013	16,00000	0,00000	0,00000
1,73250	16,00000	0,00000	0,00000	1,73250	16,00000	0,00000	0,00000
1,74488	16,00000	0,00000	0,00000	1,74488	15,00000	0,00000	0,00000
1,75725	16,00000	0,00000	0,00000	1,75725	15,00000	0,00000	0,00000
1,76963	16,00000	0,00000	0,00000	1,76963	13,00000	0,00000	0,00000
1,78200	16,00000	0,00000	0,00000	1,78200	15,00000	0,00000	0,00000
1,79438	16,00000	0,00000	0,00000	1,79438	16,00000	0,00000	0,00000
1,80675	13,00000	0,00000	0,00000	1,80675	17,00000	0,00000	0,00000
1,81913	13,00000	0,00000	0,00000	1,81913	15,00000	0,00000	0,00000
1,83150	16,00000	0,00000	0,00000	1,83150	15,00000	0,00000	0,00000
1,84388	16,00000	0,00000	0,00000	1,84388	15,00000	0,00000	0,00000
1,85625	15,00000	0,00000	0,00000	1,85625	15,00000	0,00000	0,00000
1,86862	17,00000	0,00000	0,00000	1,86863	13,00000	0,00000	0,00000
1,88100	16,00000	0,00000	0,00000	1,88100	17,00000	0,00000	0,00000
1,89338	13,00000	0,00000	0,00000	1,89338	16,00000	0,00000	0,00000
1,90575	13,00000	0,00000	0,00000	1,90575	16,00000	0,00000	0,00000
1,91813	16,00000	0,00000	0,00000	1,91813	13,00000	0,00000	0,00000
1,93050	16,00000	0,00000	0,00000	1,93050	16,00000	0,00000	0,00000
1,94288	16,00000	0,00000	0,00000	1,94288	15,00000	0,00000	0,00000
1,95525	16,00000	0,00000	0,00000	1,95525	16,00000	0,00000	0,00000
1,96763	16,00000	0,00000	0,00000	1,96763	13,00000	0,00000	0,00000
1,98000	16,00000	0,00000	0,00000	1,98000	16,00000	0,00000	0,00000
1,99238	16,00000	0,00000	0,00000	1,99238	16,00000	0,00000	0,00000
2,00475	15,00000	0,00000	0,00000	2,00475	16,00000	0,00000	0,00000
2,01713	15,00000	0,00000	0,00000	2,01713	16,00000	0,00000	0,00000
2,02950	17,00000	0,00000	0,00000	2,02950	15,00000	0,00000	0,00000
2,04188	17,00000	0,00000	0,00000	2,04188	13,00000	0,00000	0,00000
2,05425	17,00000	0,00000	0,00000	2,05425	16,00000	0,00000	0,00000
2,06663	17,00000	0,00000	0,00000	2,06663	13,00000	0,00000	0,00000
2,07900	17,00000	0,00000	0,00000	2,07900	15,00000	0,00000	0,00000
2,09138	17,00000	0,00000	0,00000	2,09138	17,00000	0,00000	0,00000
2,10375	17,00000	0,00000	0,00000	2,10375	17,00000	0,00000	0,00000
2,11613	17,00000	0,00000	0,00000	2,11613	17,00000	0,00000	0,00000
2,12850	17,00000	0,00000	0,00000	2,12850	16,00000	0,00000	0,00000
2,14088	16,00000	0,00000	0,00000	2,14088	16,00000	0,00000	0,00000
2,15325	13,00000	0,00000	0,00000	2,15325	16,00000	0,00000	0,00000
2,16562	13,00000	0,00000	0,00000	2,16563	16,00000	0,00000	0,00000
2,17800	13,00000	0,00000	0,00000	2,17800	16,00000	0,00000	0,00000
2,19037	16,00000	0,00000	0,00000	2,19038	16,00000	0,00000	0,00000
2,20275	16,00000	0,00000	0,00000	2,20275	17,00000	0,00000	0,00000
2,21513	13,00000	0,00000	0,00000	2,21513	16,00000	0,00000	0,00000
2,22750	17,00000	0,00000	0,00000	2,22750	17,00000	0,00000	0,00000
2,23988	16,00000	0,00000	0,00000	2,23988	16,00000	0,00000	0,00000
2,25225	15,00000	0,00000	0,00000	2,25225	16,00000	0,00000	0,00000
2,26463	15,00000	0,00000	0,00000	2,26463	16,00000	0,00000	0,00000
2,27700	17,00000	0,00000	0,00000	2,27700	16,00000	0,00000	0,00000
2,28938	17,00000	0,00000	0,00000	2,28938	16,00000	0,00000	0,00000
2,30175	15,00000	0,00000	0,00000	2,30175	18,00000	0,00000	0,00000
2,31413	15,00000	0,00000	0,00000	2,31413	16,00000	0,00000	0,00000
2,32650	17,00000	0,00000	0,00000	2,32650	18,00000	0,00000	0,00000
2,33888	17,00000	0,00000	0,00000	2,33888	16,00000	0,00000	0,00000
2,35125	17,00000	0,00000	0,00000	2,35125	18,00000	0,00000	0,00000
2,36363	17,00000	0,00000	0,00000	2,36363	19,00000	0,00000	0,00000
2,37600	15,00000	0,00000	0,00000	2,37600	17,00000	0,00000	0,00000
2,38837	15,00000	0,00000	0,00000	2,38838	17,00000	0,00000	0,00000
2,40075	16,00000	0,00000	0,00000	2,40075	18,00000	0,00000	0,00000
2,41312	17,00000	0,00000	0,00000	2,41313	18,00000	0,00000	0,00000
2,42550	13,00000	0,00000	0,00000	2,42550	19,00000	0,00000	0,00000
2,43788	13,00000	0,00000	0,00000	2,43788	22,00000	0,00000	0,00000
2,45025	13,00000	0,00000	0,00000	2,45025	20,00000	0,00000	0,00000
2,46263	13,00000	0,00000	0,00000	2,46263	18,00000	0,00000	0,00000
2,47500	16,00000	0,00000	0,00000	2,47500	24,00000	0,00000	0,00000
2,48738	16,00000	0,00000	0,00000	2,48738	24,00000	0,00000	0,00000
2,49975	16,00000	0,00000	0,00000	2,49975	25,00000	0,00000	0,00000
2,51213	16,00000	0,00000	0,00000	2,51213	27,00000	0,00000	0,00000
2,52450	13,00000	0,00000	0,00000	2,52450	29,00000	0,00000	0,00000
2,53688	13,00000	0,00000	0,00000	2,53688	32,00000	0,00000	0,00000
2,54925	16,00000	0,00000	0,00000	2,54925	37,00000	0,00000	0,00000
2,56163	16,00000	0,00000	0,00000	2,56163	41,00000	0,00000	0,00000
2,57400	16,00000	0,00000	0,00000	2,57400	50,00000	0,00000	0,00000
2,58638	13,00000	0,00000	0,00000	2,58638	48,00000	0,00000	0,00000
2,59875	15,00000	0,00000	0,00000	2,59875	55,00000	0,00000	0,00000
2,61112	15,00000	0,00000	0,00000	2,61113	59,00000	0,00000	0,00000
2,62350	12,00000	0,00000	0,00000	2,62350	66,00000	0,00000	0,00000
2,63587	16,00000	0,00000	0,00000	2,63588	65,00000	0,00000	0,00000
2,64825	16,00000	0,00000	0,00000	2,64825	75,00000	0,00000	0,00000
2,66063	17,00000	0,00000	0,00000	2,66063	79,00000	0,00000	0,00000
2,67300	17,00000	0,00000	0,00000	2,67300	93,00000	0,00000	0,00000
2,68538	15,00000	0,00000	0,00000	2,68538	95,00000	0,00000	0,00000
2,69775	16,00000	0,00000	0,00000	2,69775	104,00000	0,00000	0,00000
2,71013	13,00000	0,00000	0,00000	2,71013	103,00000	0,00000	0,00000
2,72250	15,00000	0,00000	0,00000	2,72250	108,00000	0,00000	0,00000
2,73488	17,00000	0,00000	0,00000	2,73488	110,00000	0,00000	0,00000
2,74725	17,00000	0,00000	0,00000	2,74725	115,00000	0,00000	0,00000
2,75963	15,00000	0,00000	0,00000	2,75963	114,00000	0,00000	0,00000
2,77200	15,00000	0,00000	0,00000	2,77200	110,00000	0,00000	0,00000
2,78438	15,00000	0,00000	0,00000	2,78438	108,00000	0,00000	0,00000
2,79675	17,00000	0,00000	0,00000	2,79675	105,00000	0,00000	0,00000
2,80913	17,00000	0,00000	0,00000	2,80913	102,00000	0,00000	0,00000
2,82150	17,00000	0,00000	0,00000	2,82150	96,00000	0,00000	0,00000
2,83387	17,00000	0,00000	0,00000	2,83388	89,00000	0,00000	0,00000
2,84625	17,00000	0,00000	0,00000	2,84625	80,00000	0,00000	0,00000
2,85862	15,00000	0,00000	0,00000	2,85863	74,00000	0,00000	0,00000
2,87100	16,00000	0,00000	0,00000	2,87100	71,00000	0,00000	0,00000
2,88338	13,00000	0,00000	0,00000	2,88338	67,00000	0,00000	0,00000
2,89575	13,00000	0,00000	0,00000	2,89575	58,00000	0,00000	0,00000
2,90813	16,00000	0,00000	0,00000	2,90813	55,00000	0,00000	0,00000
2,92050	17,00000	0,00000	0,00000	2,92050	44,00000	0,00000	0,00000
2,93288	15,00000	0,00000	0,00000	2,93288	41,00000	0,00000	0,00000
2,94525	15,00000	0,00000	0,00000	2,94525	30,00000	0,00000	0,00000
2,95763	17,00000	0,00000	0,00000	2,95763	29,00000	0,00000	0,00000
2,97000	17,00000	0,00000	0,00000	2,97000	24,00000	0,00000	0,00000
2,98238	15,00000	0,00000	0,00000	2,98238	23,00000	0,00000	0,00000
2,99475	15,00000	0,00000	0,00000	2,99475	23,00000	0,00000	0,00000
3,00713	16,00000	0,00000	0,00000	3,00713	19,00000	0,00000	0,00000
3,01950	16,00000	0,00000	0,00000	3,01950	18,00000	0,00000	0,00000
3,03188	16,00000	0,00000	0,00000	3,03188	18,00000	0,00000	0,00000
3,04425	16,00000	0,00000	0,00000	3,04425	18,00000	0,00000	0,00000
3,05662	16,00000	0,00000	0,00000	3,05663	16,00000	0,00000	0,00000
3,06900	15,00000	0,00000	0,00000	3,06900	16,00000	0,00000	0,00000
3,08137	15,00000	0,00000	0,00000	3,08138	16,00000	0,00000	0,00000
3,09375	17,00000	0,00000	0,00000	3,09375	18,00000	0,00000	0,00000
3,10613	17,00000	0,00000	0,00000	3,10613	16,00000	0,00000	0,00000
3,11850	15,00000	0,00000	0,00000	3,11850	19,00000	0,00000	0,00000
3,13088	16,00000	0,00000	0,00000	3,13088	17,00000	0,00000	0,00000
3,14325	16,00000	0,00000	0,00000	3,14325	17,00000	0,00000	0,00000
3,15563	13,00000	0,00000	0,00000	3,15563	16,00000	0,00000	0,00000
3,16800	13,00000	0,00000	0,00000	3,16800	17,00000	0,00000	0,00000
3,18038	16,00000	0,00000	0,00000	3,18038	17,00000	0,00000	0,00000
3,19275	17,00000	0,00000	0,00000	3,19275	18,00000	0,00000	0,00000
3,20513	15,00000	0,00000	0,00000	3,20513	15,00000	0,00000	0,00000
3,21750	15,00000	0,00000	0,00000	3,21750	18,00000	0,00000	0,00000
3,22988	16,00000	0,00000	0,00000	3,22988	18,00000	0,00000	0,00000
3,24225	15,00000	0,00000	0,00000	3,24225	18,00000	0,00000	0,00000
3,25463	15,00000	0,00000	0,00000	3,25463	16,00000	0,00000	0,00000
3,26700	17,00000	0,00000	0,00000	3,26700	17,00000	0,00000	0,00000
3,27938	17,00000	0,00000	0,00000	3,27938	15,00000	0,00000	0,00000
3,29175	17,00000	0,00000	0,00000	3,29175	17,00000	0,00000	0,00000
3,30412	16,00000	0,00000	0,00000	3,30413	15,00000	0,00000	0,00000
3,31650	13,00000	0,00000	0,00000	3,31650	17,00000	0,00000	0,00000
3,32888	13,00000	0,00000	0,00000	3,32888	16,00000	0,00000	0,00000
3,34125	13,00000	0,00000	0,00000	3,34125	16,00000	0,00000	0,00000
3,35363	16,00000	0,00000	0,00000	3,35363	16,00000	0,00000	0,00000
3,36600	16,00000	0,00000	0,00000	3,36600	16,00000	0,00000	0,00000
3,37838	16,00000	0,00000	0,00000	3,37838	16,00000	0,00000	0,00000
3,39075	16,00000	0,00000	0,00000	3,39075	13,00000	0,00000	0,00000
3,40313	16,00000	0,00000	0,00000	3,40313	13,00000	0,00000	0,00000
3,41550	16,00000	0,00000	0,00000	3,41550	12,00000	0,00000	0,00000
3,42788	13,00000	0,00000	0,00000	3,42788	16,00000	0,00000	0,00000
3,44025	13,00000	0,00000	0,00000	3,44025	13,00000	0,00000	0,00000
3,45263	16,00000	0,00000	0,00000	3,45263	16,00000	0,00000	0,00000
3,46500	17,00000	0,00000	0,00000	3,46500	15,00000	0,00000	0,00000
3,47738	17,00000	0,00000	0,00000	3,47738	16,00000	0,00000	0,00000
3,48975	15,00000	0,00000	0,00000	3,48975	16,00000	0,00000	0,00000
3,50213	15,00000	0,00000	0,00000	3,50213	15,00000	0,00000	0,00000
3,51450	15,00000	0,00000	0,00000	3,51450	15,00000	0,00000	0,00000
3,52687	15,00000	0,00000	0,00000	3,52688	16,00000	0,00000	0,00000
3,53925	17,00000	0,00000	0,00000	3,53925	12,00000	0,00000	0,00000
3,55163	17,00000	0,00000	0,00000	3,55163	16,00000	0,00000	0,00000
3,56400	15,00000	0,00000	0,00000	3,56400	12,00000	0,00000	0,00000
3,57638	16,00000	0,00000	0,00000	3,57638	16,00000	0,00000	0,00000
3,58875	13,00000	0,00000	0,00000	3,58875	16,00000	0,00000	0,00000
3,60113	15,00000	0,00000	0,00000	3,60113	17,00000	0,00000	0,00000
3,61350	17,00000	0,00000	0,00000	3,61350	15,00000	0,00000	0,00000
3,62588	18,00000	0,00000	0,00000	3,62588	16,00000	0,00000	0,00000
3,63825	18,00000	0,00000	0,00000	3,63825	16,00000	0,00000	0,00000
3,65063	17,00000	0,00000	0,00000	3,65063	16,00000	0,00000	0,00000
3,66300	15,00000	0,00000	0,00000	3,66300	12,00000	0,00000	0,00000
3,67538	15,00000	0,00000	0,00000	3,67538	16,00000	0,00000	0,00000
3,68775	16,00000	0,00000	0,00000	3,68775	15,00000	0,00000	0,00000
3,70013	16,00000	0,00000	0,00000	3,70013	16,00000	0,00000	0,00000
3,71250	16,00000	0,00000	0,00000	3,71250	16,00000	0,00000	0,00000
3,72488	16,00000	0,00000	0,00000	3,72488	13,00000	0,00000	0,00000
3,73725	15,00000	0,00000	0,00000	3,73725	16,00000	0,00000	0,00000
3,74962	15,00000	0,00000	0,00000	3,74963	15,00000	0,00000	0,00000
3,76200	17,00000	0,00000	0,00000	3,76200	16,00000	0,00000	0,00000
3,77438	17,00000	0,00000	0,00000	3,77438	13,00000	0,00000	0,00000
3,78675	15,00000	0,00000	0,00000	3,78675	17,00000	0,00000	0,00000
3,79913	15,00000	0,00000	0,00000	3,79913	15,00000	0,00000	0,00000
3,81150	17,00000	0,00000	0,00000	3,81150	15,00000	0,00000	0,00000
3,82388	13,00000	0,00000	0,00000	3,82388	16,00000	0,00000	0,00000
3,83625	12,00000	0,00000	0,00000	3,83625	15,00000	0,00000	0,00000
3,84863	12,00000	0,00000	0,00000	3,84863	16,00000	0,00000	0,00000
3,86100	15,00000	0,00000	0,00000	3,86100	15,00000	0,00000	0,00000
3,87338	16,00000	0,00000	0,00000	3,87338	16,00000	0,00000	0,00000
3,88575	16,00000	0,00000	0,00000	3,88575	16,00000	0,00000	0,00000
3,89813	16,00000	0,00000	0,00000	3,89813	16,00000	0,00000	0,00000
3,91050	16,00000	0,00000	0,00000	3,91050	16,00000	0,00000	0,00000
3,92288	16,00000	0,00000	0,00000	3,92288	16,00000	0,00000	0,00000
3,93525	16,00000	0,00000	0,00000	3,93525	16,00000	0,00000	0,00000
3,94763	16,00000	0,00000	0,00000	3,94763	16,00000	0,00000	0,00000
3,96000	16,00000	0,00000	0,00000	3,96000	17,00000	0,00000	0,00000
3,97237	13,00000	0,00000	0,00000	3,97238	15,00000	0,00000	0,00000
3,98475	15,00000	0,00000	0,00000	3,98475	17,00000	0,00000	0,00000
3,99713	17,00000	0,00000	0,00000	3,99713	16,00000	0,00000	0,00000
4,00950	17,00000	0,00000	0,00000	4,00950	16,00000	0,00000	0,00000
4,02188	17,00000	0,00000	0,00000	4,02188	13,00000	0,00000	0,00000
4,03425	17,00000	0,00000	0,00000	4,03425	15,00000	0,00000	0,00000
4,04663	17,00000	0,00000	0,00000	4,04663	12,00000	0,00000	0,00000
4,05900	15,00000	0,00000	0,00000	4,05900	15,00000	0,00000	0,00000
4,07138	15,00000	0,00000	0,00000	4,07138	12,00000	0,00000	0,00000
4,08375	16,00000	0,00000	0,00000	4,08375	12,00000	0,00000	0,00000
4,09612	16,00000	0,00000	0,00000	4,09613	15,00000	0,00000	0,00000
4,10850	16,00000	0,00000	0,00000	4,10850	15,00000	0,00000	0,00000
4,12087	16,00000	0,00000	0,00000	4,12088	16,00000	0,00000	0,00000
4,13325	15,00000	0,00000	0,00000	4,13325	13,00000	0,00000	0,00000
4,14562	15,00000	0,00000	0,00000	4,14563	16,00000	0,00000	0,00000
4,15800	17,00000	0,00000	0,00000	4,15800	16,00000	0,00000	0,00000
4,17037	19,00000	0,00000	0,00000	4,17038	12,00000	0,00000	0,00000
4,18275	22,00000	0,00000	0,00000	4,18275	15,00000	0,00000	0,00000
4,19512	26,00000	0,00000	0,00000	4,19513	12,00000	0,00000	0,00000
4,20750	31,00000	0,00000	0,00000	4,20750	15,00000	0,00000	0,00000
4,21988	40,00000	0,00000	0,00000	4,21988	13,00000	0,00000	0,00000
4,23225	47,00000	0,00000	0,00000	4,23225	12,00000	0,00000	0,00000
4,24463	52,00000	0,00000	0,00000	4,24463	15,00000	0,00000	0,00000
4,25700	59,00000	0,00000	0,00000	4,25700	13,00000	0,00000	0,00000
4,26938	66,00000	0,00000	0,00000	4,26938	13,00000	0,00000	0,00000
4,28175	75,00000	0,00000	0,00000	4,28175	12,00000	0,00000	0,00000
4,29413	86,00000	0,00000	0,00000	4,29413	16,00000	0,00000	0,00000
4,30650	100,00000	0,00000	0,00000	4,30650	13,00000	0,00000	0,00000
4,31888	109,00000	0,00000	0,00000	4,31888	15,00000	0,00000	0,00000
4,33125	112,00000	0,00000	0,00000	4,33125	15,00000	0,00000	0,00000
4,34363	118,00000	0,00000	0,00000	4,34363	15,00000	0,00000	0,00000
4,35600	121,00000	0,00000	0,00000	4,35600	12,00000	0,00000	0,00000
4,36838	118,00000	0,00000	0,00000	4,36838	15,00000	0,00000	0,00000
4,38075	117,00000	0,00000	0,00000	4,38075	16,00000	0,00000	0,00000
4,39313	115,00000	0,00000	0,00000	4,39313	16,00000	0,00000	0,00000
4,40550	114,00000	0,00000	0,00000	4,40550	15,00000	0,00000	0,00000
4,41788	107,00000	0,00000	0,00000	4,41788	16,00000	0,00000	0,00000
4,43025	100,00000	0,00000	0,00000	4,43025	15,00000	0,00000	0,00000
4,44263	90,00000	0,00000	0,00000	4,44263	16,00000	0,00000	0,00000
4,45500	84,00000	0,00000	0,00000	4,45500	16,00000	0,00000	0,00000
4,46738	75,00000	0,00000	0,00000	4,46738	17,00000	0,00000	0,00000
4,47975	71,00000	0,00000	0,00000	4,47975	16,00000	0,00000	0,00000
4,49213	62,00000	0,00000	0,00000	4,49213	17,00000	0,00000	0,00000
4,50450	52,00000	0,00000	0,00000	4,50450	15,00000	0,00000	0,00000
4,51688	41,00000	0,00000	0,00000	4,51688	15,00000	0,00000	0,00000
4,52925	37,00000	0,00000	0,00000	4,52925	13,00000	0,00000	0,00000
4,54162	32,00000	0,00000	0,00000	4,54163	15,00000	0,00000	0,00000
4,55400	26,00000	0,00000	0,00000	4,55400	16,00000	0,00000	0,00000
4,56637	26,00000	0,00000	0,00000	4,56638	12,00000	0,00000	0,00000
4,57875	26,00000	0,00000	0,00000	4,57875	12,00000	0,00000	0,00000
4,59112	24,00000	0,00000	0,00000	4,59113	13,00000	0,00000	0,00000
4,60350	22,00000	0,00000	0,00000	4,60350	16,00000	0,00000	0,00000
4,61587	17,00000	0,00000	0,00000	4,61588	15,00000	0,00000	0,00000
4,62825	16,00000	0,00000	0,00000	4,62825	12,00000	0,00000	0,00000
4,64063	17,00000	0,00000	0,00000	4,64063	16,00000	0,00000	0,00000
4,65300	17,00000	0,00000	0,00000	4,65300	12,00000	0,00000	0,00000
4,66538	15,00000	0,00000	0,00000	4,66538	16,00000	0,00000	0,00000
4,67775	15,00000	0,00000	0,00000	4,67775	15,00000	0,00000	0,00000
4,69013	16,00000	0,00000	0,00000	4,69013	16,00000	0,00000	0,00000
4,70250	16,00000	0,00000	0,00000	4,70250	16,00000	0,00000	0,00000
4,71488	16,00000	0,00000	0,00000	4,71488	16,00000	0,00000	0,00000
4,72725	16,00000	0,00000	0,00000	4,72725	16,00000	0,00000	0,00000
4,73963	16,00000	0,00000	0,00000	4,73963	16,00000	0,00000	0,00000
4,75200	16,00000	0,00000	0,00000	4,75200	16,00000	0,00000	0,00000
4,76438	16,00000	0,00000	0,00000	4,76438	16,00000	0,00000	0,00000
4,77675	12,00000	0,00000	0,00000	4,77675	13,00000	0,00000	0,00000
4,78913	12,00000	0,00000	0,00000	4,78913	15,00000	0,00000	0,00000
4,80150	15,00000	0,00000	0,00000	4,80150	12,00000	0,00000	0,00000
4,81388	16,00000	0,00000	0,00000	4,81388	12,00000	0,00000	0,00000
4,82625	16,00000	0,00000	0,00000	4,82625	15,00000	0,00000	0,00000
4,83863	13,00000	0,00000	0,00000	4,83863	16,00000	0,00000	0,00000
4,85100	12,00000	0,00000	0,00000	4,85100	13,00000	0,00000	0,00000
4,86338	15,00000	0,00000	0,00000	4,86338	16,00000	0,00000	0,00000
4,87575	15,00000	0,00000	0,00000	4,87575	15,00000	0,00000	0,00000
4,88813	15,00000	0,00000	0,00000	4,88813	13,00000	0,00000	0,00000
4,90050	15,00000	0,00000	0,00000	4,90050	16,00000	0,00000	0,00000
4,91288	13,00000	0,00000	0,00000	4,91288	12,00000	0,00000	0,00000
4,92525	13,00000	0,00000	0,00000	4,92525	12,00000	0,00000	0,00000
4,93763	16,00000	0,00000	0,00000	4,93763	13,00000	0,00000	0,00000
4,95000	16,00000	0,00000	0,00000	4,95000	13,00000	0,00000	0,00000
4,96238	16,00000	0,00000	0,00000	4,96238	16,00000	0,00000	0,00000
4,97475	16,00000	0,00000	0,00000	4,97475	16,00000	0,00000	0,00000
4,98712	16,00000	0,00000	0,00000	4,98713	15,00000	0,00000	0,00000
4,99950	16,00000	0,00000	0,00000	4,99950	15,00000	0,00000	0,00000
5,01187	16,00000	0,00000	0,00000	5,01188	15,00000	0,00000	0,00000
5,02425	16,00000	0,00000	0,00000	5,02425	15,00000	0,00000	0,00000
5,03662	13,00000	0,00000	0,00000	5,03663	12,00000	0,00000	0,00000
5,04900	13,00000	0,00000	0,00000	5,04900	12,00000	0,00000	0,00000
5,06137	16,00000	0,00000	0,00000	5,06138	16,00000	0,00000	0,00000
5,07375	16,00000	0,00000	0,00000	5,07375	12,00000	0,00000	0,00000
5,08613	13,00000	0,00000	0,00000	5,08613	16,00000	0,00000	0,00000
5,09850	15,00000	0,00000	0,00000	5,09850	16,00000	0,00000	0,00000
5,11088	15,00000	0,00000	0,00000	5,11088	15,00000	0,00000	0,00000
5,12325	12,00000	0,00000	0,00000	5,12325	15,00000	0,00000	0,00000
5,13563	12,00000	0,00000	0,00000	5,13563	13,00000	0,00000	0,00000
5,14800	12,00000	0,00000	0,00000	5,14800	15,00000	0,00000	0,00000
5,16038	15,00000	0,00000	0,00000	5,16038	12,00000	0,00000	0,00000
5,17275	16,00000	0,00000	0,00000	5,17275	15,00000	0,00000	0,00000
5,18513	12,00000	0,00000	0,00000	5,18513	13,00000	0,00000	0,00000
5,19750	13,00000	0,00000	0,00000	5,19750	12,00000	0,00000	0,00000
5,20988	16,00000	0,00000	0,00000	5,20988	13,00000	0,00000	0,00000
5,22225	15,00000	0,00000	0,00000	5,22225	16,00000	0,00000	0,00000
5,23463	17,00000	0,00000	0,00000	5,23463	16,00000	0,00000	0,00000
5,24700	17,00000	0,00000	0,00000	5,24700	13,00000	0,00000	0,00000
5,25938	16,00000	0,00000	0,00000	5,25938	15,00000	0,00000	0,00000
5,27175	13,00000	0,00000	0,00000	5,27175	12,00000	0,00000	0,00000
5,28413	15,00000	0,00000	0,00000	5,28413	15,00000	0,00000	0,00000
5,29650	12,00000	0,00000	0,00000	5,29650	13,00000	0,00000	0,00000
5,30888	15,00000	0,00000	0,00000	5,30888	16,00000	0,00000	0,00000
5,32125	13,00000	0,00000	0,00000	5,32125	15,00000	0,00000	0,00000
5,33363	16,00000	0,00000	0,00000	5,33363	12,00000	0,00000	0,00000
5,34600	16,00000	0,00000	0,00000	5,34600	15,00000	0,00000	0,00000
5,35838	16,00000	0,00000	0,00000	5,35838	12,00000	0,00000	0,00000
5,37075	16,00000	0,00000	0,00000	5,37075	15,00000	0,00000	0,00000
5,38313	13,00000	0,00000	0,00000	5,38313	15,00000	0,00000	0,00000
5,39550	13,00000	0,00000	0,00000	5,39550	13,00000	0,00000	0,00000
5,40788	16,00000	0,00000	0,00000	5,40788	15,00000	0,00000	0,00000
5,42025	16,00000	0,00000	0,00000	5,42025	16,00000	0,00000	0,00000
5,43262	15,00000	0,00000	0,00000	5,43263	16,00000	0,00000	0,00000
5,44500	12,00000	0,00000	0,00000	5,44500	16,00000	0,00000	0,00000
5,45737	12,00000	0,00000	0,00000	5,45738	12,00000	0,00000	0,00000
5,46975	15,00000	0,00000	0,00000	5,46975	12,00000	0,00000	0,00000
5,48212	16,00000	0,00000	0,00000	5,48213	12,00000	0,00000	0,00000
5,49450	15,00000	0,00000	0,00000	5,49450	12,00000	0,00000	0,00000
5,50687	12,00000	0,00000	0,00000	5,50688	12,00000	0,00000	0,00000
5,51925	12,00000	0,00000	0,00000	5,51925	12,00000	0,00000	0,00000
5,53163	13,00000	0,00000	0,00000	5,53163	15,00000	0,00000	0,00000
5,54400	16,00000	0,00000	0,00000	5,54400	15,00000	0,00000	0,00000
5,55638	17,00000	0,00000	0,00000	5,55638	13,00000	0,00000	0,00000
5,56875	16,00000	0,00000	0,00000	5,56875	12,00000	0,00000	0,00000
5,58113	12,00000	0,00000	0,00000	5,58113	15,00000	0,00000	0,00000
5,59350	12,00000	0,00000	0,00000	5,59350	12,00000	0,00000	0,00000
5,60588	15,00000	0,00000	0,00000	5,60588	12,00000	0,00000	0,00000
5,61825	13,00000	0,00000	0,00000	5,61825	16,00000	0,00000	0,00000
5,63063	16,00000	0,00000	0,00000	5,63063	13,00000	0,00000	0,00000
5,64300	16,00000	0,00000	0,00000	5,64300	16,00000	0,00000	0,00000
5,65538	16,00000	0,00000	0,00000	5,65538	13,00000	0,00000	0,00000
5,66775	13,00000	0,00000	0,00000	5,66775	15,00000	0,00000	0,00000
5,68013	13,00000	0,00000	0,00000	5,68013	13,00000	0,00000	0,00000
5,69250	15,00000	0,00000	0,00000	5,69250	16,00000	0,00000	0,00000
5,70488	15,00000	0,00000	0,00000	5,70488	16,00000	0,00000	0,00000
5,71725	12,00000	0,00000	0,00000	5,71725	16,00000	0,00000	0,00000
5,72963	12,00000	0,00000	0,00000	5,72963	16,00000	0,00000	0,00000
5,74200	15,00000	0,00000	0,00000	5,74200	16,00000	0,00000	0,00000
5,75438	15,00000	0,00000	0,00000	5,75438	12,00000	0,00000	0,00000
5,76675	12,00000	0,00000	0,00000	5,76675	15,00000	0,00000	0,00000
5,77913	12,00000	0,00000	0,00000	5,77913	15,00000	0,00000	0,00000
5,79150	15,00000	0,00000	0,00000	5,79150	15,00000	0,00000	0,00000
5,80388	15,00000	0,00000	0,00000	5,80388	15,00000	0,00000	0,00000
5,81625	13,00000	0,00000	0,00000	5,81625	16,00000	0,00000	0,00000
5,82863	16,00000	0,00000	0,00000	5,82863	15,00000	0,00000	0,00000
5,84100	15,00000	0,00000	0,00000	5,84100	16,00000	0,00000	0,00000
5,85338	12,00000	0,00000	0,00000	5,85338	15,00000	0,00000	0,00000
5,86575	12,00000	0,00000	0,00000	5,86575	16,00000	0,00000	0,00000
5,87813	16,00000	0,00000	0,00000	5,87813	13,00000	0,00000	0,00000
5,89050	16,00000	0,00000	0,00000	5,89050	12,00000	0,00000	0,00000
5,90287	16,00000	0,00000	0,00000	5,90288	13,00000	0,00000	0,00000
5,91525	16,00000	0,00000	0,00000	0,00000	13,00000	0,00000	0,00000
5,92762	13,00000	0,00000	0,00000	0,00000	9,00000	0,00000	0,00000
5,94000	13,00000	0,00000	0,00000	0,00000	0,00000	0,00000	0,00000
5,95237	12,00000	0,00000	0,00000	0,00000	0,00000	0,00000	0,00000
5,96475	16,00000	0,00000	0,00000	0,00000	0,00000	0,00000	0,00000
5,97713	15,00000	0,00000	0,00000	0,00000	0,00000	0,00000	0,00000
5,98950	12,00000	0,00000	0,00000	0,00000	0,00000	0,00000	0,00000
6,00188	12,00000	0,00000	0,00000	0,00000	0,00000	0,00000	0,00000
6,01425	13,00000	0,00000	0,00000	0,00000	0,00000	0,00000	0,00000
6,02663	13,00000	0,00000	0,00000	0,00000	0,00000	0,00000	0,00000
6,03900	11,00000	0,00000	0,00000	0,00000	0,00000	0,00000	0,00000
6,05138	11,00000	0,00000	0,00000	0,00000	0,00000	0,00000	0,00000
6,06375	13,00000	0,00000	0,00000	0,00000	0,00000	0,00000	0,00000
6,07613	13,00000	0,00000	0,00000	0,00000	0,00000	0,00000	0,00000
6,08850	13,00000	0,00000	0,00000	0,00000	0,00000	0,00000	0,00000
6,10088	13,00000	0,00000	0,00000	0,00000	0,00000	0,00000	0,00000
6,11325	13,00000	0,00000	0,00000	0,00000	0,00000	0,00000	0,00000
6,12563	12,00000	0,00000	0,00000	0,00000	0,00000	0,00000	0,00000
6,13800	12,00000	0,00000	0,00000	0,00000	0,00000	0,00000	0,00000
6,15038	15,00000	0,00000	0,00000	0,00000	0,00000	0,00000	0,00000
6,16275	12,00000	0,00000	0,00000	0,00000	0,00000	0,00000	0,00000
6,17513	12,00000	0,00000	0,00000	0,00000	0,00000	0,00000	0,00000
6,18750	12,00000	0,00000	0,00000	0,00000	0,00000	0,00000	0,00000
6,19988	16,00000	0,00000	0,00000	0,00000	0,00000	0,00000	0,00000
6,21225	15,00000	0,00000	0,00000	0,00000	0,00000	0,00000	0,00000
6,22463	12,00000	0,00000	0,00000	0,00000	0,00000	0,00000	0,00000
6,23700	13,00000	0,00000	0,00000	0,00000	0,00000	0,00000	0,00000
6,24938	16,00000	0,00000	0,00000	0,00000	0,00000	0,00000	0,00000
6,26175	16,00000	0,00000	0,00000	0,00000	0,00000	0,00000	0,00000
6,27413	16,00000	0,00000	0,00000	0,00000	0,00000	0,00000	0,00000
6,28650	16,00000	0,00000	0,00000	0,00000	0,00000	0,00000	0,00000
6,29888	16,00000	0,00000	0,00000	0,00000	0,00000	0,00000	0,00000
6,31125	13,00000	0,00000	0,00000	0,00000	0,00000	0,00000	0,00000
6,32363	16,00000	0,00000	0,00000	0,00000	0,00000	0,00000	0,00000
6,33600	13,00000	0,00000	0,00000	0,00000	0,00000	0,00000	0,00000
6,34837	16,00000	0,00000	0,00000	0,00000	0,00000	0,00000	0,00000
6,36075	16,00000	0,00000	0,00000	0,00000	0,00000	0,00000	0,00000
6,37312	16,00000	0,00000	0,00000	0,00000	0,00000	0,00000	0,00000
6,38550	16,00000	0,00000	0,00000	0,00000	0,00000	0,00000	0,00000
6,39787	16,00000	0,00000	0,00000	0,00000	0,00000	0,00000	0,00000
6,41025	16,00000	0,00000	0,00000	0,00000	0,00000	0,00000	0,00000
6,42263	16,00000	0,00000	0,00000	0,00000	0,00000	0,00000	0,00000
6,43500	16,00000	0,00000	0,00000	0,00000	0,00000	0,00000	0,00000
6,44738	13,00000	0,00000	0,00000	0,00000	0,00000	0,00000	0,00000
6,45975	15,00000	0,00000	0,00000	0,00000	0,00000	0,00000	0,00000
6,47213	15,00000	0,00000	0,00000	0,00000	0,00000	0,00000	0,00000
6,48450	12,00000	0,00000	0,00000	0,00000	0,00000	0,00000	0,00000
6,49688	12,00000	0,00000	0,00000	0,00000	0,00000	0,00000	0,00000
6,50925	15,00000	0,00000	0,00000	0,00000	0,00000	0,00000	0,00000
6,52163	16,00000	0,00000	0,00000	0,00000	0,00000	0,00000	0,00000
6,53400	16,00000	0,00000	0,00000	0,00000	0,00000	0,00000	0,00000
6,54638	16,00000	0,00000	0,00000	0,00000	0,00000	0,00000	0,00000
6,55875	15,00000	0,00000	0,00000	0,00000	0,00000	0,00000	0,00000
6,57113	12,00000	0,00000	0,00000	0,00000	0,00000	0,00000	0,00000
6,58350	12,00000	0,00000	0,00000	0,00000	0,00000	0,00000	0,00000
6,59588	12,00000	0,00000	0,00000	0,00000	0,00000	0,00000	0,00000
6,60825	15,00000	0,00000	0,00000	0,00000	0,00000	0,00000	0,00000
6,62063	15,00000	0,00000	0,00000	0,00000	0,00000	0,00000	0,00000
6,63300	13,00000	0,00000	0,00000	0,00000	0,00000	0,00000	0,00000
6,64538	16,00000	0,00000	0,00000	0,00000	0,00000	0,00000	0,00000
6,65775	16,00000	0,00000	0,00000	0,00000	0,00000	0,00000	0,00000
6,67013	13,00000	0,00000	0,00000	0,00000	0,00000	0,00000	0,00000
6,68250	13,00000	0,00000	0,00000	0,00000	0,00000	0,00000	0,00000
6,69488	16,00000	0,00000	0,00000	0,00000	0,00000	0,00000	0,00000
6,70725	13,00000	0,00000	0,00000	0,00000	0,00000	0,00000	0,00000
6,71963	13,00000	0,00000	0,00000	0,00000	0,00000	0,00000	0,00000
6,73200	16,00000	0,00000	0,00000	0,00000	0,00000	0,00000	0,00000
6,74438	13,00000	0,00000	0,00000	0,00000	0,00000	0,00000	0,00000
6,75675	13,00000	0,00000	0,00000	0,00000	0,00000	0,00000	0,00000
6,76913	13,00000	0,00000	0,00000	0,00000	0,00000	0,00000	0,00000
6,78150	13,00000	0,00000	0,00000	0,00000	0,00000	0,00000	0,00000
6,79387	16,00000	0,00000	0,00000	0,00000	0,00000	0,00000	0,00000
6,80625	16,00000	0,00000	0,00000	0,00000	0,00000	0,00000	0,00000
6,81862	16,00000	0,00000	0,00000	0,00000	0,00000	0,00000	0,00000
6,83100	13,00000	0,00000	0,00000	0,00000	0,00000	0,00000	0,00000
6,84337	13,00000	0,00000	0,00000	0,00000	0,00000	0,00000	0,00000
6,85575	15,00000	0,00000	0,00000	0,00000	0,00000	0,00000	0,00000
6,86813	15,00000	0,00000	0,00000	0,00000	0,00000	0,00000	0,00000
6,88050	12,00000	0,00000	0,00000	0,00000	0,00000	0,00000	0,00000
6,89288	12,00000	0,00000	0,00000	0,00000	0,00000	0,00000	0,00000
6,90525	12,00000	0,00000	0,00000	0,00000	0,00000	0,00000	0,00000
6,91763	15,00000	0,00000	0,00000	0,00000	0,00000	0,00000	0,00000
6,93000	12,00000	0,00000	0,00000	0,00000	0,00000	0,00000	0,00000
6,94238	12,00000	0,00000	0,00000	0,00000	0,00000	0,00000	0,00000
6,95475	16,00000	0,00000	0,00000	0,00000	0,00000	0,00000	0,00000
6,96713	16,00000	0,00000	0,00000	0,00000	0,00000	0,00000	0,00000
6,97950	16,00000	0,00000	0,00000	0,00000	0,00000	0,00000	0,00000
6,99188	16,00000	0,00000	0,00000	0,00000	0,00000	0,00000	0,00000
7,00425	16,00000	0,00000	0,00000	0,00000	0,00000	0,00000	0,00000
7,01663	16,00000	0,00000	0,00000	0,00000	0,00000	0,00000	0,00000
7,02900	13,00000	0,00000	0,00000	0,00000	0,00000	0,00000	0,00000
7,04138	15,00000	0,00000	0,00000	0,00000	0,00000	0,00000	0,00000
7,05375	12,00000	0,00000	0,00000	0,00000	0,00000	0,00000	0,00000
7,06613	12,00000	0,00000	0,00000	0,00000	0,00000	0,00000	0,00000
7,07850	12,00000	0,00000	0,00000	0,00000	0,00000	0,00000	0,00000
7,09088	16,00000	0,00000	0,00000	0,00000	0,00000	0,00000	0,00000
7,10325	16,00000	0,00000	0,00000	0,00000	0,00000	0,00000	0,00000
7,11563	15,00000	0,00000	0,00000	0,00000	0,00000	0,00000	0,00000
7,12800	12,00000	0,00000	0,00000	0,00000	0,00000	0,00000	0,00000
7,14038	12,00000	0,00000	0,00000	0,00000	0,00000	0,00000	0,00000
7,15275	15,00000	0,00000	0,00000	0,00000	0,00000	0,00000	0,00000
7,16513	15,00000	0,00000	0,00000	0,00000	0,00000	0,00000	0,00000
7,17750	13,00000	0,00000	0,00000	0,00000	0,00000	0,00000	0,00000
7,18988	13,00000	0,00000	0,00000	0,00000	0,00000	0,00000	0,00000
7,20225	16,00000	0,00000	0,00000	0,00000	0,00000	0,00000	0,00000
7,21463	16,00000	0,00000	0,00000	0,00000	0,00000	0,00000	0,00000
7,22700	16,00000	0,00000	0,00000	0,00000	0,00000	0,00000	0,00000
7,23938	15,00000	0,00000	0,00000	0,00000	0,00000	0,00000	0,00000
7,25175	12,00000	0,00000	0,00000	0,00000	0,00000	0,00000	0,00000
7,26412	12,00000	0,00000	0,00000	0,00000	0,00000	0,00000	0,00000
7,27650	12,00000	0,00000	0,00000	0,00000	0,00000	0,00000	0,00000
7,28887	15,00000	0,00000	0,00000	0,00000	0,00000	0,00000	0,00000
7,30125	15,00000	0,00000	0,00000	0,00000	0,00000	0,00000	0,00000
7,31363	15,00000	0,00000	0,00000	0,00000	0,00000	0,00000	0,00000
7,32600	15,00000	0,00000	0,00000	0,00000	0,00000	0,00000	0,00000
7,33838	12,00000	0,00000	0,00000	0,00000	0,00000	0,00000	0,00000
7,35075	11,00000	0,00000	0,00000	0,00000	0,00000	0,00000	0,00000
7,36313	15,00000	0,00000	0,00000	0,00000	0,00000	0,00000	0,00000
7,37550	13,00000	0,00000	0,00000	0,00000	0,00000	0,00000	0,00000
7,38788	12,00000	0,00000	0,00000	0,00000	0,00000	0,00000	0,00000
7,40025	13,00000	0,00000	0,00000	0,00000	0,00000	0,00000	0,00000
7,41263	13,00000	0,00000	0,00000	0,00000	0,00000	0,00000	0,00000
7,42500	12,00000	0,00000	0,00000	0,00000	0,00000	0,00000	0,00000
7,43738	12,00000	0,00000	0,00000	0,00000	0,00000	0,00000	0,00000
7,44975	16,00000	0,00000	0,00000	0,00000	0,00000	0,00000	0,00000
7,46213	15,00000	0,00000	0,00000	0,00000	0,00000	0,00000	0,00000
7,47450	12,00000	0,00000	0,00000	0,00000	0,00000	0,00000	0,00000
7,48688	12,00000	0,00000	0,00000	0,00000	0,00000	0,00000	0,00000
7,49925	15,00000	0,00000	0,00000	0,00000	0,00000	0,00000	0,00000
7,51163	15,00000	0,00000	0,00000	0,00000	0,00000	0,00000	0,00000
7,52400	15,00000	0,00000	0,00000	0,00000	0,00000	0,00000	0,00000
7,53638	15,00000	0,00000	0,00000	0,00000	0,00000	0,00000	0,00000
7,54875	15,00000	0,00000	0,00000	0,00000	0,00000	0,00000	0,00000
7,56113	15,00000	0,00000	0,00000	0,00000	0,00000	0,00000	0,00000
7,57350	15,00000	0,00000	0,00000	0,00000	0,00000	0,00000	0,00000
7,58588	15,00000	0,00000	0,00000	0,00000	0,00000	0,00000	0,00000
7,59825	15,00000	0,00000	0,00000	0,00000	0,00000	0,00000	0,00000
7,61063	12,00000	0,00000	0,00000	0,00000	0,00000	0,00000	0,00000
7,62300	12,00000	0,00000	0,00000	0,00000	0,00000	0,00000	0,00000
7,63538	15,00000	0,00000	0,00000	0,00000	0,00000	0,00000	0,00000
7,64775	15,00000	0,00000	0,00000	0,00000	0,00000	0,00000	0,00000
7,66013	15,00000	0,00000	0,00000	0,00000	0,00000	0,00000	0,00000
7,67250	15,00000	0,00000	0,00000	0,00000	0,00000	0,00000	0,00000
7,68488	15,00000	0,00000	0,00000	0,00000	0,00000	0,00000	0,00000
7,69725	12,00000	0,00000	0,00000	0,00000	0,00000	0,00000	0,00000
7,70962	15,00000	0,00000	0,00000	0,00000	0,00000	0,00000	0,00000
7,72200	15,00000	0,00000	0,00000	0,00000	0,00000	0,00000	0,00000
7,73438	15,00000	0,00000	0,00000	0,00000	0,00000	0,00000	0,00000
7,74675	15,00000	0,00000	0,00000	0,00000	0,00000	0,00000	0,00000
7,75913	15,00000	0,00000	0,00000	0,00000	0,00000	0,00000	0,00000
7,77150	15,00000	0,00000	0,00000	0,00000	0,00000	0,00000	0,00000
7,78388	12,00000	0,00000	0,00000	0,00000	0,00000	0,00000	0,00000
7,79625	12,00000	0,00000	0,00000	0,00000	0,00000	0,00000	0,00000
7,80863	15,00000	0,00000	0,00000	0,00000	0,00000	0,00000	0,00000
7,82100	16,00000	0,00000	0,00000	0,00000	0,00000	0,00000	0,00000
7,83338	16,00000	0,00000	0,00000	0,00000	0,00000	0,00000	0,00000
7,84575	16,00000	0,00000	0,00000	0,00000	0,00000	0,00000	0,00000
7,85813	16,00000	0,00000	0,00000	0,00000	0,00000	0,00000	0,00000
7,87050	17,00000	0,00000	0,00000	0,00000	0,00000	0,00000	0,00000
7,88288	12,00000	0,00000	0,00000	0,00000	0,00000	0,00000	0,00000
0,00000	9,00000	0,00000	0,00000	0,00000	0,00000	0,00000	0,00000
0,00000	9,00000	0,00000	0,00000	0,00000	0,00000	0,00000	0,00000
