X H  in mm	Y H rel	Gauss fit H	H Gauss Coefficients	X V in mm	Y V rel	Gauss fit V	V Gauss Coefficientes
0.00000	18.00000	0.00000	0.00000	0.00000	18.00000	0.00000	0.00000
0.01238	18.00000	0.00000	0.00000	0.01238	22.00000	0.00000	0.00000
0.02475	19.00000	0.00000	0.00000	0.02475	18.00000	0.00000	0.00000
0.03713	20.00000	0.00000	0.00000	0.03713	20.00000	0.00000	0.00000
0.04950	18.00000	0.00000	0.00000	0.04950	18.00000	0.00000	0.00000
0.06187	18.00000	0.00000	0.00000	0.06188	20.00000	0.00000	0.00000
0.07425	19.00000	0.00000	0.00000	0.07425	18.00000	0.00000	0.00000
0.08663	19.00000	0.00000	0.00000	0.08663	20.00000	0.00000	0.00000
0.09900	19.00000	0.00000	0.00000	0.09900	19.00000	0.00000	0.00000
0.11138	19.00000	0.00000	0.00000	0.11138	22.00000	0.00000	0.00000
0.12375	19.00000	0.00000	0.00000	0.12375	22.00000	0.00000	0.00000
0.13612	18.00000	0.00000	0.00000	0.13613	20.00000	0.00000	0.00000
0.14850	18.00000	0.00000	0.00000	0.14850	20.00000	0.00000	0.00000
0.16088	20.00000	0.00000	0.00000	0.16088	20.00000	0.00000	0.00000
0.17325	20.00000	0.00000	0.00000	0.17325	20.00000	0.00000	0.00000
0.18563	20.00000	0.00000	0.00000	0.18563	20.00000	0.00000	0.00000
0.19800	18.00000	0.00000	0.00000	0.19800	19.00000	0.00000	0.00000
0.21038	18.00000	0.00000	0.00000	0.21038	20.00000	0.00000	0.00000
0.22275	19.00000	0.00000	0.00000	0.22275	20.00000	0.00000	0.00000
0.23513	19.00000	0.00000	0.00000	0.23513	20.00000	0.00000	0.00000
0.24750	19.00000	0.00000	0.00000	0.24750	22.00000	0.00000	0.00000
0.25988	19.00000	0.00000	0.00000	0.25988	20.00000	0.00000	0.00000
0.27225	19.00000	0.00000	0.00000	0.27225	22.00000	0.00000	0.00000
0.28463	19.00000	0.00000	0.00000	0.28463	20.00000	0.00000	0.00000
0.29700	18.00000	0.00000	0.00000	0.29700	20.00000	0.00000	0.00000
0.30938	18.00000	0.00000	0.00000	0.30938	22.00000	0.00000	0.00000
0.32175	20.00000	0.00000	0.00000	0.32175	20.00000	0.00000	0.00000
0.33413	18.00000	0.00000	0.00000	0.33413	22.00000	0.00000	0.00000
0.34650	19.00000	0.00000	0.00000	0.34650	19.00000	0.00000	0.00000
0.35887	19.00000	0.00000	0.00000	0.35888	18.00000	0.00000	0.00000
0.37125	17.00000	0.00000	0.00000	0.37125	18.00000	0.00000	0.00000
0.38362	19.00000	0.00000	0.00000	0.38363	20.00000	0.00000	0.00000
0.39600	19.00000	0.00000	0.00000	0.39600	20.00000	0.00000	0.00000
0.40838	17.00000	0.00000	0.00000	0.40838	19.00000	0.00000	0.00000
0.42075	17.00000	0.00000	0.00000	0.42075	19.00000	0.00000	0.00000
0.43313	19.00000	0.00000	0.00000	0.43313	19.00000	0.00000	0.00000
0.44550	20.00000	0.00000	0.00000	0.44550	20.00000	0.00000	0.00000
0.45788	20.00000	0.00000	0.00000	0.45788	18.00000	0.00000	0.00000
0.47025	20.00000	0.00000	0.00000	0.47025	19.00000	0.00000	0.00000
0.48263	20.00000	0.00000	0.00000	0.48263	18.00000	0.00000	0.00000
0.49500	17.00000	0.00000	0.00000	0.49500	19.00000	0.00000	0.00000
0.50738	17.00000	0.00000	0.00000	0.50738	20.00000	0.00000	0.00000
0.51975	19.00000	0.00000	0.00000	0.51975	19.00000	0.00000	0.00000
0.53213	19.00000	0.00000	0.00000	0.53213	19.00000	0.00000	0.00000
0.54450	18.00000	0.00000	0.00000	0.54450	19.00000	0.00000	0.00000
0.55688	20.00000	0.00000	0.00000	0.55688	20.00000	0.00000	0.00000
0.56925	22.00000	0.00000	0.00000	0.56925	17.00000	0.00000	0.00000
0.58163	18.00000	0.00000	0.00000	0.58163	20.00000	0.00000	0.00000
0.59400	18.00000	0.00000	0.00000	0.59400	17.00000	0.00000	0.00000
0.60637	19.00000	0.00000	0.00000	0.60638	20.00000	0.00000	0.00000
0.61875	19.00000	0.00000	0.00000	0.61875	19.00000	0.00000	0.00000
0.63113	17.00000	0.00000	0.00000	0.63113	20.00000	0.00000	0.00000
0.64350	17.00000	0.00000	0.00000	0.64350	18.00000	0.00000	0.00000
0.65587	19.00000	0.00000	0.00000	0.65588	20.00000	0.00000	0.00000
0.66825	20.00000	0.00000	0.00000	0.66825	19.00000	0.00000	0.00000
0.68063	18.00000	0.00000	0.00000	0.68063	17.00000	0.00000	0.00000
0.69300	18.00000	0.00000	0.00000	0.69300	19.00000	0.00000	0.00000
0.70538	19.00000	0.00000	0.00000	0.70538	19.00000	0.00000	0.00000
0.71775	18.00000	0.00000	0.00000	0.71775	19.00000	0.00000	0.00000
0.73013	18.00000	0.00000	0.00000	0.73013	20.00000	0.00000	0.00000
0.74250	22.00000	0.00000	0.00000	0.74250	18.00000	0.00000	0.00000
0.75488	20.00000	0.00000	0.00000	0.75488	22.00000	0.00000	0.00000
0.76725	18.00000	0.00000	0.00000	0.76725	18.00000	0.00000	0.00000
0.77963	17.00000	0.00000	0.00000	0.77963	20.00000	0.00000	0.00000
0.79200	19.00000	0.00000	0.00000	0.79200	19.00000	0.00000	0.00000
0.80438	19.00000	0.00000	0.00000	0.80438	20.00000	0.00000	0.00000
0.81675	17.00000	0.00000	0.00000	0.81675	17.00000	0.00000	0.00000
0.82913	19.00000	0.00000	0.00000	0.82913	19.00000	0.00000	0.00000
0.84150	20.00000	0.00000	0.00000	0.84150	18.00000	0.00000	0.00000
0.85388	18.00000	0.00000	0.00000	0.85388	17.00000	0.00000	0.00000
0.86625	19.00000	0.00000	0.00000	0.86625	18.00000	0.00000	0.00000
0.87862	19.00000	0.00000	0.00000	0.87863	20.00000	0.00000	0.00000
0.89100	17.00000	0.00000	0.00000	0.89100	18.00000	0.00000	0.00000
0.90338	17.00000	0.00000	0.00000	0.90338	20.00000	0.00000	0.00000
0.91575	19.00000	0.00000	0.00000	0.91575	19.00000	0.00000	0.00000
0.92813	19.00000	0.00000	0.00000	0.92813	19.00000	0.00000	0.00000
0.94050	18.00000	0.00000	0.00000	0.94050	19.00000	0.00000	0.00000
0.95288	18.00000	0.00000	0.00000	0.95288	19.00000	0.00000	0.00000
0.96525	20.00000	0.00000	0.00000	0.96525	19.00000	0.00000	0.00000
0.97763	22.00000	0.00000	0.00000	0.97763	19.00000	0.00000	0.00000
0.99000	18.00000	0.00000	0.00000	0.99000	18.00000	0.00000	0.00000
1.00238	18.00000	0.00000	0.00000	1.00238	20.00000	0.00000	0.00000
1.01475	19.00000	0.00000	0.00000	1.01475	19.00000	0.00000	0.00000
1.02713	19.00000	0.00000	0.00000	1.02713	20.00000	0.00000	0.00000
1.03950	17.00000	0.00000	0.00000	1.03950	19.00000	0.00000	0.00000
1.05188	17.00000	0.00000	0.00000	1.05188	19.00000	0.00000	0.00000
1.06425	19.00000	0.00000	0.00000	1.06425	20.00000	0.00000	0.00000
1.07662	19.00000	0.00000	0.00000	1.07663	19.00000	0.00000	0.00000
1.08900	19.00000	0.00000	0.00000	1.08900	19.00000	0.00000	0.00000
1.10137	19.00000	0.00000	0.00000	1.10138	19.00000	0.00000	0.00000
1.11375	19.00000	0.00000	0.00000	1.11375	19.00000	0.00000	0.00000
1.12613	18.00000	0.00000	0.00000	1.12613	19.00000	0.00000	0.00000
1.13850	18.00000	0.00000	0.00000	1.13850	19.00000	0.00000	0.00000
1.15088	20.00000	0.00000	0.00000	1.15088	19.00000	0.00000	0.00000
1.16325	18.00000	0.00000	0.00000	1.16325	20.00000	0.00000	0.00000
1.17563	18.00000	0.00000	0.00000	1.17563	20.00000	0.00000	0.00000
1.18800	18.00000	0.00000	0.00000	1.18800	17.00000	0.00000	0.00000
1.20037	20.00000	0.00000	0.00000	1.20038	22.00000	0.00000	0.00000
1.21275	18.00000	0.00000	0.00000	1.21275	19.00000	0.00000	0.00000
1.22513	18.00000	0.00000	0.00000	1.22513	19.00000	0.00000	0.00000
1.23750	20.00000	0.00000	0.00000	1.23750	19.00000	0.00000	0.00000
1.24988	18.00000	0.00000	0.00000	1.24988	19.00000	0.00000	0.00000
1.26225	18.00000	0.00000	0.00000	1.26225	19.00000	0.00000	0.00000
1.27463	19.00000	0.00000	0.00000	1.27463	19.00000	0.00000	0.00000
1.28700	19.00000	0.00000	0.00000	1.28700	18.00000	0.00000	0.00000
1.29938	18.00000	0.00000	0.00000	1.29938	19.00000	0.00000	0.00000
1.31175	18.00000	0.00000	0.00000	1.31175	19.00000	0.00000	0.00000
1.32412	20.00000	0.00000	0.00000	1.32413	19.00000	0.00000	0.00000
1.33650	20.00000	0.00000	0.00000	1.33650	19.00000	0.00000	0.00000
1.34888	20.00000	0.00000	0.00000	1.34888	19.00000	0.00000	0.00000
1.36125	17.00000	0.00000	0.00000	1.36125	20.00000	0.00000	0.00000
1.37363	20.00000	0.00000	0.00000	1.37363	19.00000	0.00000	0.00000
1.38600	20.00000	0.00000	0.00000	1.38600	19.00000	0.00000	0.00000
1.39838	19.00000	0.00000	0.00000	1.39838	18.00000	0.00000	0.00000
1.41075	17.00000	0.00000	0.00000	1.41075	17.00000	0.00000	0.00000
1.42312	17.00000	0.00000	0.00000	1.42313	19.00000	0.00000	0.00000
1.43550	19.00000	0.00000	0.00000	1.43550	19.00000	0.00000	0.00000
1.44788	17.00000	0.00000	0.00000	1.44788	19.00000	0.00000	0.00000
1.46025	17.00000	0.00000	0.00000	1.46025	19.00000	0.00000	0.00000
1.47263	17.00000	0.00000	0.00000	1.47263	20.00000	0.00000	0.00000
1.48500	17.00000	0.00000	0.00000	1.48500	19.00000	0.00000	0.00000
1.49738	19.00000	0.00000	0.00000	1.49738	19.00000	0.00000	0.00000
1.50975	19.00000	0.00000	0.00000	1.50975	19.00000	0.00000	0.00000
1.52213	19.00000	0.00000	0.00000	1.52213	19.00000	0.00000	0.00000
1.53450	17.00000	0.00000	0.00000	1.53450	19.00000	0.00000	0.00000
1.54688	17.00000	0.00000	0.00000	1.54688	19.00000	0.00000	0.00000
1.55925	19.00000	0.00000	0.00000	1.55925	19.00000	0.00000	0.00000
1.57163	19.00000	0.00000	0.00000	1.57163	19.00000	0.00000	0.00000
1.58400	17.00000	0.00000	0.00000	1.58400	18.00000	0.00000	0.00000
1.59638	17.00000	0.00000	0.00000	1.59638	19.00000	0.00000	0.00000
1.60875	19.00000	0.00000	0.00000	1.60875	19.00000	0.00000	0.00000
1.62113	19.00000	0.00000	0.00000	1.62113	17.00000	0.00000	0.00000
1.63350	19.00000	0.00000	0.00000	1.63350	19.00000	0.00000	0.00000
1.64587	19.00000	0.00000	0.00000	1.64588	18.00000	0.00000	0.00000
1.65825	17.00000	0.00000	0.00000	1.65825	19.00000	0.00000	0.00000
1.67063	17.00000	0.00000	0.00000	1.67063	20.00000	0.00000	0.00000
1.68300	17.00000	0.00000	0.00000	1.68300	17.00000	0.00000	0.00000
1.69538	19.00000	0.00000	0.00000	1.69538	19.00000	0.00000	0.00000
1.70775	19.00000	0.00000	0.00000	1.70775	19.00000	0.00000	0.00000
1.72013	19.00000	0.00000	0.00000	1.72013	19.00000	0.00000	0.00000
1.73250	18.00000	0.00000	0.00000	1.73250	17.00000	0.00000	0.00000
1.74488	18.00000	0.00000	0.00000	1.74488	18.00000	0.00000	0.00000
1.75725	20.00000	0.00000	0.00000	1.75725	17.00000	0.00000	0.00000
1.76963	20.00000	0.00000	0.00000	1.76963	19.00000	0.00000	0.00000
1.78200	20.00000	0.00000	0.00000	1.78200	17.00000	0.00000	0.00000
1.79438	20.00000	0.00000	0.00000	1.79438	20.00000	0.00000	0.00000
1.80675	17.00000	0.00000	0.00000	1.80675	19.00000	0.00000	0.00000
1.81913	18.00000	0.00000	0.00000	1.81913	19.00000	0.00000	0.00000
1.83150	20.00000	0.00000	0.00000	1.83150	17.00000	0.00000	0.00000
1.84388	20.00000	0.00000	0.00000	1.84388	20.00000	0.00000	0.00000
1.85625	17.00000	0.00000	0.00000	1.85625	20.00000	0.00000	0.00000
1.86862	17.00000	0.00000	0.00000	1.86863	19.00000	0.00000	0.00000
1.88100	17.00000	0.00000	0.00000	1.88100	20.00000	0.00000	0.00000
1.89338	17.00000	0.00000	0.00000	1.89338	17.00000	0.00000	0.00000
1.90575	19.00000	0.00000	0.00000	1.90575	19.00000	0.00000	0.00000
1.91813	19.00000	0.00000	0.00000	1.91813	18.00000	0.00000	0.00000
1.93050	19.00000	0.00000	0.00000	1.93050	18.00000	0.00000	0.00000
1.94288	19.00000	0.00000	0.00000	1.94288	19.00000	0.00000	0.00000
1.95525	19.00000	0.00000	0.00000	1.95525	20.00000	0.00000	0.00000
1.96763	19.00000	0.00000	0.00000	1.96763	18.00000	0.00000	0.00000
1.98000	17.00000	0.00000	0.00000	1.98000	20.00000	0.00000	0.00000
1.99238	17.00000	0.00000	0.00000	1.99238	22.00000	0.00000	0.00000
2.00475	19.00000	0.00000	0.00000	2.00475	20.00000	0.00000	0.00000
2.01713	20.00000	0.00000	0.00000	2.01713	22.00000	0.00000	0.00000
2.02950	19.00000	0.00000	0.00000	2.02950	22.00000	0.00000	0.00000
2.04188	17.00000	0.00000	0.00000	2.04188	22.00000	0.00000	0.00000
2.05425	17.00000	0.00000	0.00000	2.05425	24.00000	0.00000	0.00000
2.06663	17.00000	0.00000	0.00000	2.06663	24.00000	0.00000	0.00000
2.07900	19.00000	0.00000	0.00000	2.07900	25.00000	0.00000	0.00000
2.09138	19.00000	0.00000	0.00000	2.09138	23.00000	0.00000	0.00000
2.10375	19.00000	0.00000	0.00000	2.10375	24.00000	0.00000	0.00000
2.11613	19.00000	0.00000	0.00000	2.11613	22.00000	0.00000	0.00000
2.12850	19.00000	0.00000	0.00000	2.12850	25.00000	0.00000	0.00000
2.14088	19.00000	0.00000	0.00000	2.14088	23.00000	0.00000	0.00000
2.15325	17.00000	0.00000	0.00000	2.15325	25.00000	0.00000	0.00000
2.16562	17.00000	0.00000	0.00000	2.16563	27.00000	0.00000	0.00000
2.17800	17.00000	0.00000	0.00000	2.17800	27.00000	0.00000	0.00000
2.19037	19.00000	0.00000	0.00000	2.19038	29.00000	0.00000	0.00000
2.20275	19.00000	0.00000	0.00000	2.20275	27.00000	0.00000	0.00000
2.21513	19.00000	0.00000	0.00000	2.21513	30.00000	0.00000	0.00000
2.22750	19.00000	0.00000	0.00000	2.22750	33.00000	0.00000	0.00000
2.23988	19.00000	0.00000	0.00000	2.23988	33.00000	0.00000	0.00000
2.25225	19.00000	0.00000	0.00000	2.25225	33.00000	0.00000	0.00000
2.26463	19.00000	0.00000	0.00000	2.26463	37.00000	0.00000	0.00000
2.27700	19.00000	0.00000	0.00000	2.27700	38.00000	0.00000	0.00000
2.28938	19.00000	0.00000	0.00000	2.28938	41.00000	0.00000	0.00000
2.30175	19.00000	0.00000	0.00000	2.30175	43.00000	0.00000	0.00000
2.31413	19.00000	0.00000	0.00000	2.31413	45.00000	0.00000	0.00000
2.32650	19.00000	0.00000	0.00000	2.32650	45.00000	0.00000	0.00000
2.33888	17.00000	0.00000	0.00000	2.33888	48.00000	0.00000	0.00000
2.35125	17.00000	0.00000	0.00000	2.35125	46.00000	0.00000	0.00000
2.36363	19.00000	0.00000	0.00000	2.36363	50.00000	0.00000	0.00000
2.37600	19.00000	0.00000	0.00000	2.37600	52.00000	0.00000	0.00000
2.38837	19.00000	0.00000	0.00000	2.38838	58.00000	0.00000	0.00000
2.40075	19.00000	0.00000	0.00000	2.40075	57.00000	0.00000	0.00000
2.41312	19.00000	0.00000	0.00000	2.41313	61.00000	0.00000	0.00000
2.42550	19.00000	0.00000	0.00000	2.42550	60.00000	0.00000	0.00000
2.43788	19.00000	0.00000	0.00000	2.43788	67.00000	0.00000	0.00000
2.45025	19.00000	0.00000	0.00000	2.45025	66.00000	0.00000	0.00000
2.46263	19.00000	0.00000	0.00000	2.46263	71.00000	0.00000	0.00000
2.47500	19.00000	0.00000	0.00000	2.47500	69.00000	0.00000	0.00000
2.48738	19.00000	0.00000	0.00000	2.48738	75.00000	0.00000	0.00000
2.49975	19.00000	0.00000	0.00000	2.49975	80.00000	0.00000	0.00000
2.51213	17.00000	0.00000	0.00000	2.51213	79.00000	0.00000	0.00000
2.52450	17.00000	0.00000	0.00000	2.52450	87.00000	0.00000	0.00000
2.53688	17.00000	0.00000	0.00000	2.53688	83.00000	0.00000	0.00000
2.54925	17.00000	0.00000	0.00000	2.54925	84.00000	0.00000	0.00000
2.56163	19.00000	0.00000	0.00000	2.56163	89.00000	0.00000	0.00000
2.57400	19.00000	0.00000	0.00000	2.57400	93.00000	0.00000	0.00000
2.58638	19.00000	0.00000	0.00000	2.58638	94.00000	0.00000	0.00000
2.59875	19.00000	0.00000	0.00000	2.59875	102.00000	0.00000	0.00000
2.61112	18.00000	0.00000	0.00000	2.61113	102.00000	0.00000	0.00000
2.62350	18.00000	0.00000	0.00000	2.62350	102.00000	0.00000	0.00000
2.63587	20.00000	0.00000	0.00000	2.63588	109.00000	0.00000	0.00000
2.64825	20.00000	0.00000	0.00000	2.64825	109.00000	0.00000	0.00000
2.66063	20.00000	0.00000	0.00000	2.66063	116.00000	0.00000	0.00000
2.67300	20.00000	0.00000	0.00000	2.67300	114.00000	0.00000	0.00000
2.68538	20.00000	0.00000	0.00000	2.68538	115.00000	0.00000	0.00000
2.69775	18.00000	0.00000	0.00000	2.69775	123.00000	0.00000	0.00000
2.71013	17.00000	0.00000	0.00000	2.71013	116.00000	0.00000	0.00000
2.72250	19.00000	0.00000	0.00000	2.72250	119.00000	0.00000	0.00000
2.73488	18.00000	0.00000	0.00000	2.73488	126.00000	0.00000	0.00000
2.74725	20.00000	0.00000	0.00000	2.74725	129.00000	0.00000	0.00000
2.75963	20.00000	0.00000	0.00000	2.75963	133.00000	0.00000	0.00000
2.77200	18.00000	0.00000	0.00000	2.77200	136.00000	0.00000	0.00000
2.78438	19.00000	0.00000	0.00000	2.78438	142.00000	0.00000	0.00000
2.79675	17.00000	0.00000	0.00000	2.79675	143.00000	0.00000	0.00000
2.80913	17.00000	0.00000	0.00000	2.80913	139.00000	0.00000	0.00000
2.82150	19.00000	0.00000	0.00000	2.82150	142.00000	0.00000	0.00000
2.83387	19.00000	0.00000	0.00000	2.83388	144.00000	0.00000	0.00000
2.84625	17.00000	0.00000	0.00000	2.84625	140.00000	0.00000	0.00000
2.85862	17.00000	0.00000	0.00000	2.85863	138.00000	0.00000	0.00000
2.87100	19.00000	0.00000	0.00000	2.87100	133.00000	0.00000	0.00000
2.88338	19.00000	0.00000	0.00000	2.88338	135.00000	0.00000	0.00000
2.89575	17.00000	0.00000	0.00000	2.89575	131.00000	0.00000	0.00000
2.90813	19.00000	0.00000	0.00000	2.90813	135.00000	0.00000	0.00000
2.92050	19.00000	0.00000	0.00000	2.92050	136.00000	0.00000	0.00000
2.93288	19.00000	0.00000	0.00000	2.93288	136.00000	0.00000	0.00000
2.94525	19.00000	0.00000	0.00000	2.94525	128.00000	0.00000	0.00000
2.95763	19.00000	0.00000	0.00000	2.95763	124.00000	0.00000	0.00000
2.97000	19.00000	0.00000	0.00000	2.97000	126.00000	0.00000	0.00000
2.98238	19.00000	0.00000	0.00000	2.98238	128.00000	0.00000	0.00000
2.99475	17.00000	0.00000	0.00000	2.99475	125.00000	0.00000	0.00000
3.00713	17.00000	0.00000	0.00000	3.00713	125.00000	0.00000	0.00000
3.01950	18.00000	0.00000	0.00000	3.01950	123.00000	0.00000	0.00000
3.03188	18.00000	0.00000	0.00000	3.03188	123.00000	0.00000	0.00000
3.04425	18.00000	0.00000	0.00000	3.04425	122.00000	0.00000	0.00000
3.05662	18.00000	0.00000	0.00000	3.05663	121.00000	0.00000	0.00000
3.06900	17.00000	0.00000	0.00000	3.06900	117.00000	0.00000	0.00000
3.08137	17.00000	0.00000	0.00000	3.08138	116.00000	0.00000	0.00000
3.09375	20.00000	0.00000	0.00000	3.09375	111.00000	0.00000	0.00000
3.10613	19.00000	0.00000	0.00000	3.10613	115.00000	0.00000	0.00000
3.11850	18.00000	0.00000	0.00000	3.11850	116.00000	0.00000	0.00000
3.13088	19.00000	0.00000	0.00000	3.13088	112.00000	0.00000	0.00000
3.14325	19.00000	0.00000	0.00000	3.14325	108.00000	0.00000	0.00000
3.15563	19.00000	0.00000	0.00000	3.15563	108.00000	0.00000	0.00000
3.16800	19.00000	0.00000	0.00000	3.16800	104.00000	0.00000	0.00000
3.18038	19.00000	0.00000	0.00000	3.18038	104.00000	0.00000	0.00000
3.19275	19.00000	0.00000	0.00000	3.19275	98.00000	0.00000	0.00000
3.20513	19.00000	0.00000	0.00000	3.20513	100.00000	0.00000	0.00000
3.21750	19.00000	0.00000	0.00000	3.21750	98.00000	0.00000	0.00000
3.22988	19.00000	0.00000	0.00000	3.22988	93.00000	0.00000	0.00000
3.24225	19.00000	0.00000	0.00000	3.24225	96.00000	0.00000	0.00000
3.25463	18.00000	0.00000	0.00000	3.25463	94.00000	0.00000	0.00000
3.26700	18.00000	0.00000	0.00000	3.26700	90.00000	0.00000	0.00000
3.27938	20.00000	0.00000	0.00000	3.27938	87.00000	0.00000	0.00000
3.29175	22.00000	0.00000	0.00000	3.29175	82.00000	0.00000	0.00000
3.30412	22.00000	0.00000	0.00000	3.30413	77.00000	0.00000	0.00000
3.31650	18.00000	0.00000	0.00000	3.31650	73.00000	0.00000	0.00000
3.32888	19.00000	0.00000	0.00000	3.32888	75.00000	0.00000	0.00000
3.34125	22.00000	0.00000	0.00000	3.34125	75.00000	0.00000	0.00000
3.35363	23.00000	0.00000	0.00000	3.35363	71.00000	0.00000	0.00000
3.36600	20.00000	0.00000	0.00000	3.36600	60.00000	0.00000	0.00000
3.37838	20.00000	0.00000	0.00000	3.37838	60.00000	0.00000	0.00000
3.39075	20.00000	0.00000	0.00000	3.39075	57.00000	0.00000	0.00000
3.40313	23.00000	0.00000	0.00000	3.40313	58.00000	0.00000	0.00000
3.41550	23.00000	0.00000	0.00000	3.41550	52.00000	0.00000	0.00000
3.42788	22.00000	0.00000	0.00000	3.42788	52.00000	0.00000	0.00000
3.44025	22.00000	0.00000	0.00000	3.44025	52.00000	0.00000	0.00000
3.45263	24.00000	0.00000	0.00000	3.45263	50.00000	0.00000	0.00000
3.46500	23.00000	0.00000	0.00000	3.46500	47.00000	0.00000	0.00000
3.47738	26.00000	0.00000	0.00000	3.47738	43.00000	0.00000	0.00000
3.48975	26.00000	0.00000	0.00000	3.48975	43.00000	0.00000	0.00000
3.50213	25.00000	0.00000	0.00000	3.50213	39.00000	0.00000	0.00000
3.51450	27.00000	0.00000	0.00000	3.51450	36.00000	0.00000	0.00000
3.52687	26.00000	0.00000	0.00000	3.52688	39.00000	0.00000	0.00000
3.53925	27.00000	0.00000	0.00000	3.53925	33.00000	0.00000	0.00000
3.55163	32.00000	0.00000	0.00000	3.55163	30.00000	0.00000	0.00000
3.56400	32.00000	0.00000	0.00000	3.56400	32.00000	0.00000	0.00000
3.57638	31.00000	0.00000	0.00000	3.57638	30.00000	0.00000	0.00000
3.58875	31.00000	0.00000	0.00000	3.58875	31.00000	0.00000	0.00000
3.60113	34.00000	0.00000	0.00000	3.60113	30.00000	0.00000	0.00000
3.61350	34.00000	0.00000	0.00000	3.61350	30.00000	0.00000	0.00000
3.62588	38.00000	0.00000	0.00000	3.62588	29.00000	0.00000	0.00000
3.63825	38.00000	0.00000	0.00000	3.63825	26.00000	0.00000	0.00000
3.65063	41.00000	0.00000	0.00000	3.65063	27.00000	0.00000	0.00000
3.66300	43.00000	0.00000	0.00000	3.66300	25.00000	0.00000	0.00000
3.67538	44.00000	0.00000	0.00000	3.67538	25.00000	0.00000	0.00000
3.68775	44.00000	0.00000	0.00000	3.68775	20.00000	0.00000	0.00000
3.70013	44.00000	0.00000	0.00000	3.70013	22.00000	0.00000	0.00000
3.71250	47.00000	0.00000	0.00000	3.71250	22.00000	0.00000	0.00000
3.72488	57.00000	0.00000	0.00000	3.72488	20.00000	0.00000	0.00000
3.73725	64.00000	0.00000	0.00000	3.73725	23.00000	0.00000	0.00000
3.74962	65.00000	0.00000	0.00000	3.74963	22.00000	0.00000	0.00000
3.76200	66.00000	0.00000	0.00000	3.76200	22.00000	0.00000	0.00000
3.77438	65.00000	0.00000	0.00000	3.77438	22.00000	0.00000	0.00000
3.78675	68.00000	0.00000	0.00000	3.78675	20.00000	0.00000	0.00000
3.79913	68.00000	0.00000	0.00000	3.79913	17.00000	0.00000	0.00000
3.81150	72.00000	0.00000	0.00000	3.81150	19.00000	0.00000	0.00000
3.82388	72.00000	0.00000	0.00000	3.82388	17.00000	0.00000	0.00000
3.83625	74.00000	0.00000	0.00000	3.83625	20.00000	0.00000	0.00000
3.84863	83.00000	0.00000	0.00000	3.84863	20.00000	0.00000	0.00000
3.86100	93.00000	0.00000	0.00000	3.86100	17.00000	0.00000	0.00000
3.87338	95.00000	0.00000	0.00000	3.87338	19.00000	0.00000	0.00000
3.88575	90.00000	0.00000	0.00000	3.88575	17.00000	0.00000	0.00000
3.89813	84.00000	0.00000	0.00000	3.89813	18.00000	0.00000	0.00000
3.91050	84.00000	0.00000	0.00000	3.91050	19.00000	0.00000	0.00000
3.92288	89.00000	0.00000	0.00000	3.92288	19.00000	0.00000	0.00000
3.93525	94.00000	0.00000	0.00000	3.93525	18.00000	0.00000	0.00000
3.94763	98.00000	0.00000	0.00000	3.94763	20.00000	0.00000	0.00000
3.96000	98.00000	0.00000	0.00000	3.96000	18.00000	0.00000	0.00000
3.97237	102.00000	0.00000	0.00000	3.97238	19.00000	0.00000	0.00000
3.98475	109.00000	0.00000	0.00000	3.98475	18.00000	0.00000	0.00000
3.99713	112.00000	0.00000	0.00000	3.99713	19.00000	0.00000	0.00000
4.00950	108.00000	0.00000	0.00000	4.00950	18.00000	0.00000	0.00000
4.02188	95.00000	0.00000	0.00000	4.02188	17.00000	0.00000	0.00000
4.03425	94.00000	0.00000	0.00000	4.03425	19.00000	0.00000	0.00000
4.04663	101.00000	0.00000	0.00000	4.04663	19.00000	0.00000	0.00000
4.05900	104.00000	0.00000	0.00000	4.05900	17.00000	0.00000	0.00000
4.07138	98.00000	0.00000	0.00000	4.07138	19.00000	0.00000	0.00000
4.08375	97.00000	0.00000	0.00000	4.08375	19.00000	0.00000	0.00000
4.09612	115.00000	0.00000	0.00000	4.09613	17.00000	0.00000	0.00000
4.10850	130.00000	0.00000	0.00000	4.10850	19.00000	0.00000	0.00000
4.12087	131.00000	0.00000	0.00000	4.12088	17.00000	0.00000	0.00000
4.13325	129.00000	0.00000	0.00000	4.13325	19.00000	0.00000	0.00000
4.14562	132.00000	0.00000	0.00000	4.14563	20.00000	0.00000	0.00000
4.15800	139.00000	0.00000	0.00000	4.15800	19.00000	0.00000	0.00000
4.17037	138.00000	0.00000	0.00000	4.17038	19.00000	0.00000	0.00000
4.18275	137.00000	0.00000	0.00000	4.18275	19.00000	0.00000	0.00000
4.19512	135.00000	0.00000	0.00000	4.19513	19.00000	0.00000	0.00000
4.20750	136.00000	0.00000	0.00000	4.20750	19.00000	0.00000	0.00000
4.21988	133.00000	0.00000	0.00000	4.21988	20.00000	0.00000	0.00000
4.23225	133.00000	0.00000	0.00000	4.23225	19.00000	0.00000	0.00000
4.24463	133.00000	0.00000	0.00000	4.24463	19.00000	0.00000	0.00000
4.25700	135.00000	0.00000	0.00000	4.25700	19.00000	0.00000	0.00000
4.26938	138.00000	0.00000	0.00000	4.26938	20.00000	0.00000	0.00000
4.28175	139.00000	0.00000	0.00000	4.28175	17.00000	0.00000	0.00000
4.29413	139.00000	0.00000	0.00000	4.29413	17.00000	0.00000	0.00000
4.30650	137.00000	0.00000	0.00000	4.30650	18.00000	0.00000	0.00000
4.31888	136.00000	0.00000	0.00000	4.31888	17.00000	0.00000	0.00000
4.33125	132.00000	0.00000	0.00000	4.33125	17.00000	0.00000	0.00000
4.34363	131.00000	0.00000	0.00000	4.34363	17.00000	0.00000	0.00000
4.35600	132.00000	0.00000	0.00000	4.35600	17.00000	0.00000	0.00000
4.36838	132.00000	0.00000	0.00000	4.36838	19.00000	0.00000	0.00000
4.38075	131.00000	0.00000	0.00000	4.38075	17.00000	0.00000	0.00000
4.39313	128.00000	0.00000	0.00000	4.39313	19.00000	0.00000	0.00000
4.40550	123.00000	0.00000	0.00000	4.40550	17.00000	0.00000	0.00000
4.41788	121.00000	0.00000	0.00000	4.41788	18.00000	0.00000	0.00000
4.43025	121.00000	0.00000	0.00000	4.43025	17.00000	0.00000	0.00000
4.44263	122.00000	0.00000	0.00000	4.44263	18.00000	0.00000	0.00000
4.45500	121.00000	0.00000	0.00000	4.45500	18.00000	0.00000	0.00000
4.46738	115.00000	0.00000	0.00000	4.46738	17.00000	0.00000	0.00000
4.47975	115.00000	0.00000	0.00000	4.47975	19.00000	0.00000	0.00000
4.49213	112.00000	0.00000	0.00000	4.49213	19.00000	0.00000	0.00000
4.50450	110.00000	0.00000	0.00000	4.50450	18.00000	0.00000	0.00000
4.51688	108.00000	0.00000	0.00000	4.51688	19.00000	0.00000	0.00000
4.52925	103.00000	0.00000	0.00000	4.52925	18.00000	0.00000	0.00000
4.54162	103.00000	0.00000	0.00000	4.54163	19.00000	0.00000	0.00000
4.55400	100.00000	0.00000	0.00000	4.55400	18.00000	0.00000	0.00000
4.56637	96.00000	0.00000	0.00000	4.56638	17.00000	0.00000	0.00000
4.57875	94.00000	0.00000	0.00000	4.57875	18.00000	0.00000	0.00000
4.59112	84.00000	0.00000	0.00000	4.59113	18.00000	0.00000	0.00000
4.60350	84.00000	0.00000	0.00000	4.60350	19.00000	0.00000	0.00000
4.61587	84.00000	0.00000	0.00000	4.61588	19.00000	0.00000	0.00000
4.62825	80.00000	0.00000	0.00000	4.62825	19.00000	0.00000	0.00000
4.64063	79.00000	0.00000	0.00000	4.64063	17.00000	0.00000	0.00000
4.65300	79.00000	0.00000	0.00000	4.65300	19.00000	0.00000	0.00000
4.66538	77.00000	0.00000	0.00000	4.66538	17.00000	0.00000	0.00000
4.67775	74.00000	0.00000	0.00000	4.67775	19.00000	0.00000	0.00000
4.69013	74.00000	0.00000	0.00000	4.69013	18.00000	0.00000	0.00000
4.70250	72.00000	0.00000	0.00000	4.70250	19.00000	0.00000	0.00000
4.71488	67.00000	0.00000	0.00000	4.71488	19.00000	0.00000	0.00000
4.72725	65.00000	0.00000	0.00000	4.72725	17.00000	0.00000	0.00000
4.73963	65.00000	0.00000	0.00000	4.73963	17.00000	0.00000	0.00000
4.75200	60.00000	0.00000	0.00000	4.75200	17.00000	0.00000	0.00000
4.76438	55.00000	0.00000	0.00000	4.76438	19.00000	0.00000	0.00000
4.77675	52.00000	0.00000	0.00000	4.77675	17.00000	0.00000	0.00000
4.78913	50.00000	0.00000	0.00000	4.78913	19.00000	0.00000	0.00000
4.80150	51.00000	0.00000	0.00000	4.80150	19.00000	0.00000	0.00000
4.81388	50.00000	0.00000	0.00000	4.81388	19.00000	0.00000	0.00000
4.82625	47.00000	0.00000	0.00000	4.82625	16.00000	0.00000	0.00000
4.83863	43.00000	0.00000	0.00000	4.83863	18.00000	0.00000	0.00000
4.85100	41.00000	0.00000	0.00000	4.85100	16.00000	0.00000	0.00000
4.86338	43.00000	0.00000	0.00000	4.86338	18.00000	0.00000	0.00000
4.87575	41.00000	0.00000	0.00000	4.87575	18.00000	0.00000	0.00000
4.88813	40.00000	0.00000	0.00000	4.88813	17.00000	0.00000	0.00000
4.90050	39.00000	0.00000	0.00000	4.90050	19.00000	0.00000	0.00000
4.91288	36.00000	0.00000	0.00000	4.91288	17.00000	0.00000	0.00000
4.92525	33.00000	0.00000	0.00000	4.92525	17.00000	0.00000	0.00000
4.93763	34.00000	0.00000	0.00000	4.93763	18.00000	0.00000	0.00000
4.95000	33.00000	0.00000	0.00000	4.95000	19.00000	0.00000	0.00000
4.96238	30.00000	0.00000	0.00000	4.96238	18.00000	0.00000	0.00000
4.97475	29.00000	0.00000	0.00000	4.97475	18.00000	0.00000	0.00000
4.98712	29.00000	0.00000	0.00000	4.98713	18.00000	0.00000	0.00000
4.99950	27.00000	0.00000	0.00000	4.99950	16.00000	0.00000	0.00000
5.01187	25.00000	0.00000	0.00000	5.01188	19.00000	0.00000	0.00000
5.02425	24.00000	0.00000	0.00000	5.02425	19.00000	0.00000	0.00000
5.03662	24.00000	0.00000	0.00000	5.03663	19.00000	0.00000	0.00000
5.04900	25.00000	0.00000	0.00000	5.04900	19.00000	0.00000	0.00000
5.06137	25.00000	0.00000	0.00000	5.06138	19.00000	0.00000	0.00000
5.07375	23.00000	0.00000	0.00000	5.07375	18.00000	0.00000	0.00000
5.08613	24.00000	0.00000	0.00000	5.08613	19.00000	0.00000	0.00000
5.09850	23.00000	0.00000	0.00000	5.09850	18.00000	0.00000	0.00000
5.11088	20.00000	0.00000	0.00000	5.11088	17.00000	0.00000	0.00000
5.12325	20.00000	0.00000	0.00000	5.12325	17.00000	0.00000	0.00000
5.13563	22.00000	0.00000	0.00000	5.13563	17.00000	0.00000	0.00000
5.14800	22.00000	0.00000	0.00000	5.14800	18.00000	0.00000	0.00000
5.16038	22.00000	0.00000	0.00000	5.16038	18.00000	0.00000	0.00000
5.17275	19.00000	0.00000	0.00000	5.17275	18.00000	0.00000	0.00000
5.18513	18.00000	0.00000	0.00000	5.18513	18.00000	0.00000	0.00000
5.19750	20.00000	0.00000	0.00000	5.19750	16.00000	0.00000	0.00000
5.20988	22.00000	0.00000	0.00000	5.20988	18.00000	0.00000	0.00000
5.22225	20.00000	0.00000	0.00000	5.22225	16.00000	0.00000	0.00000
5.23463	18.00000	0.00000	0.00000	5.23463	18.00000	0.00000	0.00000
5.24700	18.00000	0.00000	0.00000	5.24700	19.00000	0.00000	0.00000
5.25938	20.00000	0.00000	0.00000	5.25938	18.00000	0.00000	0.00000
5.27175	20.00000	0.00000	0.00000	5.27175	19.00000	0.00000	0.00000
5.28413	20.00000	0.00000	0.00000	5.28413	18.00000	0.00000	0.00000
5.29650	20.00000	0.00000	0.00000	5.29650	19.00000	0.00000	0.00000
5.30888	20.00000	0.00000	0.00000	5.30888	16.00000	0.00000	0.00000
5.32125	20.00000	0.00000	0.00000	5.32125	18.00000	0.00000	0.00000
5.33363	18.00000	0.00000	0.00000	5.33363	18.00000	0.00000	0.00000
5.34600	18.00000	0.00000	0.00000	5.34600	18.00000	0.00000	0.00000
5.35838	19.00000	0.00000	0.00000	5.35838	16.00000	0.00000	0.00000
5.37075	19.00000	0.00000	0.00000	5.37075	18.00000	0.00000	0.00000
5.38313	19.00000	0.00000	0.00000	5.38313	16.00000	0.00000	0.00000
5.39550	19.00000	0.00000	0.00000	5.39550	17.00000	0.00000	0.00000
5.40788	19.00000	0.00000	0.00000	5.40788	16.00000	0.00000	0.00000
5.42025	19.00000	0.00000	0.00000	5.42025	18.00000	0.00000	0.00000
5.43262	19.00000	0.00000	0.00000	5.43263	18.00000	0.00000	0.00000
5.44500	19.00000	0.00000	0.00000	5.44500	19.00000	0.00000	0.00000
5.45737	19.00000	0.00000	0.00000	5.45738	19.00000	0.00000	0.00000
5.46975	19.00000	0.00000	0.00000	5.46975	19.00000	0.00000	0.00000
5.48212	19.00000	0.00000	0.00000	5.48213	17.00000	0.00000	0.00000
5.49450	19.00000	0.00000	0.00000	5.49450	19.00000	0.00000	0.00000
5.50687	19.00000	0.00000	0.00000	5.50688	18.00000	0.00000	0.00000
5.51925	19.00000	0.00000	0.00000	5.51925	19.00000	0.00000	0.00000
5.53163	19.00000	0.00000	0.00000	5.53163	17.00000	0.00000	0.00000
5.54400	19.00000	0.00000	0.00000	5.54400	16.00000	0.00000	0.00000
5.55638	19.00000	0.00000	0.00000	5.55638	18.00000	0.00000	0.00000
5.56875	19.00000	0.00000	0.00000	5.56875	18.00000	0.00000	0.00000
5.58113	17.00000	0.00000	0.00000	5.58113	17.00000	0.00000	0.00000
5.59350	17.00000	0.00000	0.00000	5.59350	19.00000	0.00000	0.00000
5.60588	19.00000	0.00000	0.00000	5.60588	17.00000	0.00000	0.00000
5.61825	20.00000	0.00000	0.00000	5.61825	17.00000	0.00000	0.00000
5.63063	20.00000	0.00000	0.00000	5.63063	19.00000	0.00000	0.00000
5.64300	20.00000	0.00000	0.00000	5.64300	18.00000	0.00000	0.00000
5.65538	18.00000	0.00000	0.00000	5.65538	18.00000	0.00000	0.00000
5.66775	18.00000	0.00000	0.00000	5.66775	17.00000	0.00000	0.00000
5.68013	19.00000	0.00000	0.00000	5.68013	16.00000	0.00000	0.00000
5.69250	19.00000	0.00000	0.00000	5.69250	18.00000	0.00000	0.00000
5.70488	17.00000	0.00000	0.00000	5.70488	19.00000	0.00000	0.00000
5.71725	17.00000	0.00000	0.00000	5.71725	18.00000	0.00000	0.00000
5.72963	17.00000	0.00000	0.00000	5.72963	19.00000	0.00000	0.00000
5.74200	20.00000	0.00000	0.00000	5.74200	17.00000	0.00000	0.00000
5.75438	19.00000	0.00000	0.00000	5.75438	19.00000	0.00000	0.00000
5.76675	18.00000	0.00000	0.00000	5.76675	17.00000	0.00000	0.00000
5.77913	18.00000	0.00000	0.00000	5.77913	18.00000	0.00000	0.00000
5.79150	20.00000	0.00000	0.00000	5.79150	17.00000	0.00000	0.00000
5.80388	19.00000	0.00000	0.00000	5.80388	18.00000	0.00000	0.00000
5.81625	17.00000	0.00000	0.00000	5.81625	17.00000	0.00000	0.00000
5.82863	17.00000	0.00000	0.00000	5.82863	19.00000	0.00000	0.00000
5.84100	19.00000	0.00000	0.00000	5.84100	18.00000	0.00000	0.00000
5.85338	17.00000	0.00000	0.00000	5.85338	18.00000	0.00000	0.00000
5.86575	17.00000	0.00000	0.00000	5.86575	18.00000	0.00000	0.00000
5.87813	19.00000	0.00000	0.00000	5.87813	18.00000	0.00000	0.00000
5.89050	19.00000	0.00000	0.00000	5.89050	18.00000	0.00000	0.00000
5.90287	19.00000	0.00000	0.00000	5.90288	17.00000	0.00000	0.00000
5.91525	19.00000	0.00000	0.00000	0.00000	18.00000	0.00000	0.00000
5.92762	19.00000	0.00000	0.00000	0.00000	9.00000	0.00000	0.00000
5.94000	19.00000	0.00000	0.00000	0.00000	0.00000	0.00000	0.00000
5.95237	17.00000	0.00000	0.00000	0.00000	0.00000	0.00000	0.00000
5.96475	19.00000	0.00000	0.00000	0.00000	0.00000	0.00000	0.00000
5.97713	19.00000	0.00000	0.00000	0.00000	0.00000	0.00000	0.00000
5.98950	17.00000	0.00000	0.00000	0.00000	0.00000	0.00000	0.00000
6.00188	17.00000	0.00000	0.00000	0.00000	0.00000	0.00000	0.00000
6.01425	19.00000	0.00000	0.00000	0.00000	0.00000	0.00000	0.00000
6.02663	19.00000	0.00000	0.00000	0.00000	0.00000	0.00000	0.00000
6.03900	17.00000	0.00000	0.00000	0.00000	0.00000	0.00000	0.00000
6.05138	17.00000	0.00000	0.00000	0.00000	0.00000	0.00000	0.00000
6.06375	19.00000	0.00000	0.00000	0.00000	0.00000	0.00000	0.00000
6.07613	19.00000	0.00000	0.00000	0.00000	0.00000	0.00000	0.00000
6.08850	19.00000	0.00000	0.00000	0.00000	0.00000	0.00000	0.00000
6.10088	19.00000	0.00000	0.00000	0.00000	0.00000	0.00000	0.00000
6.11325	19.00000	0.00000	0.00000	0.00000	0.00000	0.00000	0.00000
6.12563	17.00000	0.00000	0.00000	0.00000	0.00000	0.00000	0.00000
6.13800	17.00000	0.00000	0.00000	0.00000	0.00000	0.00000	0.00000
6.15038	19.00000	0.00000	0.00000	0.00000	0.00000	0.00000	0.00000
6.16275	19.00000	0.00000	0.00000	0.00000	0.00000	0.00000	0.00000
6.17513	17.00000	0.00000	0.00000	0.00000	0.00000	0.00000	0.00000
6.18750	17.00000	0.00000	0.00000	0.00000	0.00000	0.00000	0.00000
6.19988	19.00000	0.00000	0.00000	0.00000	0.00000	0.00000	0.00000
6.21225	17.00000	0.00000	0.00000	0.00000	0.00000	0.00000	0.00000
6.22463	17.00000	0.00000	0.00000	0.00000	0.00000	0.00000	0.00000
6.23700	19.00000	0.00000	0.00000	0.00000	0.00000	0.00000	0.00000
6.24938	19.00000	0.00000	0.00000	0.00000	0.00000	0.00000	0.00000
6.26175	19.00000	0.00000	0.00000	0.00000	0.00000	0.00000	0.00000
6.27413	19.00000	0.00000	0.00000	0.00000	0.00000	0.00000	0.00000
6.28650	19.00000	0.00000	0.00000	0.00000	0.00000	0.00000	0.00000
6.29888	19.00000	0.00000	0.00000	0.00000	0.00000	0.00000	0.00000
6.31125	17.00000	0.00000	0.00000	0.00000	0.00000	0.00000	0.00000
6.32363	19.00000	0.00000	0.00000	0.00000	0.00000	0.00000	0.00000
6.33600	17.00000	0.00000	0.00000	0.00000	0.00000	0.00000	0.00000
6.34837	17.00000	0.00000	0.00000	0.00000	0.00000	0.00000	0.00000
6.36075	17.00000	0.00000	0.00000	0.00000	0.00000	0.00000	0.00000
6.37312	19.00000	0.00000	0.00000	0.00000	0.00000	0.00000	0.00000
6.38550	19.00000	0.00000	0.00000	0.00000	0.00000	0.00000	0.00000
6.39787	17.00000	0.00000	0.00000	0.00000	0.00000	0.00000	0.00000
6.41025	17.00000	0.00000	0.00000	0.00000	0.00000	0.00000	0.00000
6.42263	19.00000	0.00000	0.00000	0.00000	0.00000	0.00000	0.00000
6.43500	20.00000	0.00000	0.00000	0.00000	0.00000	0.00000	0.00000
6.44738	19.00000	0.00000	0.00000	0.00000	0.00000	0.00000	0.00000
6.45975	19.00000	0.00000	0.00000	0.00000	0.00000	0.00000	0.00000
6.47213	17.00000	0.00000	0.00000	0.00000	0.00000	0.00000	0.00000
6.48450	17.00000	0.00000	0.00000	0.00000	0.00000	0.00000	0.00000
6.49688	17.00000	0.00000	0.00000	0.00000	0.00000	0.00000	0.00000
6.50925	20.00000	0.00000	0.00000	0.00000	0.00000	0.00000	0.00000
6.52163	20.00000	0.00000	0.00000	0.00000	0.00000	0.00000	0.00000
6.53400	17.00000	0.00000	0.00000	0.00000	0.00000	0.00000	0.00000
6.54638	18.00000	0.00000	0.00000	0.00000	0.00000	0.00000	0.00000
6.55875	20.00000	0.00000	0.00000	0.00000	0.00000	0.00000	0.00000
6.57113	20.00000	0.00000	0.00000	0.00000	0.00000	0.00000	0.00000
6.58350	17.00000	0.00000	0.00000	0.00000	0.00000	0.00000	0.00000
6.59588	17.00000	0.00000	0.00000	0.00000	0.00000	0.00000	0.00000
6.60825	19.00000	0.00000	0.00000	0.00000	0.00000	0.00000	0.00000
6.62063	17.00000	0.00000	0.00000	0.00000	0.00000	0.00000	0.00000
6.63300	17.00000	0.00000	0.00000	0.00000	0.00000	0.00000	0.00000
6.64538	18.00000	0.00000	0.00000	0.00000	0.00000	0.00000	0.00000
6.65775	18.00000	0.00000	0.00000	0.00000	0.00000	0.00000	0.00000
6.67013	18.00000	0.00000	0.00000	0.00000	0.00000	0.00000	0.00000
6.68250	18.00000	0.00000	0.00000	0.00000	0.00000	0.00000	0.00000
6.69488	18.00000	0.00000	0.00000	0.00000	0.00000	0.00000	0.00000
6.70725	18.00000	0.00000	0.00000	0.00000	0.00000	0.00000	0.00000
6.71963	17.00000	0.00000	0.00000	0.00000	0.00000	0.00000	0.00000
6.73200	17.00000	0.00000	0.00000	0.00000	0.00000	0.00000	0.00000
6.74438	19.00000	0.00000	0.00000	0.00000	0.00000	0.00000	0.00000
6.75675	19.00000	0.00000	0.00000	0.00000	0.00000	0.00000	0.00000
6.76913	17.00000	0.00000	0.00000	0.00000	0.00000	0.00000	0.00000
6.78150	17.00000	0.00000	0.00000	0.00000	0.00000	0.00000	0.00000
6.79387	19.00000	0.00000	0.00000	0.00000	0.00000	0.00000	0.00000
6.80625	17.00000	0.00000	0.00000	0.00000	0.00000	0.00000	0.00000
6.81862	17.00000	0.00000	0.00000	0.00000	0.00000	0.00000	0.00000
6.83100	18.00000	0.00000	0.00000	0.00000	0.00000	0.00000	0.00000
6.84337	17.00000	0.00000	0.00000	0.00000	0.00000	0.00000	0.00000
6.85575	17.00000	0.00000	0.00000	0.00000	0.00000	0.00000	0.00000
6.86813	19.00000	0.00000	0.00000	0.00000	0.00000	0.00000	0.00000
6.88050	19.00000	0.00000	0.00000	0.00000	0.00000	0.00000	0.00000
6.89288	17.00000	0.00000	0.00000	0.00000	0.00000	0.00000	0.00000
6.90525	17.00000	0.00000	0.00000	0.00000	0.00000	0.00000	0.00000
6.91763	19.00000	0.00000	0.00000	0.00000	0.00000	0.00000	0.00000
6.93000	19.00000	0.00000	0.00000	0.00000	0.00000	0.00000	0.00000
6.94238	17.00000	0.00000	0.00000	0.00000	0.00000	0.00000	0.00000
6.95475	19.00000	0.00000	0.00000	0.00000	0.00000	0.00000	0.00000
6.96713	19.00000	0.00000	0.00000	0.00000	0.00000	0.00000	0.00000
6.97950	19.00000	0.00000	0.00000	0.00000	0.00000	0.00000	0.00000
6.99188	19.00000	0.00000	0.00000	0.00000	0.00000	0.00000	0.00000
7.00425	17.00000	0.00000	0.00000	0.00000	0.00000	0.00000	0.00000
7.01663	17.00000	0.00000	0.00000	0.00000	0.00000	0.00000	0.00000
7.02900	17.00000	0.00000	0.00000	0.00000	0.00000	0.00000	0.00000
7.04138	19.00000	0.00000	0.00000	0.00000	0.00000	0.00000	0.00000
7.05375	19.00000	0.00000	0.00000	0.00000	0.00000	0.00000	0.00000
7.06613	17.00000	0.00000	0.00000	0.00000	0.00000	0.00000	0.00000
7.07850	17.00000	0.00000	0.00000	0.00000	0.00000	0.00000	0.00000
7.09088	19.00000	0.00000	0.00000	0.00000	0.00000	0.00000	0.00000
7.10325	19.00000	0.00000	0.00000	0.00000	0.00000	0.00000	0.00000
7.11563	17.00000	0.00000	0.00000	0.00000	0.00000	0.00000	0.00000
7.12800	17.00000	0.00000	0.00000	0.00000	0.00000	0.00000	0.00000
7.14038	17.00000	0.00000	0.00000	0.00000	0.00000	0.00000	0.00000
7.15275	19.00000	0.00000	0.00000	0.00000	0.00000	0.00000	0.00000
7.16513	19.00000	0.00000	0.00000	0.00000	0.00000	0.00000	0.00000
7.17750	19.00000	0.00000	0.00000	0.00000	0.00000	0.00000	0.00000
7.18988	19.00000	0.00000	0.00000	0.00000	0.00000	0.00000	0.00000
7.20225	19.00000	0.00000	0.00000	0.00000	0.00000	0.00000	0.00000
7.21463	19.00000	0.00000	0.00000	0.00000	0.00000	0.00000	0.00000
7.22700	17.00000	0.00000	0.00000	0.00000	0.00000	0.00000	0.00000
7.23938	17.00000	0.00000	0.00000	0.00000	0.00000	0.00000	0.00000
7.25175	17.00000	0.00000	0.00000	0.00000	0.00000	0.00000	0.00000
7.26412	19.00000	0.00000	0.00000	0.00000	0.00000	0.00000	0.00000
7.27650	19.00000	0.00000	0.00000	0.00000	0.00000	0.00000	0.00000
7.28887	17.00000	0.00000	0.00000	0.00000	0.00000	0.00000	0.00000
7.30125	17.00000	0.00000	0.00000	0.00000	0.00000	0.00000	0.00000
7.31363	18.00000	0.00000	0.00000	0.00000	0.00000	0.00000	0.00000
7.32600	18.00000	0.00000	0.00000	0.00000	0.00000	0.00000	0.00000
7.33838	17.00000	0.00000	0.00000	0.00000	0.00000	0.00000	0.00000
7.35075	17.00000	0.00000	0.00000	0.00000	0.00000	0.00000	0.00000
7.36313	19.00000	0.00000	0.00000	0.00000	0.00000	0.00000	0.00000
7.37550	19.00000	0.00000	0.00000	0.00000	0.00000	0.00000	0.00000
7.38788	17.00000	0.00000	0.00000	0.00000	0.00000	0.00000	0.00000
7.40025	17.00000	0.00000	0.00000	0.00000	0.00000	0.00000	0.00000
7.41263	19.00000	0.00000	0.00000	0.00000	0.00000	0.00000	0.00000
7.42500	19.00000	0.00000	0.00000	0.00000	0.00000	0.00000	0.00000
7.43738	19.00000	0.00000	0.00000	0.00000	0.00000	0.00000	0.00000
7.44975	17.00000	0.00000	0.00000	0.00000	0.00000	0.00000	0.00000
7.46213	17.00000	0.00000	0.00000	0.00000	0.00000	0.00000	0.00000
7.47450	19.00000	0.00000	0.00000	0.00000	0.00000	0.00000	0.00000
7.48688	19.00000	0.00000	0.00000	0.00000	0.00000	0.00000	0.00000
7.49925	19.00000	0.00000	0.00000	0.00000	0.00000	0.00000	0.00000
7.51163	19.00000	0.00000	0.00000	0.00000	0.00000	0.00000	0.00000
7.52400	17.00000	0.00000	0.00000	0.00000	0.00000	0.00000	0.00000
7.53638	17.00000	0.00000	0.00000	0.00000	0.00000	0.00000	0.00000
7.54875	19.00000	0.00000	0.00000	0.00000	0.00000	0.00000	0.00000
7.56113	19.00000	0.00000	0.00000	0.00000	0.00000	0.00000	0.00000
7.57350	17.00000	0.00000	0.00000	0.00000	0.00000	0.00000	0.00000
7.58588	17.00000	0.00000	0.00000	0.00000	0.00000	0.00000	0.00000
7.59825	19.00000	0.00000	0.00000	0.00000	0.00000	0.00000	0.00000
7.61063	17.00000	0.00000	0.00000	0.00000	0.00000	0.00000	0.00000
7.62300	17.00000	0.00000	0.00000	0.00000	0.00000	0.00000	0.00000
7.63538	19.00000	0.00000	0.00000	0.00000	0.00000	0.00000	0.00000
7.64775	19.00000	0.00000	0.00000	0.00000	0.00000	0.00000	0.00000
7.66013	19.00000	0.00000	0.00000	0.00000	0.00000	0.00000	0.00000
7.67250	17.00000	0.00000	0.00000	0.00000	0.00000	0.00000	0.00000
7.68488	17.00000	0.00000	0.00000	0.00000	0.00000	0.00000	0.00000
7.69725	17.00000	0.00000	0.00000	0.00000	0.00000	0.00000	0.00000
7.70962	17.00000	0.00000	0.00000	0.00000	0.00000	0.00000	0.00000
7.72200	19.00000	0.00000	0.00000	0.00000	0.00000	0.00000	0.00000
7.73438	19.00000	0.00000	0.00000	0.00000	0.00000	0.00000	0.00000
7.74675	17.00000	0.00000	0.00000	0.00000	0.00000	0.00000	0.00000
7.75913	17.00000	0.00000	0.00000	0.00000	0.00000	0.00000	0.00000
7.77150	19.00000	0.00000	0.00000	0.00000	0.00000	0.00000	0.00000
7.78388	19.00000	0.00000	0.00000	0.00000	0.00000	0.00000	0.00000
7.79625	19.00000	0.00000	0.00000	0.00000	0.00000	0.00000	0.00000
7.80863	17.00000	0.00000	0.00000	0.00000	0.00000	0.00000	0.00000
7.82100	17.00000	0.00000	0.00000	0.00000	0.00000	0.00000	0.00000
7.83338	17.00000	0.00000	0.00000	0.00000	0.00000	0.00000	0.00000
7.84575	17.00000	0.00000	0.00000	0.00000	0.00000	0.00000	0.00000
7.85813	19.00000	0.00000	0.00000	0.00000	0.00000	0.00000	0.00000
7.87050	20.00000	0.00000	0.00000	0.00000	0.00000	0.00000	0.00000
7.88288	16.00000	0.00000	0.00000	0.00000	0.00000	0.00000	0.00000
0.00000	12.00000	0.00000	0.00000	0.00000	0.00000	0.00000	0.00000
0.00000	9.00000	0.00000	0.00000	0.00000	0.00000	0.00000	0.00000