-1.03740	-0.78185
-1.03335	-0.78166
-1.02930	-0.78147
-1.02525	-0.78129
-1.02120	-0.78110
-1.01714	-0.78091
-1.01309	-0.78073
-1.00904	-0.78054
-1.00499	-0.78035
-1.00094	-0.78017
-0.99689	-0.77998
-0.99284	-0.77979
-0.98879	-0.77961
-0.98473	-0.77942
-0.98068	-0.77923
-0.97663	-0.77905
-0.97258	-0.77886
-0.96853	-0.77867
-0.96448	-0.77849
-0.96043	-0.77830
-0.95638	-0.77811
-0.95232	-0.77793
-0.94827	-0.77774
-0.94422	-0.77755
-0.94017	-0.77737
-0.93612	-0.77718
-0.93207	-0.77699
-0.92802	-0.77681
-0.92397	-0.77662
-0.91991	-0.77644
-0.91586	-0.77625
-0.91181	-0.77606
-0.90776	-0.77588
-0.90371	-0.77569
-0.89966	-0.77550
-0.89561	-0.77532
-0.89156	-0.77513
-0.88750	-0.77494
-0.88345	-0.77476
-0.87940	-0.77457
-0.87535	-0.77438
-0.87130	-0.77420
-0.86725	-0.77401
-0.86320	-0.77382
-0.85915	-0.77364
-0.85509	-0.77345
-0.85104	-0.77326
-0.84699	-0.77308
-0.84294	-0.77289
-0.83889	-0.77270
-0.83484	-0.77252
-0.83079	-0.77233
-0.82674	-0.77214
-0.82268	-0.77196
-0.81863	-0.77177
-0.81458	-0.77158
-0.81053	-0.77140
-0.80648	-0.77121
-0.80243	-0.77102
-0.79838	-0.77084
-0.79433	-0.77065
-0.79028	-0.77047
-0.78622	-0.77028
-0.78217	-0.77009
-0.77812	-0.76991
-0.77407	-0.76972
-0.77002	-0.76953
-0.76597	-0.76935
-0.76192	-0.76916
-0.75787	-0.76897
-0.75381	-0.76879
-0.74976	-0.76860
-0.74571	-0.76841
-0.74166	-0.76823
-0.73761	-0.76804
-0.73356	-0.76785
-0.72951	-0.76767
-0.72546	-0.76748
-0.72140	-0.76729
-0.71735	-0.76711
-0.71330	-0.76692
-0.70925	-0.76673
-0.70520	-0.76655
-0.70115	-0.76636
-0.69710	-0.76617
-0.69305	-0.76599
-0.68899	-0.76580
-0.68494	-0.76561
-0.68089	-0.76543
-0.67684	-0.76524
-0.67279	-0.76505
-0.66874	-0.76487
-0.66469	-0.76468
-0.66064	-0.76449
-0.65658	-0.76431
-0.65253	-0.76412
-0.64848	-0.76394
-0.64443	-0.76375
-0.64038	-0.76356
-0.63633	-0.76338
-0.63228	-0.76319
-0.62823	-0.76300
-0.62417	-0.76282
-0.62012	-0.76263
-0.61607	-0.76244
-0.61202	-0.76226
-0.60797	-0.76207
-0.60392	-0.76188
-0.59987	-0.76170
-0.59582	-0.76151
-0.59176	-0.76132
-0.58771	-0.76114
-0.58366	-0.76095
-0.57961	-0.76076
-0.57556	-0.76058
-0.57151	-0.76039
-0.56746	-0.76020
-0.56341	-0.76002
-0.55936	-0.75983
-0.55530	-0.75964
-0.55125	-0.75946
-0.54720	-0.75927
-0.54315	-0.75908
-0.53910	-0.75890
-0.53505	-0.75871
-0.53100	-0.75852
-0.52695	-0.75834
-0.52289	-0.75815
-0.51884	-0.75796
-0.51479	-0.75778
-0.51074	-0.75759
-0.50669	-0.75741
-0.50264	-0.75722
-0.49859	-0.75703
-0.49454	-0.75685
-0.49048	-0.75666
-0.48643	-0.75647
-0.48238	-0.75629
-0.47833	-0.75610
-0.47428	-0.75591
-0.47023	-0.75573
-0.46618	-0.75554
-0.46213	-0.75535
-0.45807	-0.75517
-0.45402	-0.75498
-0.44997	-0.75479
-0.44592	-0.75461
-0.44187	-0.75442
-0.43782	-0.75423
-0.43377	-0.75405
-0.42972	-0.75386
-0.42566	-0.75367
-0.42161	-0.75349
-0.41756	-0.75330
-0.41351	-0.75311
-0.40946	-0.75293
-0.40541	-0.75274
-0.40136	-0.75255
-0.39731	-0.75237
-0.39325	-0.75218
-0.38920	-0.75199
-0.38515	-0.75181
-0.38110	-0.75162
-0.37705	-0.75143
-0.37300	-0.75125
-0.36895	-0.75106
-0.36490	-0.75088
-0.36084	-0.75069
-0.35679	-0.75050
-0.35274	-0.75032
-0.34869	-0.75013
-0.34464	-0.74994
-0.34059	-0.74976
-0.33654	-0.74957
-0.33249	-0.74938
-0.32844	-0.74920
-0.32438	-0.74901
-0.32033	-0.74882
-0.31628	-0.74864
-0.31223	-0.74845
-0.30818	-0.74826
-0.30413	-0.74808
-0.30008	-0.74789
-0.29603	-0.74770
-0.29197	-0.74752
-0.28792	-0.74733
-0.28387	-0.74714
-0.27982	-0.74696
-0.27577	-0.74677
-0.27172	-0.74658
-0.26767	-0.74640
-0.26362	-0.74621
-0.25956	-0.74602
-0.25551	-0.74584
-0.25146	-0.74565
-0.24741	-0.74546
-0.24336	-0.74528
-0.23931	-0.74509
-0.23526	-0.74490
-0.23121	-0.74472
-0.22715	-0.74453
-0.22310	-0.74435
-0.21905	-0.74416
-0.21500	-0.74397
-0.21095	-0.74379
-0.20690	-0.74360
-0.20285	-0.74341
-0.19880	-0.74323
-0.19474	-0.74304
-0.19069	-0.74285
-0.18664	-0.74267
-0.18259	-0.74248
-0.17854	-0.74229
-0.17449	-0.74211
-0.17044	-0.74192
-0.16639	-0.74173
-0.16233	-0.74155
-0.15828	-0.74136
-0.15423	-0.74117
-0.15018	-0.74099
-0.14613	-0.74080
-0.14208	-0.74061
-0.13803	-0.74043
-0.13398	-0.74024
-0.12992	-0.74005
-0.12587	-0.73987
-0.12182	-0.73968
-0.11777	-0.73949
-0.11372	-0.73931
-0.10967	-0.73912
-0.10562	-0.73893
-0.10157	-0.73875
-0.09752	-0.73856
-0.09346	-0.73837
-0.08941	-0.73819
-0.08536	-0.73800
-0.08131	-0.73782
-0.07726	-0.73763
-0.07321	-0.73744
-0.06916	-0.73726
-0.06511	-0.73707
-0.06105	-0.73688
-0.05700	-0.73670
-0.05295	-0.73651
-0.04890	-0.73632
-0.04485	-0.73614
-0.04080	-0.73595
-0.03675	-0.73576
-0.03270	-0.73558
-0.02864	-0.73539
-0.02459	-0.73520
-0.02054	-0.73502
-0.01649	-0.73483
-0.01244	-0.73464
-0.00839	-0.73446
-0.00434	-0.73427
-0.00029	-0.73408
0.00377	-0.73390
0.00782	-0.73371
0.01187	-0.73352
0.01592	-0.73334
0.01997	-0.73315
0.02402	-0.73296
0.02807	-0.73278
0.03212	-0.73259
0.03618	-0.73240
0.04023	-0.73222
0.04428	-0.73203
0.04833	-0.73184
0.05238	-0.73166
0.05643	-0.73147
0.06048	-0.73128
0.06453	-0.73110
0.06859	-0.73091
0.07264	-0.73072
0.07669	-0.73054
0.08074	-0.73035
0.08479	-0.73016
0.08884	-0.72997
0.09289	-0.72979
0.09694	-0.72960
0.10100	-0.72941
0.10505	-0.72922
0.10910	-0.72904
0.11315	-0.72885
0.11720	-0.72866
0.12125	-0.72847
0.12530	-0.72829
0.12935	-0.72810
0.13340	-0.72791
0.13746	-0.72772
0.14151	-0.72753
0.14556	-0.72734
0.14961	-0.72715
0.15366	-0.72696
0.15771	-0.72677
0.16176	-0.72658
0.16581	-0.72639
0.16987	-0.72620
0.17392	-0.72600
0.17797	-0.72581
0.18202	-0.72561
0.18607	-0.72542
0.19012	-0.72522
0.19417	-0.72502
0.19822	-0.72483
0.20228	-0.72462
0.20633	-0.72442
0.21038	-0.72422
0.21443	-0.72401
0.21848	-0.72380
0.22253	-0.72359
0.22658	-0.72338
0.23063	-0.72316
0.23469	-0.72294
0.23874	-0.72271
0.24279	-0.72248
0.24684	-0.72224
0.25089	-0.72200
0.25494	-0.72175
0.25899	-0.72150
0.26304	-0.72123
0.26710	-0.72096
0.27115	-0.72067
0.27520	-0.72038
0.27925	-0.72007
0.28330	-0.71974
0.28735	-0.71940
0.29140	-0.71904
0.29545	-0.71866
0.29951	-0.71825
0.30356	-0.71782
0.30761	-0.71736
0.31166	-0.71687
0.31571	-0.71634
0.31976	-0.71576
0.32381	-0.71514
0.32786	-0.71447
0.33192	-0.71375
0.33597	-0.71295
0.34002	-0.71209
0.34407	-0.71114
0.34812	-0.71010
0.35217	-0.70896
0.35622	-0.70770
0.36027	-0.70632
0.36432	-0.70479
0.36838	-0.70311
0.37243	-0.70125
0.37648	-0.69919
0.38053	-0.69691
0.38458	-0.69438
0.38863	-0.69158
0.39268	-0.68847
0.39673	-0.68502
0.40079	-0.68120
0.40484	-0.67696
0.40889	-0.67225
0.41294	-0.66702
0.41699	-0.66123
0.42104	-0.65481
0.42509	-0.64769
0.42914	-0.63982
0.43320	-0.63110
0.43725	-0.62146
0.44130	-0.61082
0.44535	-0.59908
0.44940	-0.58614
0.45345	-0.57191
0.45750	-0.55627
0.46155	-0.53913
0.46561	-0.52036
0.46966	-0.49985
0.47371	-0.47748
0.47776	-0.45315
0.48181	-0.42673
0.48586	-0.39812
0.48991	-0.36721
0.49396	-0.33391
0.49802	-0.29810
0.50207	-0.25973
0.50612	-0.21870
0.51017	-0.17496
0.51422	-0.12844
0.51827	-0.07912
0.52232	-0.02696
0.52637	0.02806
0.53043	0.08595
0.53448	0.14669
0.53853	0.21028
0.54258	0.27669
0.54663	0.34589
0.55068	0.41783
0.55473	0.49246
0.55878	0.56974
0.56284	0.64961
0.56689	0.73199
0.57094	0.81682
0.57499	0.90404
0.57904	0.99357
