06_09_2021_14_30_52_G11_pendel_resonanz_
06.09.2021
14:30:52
G11

Chaos_Versuch
xup(f) yup(V) xdown(f) ydown(V)

1,000E-3 4,003E-2 1,100E+0 5,525E-2
1,550E-3 4,003E-2 1,099E+0 5,474E-2
2,099E-3 4,606E-2 1,099E+0 5,474E-2
2,649E-3 4,216E-2 1,098E+0 5,474E-2
3,198E-3 4,216E-2 1,098E+0 5,474E-2
3,748E-3 4,535E-2 1,097E+0 5,474E-2
4,297E-3 4,535E-2 1,097E+0 5,474E-2
4,847E-3 5,012E-2 1,096E+0 5,466E-2
5,396E-3 4,684E-2 1,096E+0 5,466E-2
5,946E-3 4,684E-2 1,095E+0 5,472E-2
6,495E-3 5,882E-2 1,095E+0 5,489E-2
7,045E-3 5,560E-2 1,094E+0 5,506E-2
7,594E-3 8,508E-2 1,093E+0 5,506E-2
8,144E-3 8,156E-2 1,093E+0 5,506E-2
8,693E-3 8,156E-2 1,092E+0 5,539E-2
9,243E-3 1,202E-1 1,092E+0 5,539E-2
9,792E-3 1,160E-1 1,091E+0 5,539E-2
1,034E-2 1,447E-1 1,091E+0 5,539E-2
1,089E-2 1,241E-1 1,090E+0 5,539E-2
1,144E-2 1,241E-1 1,090E+0 5,519E-2
1,199E-2 1,576E-1 1,089E+0 5,519E-2
1,254E-2 1,277E-1 1,088E+0 5,519E-2
1,309E-2 1,654E-1 1,088E+0 5,528E-2
1,364E-2 1,315E-1 1,087E+0 5,544E-2
1,419E-2 1,315E-1 1,087E+0 5,544E-2
1,474E-2 1,548E-1 1,086E+0 5,544E-2
1,529E-2 1,187E-1 1,086E+0 5,603E-2
1,584E-2 1,349E-1 1,085E+0 5,603E-2
1,639E-2 9,353E-2 1,085E+0 5,603E-2
1,694E-2 1,050E-1 1,084E+0 5,603E-2
1,749E-2 7,403E-2 1,084E+0 5,603E-2
1,803E-2 7,403E-2 1,083E+0 5,603E-2
1,858E-2 7,426E-2 1,082E+0 5,598E-2
1,913E-2 5,126E-2 1,082E+0 5,598E-2
1,968E-2 5,126E-2 1,081E+0 5,588E-2
2,023E-2 5,150E-2 1,081E+0 5,588E-2
2,078E-2 5,150E-2 1,080E+0 5,588E-2
2,133E-2 5,150E-2 1,080E+0 5,669E-2
2,188E-2 9,669E-2 1,079E+0 5,658E-2
2,243E-2 9,669E-2 1,079E+0 5,658E-2
2,298E-2 1,721E-1 1,078E+0 5,660E-2
2,353E-2 1,744E-1 1,077E+0 5,664E-2
2,408E-2 1,641E-1 1,077E+0 5,664E-2
2,463E-2 1,641E-1 1,076E+0 5,664E-2
2,518E-2 1,341E-1 1,076E+0 5,664E-2
2,573E-2 1,341E-1 1,075E+0 5,664E-2
2,628E-2 3,115E-1 1,075E+0 5,664E-2
2,683E-2 3,115E-1 1,074E+0 5,664E-2
2,738E-2 3,414E-1 1,074E+0 5,664E-2
2,793E-2 3,414E-1 1,073E+0 5,637E-2
2,848E-2 3,928E-1 1,073E+0 5,637E-2
2,902E-2 1,652E-1 1,072E+0 5,665E-2
2,957E-2 1,681E-1 1,071E+0 5,687E-2
3,012E-2 1,681E-1 1,071E+0 5,687E-2
3,067E-2 1,681E-1 1,070E+0 5,687E-2
3,122E-2 6,643E-2 1,070E+0 5,687E-2
3,177E-2 6,643E-2 1,069E+0 5,687E-2
3,232E-2 6,506E-2 1,069E+0 5,687E-2
3,287E-2 6,404E-2 1,068E+0 5,687E-2
3,342E-2 6,404E-2 1,068E+0 5,687E-2
3,397E-2 6,404E-2 1,067E+0 5,649E-2
3,452E-2 6,404E-2 1,066E+0 5,682E-2
3,507E-2 4,997E-2 1,066E+0 5,696E-2
3,562E-2 1,401E-2 1,065E+0 5,707E-2
3,617E-2 1,699E-3 1,065E+0 5,707E-2
3,672E-2 2,967E-3 1,064E+0 5,707E-2
3,727E-2 3,147E-2 1,064E+0 5,707E-2
3,782E-2 3,147E-2 1,063E+0 5,707E-2
3,837E-2 3,147E-2 1,063E+0 5,707E-2
3,892E-2 3,147E-2 1,062E+0 5,707E-2
3,947E-2 3,147E-2 1,062E+0 5,707E-2
4,001E-2 3,147E-2 1,061E+0 5,639E-2
4,056E-2 3,147E-2 1,060E+0 5,654E-2
4,111E-2 3,087E-2 1,060E+0 5,661E-2
4,166E-2 1,910E-2 1,059E+0 5,661E-2
4,221E-2 1,910E-2 1,059E+0 5,661E-2
4,276E-2 2,938E-3 1,058E+0 5,661E-2
4,331E-2 1,159E-3 1,058E+0 5,661E-2
4,386E-2 0,000E+0 1,057E+0 5,661E-2
4,441E-2 0,000E+0 1,057E+0 5,661E-2
4,496E-2 0,000E+0 1,056E+0 5,661E-2
4,551E-2 0,000E+0 1,055E+0 5,626E-2
4,606E-2 0,000E+0 1,055E+0 5,687E-2
4,661E-2 0,000E+0 1,054E+0 5,656E-2
4,716E-2 0,000E+0 1,054E+0 5,656E-2
4,771E-2 0,000E+0 1,053E+0 5,656E-2
4,826E-2 0,000E+0 1,053E+0 5,656E-2
4,881E-2 0,000E+0 1,052E+0 5,656E-2
4,936E-2 5,325E-3 1,052E+0 5,656E-2
4,991E-2 1,023E-2 1,051E+0 5,656E-2
5,046E-2 1,187E-2 1,051E+0 5,656E-2
5,100E-2 1,187E-2 1,050E+0 5,633E-2
5,155E-2 1,187E-2 1,049E+0 5,633E-2
5,210E-2 1,187E-2 1,049E+0 5,630E-2
5,265E-2 1,187E-2 1,048E+0 5,620E-2
5,320E-2 1,187E-2 1,048E+0 5,620E-2
5,375E-2 1,187E-2 1,047E+0 5,620E-2
5,430E-2 1,187E-2 1,047E+0 5,620E-2
5,485E-2 5,433E-1 1,046E+0 5,620E-2
5,540E-2 0,000E+0 1,046E+0 5,620E-2
5,595E-2 0,000E+0 1,045E+0 5,620E-2
5,650E-2 0,000E+0 1,045E+0 5,595E-2
5,705E-2 0,000E+0 1,044E+0 5,595E-2
5,760E-2 0,000E+0 1,043E+0 5,555E-2
5,815E-2 0,000E+0 1,043E+0 5,548E-2
5,870E-2 0,000E+0 1,042E+0 5,548E-2
5,925E-2 0,000E+0 1,042E+0 5,548E-2
5,980E-2 5,465E-1 1,041E+0 5,548E-2
6,035E-2 0,000E+0 1,041E+0 5,548E-2
6,090E-2 0,000E+0 1,040E+0 5,548E-2
6,145E-2 0,000E+0 1,040E+0 5,516E-2
6,199E-2 0,000E+0 1,039E+0 5,508E-2
6,254E-2 0,000E+0 1,038E+0 5,508E-2
6,309E-2 0,000E+0 1,038E+0 5,504E-2
6,364E-2 5,541E-1 1,037E+0 5,504E-2
6,419E-2 5,541E-1 1,037E+0 5,504E-2
6,474E-2 0,000E+0 1,036E+0 5,504E-2
6,529E-2 0,000E+0 1,036E+0 5,504E-2
6,584E-2 0,000E+0 1,035E+0 5,504E-2
6,639E-2 0,000E+0 1,035E+0 5,482E-2
6,694E-2 0,000E+0 1,034E+0 5,466E-2
6,749E-2 5,583E-1 1,034E+0 5,492E-2
6,804E-2 5,583E-1 1,033E+0 5,492E-2
6,859E-2 8,029E-4 1,032E+0 5,492E-2
6,914E-2 8,029E-4 1,032E+0 5,501E-2
6,969E-2 8,029E-4 1,031E+0 5,486E-2
7,024E-2 8,029E-4 1,031E+0 5,486E-2
7,079E-2 5,586E-1 1,030E+0 5,437E-2
7,134E-2 5,636E-1 1,030E+0 5,437E-2
7,189E-2 5,636E-1 1,029E+0 5,437E-2
7,244E-2 5,636E-1 1,029E+0 5,451E-2
7,298E-2 3,297E-2 1,028E+0 5,470E-2
7,353E-2 3,297E-2 1,027E+0 5,470E-2
7,408E-2 3,297E-2 1,027E+0 5,470E-2
7,463E-2 3,297E-2 1,026E+0 5,470E-2
7,518E-2 5,624E-1 1,026E+0 5,470E-2
7,573E-2 5,624E-1 1,025E+0 5,470E-2
7,628E-2 5,612E-1 1,025E+0 5,470E-2
7,683E-2 2,923E-3 1,024E+0 5,470E-2
7,738E-2 2,923E-3 1,024E+0 5,459E-2
7,793E-2 2,923E-3 1,023E+0 5,459E-2
7,848E-2 5,578E-1 1,023E+0 5,454E-2
7,903E-2 5,578E-1 1,022E+0 5,454E-2
7,958E-2 5,578E-1 1,021E+0 5,454E-2
8,013E-2 1,359E-3 1,021E+0 5,454E-2
8,068E-2 1,359E-3 1,020E+0 5,454E-2
8,123E-2 1,359E-3 1,020E+0 5,454E-2
8,178E-2 5,569E-1 1,019E+0 5,437E-2
8,233E-2 5,569E-1 1,019E+0 5,388E-2
8,288E-2 5,569E-1 1,018E+0 5,388E-2
8,343E-2 0,000E+0 1,018E+0 5,388E-2
8,397E-2 0,000E+0 1,017E+0 5,388E-2
8,452E-2 0,000E+0 1,016E+0 5,388E-2
8,507E-2 5,570E-1 1,016E+0 5,388E-2
8,562E-2 5,570E-1 1,015E+0 5,358E-2
8,617E-2 5,570E-1 1,015E+0 5,394E-2
8,672E-2 5,570E-1 1,014E+0 5,364E-2
8,727E-2 0,000E+0 1,014E+0 5,364E-2
8,782E-2 5,551E-1 1,013E+0 5,364E-2
8,837E-2 5,551E-1 1,013E+0 5,364E-2
8,892E-2 5,551E-1 1,012E+0 5,364E-2
8,947E-2 5,551E-1 1,012E+0 5,364E-2
9,002E-2 0,000E+0 1,011E+0 5,364E-2
9,057E-2 5,568E-1 1,010E+0 5,277E-2
9,112E-2 5,568E-1 1,010E+0 5,277E-2
9,167E-2 5,568E-1 1,009E+0 5,255E-2
9,222E-2 5,568E-1 1,009E+0 5,255E-2
9,277E-2 5,568E-1 1,008E+0 5,255E-2
9,332E-2 0,000E+0 1,008E+0 5,298E-2
9,387E-2 5,616E-1 1,007E+0 5,298E-2
9,442E-2 5,616E-1 1,007E+0 5,306E-2
9,496E-2 5,616E-1 1,006E+0 5,306E-2
9,551E-2 5,616E-1 1,005E+0 5,306E-2
9,606E-2 0,000E+0 1,005E+0 5,306E-2
9,661E-2 5,603E-1 1,004E+0 5,306E-2
9,716E-2 5,603E-1 1,004E+0 5,306E-2
9,771E-2 5,603E-1 1,003E+0 5,306E-2
9,826E-2 5,603E-1 1,003E+0 5,306E-2
9,881E-2 0,000E+0 1,002E+0 5,287E-2
9,936E-2 5,614E-1 1,002E+0 5,283E-2
9,991E-2 5,614E-1 1,001E+0 5,309E-2
1,005E-1 5,614E-1 1,001E+0 5,309E-2
1,010E-1 5,614E-1 1,000E+0 5,309E-2
1,016E-1 5,659E-1 9,994E-1 5,309E-2
1,021E-1 5,659E-1 9,989E-1 5,309E-2
1,027E-1 5,659E-1 9,983E-1 5,309E-2
1,032E-1 5,659E-1 9,978E-1 5,309E-2
1,038E-1 5,659E-1 9,972E-1 5,309E-2
1,043E-1 5,640E-1 9,967E-1 5,238E-2
1,049E-1 5,640E-1 9,961E-1 5,238E-2
1,054E-1 5,640E-1 9,956E-1 5,217E-2
1,060E-1 5,640E-1 9,950E-1 5,231E-2
1,065E-1 5,764E-1 9,945E-1 5,231E-2
1,071E-1 5,764E-1 9,939E-1 5,253E-2
1,076E-1 5,764E-1 9,934E-1 5,253E-2
1,082E-1 5,764E-1 9,928E-1 5,253E-2
1,087E-1 5,764E-1 9,923E-1 5,253E-2
1,093E-1 5,764E-1 9,917E-1 5,253E-2
1,098E-1 5,619E-1 9,912E-1 5,253E-2
1,104E-1 5,619E-1 9,906E-1 5,253E-2
1,109E-1 5,619E-1 9,901E-1 5,253E-2
1,114E-1 5,619E-1 9,896E-1 5,222E-2
1,120E-1 5,559E-1 9,890E-1 5,209E-2
1,125E-1 5,559E-1 9,885E-1 5,209E-2
1,131E-1 5,559E-1 9,879E-1 5,209E-2
1,136E-1 5,707E-1 9,874E-1 5,209E-2
1,142E-1 5,707E-1 9,868E-1 5,209E-2
1,147E-1 5,707E-1 9,863E-1 5,211E-2
1,153E-1 5,707E-1 9,857E-1 5,211E-2
1,158E-1 5,722E-1 9,852E-1 5,211E-2
1,164E-1 5,722E-1 9,846E-1 5,201E-2
1,169E-1 5,722E-1 9,841E-1 5,230E-2
1,175E-1 5,722E-1 9,835E-1 5,236E-2
1,180E-1 5,722E-1 9,830E-1 5,236E-2
1,186E-1 5,722E-1 9,824E-1 5,236E-2
1,191E-1 5,539E-1 9,819E-1 5,253E-2
1,197E-1 5,539E-1 9,813E-1 5,253E-2
1,202E-1 5,539E-1 9,808E-1 5,253E-2
1,208E-1 5,539E-1 9,802E-1 5,254E-2
1,213E-1 5,477E-1 9,797E-1 5,254E-2
1,219E-1 5,477E-1 9,791E-1 5,254E-2
1,224E-1 5,477E-1 9,786E-1 5,220E-2
1,230E-1 5,582E-1 9,780E-1 5,220E-2
1,235E-1 5,582E-1 9,775E-1 5,258E-2
1,241E-1 5,582E-1 9,769E-1 5,258E-2
1,246E-1 5,683E-1 9,764E-1 5,267E-2
1,252E-1 5,683E-1 9,758E-1 5,267E-2
1,257E-1 5,683E-1 9,753E-1 5,267E-2
1,263E-1 5,683E-1 9,747E-1 5,267E-2
1,268E-1 5,708E-1 9,742E-1 5,267E-2
1,274E-1 5,708E-1 9,736E-1 5,267E-2
1,279E-1 5,708E-1 9,731E-1 5,311E-2
1,285E-1 5,708E-1 9,725E-1 5,311E-2
1,290E-1 5,743E-1 9,720E-1 5,290E-2
1,296E-1 5,743E-1 9,714E-1 5,290E-2
1,301E-1 5,743E-1 9,709E-1 5,290E-2
1,307E-1 5,792E-1 9,703E-1 5,302E-2
1,312E-1 5,792E-1 9,698E-1 5,302E-2
1,318E-1 5,792E-1 9,692E-1 5,288E-2
1,323E-1 5,792E-1 9,687E-1 5,288E-2
1,329E-1 5,867E-1 9,681E-1 5,305E-2
1,334E-1 5,867E-1 9,676E-1 5,367E-2
1,340E-1 5,867E-1 9,670E-1 5,367E-2
1,345E-1 5,867E-1 9,665E-1 5,367E-2
1,351E-1 5,982E-1 9,659E-1 5,367E-2
1,356E-1 5,982E-1 9,654E-1 5,367E-2
1,362E-1 5,982E-1 9,648E-1 5,367E-2
1,367E-1 6,176E-1 9,643E-1 5,367E-2
1,373E-1 6,176E-1 9,637E-1 5,367E-2
1,378E-1 6,176E-1 9,632E-1 5,345E-2
1,384E-1 6,176E-1 9,626E-1 5,398E-2
1,389E-1 6,366E-1 9,621E-1 5,393E-2
1,395E-1 6,366E-1 9,615E-1 5,393E-2
1,400E-1 6,366E-1 9,610E-1 5,393E-2
1,406E-1 6,616E-1 9,604E-1 5,393E-2
1,411E-1 6,616E-1 9,599E-1 5,393E-2
1,417E-1 6,616E-1 9,593E-1 5,346E-2
1,422E-1 6,616E-1 9,588E-1 5,346E-2
1,428E-1 6,748E-1 9,582E-1 5,346E-2
1,433E-1 6,748E-1 9,577E-1 5,269E-2
1,439E-1 6,748E-1 9,571E-1 5,269E-2
1,444E-1 6,748E-1 9,566E-1 5,263E-2
1,450E-1 6,748E-1 9,560E-1 5,263E-2
1,455E-1 6,748E-1 9,555E-1 5,263E-2
1,461E-1 6,747E-1 9,549E-1 5,258E-2
1,466E-1 6,747E-1 9,544E-1 5,264E-2
1,472E-1 6,747E-1 9,538E-1 5,170E-2
1,477E-1 6,612E-1 9,533E-1 5,170E-2
1,483E-1 6,612E-1 9,527E-1 5,170E-2
1,488E-1 6,612E-1 9,522E-1 5,170E-2
1,494E-1 6,612E-1 9,516E-1 5,170E-2
1,499E-1 6,087E-1 9,511E-1 5,170E-2
1,505E-1 6,087E-1 9,505E-1 5,170E-2
1,510E-1 6,087E-1 9,500E-1 5,170E-2
1,516E-1 5,681E-1 9,494E-1 5,144E-2
1,521E-1 5,681E-1 9,489E-1 5,148E-2
1,527E-1 5,681E-1 9,483E-1 5,135E-2
1,532E-1 6,185E-1 9,478E-1 5,135E-2
1,538E-1 6,185E-1 9,472E-1 5,173E-2
1,543E-1 6,185E-1 9,467E-1 5,173E-2
1,549E-1 6,495E-1 9,461E-1 5,185E-2
1,554E-1 6,495E-1 9,456E-1 5,185E-2
1,560E-1 6,495E-1 9,450E-1 5,185E-2
1,565E-1 6,495E-1 9,445E-1 5,203E-2
1,571E-1 6,495E-1 9,439E-1 5,203E-2
1,576E-1 6,495E-1 9,434E-1 5,203E-2
1,582E-1 6,333E-1 9,428E-1 5,203E-2
1,587E-1 6,333E-1 9,423E-1 5,203E-2
1,593E-1 6,333E-1 9,417E-1 5,203E-2
1,598E-1 6,350E-1 9,412E-1 5,197E-2
1,604E-1 5,827E-1 9,406E-1 5,197E-2
1,609E-1 5,827E-1 9,401E-1 5,160E-2
1,615E-1 6,424E-1 9,395E-1 5,160E-2
1,620E-1 6,424E-1 9,390E-1 5,110E-2
1,626E-1 6,424E-1 9,384E-1 5,110E-2
1,631E-1 6,424E-1 9,379E-1 5,110E-2
1,637E-1 6,424E-1 9,373E-1 5,087E-2
1,642E-1 6,424E-1 9,368E-1 5,090E-2
1,648E-1 6,424E-1 9,362E-1 5,050E-2
1,653E-1 6,360E-1 9,357E-1 5,050E-2
1,659E-1 6,360E-1 9,352E-1 5,068E-2
1,664E-1 6,455E-1 9,346E-1 5,068E-2
1,669E-1 6,023E-1 9,341E-1 5,068E-2
1,675E-1 6,023E-1 9,335E-1 5,068E-2
1,680E-1 6,365E-1 9,330E-1 5,068E-2
1,686E-1 6,365E-1 9,324E-1 5,068E-2
1,691E-1 6,365E-1 9,319E-1 5,033E-2
1,697E-1 6,365E-1 9,313E-1 5,033E-2
1,702E-1 6,365E-1 9,308E-1 5,033E-2
1,708E-1 6,440E-1 9,302E-1 5,072E-2
1,713E-1 6,037E-1 9,297E-1 5,070E-2
1,719E-1 6,037E-1 9,291E-1 5,070E-2
1,724E-1 6,385E-1 9,286E-1 5,063E-2
1,730E-1 6,385E-1 9,280E-1 5,063E-2
1,735E-1 6,385E-1 9,275E-1 5,063E-2
1,741E-1 6,385E-1 9,269E-1 5,063E-2
1,746E-1 6,385E-1 9,264E-1 5,063E-2
1,752E-1 6,385E-1 9,258E-1 5,039E-2
1,757E-1 6,385E-1 9,253E-1 5,039E-2
1,763E-1 6,084E-1 9,247E-1 5,022E-2
1,768E-1 6,402E-1 9,242E-1 5,022E-2
1,774E-1 6,402E-1 9,236E-1 4,989E-2
1,779E-1 6,293E-1 9,231E-1 4,961E-2
1,785E-1 6,293E-1 9,225E-1 4,999E-2
1,790E-1 6,293E-1 9,220E-1 4,999E-2
1,796E-1 6,293E-1 9,214E-1 4,999E-2
1,801E-1 6,487E-1 9,209E-1 4,999E-2
1,807E-1 6,152E-1 9,203E-1 5,029E-2
1,812E-1 6,152E-1 9,198E-1 5,029E-2
1,818E-1 6,355E-1 9,192E-1 5,055E-2
1,823E-1 6,355E-1 9,187E-1 5,073E-2
1,829E-1 6,355E-1 9,181E-1 5,073E-2
1,834E-1 6,355E-1 9,176E-1 5,073E-2
1,840E-1 6,355E-1 9,170E-1 5,073E-2
1,845E-1 6,363E-1 9,165E-1 5,134E-2
1,851E-1 6,270E-1 9,159E-1 5,134E-2
1,856E-1 6,270E-1 9,154E-1 5,134E-2
1,862E-1 6,270E-1 9,148E-1 5,134E-2
1,867E-1 6,270E-1 9,143E-1 5,134E-2
1,873E-1 6,270E-1 9,137E-1 5,134E-2
1,878E-1 6,236E-1 9,132E-1 5,126E-2
1,884E-1 6,412E-1 9,126E-1 5,126E-2
1,889E-1 6,412E-1 9,121E-1 5,120E-2
1,895E-1 6,270E-1 9,115E-1 5,120E-2
1,900E-1 6,270E-1 9,110E-1 5,096E-2
1,906E-1 6,270E-1 9,104E-1 5,096E-2
1,911E-1 6,528E-1 9,099E-1 5,092E-2
1,917E-1 6,528E-1 9,093E-1 5,059E-2
1,922E-1 6,577E-1 9,088E-1 5,059E-2
1,928E-1 6,577E-1 9,082E-1 5,059E-2
1,933E-1 6,577E-1 9,077E-1 5,059E-2
1,939E-1 6,810E-1 9,071E-1 5,039E-2
1,944E-1 6,810E-1 9,066E-1 5,039E-2
1,950E-1 6,910E-1 9,060E-1 5,039E-2
1,955E-1 6,910E-1 9,055E-1 5,009E-2
1,961E-1 6,910E-1 9,049E-1 5,009E-2
1,966E-1 7,122E-1 9,044E-1 5,009E-2
1,972E-1 7,122E-1 9,038E-1 5,009E-2
1,977E-1 7,282E-1 9,033E-1 4,998E-2
1,983E-1 7,282E-1 9,027E-1 4,998E-2
1,988E-1 7,282E-1 9,022E-1 4,998E-2
1,994E-1 7,484E-1 9,016E-1 4,998E-2
1,999E-1 7,484E-1 9,011E-1 4,978E-2
2,005E-1 7,714E-1 9,005E-1 4,978E-2
2,010E-1 7,714E-1 9,000E-1 4,965E-2
2,016E-1 7,714E-1 8,994E-1 4,965E-2
2,021E-1 7,922E-1 8,989E-1 4,947E-2
2,027E-1 8,239E-1 8,983E-1 4,947E-2
2,032E-1 8,239E-1 8,978E-1 4,947E-2
2,038E-1 8,239E-1 8,972E-1 4,948E-2
2,043E-1 8,239E-1 8,967E-1 4,948E-2
2,049E-1 8,444E-1 8,961E-1 4,948E-2
2,054E-1 8,818E-1 8,956E-1 4,948E-2
2,060E-1 8,818E-1 8,950E-1 4,914E-2
2,065E-1 8,818E-1 8,945E-1 4,914E-2
2,071E-1 9,021E-1 8,939E-1 4,914E-2
2,076E-1 9,021E-1 8,934E-1 4,914E-2
2,082E-1 9,405E-1 8,928E-1 4,919E-2
2,087E-1 9,405E-1 8,923E-1 4,919E-2
2,093E-1 9,405E-1 8,917E-1 4,919E-2
2,098E-1 9,548E-1 8,912E-1 4,916E-2
2,104E-1 9,950E-1 8,906E-1 4,916E-2
2,109E-1 9,950E-1 8,901E-1 4,915E-2
2,115E-1 9,950E-1 8,895E-1 4,915E-2
2,120E-1 9,950E-1 8,890E-1 4,915E-2
2,126E-1 1,004E+0 8,884E-1 4,915E-2
2,131E-1 1,042E+0 8,879E-1 4,885E-2
2,137E-1 1,042E+0 8,873E-1 4,885E-2
2,142E-1 1,042E+0 8,868E-1 4,885E-2
2,148E-1 1,042E+0 8,862E-1 4,885E-2
2,153E-1 1,077E+0 8,857E-1 4,849E-2
2,159E-1 1,077E+0 8,851E-1 4,849E-2
2,164E-1 1,077E+0 8,846E-1 4,849E-2
2,170E-1 1,077E+0 8,840E-1 4,849E-2
2,175E-1 1,075E+0 8,835E-1 4,820E-2
2,181E-1 1,105E+0 8,829E-1 4,820E-2
2,186E-1 1,105E+0 8,824E-1 4,820E-2
2,192E-1 1,105E+0 8,818E-1 4,792E-2
2,197E-1 1,105E+0 8,813E-1 4,792E-2
2,203E-1 1,114E+0 8,807E-1 4,792E-2
2,208E-1 1,114E+0 8,802E-1 4,792E-2
2,213E-1 1,114E+0 8,797E-1 4,769E-2
2,219E-1 1,114E+0 8,791E-1 4,769E-2
2,224E-1 1,081E+0 8,786E-1 4,769E-2
2,230E-1 1,089E+0 8,780E-1 4,769E-2
2,235E-1 1,089E+0 8,775E-1 4,729E-2
2,241E-1 1,089E+0 8,769E-1 4,729E-2
2,246E-1 1,089E+0 8,764E-1 4,708E-2
2,252E-1 1,022E+0 8,758E-1 4,708E-2
2,257E-1 1,022E+0 8,753E-1 4,680E-2
2,263E-1 1,022E+0 8,747E-1 4,680E-2
2,268E-1 1,022E+0 8,742E-1 4,731E-2
2,274E-1 9,462E-1 8,736E-1 4,731E-2
2,279E-1 9,212E-1 8,731E-1 4,678E-2
2,285E-1 1,001E+0 8,725E-1 4,678E-2
2,290E-1 1,001E+0 8,720E-1 4,708E-2
2,296E-1 1,001E+0 8,714E-1 4,708E-2
2,301E-1 1,001E+0 8,709E-1 4,708E-2
2,307E-1 9,087E-1 8,703E-1 4,708E-2
2,312E-1 9,305E-1 8,698E-1 4,708E-2
2,318E-1 9,305E-1 8,692E-1 4,708E-2
2,323E-1 9,305E-1 8,687E-1 4,675E-2
2,329E-1 8,517E-1 8,681E-1 4,675E-2
2,334E-1 8,517E-1 8,676E-1 4,675E-2
2,340E-1 8,517E-1 8,670E-1 4,675E-2
2,345E-1 9,577E-1 8,665E-1 4,609E-2
2,351E-1 9,577E-1 8,659E-1 4,609E-2
2,356E-1 9,577E-1 8,654E-1 4,587E-2
2,362E-1 8,645E-1 8,648E-1 4,587E-2
2,367E-1 8,645E-1 8,643E-1 4,612E-2
2,373E-1 8,645E-1 8,637E-1 4,612E-2
2,378E-1 8,896E-1 8,632E-1 4,613E-2
2,384E-1 8,896E-1 8,626E-1 4,613E-2
2,389E-1 8,896E-1 8,621E-1 4,613E-2
2,395E-1 8,446E-1 8,615E-1 4,610E-2
2,400E-1 8,657E-1 8,610E-1 4,614E-2
2,406E-1 8,657E-1 8,604E-1 4,614E-2
2,411E-1 8,657E-1 8,599E-1 4,614E-2
2,417E-1 8,657E-1 8,593E-1 4,614E-2
2,422E-1 8,286E-1 8,588E-1 4,614E-2
2,428E-1 8,286E-1 8,582E-1 4,614E-2
2,433E-1 8,725E-1 8,577E-1 4,555E-2
2,439E-1 8,725E-1 8,571E-1 4,555E-2
2,444E-1 8,725E-1 8,566E-1 4,555E-2
2,450E-1 8,725E-1 8,560E-1 4,513E-2
2,455E-1 7,962E-1 8,555E-1 4,513E-2
2,461E-1 7,962E-1 8,549E-1 4,513E-2
2,466E-1 8,612E-1 8,544E-1 4,505E-2
2,472E-1 8,612E-1 8,538E-1 4,504E-2
2,477E-1 8,612E-1 8,533E-1 4,504E-2
2,483E-1 7,948E-1 8,527E-1 4,504E-2
2,488E-1 7,948E-1 8,522E-1 4,466E-2
2,494E-1 7,948E-1 8,516E-1 4,466E-2
2,499E-1 8,395E-1 8,511E-1 4,465E-2
2,505E-1 8,395E-1 8,505E-1 4,465E-2
2,510E-1 8,395E-1 8,500E-1 4,465E-2
2,516E-1 7,880E-1 8,494E-1 4,465E-2
2,521E-1 7,880E-1 8,489E-1 4,421E-2
2,527E-1 8,087E-1 8,483E-1 4,421E-2
2,532E-1 8,087E-1 8,478E-1 4,412E-2
2,538E-1 8,087E-1 8,472E-1 4,412E-2
2,543E-1 8,087E-1 8,467E-1 4,382E-2
2,549E-1 7,908E-1 8,461E-1 4,384E-2
2,554E-1 7,908E-1 8,456E-1 4,334E-2
2,560E-1 7,908E-1 8,450E-1 4,334E-2
2,565E-1 7,908E-1 8,445E-1 4,334E-2
2,571E-1 8,061E-1 8,439E-1 4,334E-2
2,576E-1 8,061E-1 8,434E-1 4,296E-2
2,582E-1 8,061E-1 8,428E-1 4,296E-2
2,587E-1 7,734E-1 8,423E-1 4,296E-2
2,593E-1 7,734E-1 8,417E-1 4,308E-2
2,598E-1 8,119E-1 8,412E-1 4,291E-2
2,604E-1 8,119E-1 8,406E-1 4,291E-2
2,609E-1 8,119E-1 8,401E-1 4,291E-2
2,615E-1 8,119E-1 8,395E-1 4,272E-2
2,620E-1 7,715E-1 8,390E-1 4,272E-2
2,626E-1 7,715E-1 8,384E-1 4,251E-2
2,631E-1 7,757E-1 8,379E-1 4,278E-2
2,637E-1 7,757E-1 8,373E-1 4,277E-2
2,642E-1 7,757E-1 8,368E-1 4,277E-2
2,648E-1 7,757E-1 8,362E-1 4,277E-2
2,653E-1 7,704E-1 8,357E-1 4,250E-2
2,659E-1 7,704E-1 8,351E-1 4,250E-2
2,664E-1 7,704E-1 8,346E-1 4,272E-2
2,670E-1 7,938E-1 8,340E-1 4,272E-2
2,675E-1 7,938E-1 8,335E-1 4,272E-2
2,681E-1 7,938E-1 8,329E-1 4,273E-2
2,686E-1 7,938E-1 8,324E-1 4,221E-2
2,692E-1 7,800E-1 8,318E-1 4,221E-2
2,697E-1 7,800E-1 8,313E-1 4,215E-2
2,703E-1 7,800E-1 8,307E-1 4,195E-2
2,708E-1 7,853E-1 8,302E-1 4,195E-2
2,714E-1 7,853E-1 8,296E-1 4,237E-2
2,719E-1 7,853E-1 8,291E-1 4,237E-2
2,725E-1 7,853E-1 8,285E-1 4,237E-2
2,730E-1 7,747E-1 8,280E-1 4,226E-2
2,736E-1 7,747E-1 8,274E-1 4,226E-2
2,741E-1 7,747E-1 8,269E-1 4,214E-2
2,747E-1 7,768E-1 8,263E-1 4,232E-2
2,752E-1 7,768E-1 8,258E-1 4,232E-2
2,758E-1 7,768E-1 8,253E-1 4,232E-2
2,763E-1 7,768E-1 8,247E-1 4,309E-2
2,768E-1 7,757E-1 8,242E-1 4,309E-2
2,774E-1 7,757E-1 8,236E-1 4,309E-2
2,779E-1 7,757E-1 8,231E-1 4,292E-2
2,785E-1 7,771E-1 8,225E-1 4,292E-2
2,790E-1 7,771E-1 8,220E-1 4,228E-2
2,796E-1 7,832E-1 8,214E-1 4,239E-2
2,801E-1 7,832E-1 8,209E-1 4,239E-2
2,807E-1 7,832E-1 8,203E-1 4,260E-2
2,812E-1 7,832E-1 8,198E-1 4,233E-2
2,818E-1 7,832E-1 8,192E-1 4,233E-2
2,823E-1 7,837E-1 8,187E-1 4,189E-2
2,829E-1 7,930E-1 8,181E-1 4,189E-2
2,834E-1 7,930E-1 8,176E-1 4,189E-2
2,840E-1 7,930E-1 8,170E-1 4,189E-2
2,845E-1 7,930E-1 8,165E-1 4,189E-2
2,851E-1 7,930E-1 8,159E-1 4,136E-2
2,856E-1 7,930E-1 8,154E-1 4,136E-2
2,862E-1 7,930E-1 8,148E-1 4,098E-2
2,867E-1 8,009E-1 8,143E-1 4,098E-2
2,873E-1 7,977E-1 8,137E-1 4,078E-2
2,878E-1 7,977E-1 8,132E-1 4,078E-2
2,884E-1 7,977E-1 8,126E-1 4,038E-2
2,889E-1 7,977E-1 8,121E-1 4,038E-2
2,895E-1 7,977E-1 8,115E-1 4,038E-2
2,900E-1 7,977E-1 8,110E-1 4,002E-2
2,906E-1 8,023E-1 8,104E-1 4,002E-2
2,911E-1 8,008E-1 8,099E-1 4,002E-2
2,917E-1 8,008E-1 8,093E-1 4,002E-2
2,922E-1 8,008E-1 8,088E-1 3,918E-2
2,928E-1 8,008E-1 8,082E-1 3,918E-2
2,933E-1 8,008E-1 8,077E-1 3,904E-2
2,939E-1 8,008E-1 8,071E-1 3,875E-2
2,944E-1 8,008E-1 8,066E-1 3,875E-2
2,950E-1 8,171E-1 8,060E-1 3,855E-2
2,955E-1 8,116E-1 8,055E-1 3,855E-2
2,961E-1 8,116E-1 8,049E-1 3,847E-2
2,966E-1 8,116E-1 8,044E-1 3,847E-2
2,972E-1 8,116E-1 8,038E-1 3,809E-2
2,977E-1 8,116E-1 8,033E-1 3,809E-2
2,983E-1 8,116E-1 8,027E-1 3,803E-2
2,988E-1 8,116E-1 8,022E-1 3,803E-2
2,994E-1 8,217E-1 8,016E-1 3,806E-2
2,999E-1 8,207E-1 8,011E-1 3,797E-2
3,005E-1 8,207E-1 8,005E-1 3,797E-2
3,010E-1 8,207E-1 8,000E-1 3,777E-2
3,016E-1 8,207E-1 7,994E-1 3,777E-2
3,021E-1 8,207E-1 7,989E-1 3,777E-2
3,027E-1 8,207E-1 7,983E-1 3,726E-2
3,032E-1 8,207E-1 7,978E-1 3,726E-2
3,038E-1 8,302E-1 7,972E-1 3,721E-2
3,043E-1 8,283E-1 7,967E-1 3,721E-2
3,049E-1 8,283E-1 7,961E-1 3,681E-2
3,054E-1 8,283E-1 7,956E-1 3,681E-2
3,060E-1 8,283E-1 7,950E-1 3,650E-2
3,065E-1 8,283E-1 7,945E-1 3,650E-2
3,071E-1 8,283E-1 7,939E-1 3,650E-2
3,076E-1 8,283E-1 7,934E-1 3,639E-2
3,082E-1 8,382E-1 7,928E-1 3,634E-2
3,087E-1 8,398E-1 7,923E-1 3,608E-2
3,093E-1 8,398E-1 7,917E-1 3,608E-2
3,098E-1 8,398E-1 7,912E-1 3,581E-2
3,104E-1 8,398E-1 7,906E-1 3,581E-2
3,109E-1 8,398E-1 7,901E-1 3,581E-2
3,115E-1 8,398E-1 7,895E-1 3,551E-2
3,120E-1 8,501E-1 7,890E-1 3,551E-2
3,126E-1 8,501E-1 7,884E-1 3,533E-2
3,131E-1 8,560E-1 7,879E-1 3,532E-2
3,137E-1 8,560E-1 7,873E-1 3,515E-2
3,142E-1 8,560E-1 7,868E-1 3,515E-2
3,148E-1 8,560E-1 7,862E-1 3,498E-2
3,153E-1 8,560E-1 7,857E-1 3,498E-2
3,159E-1 8,560E-1 7,851E-1 3,498E-2
3,164E-1 8,578E-1 7,846E-1 3,487E-2
3,170E-1 8,662E-1 7,840E-1 3,487E-2
3,175E-1 8,662E-1 7,835E-1 3,454E-2
3,181E-1 8,696E-1 7,829E-1 3,454E-2
3,186E-1 8,696E-1 7,824E-1 3,452E-2
3,192E-1 8,696E-1 7,818E-1 3,431E-2
3,197E-1 8,696E-1 7,813E-1 3,431E-2
3,203E-1 8,696E-1 7,807E-1 3,401E-2
3,208E-1 8,696E-1 7,802E-1 3,401E-2
3,214E-1 8,739E-1 7,796E-1 3,374E-2
3,219E-1 8,830E-1 7,791E-1 3,374E-2
3,225E-1 8,830E-1 7,785E-1 3,372E-2
3,230E-1 8,846E-1 7,780E-1 3,351E-2
3,236E-1 8,846E-1 7,774E-1 3,333E-2
3,241E-1 8,846E-1 7,769E-1 3,316E-2
3,247E-1 8,846E-1 7,763E-1 3,316E-2
3,252E-1 8,854E-1 7,758E-1 3,293E-2
3,258E-1 8,854E-1 7,752E-1 3,309E-2
3,263E-1 8,919E-1 7,747E-1 3,290E-2
3,269E-1 9,003E-1 7,741E-1 3,284E-2
3,274E-1 9,003E-1 7,736E-1 3,284E-2
3,280E-1 9,024E-1 7,730E-1 3,268E-2
3,285E-1 9,024E-1 7,725E-1 3,245E-2
3,291E-1 9,024E-1 7,719E-1 3,245E-2
3,296E-1 9,024E-1 7,714E-1 3,224E-2
3,302E-1 9,048E-1 7,708E-1 3,224E-2
3,307E-1 9,098E-1 7,703E-1 3,196E-2
3,312E-1 9,098E-1 7,698E-1 3,196E-2
3,318E-1 9,177E-1 7,692E-1 3,196E-2
3,323E-1 9,215E-1 7,687E-1 3,168E-2
3,329E-1 9,215E-1 7,681E-1 3,165E-2
3,334E-1 9,215E-1 7,676E-1 3,140E-2
3,340E-1 9,215E-1 7,670E-1 3,126E-2
3,345E-1 9,215E-1 7,665E-1 3,115E-2
3,351E-1 9,227E-1 7,659E-1 3,115E-2
3,356E-1 9,258E-1 7,654E-1 3,092E-2
3,362E-1 9,258E-1 7,648E-1 3,081E-2
3,367E-1 9,345E-1 7,643E-1 3,081E-2
3,373E-1 9,411E-1 7,637E-1 3,094E-2
3,378E-1 9,422E-1 7,632E-1 3,094E-2
3,384E-1 9,422E-1 7,626E-1 3,061E-2
3,389E-1 9,422E-1 7,621E-1 3,061E-2
3,395E-1 9,422E-1 7,615E-1 3,061E-2
3,400E-1 9,422E-1 7,610E-1 3,039E-2
3,406E-1 9,441E-1 7,604E-1 3,050E-2
3,411E-1 9,507E-1 7,599E-1 3,050E-2
3,417E-1 9,562E-1 7,593E-1 3,050E-2
3,422E-1 9,562E-1 7,588E-1 3,050E-2
3,428E-1 9,621E-1 7,582E-1 3,050E-2
3,433E-1 9,653E-1 7,577E-1 2,984E-2
3,439E-1 9,653E-1 7,571E-1 2,984E-2
3,444E-1 9,689E-1 7,566E-1 2,984E-2
3,450E-1 9,719E-1 7,560E-1 2,984E-2
3,455E-1 9,756E-1 7,555E-1 2,982E-2
3,461E-1 9,756E-1 7,549E-1 2,982E-2
3,466E-1 9,794E-1 7,544E-1 2,982E-2
3,472E-1 9,835E-1 7,538E-1 2,982E-2
3,477E-1 9,863E-1 7,533E-1 2,970E-2
3,483E-1 9,863E-1 7,527E-1 2,932E-2
3,488E-1 9,908E-1 7,522E-1 2,932E-2
3,494E-1 9,939E-1 7,516E-1 2,963E-2
3,499E-1 9,939E-1 7,511E-1 2,955E-2
3,505E-1 9,976E-1 7,505E-1 2,980E-2
3,510E-1 1,002E+0 7,500E-1 2,952E-2
3,516E-1 1,007E+0 7,494E-1 2,952E-2
3,521E-1 1,007E+0 7,489E-1 2,952E-2
3,527E-1 1,010E+0 7,483E-1 2,928E-2
3,532E-1 1,013E+0 7,478E-1 2,928E-2
3,538E-1 1,015E+0 7,472E-1 2,928E-2
3,543E-1 1,015E+0 7,467E-1 2,859E-2
3,549E-1 1,017E+0 7,461E-1 2,859E-2
3,554E-1 1,022E+0 7,456E-1 2,839E-2
3,560E-1 1,027E+0 7,450E-1 2,811E-2
3,565E-1 1,027E+0 7,445E-1 2,811E-2
3,571E-1 1,031E+0 7,439E-1 2,755E-2
3,576E-1 1,037E+0 7,434E-1 2,755E-2
3,582E-1 1,040E+0 7,428E-1 2,730E-2
3,587E-1 1,040E+0 7,423E-1 2,696E-2
3,593E-1 1,041E+0 7,417E-1 2,721E-2
3,598E-1 1,043E+0 7,412E-1 2,667E-2
3,604E-1 1,045E+0 7,406E-1 2,667E-2
3,609E-1 1,045E+0 7,401E-1 2,670E-2
3,615E-1 1,047E+0 7,395E-1 2,647E-2
3,620E-1 1,053E+0 7,390E-1 2,689E-2
3,626E-1 1,059E+0 7,384E-1 2,689E-2
3,631E-1 1,059E+0 7,379E-1 2,608E-2
3,637E-1 1,064E+0 7,373E-1 2,685E-2
3,642E-1 1,067E+0 7,368E-1 2,648E-2
3,648E-1 1,070E+0 7,362E-1 2,648E-2
3,653E-1 1,070E+0 7,357E-1 2,648E-2
3,659E-1 1,072E+0 7,351E-1 2,648E-2
3,664E-1 1,074E+0 7,346E-1 2,648E-2
3,670E-1 1,078E+0 7,340E-1 2,648E-2
3,675E-1 1,084E+0 7,335E-1 2,648E-2
3,681E-1 1,084E+0 7,329E-1 2,634E-2
3,686E-1 1,089E+0 7,324E-1 2,512E-2
3,692E-1 1,093E+0 7,318E-1 2,512E-2
3,697E-1 1,096E+0 7,313E-1 2,512E-2
3,703E-1 1,096E+0 7,307E-1 2,412E-2
3,708E-1 1,097E+0 7,302E-1 2,355E-2
3,714E-1 1,097E+0 7,296E-1 2,497E-2
3,719E-1 1,101E+0 7,291E-1 2,494E-2
3,725E-1 1,107E+0 7,285E-1 2,494E-2
3,730E-1 1,107E+0 7,280E-1 2,494E-2
3,736E-1 1,115E+0 7,274E-1 2,471E-2
3,741E-1 1,119E+0 7,269E-1 2,471E-2
3,747E-1 1,125E+0 7,263E-1 2,515E-2
3,752E-1 1,125E+0 7,258E-1 2,515E-2
3,758E-1 1,127E+0 7,252E-1 2,515E-2
3,763E-1 1,129E+0 7,247E-1 2,515E-2
3,769E-1 1,130E+0 7,241E-1 2,481E-2
3,774E-1 1,133E+0 7,236E-1 2,506E-2
3,780E-1 1,133E+0 7,230E-1 2,506E-2
3,785E-1 1,138E+0 7,225E-1 2,506E-2
3,791E-1 1,145E+0 7,219E-1 2,506E-2
3,796E-1 1,153E+0 7,214E-1 2,506E-2
3,802E-1 1,158E+0 7,208E-1 2,407E-2
3,807E-1 1,158E+0 7,203E-1 2,407E-2
3,813E-1 1,160E+0 7,197E-1 2,294E-2
3,818E-1 1,160E+0 7,192E-1 2,294E-2
3,824E-1 1,161E+0 7,186E-1 2,266E-2
3,829E-1 1,161E+0 7,181E-1 2,254E-2
3,835E-1 1,161E+0 7,175E-1 2,254E-2
3,840E-1 1,164E+0 7,170E-1 2,254E-2
3,846E-1 1,171E+0 7,164E-1 2,233E-2
3,851E-1 1,178E+0 7,159E-1 2,114E-2
3,857E-1 1,184E+0 7,154E-1 2,114E-2
3,862E-1 1,184E+0 7,148E-1 2,085E-2
3,867E-1 1,188E+0 7,143E-1 2,085E-2
3,873E-1 1,192E+0 7,137E-1 2,037E-2
3,878E-1 1,194E+0 7,132E-1 2,021E-2
3,884E-1 1,196E+0 7,126E-1 2,021E-2
3,889E-1 1,196E+0 7,121E-1 1,952E-2
3,895E-1 1,198E+0 7,115E-1 1,952E-2
3,900E-1 1,201E+0 7,110E-1 1,912E-2
3,906E-1 1,206E+0 7,104E-1 1,912E-2
3,911E-1 1,212E+0 7,099E-1 1,912E-2
3,917E-1 1,217E+0 7,093E-1 1,912E-2
3,922E-1 1,217E+0 7,088E-1 1,766E-2
3,928E-1 1,222E+0 7,082E-1 1,766E-2
3,933E-1 1,225E+0 7,077E-1 1,785E-2
3,939E-1 1,227E+0 7,071E-1 1,769E-2
3,944E-1 1,229E+0 7,066E-1 1,769E-2
3,950E-1 1,229E+0 7,060E-1 1,769E-2
3,955E-1 1,231E+0 7,055E-1 1,737E-2
3,961E-1 1,235E+0 7,049E-1 1,737E-2
3,966E-1 1,241E+0 7,044E-1 1,737E-2
3,972E-1 1,246E+0 7,038E-1 1,737E-2
3,977E-1 1,251E+0 7,033E-1 1,737E-2
3,983E-1 1,251E+0 7,027E-1 1,737E-2
3,988E-1 1,253E+0 7,022E-1 1,586E-2
3,994E-1 1,254E+0 7,016E-1 1,586E-2
3,999E-1 1,256E+0 7,011E-1 1,586E-2
4,005E-1 1,260E+0 7,005E-1 1,586E-2
4,010E-1 1,263E+0 7,000E-1 1,586E-2
4,016E-1 1,268E+0 6,994E-1 1,425E-2
4,021E-1 1,268E+0 6,989E-1 1,425E-2
4,027E-1 1,273E+0 6,983E-1 1,425E-2
4,032E-1 1,280E+0 6,978E-1 1,425E-2
4,038E-1 1,284E+0 6,972E-1 1,370E-2
4,043E-1 1,285E+0 6,967E-1 1,281E-2
4,049E-1 1,286E+0 6,961E-1 1,281E-2
4,054E-1 1,286E+0 6,956E-1 1,279E-2
4,060E-1 1,289E+0 6,950E-1 1,261E-2
4,065E-1 1,292E+0 6,945E-1 1,249E-2
4,071E-1 1,297E+0 6,939E-1 1,243E-2
4,076E-1 1,302E+0 6,934E-1 1,243E-2
4,082E-1 1,307E+0 6,928E-1 1,345E-2
4,087E-1 1,312E+0 6,923E-1 1,345E-2
4,093E-1 1,312E+0 6,917E-1 1,295E-2
4,098E-1 1,318E+0 6,912E-1 1,295E-2
4,104E-1 1,323E+0 6,906E-1 1,295E-2
4,109E-1 1,327E+0 6,901E-1 1,295E-2
4,115E-1 1,329E+0 6,895E-1 1,295E-2
4,120E-1 1,331E+0 6,890E-1 1,307E-2
4,126E-1 1,332E+0 6,884E-1 1,307E-2
4,131E-1 1,332E+0 6,879E-1 1,307E-2
4,137E-1 1,333E+0 6,873E-1 1,008E-2
4,142E-1 1,335E+0 6,868E-1 1,008E-2
4,148E-1 1,338E+0 6,862E-1 1,008E-2
4,153E-1 1,343E+0 6,857E-1 9,919E-3
4,159E-1 1,348E+0 6,851E-1 9,919E-3
4,164E-1 1,353E+0 6,846E-1 9,919E-3
4,170E-1 1,358E+0 6,840E-1 9,223E-3
4,175E-1 1,358E+0 6,835E-1 9,223E-3
4,181E-1 1,363E+0 6,829E-1 9,223E-3
4,186E-1 1,367E+0 6,824E-1 9,223E-3
4,192E-1 1,368E+0 6,818E-1 7,948E-3
4,197E-1 1,372E+0 6,813E-1 7,987E-3
4,203E-1 1,376E+0 6,807E-1 7,920E-3
4,208E-1 1,379E+0 6,802E-1 7,920E-3
4,214E-1 1,381E+0 6,796E-1 7,920E-3
4,219E-1 1,381E+0 6,791E-1 7,920E-3
4,225E-1 1,386E+0 6,785E-1 7,865E-3
4,230E-1 1,390E+0 6,780E-1 7,788E-3
4,236E-1 1,394E+0 6,774E-1 7,788E-3
4,241E-1 1,398E+0 6,769E-1 6,637E-3
4,247E-1 1,400E+0 6,763E-1 6,402E-3
4,252E-1 1,402E+0 6,758E-1 6,402E-3
4,258E-1 1,406E+0 6,752E-1 6,940E-3
4,263E-1 1,408E+0 6,747E-1 5,725E-3
4,269E-1 1,408E+0 6,741E-1 5,725E-3
4,274E-1 1,411E+0 6,736E-1 6,129E-3
4,280E-1 1,414E+0 6,730E-1 6,129E-3
4,285E-1 1,418E+0 6,725E-1 6,129E-3
4,291E-1 1,422E+0 6,719E-1 6,672E-3
4,296E-1 1,426E+0 6,714E-1 6,672E-3
4,302E-1 1,429E+0 6,708E-1 6,672E-3
4,307E-1 1,436E+0 6,703E-1 6,509E-3
4,313E-1 1,440E+0 6,697E-1 7,151E-3
4,318E-1 1,441E+0 6,692E-1 7,151E-3
4,324E-1 1,441E+0 6,686E-1 7,151E-3
4,329E-1 1,441E+0 6,681E-1 7,151E-3
4,335E-1 1,442E+0 6,675E-1 8,270E-3
4,340E-1 1,444E+0 6,670E-1 7,962E-3
4,346E-1 1,446E+0 6,664E-1 8,737E-3
4,351E-1 1,450E+0 6,659E-1 9,567E-3
4,357E-1 1,457E+0 6,653E-1 9,567E-3
4,362E-1 1,462E+0 6,648E-1 9,567E-3
4,368E-1 1,468E+0 6,642E-1 9,567E-3
4,373E-1 1,470E+0 6,637E-1 9,793E-3
4,379E-1 1,474E+0 6,631E-1 9,793E-3
4,384E-1 1,474E+0 6,626E-1 9,793E-3
4,390E-1 1,475E+0 6,620E-1 1,118E-2
4,395E-1 1,475E+0 6,615E-1 1,116E-2
4,401E-1 1,476E+0 6,609E-1 1,116E-2
4,406E-1 1,479E+0 6,604E-1 1,107E-2
4,411E-1 1,482E+0 6,599E-1 1,292E-2
4,417E-1 1,490E+0 6,593E-1 1,292E-2
4,422E-1 1,497E+0 6,588E-1 1,292E-2
4,428E-1 1,506E+0 6,582E-1 1,292E-2
4,433E-1 1,510E+0 6,577E-1 1,292E-2
4,439E-1 1,513E+0 6,571E-1 1,290E-2
4,444E-1 1,514E+0 6,566E-1 1,401E-2
4,450E-1 1,514E+0 6,560E-1 1,401E-2
4,455E-1 1,515E+0 6,555E-1 1,401E-2
4,461E-1 1,515E+0 6,549E-1 1,400E-2
4,466E-1 1,517E+0 6,544E-1 1,436E-2
4,472E-1 1,519E+0 6,538E-1 1,436E-2
4,477E-1 1,524E+0 6,533E-1 1,436E-2
4,483E-1 1,528E+0 6,527E-1 1,478E-2
4,488E-1 1,533E+0 6,522E-1 1,600E-2
4,494E-1 1,538E+0 6,516E-1 1,600E-2
4,499E-1 1,540E+0 6,511E-1 1,600E-2
4,505E-1 1,541E+0 6,505E-1 1,686E-2
4,510E-1 1,543E+0 6,500E-1 1,686E-2
4,516E-1 1,545E+0 6,494E-1 1,686E-2
4,521E-1 1,547E+0 6,489E-1 1,686E-2
4,527E-1 1,549E+0 6,483E-1 1,852E-2
4,532E-1 1,552E+0 6,478E-1 1,852E-2
4,538E-1 1,557E+0 6,472E-1 1,852E-2
4,543E-1 1,562E+0 6,467E-1 1,852E-2
4,549E-1 1,567E+0 6,461E-1 1,957E-2
4,554E-1 1,571E+0 6,456E-1 1,957E-2
4,560E-1 1,571E+0 6,450E-1 1,957E-2
4,565E-1 1,573E+0 6,445E-1 2,041E-2
4,571E-1 1,575E+0 6,439E-1 2,095E-2
4,576E-1 1,578E+0 6,434E-1 2,095E-2
4,582E-1 1,580E+0 6,428E-1 2,095E-2
4,587E-1 1,583E+0 6,423E-1 2,222E-2
4,593E-1 1,587E+0 6,417E-1 2,222E-2
4,598E-1 1,590E+0 6,412E-1 2,222E-2
4,604E-1 1,593E+0 6,406E-1 2,222E-2
4,609E-1 1,595E+0 6,401E-1 2,323E-2
4,615E-1 1,599E+0 6,395E-1 2,323E-2
4,620E-1 1,602E+0 6,390E-1 2,323E-2
4,626E-1 1,607E+0 6,384E-1 2,369E-2
4,631E-1 1,611E+0 6,379E-1 2,386E-2
4,637E-1 1,616E+0 6,373E-1 2,386E-2
4,642E-1 1,620E+0 6,368E-1 2,386E-2
4,648E-1 1,622E+0 6,362E-1 2,386E-2
4,653E-1 1,624E+0 6,357E-1 2,495E-2
4,659E-1 1,624E+0 6,351E-1 2,495E-2
4,664E-1 1,624E+0 6,346E-1 2,495E-2
4,670E-1 1,626E+0 6,340E-1 2,495E-2
4,675E-1 1,627E+0 6,335E-1 2,657E-2
4,681E-1 1,629E+0 6,329E-1 2,657E-2
4,686E-1 1,633E+0 6,324E-1 2,657E-2
4,692E-1 1,638E+0 6,318E-1 2,737E-2
4,697E-1 1,641E+0 6,313E-1 2,795E-2
4,703E-1 1,646E+0 6,307E-1 2,795E-2
4,708E-1 1,650E+0 6,302E-1 2,795E-2
4,714E-1 1,653E+0 6,296E-1 2,980E-2
4,719E-1 1,655E+0 6,291E-1 2,980E-2
4,725E-1 1,658E+0 6,285E-1 3,058E-2
4,730E-1 1,660E+0 6,280E-1 3,058E-2
4,736E-1 1,660E+0 6,274E-1 3,058E-2
4,741E-1 1,661E+0 6,269E-1 3,119E-2
4,747E-1 1,663E+0 6,263E-1 3,049E-2
4,752E-1 1,666E+0 6,258E-1 3,081E-2
4,758E-1 1,669E+0 6,252E-1 3,092E-2
4,763E-1 1,673E+0 6,247E-1 3,164E-2
4,769E-1 1,678E+0 6,241E-1 3,164E-2
4,774E-1 1,681E+0 6,236E-1 3,228E-2
4,780E-1 1,686E+0 6,230E-1 3,277E-2
4,785E-1 1,690E+0 6,225E-1 3,277E-2
4,791E-1 1,692E+0 6,219E-1 3,299E-2
4,796E-1 1,694E+0 6,214E-1 3,473E-2
4,802E-1 1,696E+0 6,208E-1 3,523E-2
4,807E-1 1,699E+0 6,203E-1 3,523E-2
4,813E-1 1,701E+0 6,197E-1 3,526E-2
4,818E-1 1,704E+0 6,192E-1 3,753E-2
4,824E-1 1,707E+0 6,186E-1 4,016E-2
4,829E-1 1,708E+0 6,181E-1 4,016E-2
4,835E-1 1,711E+0 6,175E-1 4,031E-2
4,840E-1 1,713E+0 6,170E-1 4,126E-2
4,846E-1 1,713E+0 6,164E-1 4,336E-2
4,851E-1 1,714E+0 6,159E-1 4,336E-2
4,857E-1 1,716E+0 6,153E-1 4,336E-2
4,862E-1 1,718E+0 6,148E-1 4,567E-2
4,868E-1 1,723E+0 6,142E-1 4,567E-2
4,873E-1 1,728E+0 6,137E-1 4,567E-2
4,879E-1 1,733E+0 6,131E-1 4,567E-2
4,884E-1 1,736E+0 6,126E-1 4,567E-2
4,890E-1 1,740E+0 6,120E-1 4,606E-2
4,895E-1 1,742E+0 6,115E-1 4,594E-2
4,901E-1 1,744E+0 6,109E-1 4,594E-2
4,906E-1 1,744E+0 6,104E-1 4,594E-2
4,912E-1 1,744E+0 6,098E-1 4,729E-2
4,917E-1 1,744E+0 6,093E-1 4,729E-2
4,923E-1 1,746E+0 6,087E-1 4,729E-2
4,928E-1 1,748E+0 6,082E-1 4,729E-2
4,934E-1 1,754E+0 6,076E-1 4,989E-2
4,939E-1 1,757E+0 6,071E-1 4,989E-2
4,945E-1 1,762E+0 6,065E-1 4,989E-2
4,950E-1 1,766E+0 6,060E-1 4,989E-2
4,956E-1 1,768E+0 6,055E-1 5,088E-2
4,961E-1 1,770E+0 6,049E-1 5,189E-2
4,966E-1 1,772E+0 6,044E-1 5,364E-2
4,972E-1 1,774E+0 6,038E-1 5,364E-2
4,977E-1 1,776E+0 6,033E-1 5,364E-2
4,983E-1 1,779E+0 6,027E-1 5,364E-2
4,988E-1 1,783E+0 6,022E-1 5,517E-2
4,994E-1 1,785E+0 6,016E-1 5,517E-2
4,999E-1 1,786E+0 6,011E-1 5,517E-2
5,005E-1 1,790E+0 6,005E-1 5,517E-2
5,010E-1 1,792E+0 6,000E-1 5,872E-2
5,016E-1 1,795E+0 5,994E-1 5,872E-2
5,021E-1 1,798E+0 5,989E-1 5,872E-2
5,027E-1 1,803E+0 5,983E-1 5,872E-2
5,032E-1 1,807E+0 5,978E-1 5,880E-2
5,038E-1 1,810E+0 5,972E-1 6,052E-2
5,043E-1 1,812E+0 5,967E-1 6,052E-2
5,049E-1 1,814E+0 5,961E-1 6,052E-2
5,054E-1 1,814E+0 5,956E-1 6,052E-2
5,060E-1 1,814E+0 5,950E-1 6,311E-2
5,065E-1 1,814E+0 5,945E-1 6,327E-2
5,071E-1 1,815E+0 5,939E-1 6,327E-2
5,076E-1 1,818E+0 5,934E-1 6,327E-2
5,082E-1 1,821E+0 5,928E-1 6,359E-2
5,087E-1 1,830E+0 5,923E-1 6,386E-2
5,093E-1 1,833E+0 5,917E-1 6,640E-2
5,098E-1 1,837E+0 5,912E-1 6,640E-2
5,104E-1 1,841E+0 5,906E-1 6,640E-2
5,109E-1 1,842E+0 5,901E-1 6,706E-2
5,115E-1 1,844E+0 5,895E-1 7,056E-2
5,120E-1 1,847E+0 5,890E-1 7,056E-2
5,126E-1 1,848E+0 5,884E-1 7,056E-2
5,131E-1 1,850E+0 5,879E-1 7,056E-2
5,137E-1 1,851E+0 5,873E-1 7,174E-2
5,142E-1 1,853E+0 5,868E-1 7,411E-2
5,148E-1 1,856E+0 5,862E-1 7,540E-2
5,153E-1 1,857E+0 5,857E-1 7,540E-2
5,159E-1 1,860E+0 5,851E-1 7,540E-2
5,164E-1 1,864E+0 5,846E-1 7,721E-2
5,170E-1 1,866E+0 5,840E-1 7,889E-2
5,175E-1 1,868E+0 5,835E-1 7,889E-2
5,181E-1 1,869E+0 5,829E-1 7,889E-2
5,186E-1 1,872E+0 5,824E-1 7,889E-2
5,192E-1 1,874E+0 5,818E-1 7,953E-2
5,197E-1 1,876E+0 5,813E-1 8,429E-2
5,203E-1 1,879E+0 5,807E-1 8,429E-2
5,208E-1 1,881E+0 5,802E-1 8,429E-2
5,214E-1 1,883E+0 5,796E-1 8,429E-2
5,219E-1 1,885E+0 5,791E-1 8,511E-2
5,225E-1 1,890E+0 5,785E-1 8,582E-2
5,230E-1 1,892E+0 5,780E-1 8,582E-2
5,236E-1 1,895E+0 5,774E-1 8,582E-2
5,241E-1 1,896E+0 5,769E-1 8,582E-2
5,247E-1 1,897E+0 5,763E-1 8,663E-2
5,252E-1 1,899E+0 5,758E-1 8,909E-2
5,258E-1 1,902E+0 5,752E-1 8,909E-2
5,263E-1 1,906E+0 5,747E-1 8,909E-2
5,269E-1 1,908E+0 5,741E-1 8,909E-2
5,274E-1 1,910E+0 5,736E-1 9,044E-2
5,280E-1 1,913E+0 5,730E-1 9,175E-2
5,285E-1 1,916E+0 5,725E-1 9,251E-2
5,291E-1 1,916E+0 5,719E-1 9,251E-2
5,296E-1 1,917E+0 5,714E-1 9,251E-2
5,302E-1 1,920E+0 5,708E-1 9,312E-2
5,307E-1 1,922E+0 5,703E-1 9,470E-2
5,313E-1 1,924E+0 5,697E-1 9,691E-2
5,318E-1 1,925E+0 5,692E-1 9,691E-2
5,324E-1 1,926E+0 5,686E-1 9,691E-2
5,329E-1 1,930E+0 5,681E-1 9,691E-2
5,335E-1 1,932E+0 5,675E-1 9,825E-2
5,340E-1 1,934E+0 5,670E-1 9,929E-2
5,346E-1 1,936E+0 5,664E-1 9,929E-2
5,351E-1 1,939E+0 5,659E-1 9,948E-2
5,357E-1 1,944E+0 5,653E-1 9,948E-2
5,362E-1 1,947E+0 5,648E-1 1,018E-1
5,368E-1 1,948E+0 5,642E-1 1,033E-1
5,373E-1 1,949E+0 5,637E-1 1,041E-1
5,379E-1 1,954E+0 5,631E-1 1,041E-1
5,384E-1 1,956E+0 5,626E-1 1,041E-1
5,390E-1 1,957E+0 5,620E-1 1,062E-1
5,395E-1 1,958E+0 5,615E-1 1,085E-1
5,401E-1 1,959E+0 5,609E-1 1,098E-1
5,406E-1 1,960E+0 5,604E-1 1,098E-1
5,412E-1 1,962E+0 5,598E-1 1,098E-1
5,417E-1 1,966E+0 5,593E-1 1,099E-1
5,423E-1 1,967E+0 5,587E-1 1,127E-1
5,428E-1 1,969E+0 5,582E-1 1,145E-1
5,434E-1 1,971E+0 5,576E-1 1,156E-1
5,439E-1 1,974E+0 5,571E-1 1,156E-1
5,445E-1 1,977E+0 5,565E-1 1,158E-1
5,450E-1 1,978E+0 5,560E-1 1,158E-1
5,456E-1 1,980E+0 5,554E-1 1,190E-1
5,461E-1 1,985E+0 5,549E-1 1,214E-1
5,467E-1 1,987E+0 5,543E-1 1,229E-1
5,472E-1 1,989E+0 5,538E-1 1,229E-1
5,478E-1 1,992E+0 5,532E-1 1,229E-1
5,483E-1 1,994E+0 5,527E-1 1,229E-1
5,489E-1 1,995E+0 5,521E-1 1,275E-1
5,494E-1 1,998E+0 5,516E-1 1,297E-1
5,500E-1 1,999E+0 5,510E-1 1,309E-1
5,505E-1 2,000E+0 5,505E-1 1,309E-1
5,510E-1 2,001E+0 5,500E-1 1,309E-1
5,516E-1 2,003E+0 5,494E-1 1,309E-1
5,521E-1 2,004E+0 5,489E-1 1,341E-1
5,527E-1 2,006E+0 5,483E-1 1,370E-1
5,532E-1 2,009E+0 5,478E-1 1,375E-1
5,538E-1 2,011E+0 5,472E-1 1,375E-1
5,543E-1 2,012E+0 5,467E-1 1,375E-1
5,549E-1 2,014E+0 5,461E-1 1,375E-1
5,554E-1 2,016E+0 5,456E-1 1,377E-1
5,560E-1 2,019E+0 5,450E-1 1,432E-1
5,565E-1 2,021E+0 5,445E-1 1,450E-1
5,571E-1 2,022E+0 5,439E-1 1,461E-1
5,576E-1 2,024E+0 5,434E-1 1,461E-1
5,582E-1 2,027E+0 5,428E-1 1,461E-1
5,587E-1 2,030E+0 5,423E-1 1,462E-1
5,593E-1 2,033E+0 5,417E-1 1,470E-1
5,598E-1 2,036E+0 5,412E-1 1,491E-1
5,604E-1 2,038E+0 5,406E-1 1,526E-1
5,609E-1 2,040E+0 5,401E-1 1,537E-1
5,615E-1 2,041E+0 5,395E-1 1,542E-1
5,620E-1 2,043E+0 5,390E-1 1,552E-1
5,626E-1 2,044E+0 5,384E-1 1,565E-1
5,631E-1 2,049E+0 5,379E-1 1,581E-1
5,637E-1 2,050E+0 5,373E-1 1,589E-1
5,642E-1 2,050E+0 5,368E-1 1,632E-1
5,648E-1 2,053E+0 5,362E-1 1,643E-1
5,653E-1 2,055E+0 5,357E-1 1,643E-1
5,659E-1 2,058E+0 5,351E-1 1,652E-1
5,664E-1 2,059E+0 5,346E-1 1,674E-1
5,670E-1 2,060E+0 5,340E-1 1,694E-1
5,675E-1 2,062E+0 5,335E-1 1,726E-1
5,681E-1 2,063E+0 5,329E-1 1,735E-1
5,686E-1 2,066E+0 5,324E-1 1,736E-1
5,692E-1 2,067E+0 5,318E-1 1,745E-1
5,697E-1 2,068E+0 5,313E-1 1,766E-1
5,703E-1 2,070E+0 5,307E-1 1,794E-1
5,708E-1 2,073E+0 5,302E-1 1,828E-1
5,714E-1 2,074E+0 5,296E-1 1,853E-1
5,719E-1 2,076E+0 5,291E-1 1,864E-1
5,725E-1 2,078E+0 5,285E-1 1,864E-1
5,730E-1 2,080E+0 5,280E-1 1,868E-1
5,736E-1 2,081E+0 5,274E-1 1,868E-1
5,741E-1 2,083E+0 5,269E-1 1,901E-1
5,747E-1 2,086E+0 5,263E-1 1,933E-1
5,752E-1 2,087E+0 5,258E-1 1,961E-1
5,758E-1 2,088E+0 5,252E-1 1,977E-1
5,763E-1 2,089E+0 5,247E-1 1,991E-1
5,769E-1 2,091E+0 5,241E-1 2,011E-1
5,774E-1 2,096E+0 5,236E-1 2,021E-1
5,780E-1 2,097E+0 5,230E-1 2,060E-1
5,785E-1 2,098E+0 5,225E-1 2,073E-1
5,791E-1 2,099E+0 5,219E-1 2,073E-1
5,796E-1 2,102E+0 5,214E-1 2,078E-1
5,802E-1 2,103E+0 5,208E-1 2,102E-1
5,807E-1 2,104E+0 5,203E-1 2,134E-1
5,813E-1 2,106E+0 5,197E-1 2,175E-1
5,818E-1 2,107E+0 5,192E-1 2,208E-1
5,824E-1 2,113E+0 5,186E-1 2,212E-1
5,829E-1 2,114E+0 5,181E-1 2,229E-1
5,835E-1 2,116E+0 5,175E-1 2,243E-1
5,840E-1 2,118E+0 5,170E-1 2,254E-1
5,846E-1 2,119E+0 5,164E-1 2,265E-1
5,851E-1 2,121E+0 5,159E-1 2,294E-1
5,857E-1 2,122E+0 5,153E-1 2,330E-1
5,862E-1 2,123E+0 5,148E-1 2,415E-1
5,868E-1 2,125E+0 5,142E-1 2,432E-1
5,873E-1 2,129E+0 5,137E-1 2,438E-1
5,879E-1 2,131E+0 5,131E-1 2,451E-1
5,884E-1 2,133E+0 5,126E-1 2,468E-1
5,890E-1 2,134E+0 5,120E-1 2,496E-1
5,895E-1 2,138E+0 5,115E-1 2,527E-1
5,901E-1 2,138E+0 5,109E-1 2,552E-1
5,906E-1 2,139E+0 5,104E-1 2,584E-1
5,912E-1 2,139E+0 5,098E-1 2,608E-1
5,917E-1 2,141E+0 5,093E-1 2,616E-1
5,923E-1 2,141E+0 5,087E-1 2,646E-1
5,928E-1 2,141E+0 5,082E-1 2,695E-1
5,934E-1 2,143E+0 5,076E-1 2,736E-1
5,939E-1 2,145E+0 5,071E-1 2,777E-1
5,945E-1 2,146E+0 5,065E-1 2,799E-1
5,950E-1 2,147E+0 5,060E-1 2,823E-1
5,956E-1 2,148E+0 5,054E-1 2,848E-1
5,961E-1 2,149E+0 5,049E-1 2,885E-1
5,967E-1 2,153E+0 5,043E-1 2,925E-1
5,972E-1 2,155E+0 5,038E-1 2,973E-1
5,978E-1 2,157E+0 5,032E-1 3,026E-1
5,983E-1 2,160E+0 5,027E-1 3,070E-1
5,989E-1 2,162E+0 5,021E-1 3,089E-1
5,994E-1 2,162E+0 5,016E-1 3,101E-1
6,000E-1 2,162E+0 5,010E-1 3,113E-1
6,005E-1 2,163E+0 5,005E-1 3,152E-1
6,011E-1 2,165E+0 4,999E-1 3,178E-1
6,016E-1 2,165E+0 4,994E-1 3,213E-1
6,022E-1 2,166E+0 4,988E-1 3,252E-1
6,027E-1 2,167E+0 4,983E-1 3,285E-1
6,033E-1 2,168E+0 4,977E-1 3,312E-1
6,038E-1 2,170E+0 4,972E-1 3,359E-1
6,044E-1 2,171E+0 4,966E-1 3,453E-1
6,049E-1 2,174E+0 4,961E-1 3,487E-1
6,055E-1 2,177E+0 4,956E-1 3,540E-1
6,060E-1 2,177E+0 4,950E-1 3,588E-1
6,065E-1 2,178E+0 4,945E-1 3,637E-1
6,071E-1 2,179E+0 4,939E-1 3,697E-1
6,076E-1 2,179E+0 4,934E-1 3,769E-1
6,082E-1 2,179E+0 4,928E-1 3,818E-1
6,087E-1 2,179E+0 4,923E-1 3,865E-1
6,093E-1 2,179E+0 4,917E-1 3,919E-1
6,098E-1 2,181E+0 4,912E-1 3,968E-1
6,104E-1 2,181E+0 4,906E-1 4,009E-1
6,109E-1 2,183E+0 4,901E-1 4,075E-1
6,115E-1 2,185E+0 4,895E-1 4,136E-1
6,120E-1 2,186E+0 4,890E-1 4,209E-1
6,126E-1 2,187E+0 4,884E-1 4,276E-1
6,131E-1 2,188E+0 4,879E-1 4,361E-1
6,137E-1 2,188E+0 4,873E-1 4,447E-1
6,142E-1 2,188E+0 4,868E-1 4,556E-1
6,148E-1 2,188E+0 4,862E-1 4,648E-1
6,153E-1 2,189E+0 4,857E-1 4,752E-1
6,159E-1 2,189E+0 4,851E-1 4,843E-1
6,164E-1 2,189E+0 4,846E-1 4,956E-1
6,170E-1 2,189E+0 4,840E-1 5,063E-1
6,175E-1 2,189E+0 4,835E-1 5,180E-1
6,181E-1 2,189E+0 4,829E-1 5,286E-1
6,186E-1 2,191E+0 4,824E-1 5,408E-1
6,192E-1 2,191E+0 4,818E-1 5,523E-1
6,197E-1 2,192E+0 4,813E-1 5,681E-1
6,203E-1 2,193E+0 4,807E-1 5,831E-1
6,208E-1 2,195E+0 4,802E-1 6,015E-1
6,214E-1 2,195E+0 4,796E-1 6,213E-1
6,219E-1 2,196E+0 4,791E-1 6,463E-1
6,225E-1 2,196E+0 4,785E-1 6,731E-1
6,230E-1 2,197E+0 4,780E-1 7,061E-1
6,236E-1 2,197E+0 4,774E-1 7,415E-1
6,241E-1 2,197E+0 4,769E-1 7,890E-1
6,247E-1 2,198E+0 4,763E-1 8,420E-1
6,252E-1 2,198E+0 4,758E-1 9,117E-1
6,258E-1 2,199E+0 4,752E-1 9,910E-1
6,263E-1 2,199E+0 4,747E-1 1,096E+0
6,269E-1 2,200E+0 4,741E-1 1,353E+0
6,274E-1 2,201E+0 4,736E-1 1,502E+0
6,280E-1 2,202E+0 4,730E-1 1,672E+0
6,285E-1 2,202E+0 4,725E-1 1,811E+0
6,291E-1 2,202E+0 4,719E-1 1,932E+0
6,296E-1 2,202E+0 4,714E-1 1,972E+0
6,302E-1 2,202E+0 4,708E-1 1,972E+0
6,307E-1 2,202E+0 4,703E-1 1,972E+0
6,313E-1 2,202E+0 4,697E-1 1,972E+0
6,318E-1 2,202E+0 4,692E-1 1,972E+0
6,324E-1 2,202E+0 4,686E-1 1,972E+0
6,329E-1 2,202E+0 4,681E-1 1,972E+0
6,335E-1 2,200E+0 4,675E-1 1,972E+0
6,340E-1 2,199E+0 4,670E-1 1,972E+0
6,346E-1 2,199E+0 4,664E-1 1,864E+0
6,351E-1 2,199E+0 4,659E-1 1,723E+0
6,357E-1 2,197E+0 4,653E-1 1,684E+0
6,362E-1 2,196E+0 4,648E-1 1,734E+0
6,368E-1 2,195E+0 4,642E-1 1,759E+0
6,373E-1 2,193E+0 4,637E-1 1,759E+0
6,379E-1 2,190E+0 4,631E-1 1,759E+0
6,384E-1 2,189E+0 4,626E-1 1,759E+0
6,390E-1 2,185E+0 4,620E-1 1,759E+0
6,395E-1 2,183E+0 4,615E-1 1,759E+0
6,401E-1 2,180E+0 4,609E-1 1,759E+0
6,406E-1 2,172E+0 4,604E-1 1,759E+0
6,412E-1 2,169E+0 4,598E-1 1,759E+0
6,417E-1 2,164E+0 4,593E-1 1,746E+0
6,423E-1 2,154E+0 4,587E-1 1,706E+0
6,428E-1 2,148E+0 4,582E-1 1,653E+0
6,434E-1 2,142E+0 4,576E-1 1,618E+0
6,439E-1 2,127E+0 4,571E-1 1,636E+0
6,445E-1 2,119E+0 4,565E-1 1,638E+0
6,450E-1 2,106E+0 4,560E-1 1,638E+0
6,456E-1 2,096E+0 4,554E-1 1,638E+0
6,461E-1 2,066E+0 4,549E-1 1,638E+0
6,467E-1 2,047E+0 4,543E-1 1,638E+0
6,472E-1 2,026E+0 4,538E-1 1,638E+0
6,478E-1 1,971E+0 4,532E-1 1,638E+0
6,483E-1 1,931E+0 4,527E-1 1,638E+0
6,489E-1 1,886E+0 4,521E-1 1,627E+0
6,494E-1 1,758E+0 4,516E-1 1,605E+0
6,500E-1 1,666E+0 4,510E-1 1,573E+0
6,505E-1 1,565E+0 4,505E-1 1,571E+0
6,511E-1 1,465E+0 4,499E-1 1,571E+0
6,516E-1 1,399E+0 4,494E-1 1,571E+0
6,522E-1 1,360E+0 4,488E-1 1,571E+0
6,527E-1 1,337E+0 4,483E-1 1,571E+0
6,533E-1 1,297E+0 4,477E-1 1,571E+0
6,538E-1 1,236E+0 4,472E-1 1,571E+0
6,544E-1 1,166E+0 4,466E-1 1,571E+0
6,549E-1 1,136E+0 4,461E-1 1,571E+0
6,555E-1 1,117E+0 4,455E-1 1,570E+0
6,560E-1 1,080E+0 4,450E-1 1,563E+0
6,566E-1 1,020E+0 4,444E-1 1,551E+0
6,571E-1 9,830E-1 4,439E-1 1,537E+0
6,577E-1 9,599E-1 4,433E-1 1,525E+0
6,582E-1 9,308E-1 4,428E-1 1,519E+0
6,588E-1 8,835E-1 4,422E-1 1,519E+0
6,593E-1 8,561E-1 4,417E-1 1,519E+0
6,599E-1 8,406E-1 4,411E-1 1,519E+0
6,604E-1 8,117E-1 4,406E-1 1,519E+0
6,609E-1 8,117E-1 4,401E-1 1,519E+0
6,615E-1 7,697E-1 4,395E-1 1,519E+0
6,620E-1 7,565E-1 4,390E-1 1,518E+0
6,626E-1 7,502E-1 4,384E-1 1,518E+0
6,631E-1 7,163E-1 4,379E-1 1,513E+0
6,637E-1 6,748E-1 4,373E-1 1,506E+0
6,642E-1 6,636E-1 4,368E-1 1,496E+0
6,648E-1 6,525E-1 4,362E-1 1,490E+0
6,653E-1 6,238E-1 4,357E-1 1,484E+0
6,659E-1 6,238E-1 4,351E-1 1,481E+0
6,664E-1 5,937E-1 4,346E-1 1,481E+0
6,670E-1 5,754E-1 4,340E-1 1,481E+0
6,675E-1 5,526E-1 4,335E-1 1,481E+0
6,681E-1 5,468E-1 4,329E-1 1,479E+0
6,686E-1 5,456E-1 4,324E-1 1,476E+0
6,692E-1 5,208E-1 4,318E-1 1,472E+0
6,697E-1 5,208E-1 4,313E-1 1,472E+0
6,703E-1 4,897E-1 4,307E-1 1,466E+0
6,708E-1 4,772E-1 4,302E-1 1,460E+0
6,714E-1 4,643E-1 4,296E-1 1,455E+0
6,719E-1 4,603E-1 4,291E-1 1,451E+0
6,725E-1 4,577E-1 4,285E-1 1,448E+0
6,730E-1 4,577E-1 4,280E-1 1,446E+0
6,736E-1 4,366E-1 4,274E-1 1,444E+0
6,741E-1 4,112E-1 4,269E-1 1,441E+0
6,747E-1 4,004E-1 4,263E-1 1,437E+0
6,752E-1 3,919E-1 4,258E-1 1,433E+0
6,758E-1 3,919E-1 4,252E-1 1,433E+0
6,763E-1 3,905E-1 4,247E-1 1,431E+0
6,769E-1 3,905E-1 4,241E-1 1,427E+0
6,774E-1 3,725E-1 4,236E-1 1,422E+0
6,780E-1 3,522E-1 4,230E-1 1,417E+0
6,785E-1 3,407E-1 4,225E-1 1,412E+0
6,791E-1 3,329E-1 4,219E-1 1,409E+0
6,796E-1 3,329E-1 4,214E-1 1,406E+0
6,802E-1 3,329E-1 4,208E-1 1,405E+0
6,807E-1 3,290E-1 4,203E-1 1,403E+0
6,813E-1 3,183E-1 4,197E-1 1,403E+0
6,818E-1 3,066E-1 4,192E-1 1,401E+0
6,824E-1 2,930E-1 4,186E-1 1,396E+0
6,829E-1 2,930E-1 4,181E-1 1,392E+0
6,835E-1 2,830E-1 4,175E-1 1,388E+0
6,840E-1 2,809E-1 4,170E-1 1,384E+0
6,846E-1 2,740E-1 4,164E-1 1,382E+0
6,851E-1 2,740E-1 4,159E-1 1,378E+0
6,857E-1 2,723E-1 4,153E-1 1,374E+0
6,862E-1 2,723E-1 4,148E-1 1,374E+0
6,868E-1 2,589E-1 4,142E-1 1,372E+0
6,873E-1 2,462E-1 4,137E-1 1,370E+0
6,879E-1 2,355E-1 4,131E-1 1,368E+0
6,884E-1 2,321E-1 4,126E-1 1,364E+0
6,890E-1 2,321E-1 4,120E-1 1,360E+0
6,895E-1 2,321E-1 4,115E-1 1,354E+0
6,901E-1 2,241E-1 4,109E-1 1,350E+0
6,906E-1 2,241E-1 4,104E-1 1,350E+0
6,912E-1 2,219E-1 4,098E-1 1,344E+0
6,917E-1 2,115E-1 4,093E-1 1,338E+0
6,923E-1 2,115E-1 4,087E-1 1,337E+0
6,928E-1 2,033E-1 4,082E-1 1,337E+0
6,934E-1 1,950E-1 4,076E-1 1,335E+0
6,939E-1 1,935E-1 4,071E-1 1,334E+0
6,945E-1 1,935E-1 4,065E-1 1,334E+0
6,950E-1 1,874E-1 4,060E-1 1,332E+0
6,956E-1 1,874E-1 4,054E-1 1,328E+0
6,961E-1 1,874E-1 4,049E-1 1,319E+0
6,967E-1 1,824E-1 4,043E-1 1,313E+0
6,972E-1 1,760E-1 4,038E-1 1,307E+0
6,978E-1 1,718E-1 4,032E-1 1,300E+0
6,983E-1 1,718E-1 4,027E-1 1,300E+0
6,989E-1 1,607E-1 4,021E-1 1,298E+0
6,994E-1 1,579E-1 4,016E-1 1,297E+0
7,000E-1 1,579E-1 4,010E-1 1,296E+0
7,005E-1 1,571E-1 4,005E-1 1,295E+0
7,011E-1 1,571E-1 3,999E-1 1,294E+0
7,016E-1 1,571E-1 3,994E-1 1,292E+0
7,022E-1 1,474E-1 3,988E-1 1,292E+0
7,027E-1 1,474E-1 3,983E-1 1,286E+0
7,033E-1 1,451E-1 3,977E-1 1,279E+0
7,038E-1 1,371E-1 3,972E-1 1,273E+0
7,044E-1 1,371E-1 3,966E-1 1,268E+0
7,049E-1 1,354E-1 3,961E-1 1,263E+0
7,055E-1 1,276E-1 3,955E-1 1,260E+0
7,060E-1 1,276E-1 3,950E-1 1,260E+0
7,066E-1 1,276E-1 3,944E-1 1,260E+0
7,071E-1 1,257E-1 3,939E-1 1,259E+0
7,077E-1 1,257E-1 3,933E-1 1,257E+0
7,082E-1 1,257E-1 3,928E-1 1,253E+0
7,088E-1 1,163E-1 3,922E-1 1,249E+0
7,093E-1 1,163E-1 3,917E-1 1,249E+0
7,099E-1 1,163E-1 3,911E-1 1,244E+0
7,104E-1 1,148E-1 3,906E-1 1,239E+0
7,110E-1 1,098E-1 3,900E-1 1,233E+0
7,115E-1 1,098E-1 3,895E-1 1,228E+0
7,121E-1 1,016E-1 3,889E-1 1,225E+0
7,126E-1 1,016E-1 3,884E-1 1,225E+0
7,132E-1 1,016E-1 3,878E-1 1,222E+0
7,137E-1 1,037E-1 3,873E-1 1,221E+0
7,143E-1 1,037E-1 3,867E-1 1,218E+0
7,148E-1 1,037E-1 3,862E-1 1,217E+0
7,154E-1 1,004E-1 3,856E-1 1,217E+0
7,159E-1 1,004E-1 3,851E-1 1,212E+0
7,164E-1 1,004E-1 3,846E-1 1,207E+0
7,170E-1 9,156E-2 3,840E-1 1,203E+0
7,175E-1 9,156E-2 3,835E-1 1,200E+0
7,181E-1 9,432E-2 3,829E-1 1,195E+0
7,186E-1 9,036E-2 3,824E-1 1,195E+0
7,192E-1 9,036E-2 3,818E-1 1,190E+0
7,197E-1 9,036E-2 3,813E-1 1,186E+0
7,203E-1 8,373E-2 3,807E-1 1,181E+0
7,208E-1 8,373E-2 3,802E-1 1,178E+0
7,214E-1 7,854E-2 3,796E-1 1,178E+0
7,219E-1 8,375E-2 3,791E-1 1,176E+0
7,225E-1 8,375E-2 3,785E-1 1,173E+0
7,230E-1 8,466E-2 3,780E-1 1,172E+0
7,236E-1 8,328E-2 3,774E-1 1,171E+0
7,241E-1 8,328E-2 3,769E-1 1,171E+0
7,247E-1 8,328E-2 3,763E-1 1,169E+0
7,252E-1 7,859E-2 3,758E-1 1,160E+0
7,258E-1 7,859E-2 3,752E-1 1,152E+0
7,263E-1 7,272E-2 3,747E-1 1,143E+0
7,269E-1 7,272E-2 3,741E-1 1,143E+0
7,274E-1 7,272E-2 3,736E-1 1,139E+0
7,280E-1 7,609E-2 3,730E-1 1,136E+0
7,285E-1 7,360E-2 3,725E-1 1,135E+0
7,291E-1 7,415E-2 3,719E-1 1,134E+0
7,296E-1 6,885E-2 3,714E-1 1,134E+0
7,302E-1 6,885E-2 3,708E-1 1,133E+0
7,307E-1 6,885E-2 3,703E-1 1,130E+0
7,313E-1 6,289E-2 3,697E-1 1,126E+0
7,318E-1 6,289E-2 3,692E-1 1,126E+0
7,324E-1 6,684E-2 3,686E-1 1,121E+0
7,329E-1 6,684E-2 3,681E-1 1,114E+0
7,335E-1 6,684E-2 3,675E-1 1,109E+0
7,340E-1 6,767E-2 3,670E-1 1,107E+0
7,346E-1 6,604E-2 3,664E-1 1,107E+0
7,351E-1 6,604E-2 3,659E-1 1,105E+0
7,357E-1 6,285E-2 3,653E-1 1,102E+0
7,362E-1 6,285E-2 3,648E-1 1,099E+0
7,368E-1 6,285E-2 3,642E-1 1,096E+0
7,373E-1 5,874E-2 3,637E-1 1,096E+0
7,379E-1 5,874E-2 3,631E-1 1,090E+0
7,384E-1 5,669E-2 3,626E-1 1,084E+0
7,390E-1 5,614E-2 3,620E-1 1,078E+0
7,395E-1 5,614E-2 3,615E-1 1,078E+0
7,401E-1 5,847E-2 3,609E-1 1,075E+0
7,406E-1 5,623E-2 3,604E-1 1,072E+0
7,412E-1 5,785E-2 3,598E-1 1,069E+0
7,417E-1 5,500E-2 3,593E-1 1,069E+0
7,423E-1 5,500E-2 3,587E-1 1,068E+0
7,428E-1 5,554E-2 3,582E-1 1,066E+0
7,434E-1 5,188E-2 3,576E-1 1,060E+0
7,439E-1 5,188E-2 3,571E-1 1,060E+0
7,445E-1 5,053E-2 3,565E-1 1,056E+0
7,450E-1 5,053E-2 3,560E-1 1,050E+0
7,456E-1 5,053E-2 3,554E-1 1,047E+0
7,461E-1 5,256E-2 3,549E-1 1,047E+0
7,467E-1 5,256E-2 3,543E-1 1,043E+0
7,472E-1 5,440E-2 3,538E-1 1,040E+0
7,478E-1 5,375E-2 3,532E-1 1,038E+0
7,483E-1 5,375E-2 3,527E-1 1,035E+0
7,489E-1 5,433E-2 3,521E-1 1,035E+0
7,494E-1 5,304E-2 3,516E-1 1,030E+0
7,500E-1 5,342E-2 3,510E-1 1,026E+0
7,505E-1 5,179E-2 3,505E-1 1,026E+0
7,511E-1 5,179E-2 3,499E-1 1,022E+0
7,516E-1 5,196E-2 3,494E-1 1,018E+0
7,522E-1 4,984E-2 3,488E-1 1,013E+0
7,527E-1 4,984E-2 3,483E-1 1,013E+0
7,533E-1 4,984E-2 3,477E-1 1,010E+0
7,538E-1 4,761E-2 3,472E-1 1,007E+0
7,544E-1 4,761E-2 3,466E-1 1,003E+0
7,549E-1 4,465E-2 3,461E-1 1,003E+0
7,555E-1 4,465E-2 3,455E-1 9,998E-1
7,560E-1 4,518E-2 3,450E-1 9,969E-1
7,566E-1 4,460E-2 3,444E-1 9,930E-1
7,571E-1 4,460E-2 3,439E-1 9,930E-1
7,577E-1 4,626E-2 3,433E-1 9,900E-1
7,582E-1 4,560E-2 3,428E-1 9,869E-1
7,588E-1 4,606E-2 3,422E-1 9,846E-1
7,593E-1 4,493E-2 3,417E-1 9,846E-1
7,599E-1 4,493E-2 3,411E-1 9,809E-1
7,604E-1 4,585E-2 3,406E-1 9,768E-1
7,610E-1 4,449E-2 3,400E-1 9,768E-1
7,615E-1 4,449E-2 3,395E-1 9,704E-1
7,621E-1 4,300E-2 3,389E-1 9,661E-1
7,626E-1 4,300E-2 3,384E-1 9,621E-1
7,632E-1 4,300E-2 3,378E-1 9,621E-1
7,637E-1 4,130E-2 3,373E-1 9,599E-1
7,643E-1 4,145E-2 3,367E-1 9,573E-1
7,648E-1 4,103E-2 3,362E-1 9,573E-1
7,654E-1 4,103E-2 3,356E-1 9,550E-1
7,659E-1 4,103E-2 3,351E-1 9,521E-1
7,665E-1 4,018E-2 3,345E-1 9,470E-1
7,670E-1 4,018E-2 3,340E-1 9,470E-1
7,676E-1 3,940E-2 3,334E-1 9,431E-1
7,681E-1 3,940E-2 3,329E-1 9,405E-1
7,687E-1 3,940E-2 3,323E-1 9,405E-1
7,692E-1 3,940E-2 3,318E-1 9,381E-1
7,698E-1 3,899E-2 3,312E-1 9,350E-1
7,703E-1 3,823E-2 3,307E-1 9,309E-1
7,708E-1 3,823E-2 3,302E-1 9,309E-1
7,714E-1 3,823E-2 3,296E-1 9,289E-1
7,719E-1 3,786E-2 3,291E-1 9,246E-1
7,725E-1 3,776E-2 3,285E-1 9,246E-1
7,730E-1 3,776E-2 3,280E-1 9,194E-1
7,736E-1 3,741E-2 3,274E-1 9,160E-1
7,741E-1 3,741E-2 3,269E-1 9,160E-1
7,747E-1 3,691E-2 3,263E-1 9,138E-1
7,752E-1 3,682E-2 3,258E-1 9,118E-1
7,758E-1 3,682E-2 3,252E-1 9,088E-1
7,763E-1 3,670E-2 3,247E-1 9,088E-1
7,769E-1 3,670E-2 3,241E-1 9,035E-1
7,774E-1 3,670E-2 3,236E-1 9,008E-1
7,780E-1 3,678E-2 3,230E-1 9,008E-1
7,785E-1 3,678E-2 3,225E-1 8,980E-1
7,791E-1 3,678E-2 3,219E-1 8,962E-1
7,796E-1 3,678E-2 3,214E-1 8,962E-1
7,802E-1 3,675E-2 3,208E-1 8,946E-1
7,807E-1 3,677E-2 3,203E-1 8,926E-1
7,813E-1 3,673E-2 3,197E-1 8,926E-1
7,818E-1 3,686E-2 3,192E-1 8,883E-1
7,824E-1 3,686E-2 3,186E-1 8,843E-1
7,829E-1 3,692E-2 3,181E-1 8,843E-1
7,835E-1 3,710E-2 3,175E-1 8,772E-1
7,840E-1 3,710E-2 3,170E-1 8,740E-1
7,846E-1 3,722E-2 3,164E-1 8,740E-1
7,851E-1 3,722E-2 3,159E-1 8,732E-1
7,857E-1 3,767E-2 3,153E-1 8,732E-1
7,862E-1 3,767E-2 3,148E-1 8,697E-1
7,868E-1 3,836E-2 3,142E-1 8,697E-1
7,873E-1 3,836E-2 3,137E-1 8,640E-1
7,879E-1 3,836E-2 3,131E-1 8,586E-1
7,884E-1 3,873E-2 3,126E-1 8,586E-1
7,890E-1 3,873E-2 3,120E-1 8,564E-1
7,895E-1 3,873E-2 3,115E-1 8,564E-1
7,901E-1 3,844E-2 3,109E-1 8,564E-1
7,906E-1 3,844E-2 3,104E-1 8,555E-1
7,912E-1 3,802E-2 3,098E-1 8,555E-1
7,917E-1 3,802E-2 3,093E-1 8,505E-1
7,923E-1 3,800E-2 3,087E-1 8,446E-1
7,928E-1 3,800E-2 3,082E-1 8,446E-1
7,934E-1 3,847E-2 3,076E-1 8,393E-1
7,939E-1 3,847E-2 3,071E-1 8,377E-1
7,945E-1 3,847E-2 3,065E-1 8,377E-1
7,950E-1 3,848E-2 3,060E-1 8,361E-1
7,956E-1 3,848E-2 3,054E-1 8,361E-1
7,961E-1 3,849E-2 3,049E-1 8,361E-1
7,967E-1 3,846E-2 3,043E-1 8,325E-1
7,972E-1 3,846E-2 3,038E-1 8,273E-1
7,978E-1 3,817E-2 3,032E-1 8,273E-1
7,983E-1 3,817E-2 3,027E-1 8,176E-1
7,989E-1 3,874E-2 3,021E-1 8,126E-1
7,994E-1 3,830E-2 3,016E-1 8,126E-1
8,000E-1 3,861E-2 3,010E-1 8,124E-1
8,005E-1 3,861E-2 3,005E-1 8,122E-1
8,011E-1 3,896E-2 2,999E-1 8,122E-1
8,016E-1 3,896E-2 2,994E-1 8,116E-1
8,022E-1 3,896E-2 2,988E-1 8,116E-1
8,027E-1 3,961E-2 2,983E-1 8,116E-1
8,033E-1 3,961E-2 2,977E-1 8,069E-1
8,038E-1 3,961E-2 2,972E-1 8,069E-1
8,044E-1 3,961E-2 2,966E-1 8,041E-1
8,049E-1 3,975E-2 2,961E-1 8,031E-1
8,055E-1 3,957E-2 2,955E-1 8,031E-1
8,060E-1 3,957E-2 2,950E-1 8,031E-1
8,066E-1 3,952E-2 2,944E-1 8,000E-1
8,071E-1 3,952E-2 2,939E-1 8,000E-1
8,077E-1 3,952E-2 2,933E-1 7,927E-1
8,082E-1 3,935E-2 2,928E-1 7,927E-1
8,088E-1 3,962E-2 2,922E-1 7,868E-1
8,093E-1 3,962E-2 2,917E-1 7,866E-1
8,099E-1 3,971E-2 2,911E-1 7,866E-1
8,104E-1 3,971E-2 2,906E-1 7,866E-1
8,110E-1 3,971E-2 2,900E-1 7,824E-1
8,115E-1 3,915E-2 2,895E-1 7,824E-1
8,121E-1 3,915E-2 2,889E-1 7,785E-1
8,126E-1 3,928E-2 2,884E-1 7,785E-1
8,132E-1 3,909E-2 2,878E-1 7,763E-1
8,137E-1 3,935E-2 2,873E-1 7,763E-1
8,143E-1 3,935E-2 2,867E-1 7,763E-1
8,148E-1 3,935E-2 2,862E-1 7,763E-1
8,154E-1 3,935E-2 2,856E-1 7,763E-1
8,159E-1 3,955E-2 2,851E-1 7,700E-1
8,165E-1 3,955E-2 2,845E-1 7,677E-1
8,170E-1 3,955E-2 2,840E-1 7,677E-1
8,176E-1 3,982E-2 2,834E-1 7,661E-1
8,181E-1 3,982E-2 2,829E-1 7,661E-1
8,187E-1 4,001E-2 2,823E-1 7,661E-1
8,192E-1 4,018E-2 2,818E-1 7,630E-1
8,198E-1 4,018E-2 2,812E-1 7,630E-1
8,203E-1 4,018E-2 2,807E-1 7,594E-1
8,209E-1 4,018E-2 2,801E-1 7,594E-1
8,214E-1 4,026E-2 2,796E-1 7,546E-1
8,220E-1 4,032E-2 2,790E-1 7,546E-1
8,225E-1 4,039E-2 2,785E-1 7,546E-1
8,231E-1 4,039E-2 2,779E-1 7,546E-1
8,236E-1 4,064E-2 2,774E-1 7,546E-1
8,242E-1 4,064E-2 2,768E-1 7,491E-1
8,247E-1 4,073E-2 2,763E-1 7,433E-1
8,253E-1 4,073E-2 2,757E-1 7,433E-1
8,258E-1 4,106E-2 2,752E-1 7,433E-1
8,263E-1 4,106E-2 2,747E-1 7,433E-1
8,269E-1 4,200E-2 2,741E-1 7,433E-1
8,274E-1 4,200E-2 2,736E-1 7,403E-1
8,280E-1 4,211E-2 2,730E-1 7,403E-1
8,285E-1 4,211E-2 2,725E-1 7,358E-1
8,291E-1 4,211E-2 2,719E-1 7,358E-1
8,296E-1 4,211E-2 2,714E-1 7,358E-1
8,302E-1 4,211E-2 2,708E-1 7,358E-1
8,307E-1 4,211E-2 2,703E-1 7,340E-1
8,313E-1 4,192E-2 2,697E-1 7,300E-1
8,318E-1 4,253E-2 2,692E-1 7,300E-1
8,324E-1 4,253E-2 2,686E-1 7,287E-1
8,329E-1 4,261E-2 2,681E-1 7,287E-1
8,335E-1 4,254E-2 2,675E-1 7,287E-1
8,340E-1 4,259E-2 2,670E-1 7,287E-1
8,346E-1 4,247E-2 2,664E-1 7,246E-1
8,351E-1 4,271E-2 2,659E-1 7,208E-1
8,357E-1 4,271E-2 2,653E-1 7,208E-1
8,362E-1 4,297E-2 2,648E-1 7,208E-1
8,368E-1 4,297E-2 2,642E-1 7,208E-1
8,373E-1 4,297E-2 2,637E-1 7,208E-1
8,379E-1 4,297E-2 2,631E-1 7,208E-1
8,384E-1 4,297E-2 2,626E-1 7,141E-1
8,390E-1 4,297E-2 2,620E-1 7,115E-1
8,395E-1 4,247E-2 2,615E-1 7,115E-1
8,401E-1 4,255E-2 2,609E-1 7,102E-1
8,406E-1 4,255E-2 2,604E-1 7,102E-1
8,412E-1 4,260E-2 2,598E-1 7,097E-1
8,417E-1 4,228E-2 2,593E-1 7,097E-1
8,423E-1 4,247E-2 2,587E-1 7,060E-1
8,428E-1 4,270E-2 2,582E-1 7,060E-1
8,434E-1 4,270E-2 2,576E-1 7,038E-1
8,439E-1 4,270E-2 2,571E-1 7,025E-1
8,445E-1 4,275E-2 2,565E-1 7,025E-1
8,450E-1 4,276E-2 2,560E-1 7,005E-1
8,456E-1 4,291E-2 2,554E-1 7,005E-1
8,461E-1 4,291E-2 2,549E-1 6,971E-1
8,467E-1 4,291E-2 2,543E-1 6,971E-1
8,472E-1 4,330E-2 2,538E-1 6,971E-1
8,478E-1 4,375E-2 2,532E-1 6,971E-1
8,483E-1 4,375E-2 2,527E-1 6,941E-1
8,489E-1 4,375E-2 2,521E-1 6,941E-1
8,494E-1 4,402E-2 2,516E-1 6,908E-1
8,500E-1 4,402E-2 2,510E-1 6,908E-1
8,505E-1 4,402E-2 2,505E-1 6,908E-1
8,511E-1 4,402E-2 2,499E-1 6,906E-1
8,516E-1 4,402E-2 2,494E-1 6,906E-1
8,522E-1 4,395E-2 2,488E-1 6,862E-1
8,527E-1 4,401E-2 2,483E-1 6,862E-1
8,533E-1 4,404E-2 2,477E-1 6,862E-1
8,538E-1 4,404E-2 2,472E-1 6,862E-1
8,544E-1 4,404E-2 2,466E-1 6,844E-1
8,549E-1 4,411E-2 2,461E-1 6,844E-1
8,555E-1 4,411E-2 2,455E-1 6,839E-1
8,560E-1 4,446E-2 2,450E-1 6,839E-1
8,566E-1 4,446E-2 2,444E-1 6,820E-1
8,571E-1 4,446E-2 2,439E-1 6,820E-1
8,577E-1 4,446E-2 2,433E-1 6,820E-1
8,582E-1 4,479E-2 2,428E-1 6,820E-1
8,588E-1 4,479E-2 2,422E-1 6,760E-1
8,593E-1 4,507E-2 2,417E-1 6,737E-1
8,599E-1 4,507E-2 2,411E-1 6,737E-1
8,604E-1 4,558E-2 2,406E-1 6,737E-1
8,610E-1 4,553E-2 2,400E-1 6,737E-1
8,615E-1 4,553E-2 2,395E-1 6,729E-1
8,621E-1 4,553E-2 2,389E-1 6,729E-1
8,626E-1 4,552E-2 2,384E-1 6,695E-1
8,632E-1 4,552E-2 2,378E-1 6,699E-1
8,637E-1 4,561E-2 2,373E-1 6,699E-1
8,643E-1 4,561E-2 2,367E-1 6,699E-1
8,648E-1 4,561E-2 2,362E-1 6,642E-1
8,654E-1 4,561E-2 2,356E-1 6,645E-1
8,659E-1 4,571E-2 2,351E-1 6,645E-1
8,665E-1 4,571E-2 2,345E-1 6,645E-1
8,670E-1 4,571E-2 2,340E-1 6,630E-1
8,676E-1 4,571E-2 2,334E-1 6,645E-1
8,681E-1 4,585E-2 2,329E-1 6,645E-1
8,687E-1 4,585E-2 2,323E-1 6,645E-1
8,692E-1 4,585E-2 2,318E-1 6,584E-1
8,698E-1 4,585E-2 2,312E-1 6,593E-1
8,703E-1 4,585E-2 2,307E-1 6,593E-1
8,709E-1 4,585E-2 2,301E-1 6,593E-1
8,714E-1 4,587E-2 2,296E-1 6,565E-1
8,720E-1 4,587E-2 2,290E-1 6,566E-1
8,725E-1 4,587E-2 2,285E-1 6,566E-1
8,731E-1 4,587E-2 2,279E-1 6,566E-1
8,736E-1 4,604E-2 2,274E-1 6,512E-1
8,742E-1 4,604E-2 2,268E-1 6,512E-1
8,747E-1 4,625E-2 2,263E-1 6,512E-1
8,753E-1 4,625E-2 2,257E-1 6,512E-1
8,758E-1 4,625E-2 2,252E-1 6,512E-1
8,764E-1 4,625E-2 2,246E-1 6,483E-1
8,769E-1 4,647E-2 2,241E-1 6,483E-1
8,775E-1 4,647E-2 2,235E-1 6,483E-1
8,780E-1 4,647E-2 2,230E-1 6,483E-1
8,786E-1 4,647E-2 2,224E-1 6,448E-1
8,791E-1 4,667E-2 2,219E-1 6,495E-1
8,797E-1 4,667E-2 2,213E-1 6,495E-1
8,802E-1 4,667E-2 2,208E-1 6,495E-1
8,807E-1 4,686E-2 2,203E-1 6,472E-1
8,813E-1 4,686E-2 2,197E-1 6,486E-1
8,818E-1 4,686E-2 2,192E-1 6,486E-1
8,824E-1 4,699E-2 2,186E-1 6,486E-1
8,829E-1 4,702E-2 2,181E-1 6,426E-1
8,835E-1 4,702E-2 2,175E-1 6,458E-1
8,840E-1 4,702E-2 2,170E-1 6,458E-1
8,846E-1 4,702E-2 2,164E-1 6,458E-1
8,851E-1 4,702E-2 2,159E-1 6,458E-1
8,857E-1 4,702E-2 2,153E-1 6,437E-1
8,862E-1 4,731E-2 2,148E-1 6,476E-1
8,868E-1 4,731E-2 2,142E-1 6,476E-1
8,873E-1 4,724E-2 2,137E-1 6,497E-1
8,879E-1 4,746E-2 2,131E-1 6,497E-1
8,884E-1 4,746E-2 2,126E-1 6,560E-1
8,890E-1 4,746E-2 2,120E-1 6,560E-1
8,895E-1 4,785E-2 2,115E-1 6,560E-1
8,901E-1 4,785E-2 2,109E-1 6,636E-1
8,906E-1 4,785E-2 2,104E-1 6,636E-1
8,912E-1 4,861E-2 2,098E-1 6,725E-1
8,917E-1 4,861E-2 2,093E-1 6,725E-1
8,923E-1 4,861E-2 2,087E-1 6,725E-1
8,928E-1 4,861E-2 2,082E-1 6,889E-1
8,934E-1 4,861E-2 2,076E-1 7,014E-1
8,939E-1 4,861E-2 2,071E-1 7,014E-1
8,945E-1 4,846E-2 2,065E-1 7,014E-1
8,950E-1 4,846E-2 2,060E-1 7,281E-1
8,956E-1 4,846E-2 2,054E-1 7,281E-1
8,961E-1 4,848E-2 2,049E-1 7,426E-1
8,967E-1 4,824E-2 2,043E-1 7,426E-1
8,972E-1 4,833E-2 2,038E-1 7,426E-1
8,978E-1 4,833E-2 2,032E-1 7,840E-1
8,983E-1 4,833E-2 2,027E-1 7,966E-1
8,989E-1 4,833E-2 2,021E-1 7,966E-1
8,994E-1 4,839E-2 2,016E-1 7,966E-1
9,000E-1 4,839E-2 2,010E-1 7,966E-1
9,005E-1 4,851E-2 2,005E-1 8,512E-1
9,011E-1 4,851E-2 1,999E-1 8,584E-1
9,016E-1 4,858E-2 1,994E-1 8,584E-1
9,022E-1 4,858E-2 1,988E-1 8,584E-1
9,027E-1 4,882E-2 1,983E-1 9,227E-1
9,033E-1 4,882E-2 1,977E-1 9,227E-1
9,038E-1 4,882E-2 1,972E-1 9,227E-1
9,044E-1 4,882E-2 1,966E-1 9,227E-1
9,049E-1 4,882E-2 1,961E-1 9,227E-1
9,055E-1 4,882E-2 1,955E-1 9,838E-1
9,060E-1 4,882E-2 1,950E-1 9,771E-1
9,066E-1 4,879E-2 1,944E-1 9,771E-1
9,071E-1 4,879E-2 1,939E-1 9,771E-1
9,077E-1 4,846E-2 1,933E-1 9,771E-1
9,082E-1 4,878E-2 1,928E-1 1,004E+0
9,088E-1 4,878E-2 1,922E-1 9,699E-1
9,093E-1 4,878E-2 1,917E-1 9,699E-1
9,099E-1 4,866E-2 1,911E-1 9,699E-1
9,104E-1 4,866E-2 1,906E-1 9,699E-1
9,110E-1 4,866E-2 1,900E-1 9,699E-1
9,115E-1 4,866E-2 1,895E-1 9,392E-1
9,121E-1 4,918E-2 1,889E-1 9,392E-1
9,126E-1 4,909E-2 1,884E-1 9,724E-1
9,132E-1 4,909E-2 1,878E-1 9,355E-1
9,137E-1 4,909E-2 1,873E-1 9,355E-1
9,143E-1 4,891E-2 1,867E-1 9,355E-1
9,148E-1 4,891E-2 1,862E-1 9,355E-1
9,154E-1 4,901E-2 1,856E-1 9,355E-1
9,159E-1 4,901E-2 1,851E-1 8,326E-1
9,165E-1 4,901E-2 1,845E-1 8,326E-1
9,170E-1 4,901E-2 1,840E-1 8,326E-1
9,176E-1 4,864E-2 1,834E-1 8,279E-1
9,181E-1 4,864E-2 1,829E-1 8,279E-1
9,187E-1 4,864E-2 1,823E-1 6,770E-1
9,192E-1 4,864E-2 1,818E-1 7,334E-1
9,198E-1 4,887E-2 1,812E-1 7,334E-1
9,203E-1 4,887E-2 1,807E-1 7,114E-1
9,209E-1 4,908E-2 1,801E-1 7,114E-1
9,214E-1 4,908E-2 1,796E-1 7,114E-1
9,220E-1 4,908E-2 1,790E-1 8,232E-1
9,225E-1 4,902E-2 1,785E-1 8,232E-1
9,231E-1 4,928E-2 1,779E-1 7,865E-1
9,236E-1 4,929E-2 1,774E-1 7,865E-1
9,242E-1 4,929E-2 1,768E-1 7,865E-1
9,247E-1 4,981E-2 1,763E-1 7,865E-1
9,253E-1 4,981E-2 1,757E-1 7,865E-1
9,258E-1 4,981E-2 1,752E-1 7,414E-1
9,264E-1 4,939E-2 1,746E-1 7,414E-1
9,269E-1 4,939E-2 1,741E-1 8,037E-1
9,275E-1 4,950E-2 1,735E-1 7,814E-1
9,280E-1 4,950E-2 1,730E-1 7,814E-1
9,286E-1 4,988E-2 1,724E-1 7,814E-1
9,291E-1 4,988E-2 1,719E-1 7,814E-1
9,297E-1 4,995E-2 1,713E-1 7,814E-1
9,302E-1 4,995E-2 1,708E-1 6,192E-1
9,308E-1 4,995E-2 1,702E-1 6,192E-1
9,313E-1 5,035E-2 1,697E-1 7,437E-1
9,319E-1 5,035E-2 1,691E-1 7,315E-1
9,324E-1 5,035E-2 1,686E-1 7,315E-1
9,330E-1 5,035E-2 1,680E-1 7,315E-1
9,335E-1 5,069E-2 1,675E-1 7,315E-1
9,341E-1 5,069E-2 1,669E-1 7,315E-1
9,346E-1 5,069E-2 1,664E-1 6,545E-1
9,352E-1 5,082E-2 1,658E-1 6,545E-1
9,357E-1 5,082E-2 1,653E-1 7,340E-1
9,362E-1 5,082E-2 1,648E-1 7,311E-1
9,368E-1 5,082E-2 1,642E-1 7,311E-1
9,373E-1 5,082E-2 1,637E-1 7,311E-1
9,379E-1 5,111E-2 1,631E-1 7,311E-1
9,384E-1 5,060E-2 1,626E-1 7,311E-1
9,390E-1 5,062E-2 1,620E-1 6,417E-1
9,395E-1 5,062E-2 1,615E-1 6,417E-1
9,401E-1 5,062E-2 1,609E-1 6,417E-1
9,406E-1 5,071E-2 1,604E-1 7,352E-1
9,412E-1 5,071E-2 1,598E-1 6,760E-1
9,417E-1 5,083E-2 1,593E-1 6,760E-1
9,423E-1 5,083E-2 1,587E-1 7,209E-1
9,428E-1 5,091E-2 1,582E-1 7,209E-1
9,434E-1 5,120E-2 1,576E-1 7,209E-1
9,439E-1 5,120E-2 1,571E-1 7,209E-1
9,445E-1 5,120E-2 1,565E-1 7,209E-1
9,450E-1 5,120E-2 1,560E-1 7,209E-1
9,456E-1 5,124E-2 1,554E-1 6,200E-1
9,461E-1 5,124E-2 1,549E-1 6,200E-1
9,467E-1 5,124E-2 1,543E-1 6,200E-1
9,472E-1 5,124E-2 1,538E-1 6,908E-1
9,478E-1 5,124E-2 1,532E-1 6,299E-1
9,483E-1 5,127E-2 1,527E-1 6,299E-1
9,489E-1 5,068E-2 1,521E-1 6,812E-1
9,494E-1 5,068E-2 1,516E-1 6,812E-1
9,500E-1 5,068E-2 1,510E-1 6,812E-1
9,505E-1 5,068E-2 1,505E-1 6,812E-1
9,511E-1 5,068E-2 1,499E-1 6,812E-1
9,516E-1 5,051E-2 1,494E-1 6,812E-1
9,522E-1 5,051E-2 1,488E-1 6,622E-1
9,527E-1 5,045E-2 1,483E-1 6,622E-1
9,533E-1 5,069E-2 1,477E-1 6,622E-1
9,538E-1 5,066E-2 1,472E-1 6,622E-1
9,544E-1 5,066E-2 1,466E-1 6,210E-1
9,549E-1 5,066E-2 1,461E-1 6,210E-1
9,555E-1 5,066E-2 1,455E-1 6,210E-1
9,560E-1 5,096E-2 1,450E-1 5,589E-1
9,566E-1 5,090E-2 1,444E-1 5,589E-1
9,571E-1 5,090E-2 1,439E-1 5,589E-1
9,577E-1 5,093E-2 1,433E-1 6,190E-1
9,582E-1 5,093E-2 1,428E-1 6,170E-1
9,588E-1 5,093E-2 1,422E-1 6,170E-1
9,593E-1 5,093E-2 1,417E-1 6,170E-1
9,599E-1 5,093E-2 1,411E-1 6,509E-1
9,604E-1 5,099E-2 1,406E-1 6,509E-1
9,610E-1 5,060E-2 1,400E-1 6,509E-1
9,615E-1 5,087E-2 1,395E-1 6,697E-1
9,621E-1 5,094E-2 1,389E-1 6,697E-1
9,626E-1 5,094E-2 1,384E-1 6,697E-1
9,632E-1 5,094E-2 1,378E-1 6,697E-1
9,637E-1 5,094E-2 1,373E-1 6,779E-1
9,643E-1 5,094E-2 1,367E-1 6,779E-1
9,648E-1 5,101E-2 1,362E-1 6,779E-1
9,654E-1 5,118E-2 1,356E-1 6,779E-1
9,659E-1 5,118E-2 1,351E-1 6,779E-1
9,665E-1 5,118E-2 1,345E-1 6,779E-1
9,670E-1 5,118E-2 1,340E-1 6,740E-1
9,676E-1 5,131E-2 1,334E-1 6,740E-1
9,681E-1 5,139E-2 1,329E-1 6,740E-1
9,687E-1 5,139E-2 1,323E-1 6,706E-1
9,692E-1 5,139E-2 1,318E-1 6,706E-1
9,698E-1 5,139E-2 1,312E-1 6,706E-1
9,703E-1 5,149E-2 1,307E-1 6,706E-1
9,709E-1 5,149E-2 1,301E-1 6,681E-1
9,714E-1 5,149E-2 1,296E-1 6,681E-1
9,720E-1 5,149E-2 1,290E-1 6,681E-1
9,725E-1 5,149E-2 1,285E-1 6,658E-1
9,731E-1 5,149E-2 1,279E-1 6,658E-1
9,736E-1 5,130E-2 1,274E-1 6,658E-1
9,742E-1 5,130E-2 1,268E-1 6,658E-1
9,747E-1 5,122E-2 1,263E-1 6,656E-1
9,753E-1 5,118E-2 1,257E-1 6,656E-1
9,758E-1 5,118E-2 1,252E-1 6,656E-1
9,764E-1 5,135E-2 1,246E-1 6,644E-1
9,769E-1 5,135E-2 1,241E-1 6,644E-1
9,775E-1 5,135E-2 1,235E-1 6,644E-1
9,780E-1 5,129E-2 1,230E-1 6,644E-1
9,786E-1 5,146E-2 1,224E-1 6,486E-1
9,791E-1 5,146E-2 1,219E-1 6,486E-1
9,797E-1 5,146E-2 1,213E-1 6,486E-1
9,802E-1 5,146E-2 1,208E-1 6,284E-1
9,808E-1 5,149E-2 1,202E-1 6,284E-1
9,813E-1 5,149E-2 1,197E-1 6,284E-1
9,819E-1 5,172E-2 1,191E-1 6,284E-1
9,824E-1 5,201E-2 1,186E-1 5,588E-1
9,830E-1 5,201E-2 1,180E-1 5,588E-1
9,835E-1 5,201E-2 1,175E-1 5,588E-1
9,841E-1 5,201E-2 1,169E-1 5,588E-1
9,846E-1 5,201E-2 1,164E-1 5,577E-1
9,852E-1 5,201E-2 1,158E-1 5,577E-1
9,857E-1 5,201E-2 1,153E-1 5,577E-1
9,863E-1 5,208E-2 1,147E-1 6,223E-1
9,868E-1 5,208E-2 1,142E-1 6,223E-1
9,874E-1 5,208E-2 1,136E-1 6,223E-1
9,879E-1 5,203E-2 1,131E-1 6,223E-1
9,885E-1 5,203E-2 1,125E-1 6,316E-1
9,890E-1 5,203E-2 1,120E-1 6,316E-1
9,896E-1 5,203E-2 1,114E-1 6,316E-1
9,901E-1 5,203E-2 1,109E-1 6,316E-1
9,906E-1 5,200E-2 1,104E-1 6,316E-1
9,912E-1 5,200E-2 1,098E-1 6,316E-1
9,917E-1 5,200E-2 1,093E-1 5,850E-1
9,923E-1 5,200E-2 1,087E-1 5,850E-1
9,928E-1 5,200E-2 1,082E-1 5,850E-1
9,934E-1 5,175E-2 1,076E-1 5,777E-1
9,939E-1 5,201E-2 1,071E-1 5,777E-1
9,945E-1 5,201E-2 1,065E-1 5,777E-1
9,950E-1 5,208E-2 1,060E-1 5,777E-1
9,956E-1 5,195E-2 1,054E-1 6,211E-1
9,961E-1 5,195E-2 1,049E-1 6,211E-1
9,967E-1 5,186E-2 1,043E-1 6,211E-1
9,972E-1 5,212E-2 1,038E-1 6,211E-1
9,978E-1 5,212E-2 1,032E-1 6,211E-1
9,983E-1 5,212E-2 1,027E-1 6,211E-1
9,989E-1 5,224E-2 1,021E-1 5,962E-1
9,994E-1 5,224E-2 1,016E-1 5,962E-1
1,000E+0 5,224E-2 1,010E-1 5,962E-1
1,001E+0 5,212E-2 1,005E-1 5,962E-1
1,001E+0 5,225E-2 9,991E-2 5,939E-1
1,002E+0 5,225E-2 9,936E-2 5,939E-1
1,002E+0 5,225E-2 9,881E-2 5,939E-1
1,003E+0 5,225E-2 9,826E-2 5,939E-1
1,003E+0 5,225E-2 9,771E-2 5,939E-1
1,004E+0 5,225E-2 9,716E-2 5,929E-1
1,004E+0 5,225E-2 9,661E-2 5,929E-1
1,005E+0 5,225E-2 9,606E-2 5,929E-1
1,005E+0 5,231E-2 9,551E-2 5,929E-1
1,006E+0 5,231E-2 9,496E-2 5,876E-1
1,007E+0 5,239E-2 9,441E-2 5,876E-1
1,007E+0 5,239E-2 9,387E-2 5,876E-1
1,008E+0 5,239E-2 9,332E-2 5,876E-1
1,008E+0 5,228E-2 9,277E-2 5,876E-1
1,009E+0 5,228E-2 9,222E-2 5,876E-1
1,009E+0 5,228E-2 9,167E-2 6,104E-1
1,010E+0 5,233E-2 9,112E-2 6,104E-1
1,010E+0 5,233E-2 9,057E-2 6,104E-1
1,011E+0 5,238E-2 9,002E-2 6,104E-1
1,012E+0 5,238E-2 8,947E-2 5,824E-1
1,012E+0 5,238E-2 8,892E-2 5,824E-1
1,013E+0 5,254E-2 8,837E-2 5,824E-1
1,013E+0 5,254E-2 8,782E-2 5,824E-1
1,014E+0 5,254E-2 8,727E-2 5,824E-1
1,014E+0 5,254E-2 8,672E-2 4,759E-2
1,015E+0 5,254E-2 8,617E-2 5,867E-1
1,015E+0 5,286E-2 8,562E-2 5,867E-1
1,016E+0 5,281E-2 8,507E-2 5,867E-1
1,016E+0 5,281E-2 8,452E-2 5,867E-1
1,017E+0 5,281E-2 8,397E-2 5,424E-1
1,018E+0 5,281E-2 8,342E-2 7,885E-2
1,018E+0 5,281E-2 8,288E-2 6,085E-1
1,019E+0 5,300E-2 8,233E-2 6,085E-1
1,019E+0 5,371E-2 8,178E-2 6,085E-1
1,020E+0 5,393E-2 8,123E-2 5,320E-1
1,020E+0 5,393E-2 8,068E-2 5,320E-1
1,021E+0 5,393E-2 8,013E-2 0,000E+0
1,021E+0 5,393E-2 7,958E-2 6,073E-1
1,022E+0 5,393E-2 7,903E-2 6,073E-1
1,023E+0 5,451E-2 7,848E-2 6,073E-1
1,023E+0 5,451E-2 7,793E-2 0,000E+0
1,024E+0 5,451E-2 7,738E-2 0,000E+0
1,024E+0 5,451E-2 7,683E-2 0,000E+0
1,025E+0 5,418E-2 7,628E-2 6,023E-1
1,025E+0 5,418E-2 7,573E-2 6,023E-1
1,026E+0 5,450E-2 7,518E-2 6,023E-1
1,026E+0 5,450E-2 7,463E-2 0,000E+0
1,027E+0 5,450E-2 7,408E-2 0,000E+0
1,027E+0 5,450E-2 7,353E-2 0,000E+0
1,028E+0 5,433E-2 7,298E-2 5,983E-1
1,029E+0 5,433E-2 7,244E-2 5,983E-1
1,029E+0 5,446E-2 7,189E-2 5,983E-1
1,030E+0 5,446E-2 7,134E-2 6,952E-2
1,030E+0 5,481E-2 7,079E-2 6,952E-2
1,031E+0 5,542E-2 7,024E-2 6,952E-2
1,031E+0 5,563E-2 6,969E-2 5,835E-1
1,032E+0 5,563E-2 6,914E-2 5,835E-1
1,032E+0 5,563E-2 6,859E-2 5,835E-1
1,033E+0 5,563E-2 6,804E-2 5,835E-1
1,034E+0 5,563E-2 6,749E-2 5,170E-1
1,034E+0 5,569E-2 6,694E-2 4,912E-2
1,035E+0 5,569E-2 6,639E-2 4,912E-2
1,035E+0 5,569E-2 6,584E-2 4,912E-2
1,036E+0 5,569E-2 6,529E-2 5,773E-1
1,036E+0 5,561E-2 6,474E-2 5,773E-1
1,037E+0 5,561E-2 6,419E-2 5,477E-1
1,037E+0 5,561E-2 6,364E-2 5,115E-4
1,038E+0 5,561E-2 6,309E-2 5,115E-4
1,038E+0 5,561E-2 6,254E-2 5,115E-4
1,039E+0 5,564E-2 6,199E-2 5,115E-4
1,040E+0 5,566E-2 6,144E-2 5,679E-1
1,040E+0 5,566E-2 6,090E-2 5,679E-1
1,041E+0 5,589E-2 6,035E-2 5,679E-1
1,041E+0 5,589E-2 5,980E-2 1,874E-2
1,042E+0 5,589E-2 5,925E-2 1,874E-2
1,042E+0 5,619E-2 5,870E-2 1,874E-2
1,043E+0 5,619E-2 5,815E-2 1,874E-2
1,043E+0 5,619E-2 5,760E-2 1,874E-2
1,044E+0 5,619E-2 5,705E-2 5,612E-1
1,045E+0 5,619E-2 5,650E-2 5,497E-1
1,045E+0 5,619E-2 5,595E-2 5,429E-1
1,046E+0 5,593E-2 5,540E-2 2,151E-2
1,046E+0 5,593E-2 5,485E-2 2,151E-2
1,047E+0 5,593E-2 5,430E-2 2,151E-2
1,047E+0 5,534E-2 5,375E-2 2,151E-2
1,048E+0 5,557E-2 5,320E-2 2,151E-2
1,048E+0 5,537E-2 5,265E-2 2,151E-2
1,049E+0 5,537E-2 5,210E-2 5,627E-1
1,049E+0 5,537E-2 5,155E-2 5,429E-1
1,050E+0 5,537E-2 5,100E-2 1,919E-2
1,051E+0 5,537E-2 5,045E-2 1,919E-2
1,051E+0 5,537E-2 4,991E-2 1,919E-2
1,052E+0 5,561E-2 4,936E-2 1,919E-2
1,052E+0 5,559E-2 4,881E-2 1,919E-2
1,053E+0 5,559E-2 4,826E-2 1,919E-2
1,053E+0 5,559E-2 4,771E-2 1,919E-2
1,054E+0 5,516E-2 4,716E-2 7,179E-3
1,054E+0 5,516E-2 4,661E-2 5,463E-1
1,055E+0 5,516E-2 4,606E-2 4,080E-2
1,055E+0 5,516E-2 4,551E-2 4,469E-2
1,056E+0 5,511E-2 4,496E-2 4,469E-2
1,057E+0 5,546E-2 4,441E-2 4,469E-2
1,057E+0 5,511E-2 4,386E-2 4,469E-2
1,058E+0 5,519E-2 4,331E-2 4,469E-2
1,058E+0 5,491E-2 4,276E-2 4,469E-2
1,059E+0 5,491E-2 4,221E-2 4,469E-2
1,059E+0 5,462E-2 4,166E-2 4,469E-2
1,060E+0 5,462E-2 4,111E-2 5,669E-3
1,060E+0 5,462E-2 4,056E-2 0,000E+0
1,061E+0 5,451E-2 4,001E-2 0,000E+0
1,062E+0 5,451E-2 3,946E-2 0,000E+0
1,062E+0 5,475E-2 3,892E-2 0,000E+0
1,063E+0 5,472E-2 3,837E-2 0,000E+0
1,063E+0 5,472E-2 3,782E-2 0,000E+0
1,064E+0 5,472E-2 3,727E-2 0,000E+0
1,064E+0 5,472E-2 3,672E-2 0,000E+0
1,065E+0 5,472E-2 3,617E-2 0,000E+0
1,065E+0 5,472E-2 3,562E-2 0,000E+0
1,066E+0 5,486E-2 3,507E-2 0,000E+0
1,066E+0 5,454E-2 3,452E-2 8,237E-4
1,067E+0 5,454E-2 3,397E-2 2,569E-3
1,068E+0 5,445E-2 3,342E-2 9,371E-3
1,068E+0 5,451E-2 3,287E-2 3,017E-2
1,069E+0 5,451E-2 3,232E-2 3,634E-2
1,069E+0 5,451E-2 3,177E-2 3,634E-2
1,070E+0 5,451E-2 3,122E-2 3,634E-2
1,070E+0 5,451E-2 3,067E-2 3,634E-2
1,071E+0 5,426E-2 3,012E-2 3,634E-2
1,071E+0 5,426E-2 2,957E-2 3,634E-2
1,072E+0 5,426E-2 2,902E-2 3,634E-2
1,073E+0 5,383E-2 2,848E-2 3,634E-2
1,073E+0 5,371E-2 2,793E-2 7,562E-3
1,074E+0 5,372E-2 2,738E-2 1,564E-3
1,074E+0 5,362E-2 2,683E-2 0,000E+0
1,075E+0 5,373E-2 2,628E-2 0,000E+0
1,075E+0 5,373E-2 2,573E-2 0,000E+0
1,076E+0 5,373E-2 2,518E-2 0,000E+0
1,076E+0 5,369E-2 2,463E-2 1,255E-3
1,077E+0 5,377E-2 2,408E-2 2,343E-2
1,077E+0 5,377E-2 2,353E-2 3,212E-2
1,078E+0 5,377E-2 2,298E-2 3,212E-2
1,079E+0 5,377E-2 2,243E-2 9,414E-2
1,079E+0 5,377E-2 2,188E-2 9,713E-2
1,080E+0 5,377E-2 2,133E-2 9,713E-2
1,080E+0 5,350E-2 2,078E-2 9,713E-2
1,081E+0 5,350E-2 2,023E-2 9,713E-2
1,081E+0 5,339E-2 1,968E-2 9,713E-2
1,082E+0 5,344E-2 1,913E-2 8,072E-2
1,082E+0 5,328E-2 1,858E-2 6,871E-2
1,083E+0 5,328E-2 1,803E-2 1,607E-2
1,084E+0 5,325E-2 1,748E-2 1,607E-2
1,084E+0 5,350E-2 1,694E-2 0,000E+0
1,085E+0 5,350E-2 1,639E-2 0,000E+0
1,085E+0 5,352E-2 1,584E-2 0,000E+0
1,086E+0 5,352E-2 1,529E-2 0,000E+0
1,086E+0 5,352E-2 1,474E-2 0,000E+0
1,087E+0 5,355E-2 1,419E-2 0,000E+0
1,087E+0 5,355E-2 1,364E-2 0,000E+0
1,088E+0 5,368E-2 1,309E-2 0,000E+0
1,088E+0 5,395E-2 1,254E-2 0,000E+0
1,089E+0 5,405E-2 1,199E-2 0,000E+0
1,090E+0 5,405E-2 1,144E-2 0,000E+0
1,090E+0 5,405E-2 1,089E-2 0,000E+0
1,091E+0 5,415E-2 1,034E-2 0,000E+0
1,091E+0 5,415E-2 9,792E-3 4,510E-5
1,092E+0 5,415E-2 9,243E-3 4,510E-5
1,092E+0 5,422E-2 8,693E-3 1,711E-3
1,093E+0 5,422E-2 8,143E-3 1,711E-3
1,093E+0 5,414E-2 7,594E-3 5,924E-3
1,094E+0 5,414E-2 7,044E-3 6,874E-3
1,095E+0 5,414E-2 6,495E-3 6,874E-3
1,095E+0 5,504E-2 5,945E-3 1,201E-2
1,096E+0 5,518E-2 5,396E-3 1,201E-2
1,096E+0 5,518E-2 4,846E-3 1,929E-2
1,097E+0 5,518E-2 4,297E-3 1,929E-2
1,097E+0 5,524E-2 3,748E-3 2,121E-2
1,098E+0 5,524E-2 3,198E-3 2,445E-2
1,098E+0 5,524E-2 2,648E-3 2,445E-2
1,099E+0 5,525E-2 2,099E-3 2,543E-2
1,099E+0 5,525E-2 1,549E-3 2,412E-2
NaN NaN NaN NaN
