Bruker Nano GmbH Berlin, Germany
Esprit 1.9

Datum: 13.09.2021 16:22:20
Real-Zeit: 60000
Life-Zeit: 59609
Impulsdichte: 269

Primärenergie: 30
Abnahmewinkel: 35
Kippungwinkel: 0
Azimutwinkel: 90

Detektor-Typ: XFlash 410
Fenster-Typ: slew AP3.3
Detektordicke: 0.45
Si-Totschicht:0.029

Kalibrierung, lin.: 4.999
Kalibrierung, abs.: -478.852
Mn-FWHM: 124.373
Fano-Faktor: 0.113
Kanäle: 4096

Energie Impulse
-0.4789    0
-0.4739    0
-0.4689    0
-0.4639    0
-0.4589    0
-0.4539    0
-0.4489    0
-0.4439    0
-0.4389    0
-0.4339    0
-0.4289    0
-0.4239    0
-0.4189    0
-0.4139    0
-0.4089    0
-0.4039    0
-0.3989    0
-0.3939    0
-0.3889    0
-0.3839    0
-0.3789    0
-0.3739    0
-0.3689    0
-0.3639    0
-0.3589    0
-0.3539    0
-0.3489    0
-0.3439    0
-0.3389    0
-0.3339    0
-0.3289    0
-0.3239    0
-0.3189    0
-0.3139    0
-0.3089    0
-0.3039    0
-0.2989    0
-0.2939    0
-0.2889    0
-0.2839    0
-0.2789    0
-0.2739    0
-0.2689    0
-0.2639    0
-0.2589    0
-0.2539    0
-0.2489    0
-0.2439    0
-0.2389    0
-0.2339    0
-0.2289    0
-0.2239    0
-0.2189    0
-0.2139    0
-0.2089    0
-0.2039    0
-0.1989    0
-0.1939    0
-0.1889    0
-0.1839    0
-0.1789    0
-0.1739    0
-0.1689    0
-0.1639    0
-0.1589    0
-0.1539    0
-0.1489    0
-0.1439    0
-0.1389    0
-0.1339    0
-0.1289    0
-0.1239    0
-0.1189    0
-0.1139    0
-0.1089    0
-0.1039    0
-0.0989    0
-0.0939    0
-0.0889    0
-0.0839    0
-0.0789    0
-0.0739    0
-0.0689    0
-0.0639    0
-0.0589    0
-0.0539    0
-0.0489    3
-0.0439   20
-0.0389   35
-0.0339   92
-0.0289  191
-0.0239  357
-0.0189  660
-0.0139  948
-0.0089 1354
-0.0039 1605
 0.0011 1663
 0.0061 1551
 0.0111 1316
 0.0161  922
 0.0211  573
 0.0261  345
 0.0311  196
 0.0361   82
 0.0411   44
 0.0461   18
 0.0511    2
 0.0561    2
 0.0611    0
 0.0661    0
 0.0711    0
 0.0761    0
 0.0811    0
 0.0861    0
 0.0911    0
 0.0961    0
 0.1011    0
 0.1061    0
 0.1111    0
 0.1161    0
 0.1211    1
 0.1261    4
 0.1311    5
 0.1361    1
 0.1411    0
 0.1461    1
 0.1511    3
 0.1561    3
 0.1611    3
 0.1661    3
 0.1711    2
 0.1761    1
 0.1811    1
 0.1861    2
 0.1911    1
 0.1961    1
 0.2011    4
 0.2061    4
 0.2111    2
 0.2161    2
 0.2211    5
 0.2261    7
 0.2311    9
 0.2361   13
 0.2411   15
 0.2461   15
 0.2511   26
 0.2561   42
 0.2611   51
 0.2661   59
 0.2711   65
 0.2761   62
 0.2811   65
 0.2861   59
 0.2911   50
 0.2961   42
 0.3011   32
 0.3061   27
 0.3111   15
 0.3161    6
 0.3211    5
 0.3261    3
 0.3311    1
 0.3361    0
 0.3411    0
 0.3461    1
 0.3511    0
 0.3561    1
 0.3611    1
 0.3661    1
 0.3711    3
 0.3761    3
 0.3811    2
 0.3861    1
 0.3911    2
 0.3961    4
 0.4011    4
 0.4061    3
 0.4111    1
 0.4161    3
 0.4211    1
 0.4261    2
 0.4311    0
 0.4361    0
 0.4411    2
 0.4461    3
 0.4511    1
 0.4561    3
 0.4611    3
 0.4661    3
 0.4711    3
 0.4761   10
 0.4811   14
 0.4861   18
 0.4911   18
 0.4961   28
  0.501   37
  0.506   52
  0.511   62
  0.516   59
  0.521   78
  0.526   67
  0.531   75
  0.536   57
  0.541   52
  0.546   51
  0.551   36
  0.556   29
  0.561   14
  0.566   11
  0.571    7
  0.576    1
  0.581    3
  0.586    0
  0.591    0
  0.596    1
  0.601    0
  0.606    0
  0.611    0
  0.616    0
  0.621    2
  0.626    2
  0.631    2
  0.636    0
  0.641    2
  0.646    2
  0.651    0
  0.656    0
  0.661    0
  0.666    0
  0.671    1
  0.676    2
  0.681    1
  0.686    5
  0.691    1
  0.696    0
  0.701    2
  0.706    1
  0.711    2
  0.716    3
  0.721    1
  0.726    3
  0.731    3
  0.736    0
  0.741    0
  0.746    0
  0.751    3
  0.756    3
  0.761    2
  0.766    2
  0.771    0
  0.776    3
  0.781    1
  0.786    0
  0.791    2
  0.796    3
  0.801    2
  0.806    0
  0.811    1
  0.816    0
  0.821    1
  0.826    3
  0.831    0
  0.836    4
  0.841    3
  0.846    4
  0.851    2
  0.856    0
  0.861    0
  0.866    2
  0.871    1
  0.876    5
  0.881    2
  0.886    0
  0.891    0
  0.896    2
  0.901    3
  0.906    0
  0.911    2
  0.916    4
  0.921    2
  0.926    5
  0.931    1
  0.936    2
  0.941    5
  0.946    0
  0.951    2
  0.956    0
  0.961    5
  0.966    5
  0.971    3
  0.976    2
  0.981    1
  0.986    2
  0.991    5
  0.996    0
  1.001    3
  1.006    4
  1.011    6
  1.016    5
  1.021    4
  1.026    7
  1.031   12
  1.036    6
  1.041    9
  1.046   11
  1.051    8
  1.056   11
  1.061    8
  1.066   10
  1.071   10
  1.076   11
  1.081    4
  1.086    3
  1.091    9
  1.096    7
  1.101    1
  1.106    3
  1.111    3
  1.116    3
  1.121    5
  1.126    5
  1.131    2
  1.136    4
  1.141    2
  1.146    3
  1.151    0
  1.156    3
  1.161    3
  1.166    7
  1.171    6
  1.176    4
  1.181    3
  1.186    2
  1.191    0
  1.196    3
  1.201    3
  1.206    2
  1.211    5
  1.216    6
  1.221    4
  1.226    6
  1.231    5
  1.236    4
  1.241    6
  1.246    1
  1.251    5
  1.256    7
  1.261    6
  1.266    4
  1.271    2
  1.276    4
  1.281    2
  1.286    5
  1.291    4
  1.296    2
  1.301    1
  1.306    4
  1.311    6
  1.316    3
  1.321    3
  1.326    3
  1.331    4
  1.336    6
  1.341    3
  1.346    2
  1.351    5
  1.356    3
  1.361    2
  1.366    7
  1.371    8
  1.376    3
  1.381    5
  1.386    3
  1.391    7
  1.396    2
  1.401    6
  1.406    3
  1.411    6
  1.416    1
  1.421    5
  1.426    2
  1.431    2
  1.436    5
  1.441    6
  1.446    9
  1.451    7
  1.456    7
  1.461    5
  1.466    6
  1.471    6
  1.476    4
  1.481   10
  1.486    7
  1.491    4
  1.496    4
 1.5009    5
 1.5059    3
 1.5109   10
 1.5159   13
 1.5209    8
 1.5259    7
 1.5309   11
 1.5359    9
 1.5409    4
 1.5459    6
 1.5509    5
 1.5559   10
 1.5609    8
 1.5659    9
 1.5709   10
 1.5759    5
 1.5809    8
 1.5859    9
 1.5909   10
 1.5959    8
 1.6009    8
 1.6059    7
 1.6109   12
 1.6159   10
 1.6209    6
 1.6259    5
 1.6309   11
 1.6359   14
 1.6409   12
 1.6459   10
 1.6509   14
 1.6559   20
 1.6609   31
 1.6659   36
 1.6709   46
 1.6759   53
 1.6809   76
 1.6859  102
 1.6909  146
 1.6959  200
 1.7009  223
 1.7059  269
 1.7109  364
 1.7159  431
 1.7209  481
 1.7259  529
 1.7309  551
 1.7359  602
 1.7409  629
 1.7459  616
 1.7509  607
 1.7559  574
 1.7609  557
 1.7659  514
 1.7709  429
 1.7759  361
 1.7809  314
 1.7859  264
 1.7909  222
 1.7959  175
 1.8009  140
 1.8059  116
 1.8109   85
 1.8159   71
 1.8209   58
 1.8259   41
 1.8309   40
 1.8359   40
 1.8409   37
 1.8459   29
 1.8509   25
 1.8559   22
 1.8609   14
 1.8659   16
 1.8709   15
 1.8759   11
 1.8809   11
 1.8859    8
 1.8909    6
 1.8959    4
 1.9009    3
 1.9059    4
 1.9109    2
 1.9159    3
 1.9209    5
 1.9259    3
 1.9309    2
 1.9359    3
 1.9409    3
 1.9459    4
 1.9509    3
 1.9559    2
 1.9609    3
 1.9659    3
 1.9709    3
 1.9759    2
 1.9809    4
 1.9859    4
 1.9909    2
 1.9959    2
 2.0009    2
 2.0059    1
 2.0109    2
 2.0159    3
 2.0209    2
 2.0259    0
 2.0309    1
 2.0359    2
 2.0409    2
 2.0459    3
 2.0509    3
 2.0559    5
 2.0609    6
 2.0659    5
 2.0709    4
 2.0759    5
 2.0809    7
 2.0859    4
 2.0909    1
 2.0959    1
 2.1009    2
 2.1059    3
 2.1109    1
 2.1159    0
 2.1209    3
 2.1259    5
 2.1309    4
 2.1359    1
 2.1409    2
 2.1459    5
 2.1509    2
 2.1559    1
 2.1609    3
 2.1659    5
 2.1709    4
 2.1759    5
 2.1809    6
 2.1859    3
 2.1909    2
 2.1959    3
 2.2009    2
 2.2059    1
 2.2109    2
 2.2159    2
 2.2209    2
 2.2259    1
 2.2309    1
 2.2359    3
 2.2409    4
 2.2459    4
 2.2509    3
 2.2559    1
 2.2609    2
 2.2659    4
 2.2709    6
 2.2759    6
 2.2809    3
 2.2859    5
 2.2909    4
 2.2959    2
 2.3009    3
 2.3059    7
 2.3109    7
 2.3159    6
 2.3209    4
 2.3259    7
 2.3309    5
 2.3359    3
 2.3409    5
 2.3459    6
 2.3509    5
 2.3559    3
 2.3609    4
 2.3659    3
 2.3709    4
 2.3759    4
 2.3809    4
 2.3859    5
 2.3909    2
 2.3959    2
 2.4009    4
 2.4059    4
 2.4109    1
 2.4159    2
 2.4209    5
 2.4259    5
 2.4309    3
 2.4359    3
 2.4409    4
 2.4459    2
 2.4509    2
 2.4559    3
 2.4609    1
 2.4659    1
 2.4709    3
 2.4759    3
 2.4809    5
 2.4859    6
 2.4909    3
 2.4959    2
 2.5008    1
 2.5058    2
 2.5108    4
 2.5158    4
 2.5208    1
 2.5258    2
 2.5308    3
 2.5358    1
 2.5408    0
 2.5458    3
 2.5508    2
 2.5558    3
 2.5608    1
 2.5658    2
 2.5708    1
 2.5758    2
 2.5808    2
 2.5858    4
 2.5908    6
 2.5958    6
 2.6008    6
 2.6058    1
 2.6108    3
 2.6158    3
 2.6208    3
 2.6258    2
 2.6308    4
 2.6358    1
 2.6408    2
 2.6458    5
 2.6508    3
 2.6558    3
 2.6608    3
 2.6658    5
 2.6708    4
 2.6758    2
 2.6808    4
 2.6858    6
 2.6908    2
 2.6958    5
 2.7008    3
 2.7058    4
 2.7108    2
 2.7158    4
 2.7208    3
 2.7258    3
 2.7308    2
 2.7358    3
 2.7408    3
 2.7458    2
 2.7508    1
 2.7558    1
 2.7608    0
 2.7658    4
 2.7708    1
 2.7758    3
 2.7808    2
 2.7858    0
 2.7908    0
 2.7958    0
 2.8008    2
 2.8058    3
 2.8108    3
 2.8158    1
 2.8208    2
 2.8258    1
 2.8308    4
 2.8358    7
 2.8408    2
 2.8458    4
 2.8508    3
 2.8558    0
 2.8608    1
 2.8658    2
 2.8708    4
 2.8758    1
 2.8808    0
 2.8858    3
 2.8908    2
 2.8958    6
 2.9008    1
 2.9058    2
 2.9108    3
 2.9158    4
 2.9208    4
 2.9258    3
 2.9308    3
 2.9358    2
 2.9408    2
 2.9458    3
 2.9508    4
 2.9558    3
 2.9608    2
 2.9658    0
 2.9708    2
 2.9758    2
 2.9808    6
 2.9858    4
 2.9908    2
 2.9958    4
 3.0008    2
 3.0058    0
 3.0108    2
 3.0158    2
 3.0208    3
 3.0258    0
 3.0308    3
 3.0358    6
 3.0408    3
 3.0458    1
 3.0508    1
 3.0558    2
 3.0608    4
 3.0658    4
 3.0708    1
 3.0758    4
 3.0808    4
 3.0858    4
 3.0908    2
 3.0958    4
 3.1008    1
 3.1058    3
 3.1108    2
 3.1158    5
 3.1208    4
 3.1258    1
 3.1308    2
 3.1358    4
 3.1408    3
 3.1458    1
 3.1508    1
 3.1558    1
 3.1608    1
 3.1658    2
 3.1708    0
 3.1758    2
 3.1808    4
 3.1858    1
 3.1908    3
 3.1958    6
 3.2008    3
 3.2058    2
 3.2108    3
 3.2158    3
 3.2208    3
 3.2258    6
 3.2308    3
 3.2358    4
 3.2408    1
 3.2458    0
 3.2508    2
 3.2558    3
 3.2608    1
 3.2658    5
 3.2708    4
 3.2758    1
 3.2808    1
 3.2858    2
 3.2908    1
 3.2958    2
 3.3008    4
 3.3058    2
 3.3108    2
 3.3158    3
 3.3208    5
 3.3258    2
 3.3308    2
 3.3358    4
 3.3408    2
 3.3458    4
 3.3508    1
 3.3558    3
 3.3608    4
 3.3658    3
 3.3708    3
 3.3758    2
 3.3808    1
 3.3858    4
 3.3908    5
 3.3958    3
 3.4008    2
 3.4058    2
 3.4108    3
 3.4158    4
 3.4208    6
 3.4258    4
 3.4308    6
 3.4358    4
 3.4408    2
 3.4458    1
 3.4508    2
 3.4558    5
 3.4608    2
 3.4658    5
 3.4708    5
 3.4758    2
 3.4808    2
 3.4858    5
 3.4908    3
 3.4958    6
 3.5007    2
 3.5057    6
 3.5107    2
 3.5157    3
 3.5207    1
 3.5257    1
 3.5307    2
 3.5357    2
 3.5407    2
 3.5457    1
 3.5507    3
 3.5557    2
 3.5607    6
 3.5657    5
 3.5707    0
 3.5757    1
 3.5807    3
 3.5857    3
 3.5907    2
 3.5957    4
 3.6007    4
 3.6057    3
 3.6107    3
 3.6157    2
 3.6207    1
 3.6257    2
 3.6307    2
 3.6357    1
 3.6407    4
 3.6457    1
 3.6507    2
 3.6557    7
 3.6607    3
 3.6657    2
 3.6707    2
 3.6757    4
 3.6807    5
 3.6857    5
 3.6907    3
 3.6957    3
 3.7007    3
 3.7057    4
 3.7107    1
 3.7157    2
 3.7207    3
 3.7257    4
 3.7307    1
 3.7357    2
 3.7407    5
 3.7457    4
 3.7507    3
 3.7557    2
 3.7607    3
 3.7657    2
 3.7707    2
 3.7757    7
 3.7807    4
 3.7857    2
 3.7907    4
 3.7957    1
 3.8007    3
 3.8057    3
 3.8107    1
 3.8157    5
 3.8207    5
 3.8257    4
 3.8307    1
 3.8357    5
 3.8407    1
 3.8457    2
 3.8507    2
 3.8557    3
 3.8607    1
 3.8657    2
 3.8707    2
 3.8757    1
 3.8807    3
 3.8857    4
 3.8907    2
 3.8957    0
 3.9007    5
 3.9057    3
 3.9107    1
 3.9157    2
 3.9207    2
 3.9257    1
 3.9307    4
 3.9357    0
 3.9407    3
 3.9457    2
 3.9507    3
 3.9557    3
 3.9607    2
 3.9657    3
 3.9707    5
 3.9757    7
 3.9807    3
 3.9857    1
 3.9907    1
 3.9957    2
 4.0007    5
 4.0057    3
 4.0107    3
 4.0157    4
 4.0207    5
 4.0257    2
 4.0307    0
 4.0357    2
 4.0407    0
 4.0457    2
 4.0507    2
 4.0557    4
 4.0607    2
 4.0657    7
 4.0707    4
 4.0757    1
 4.0807    1
 4.0857    1
 4.0907    2
 4.0957    7
 4.1007    3
 4.1057    4
 4.1107    3
 4.1157    3
 4.1207    4
 4.1257    3
 4.1307    4
 4.1357    1
 4.1407    1
 4.1457    2
 4.1507    4
 4.1557    5
 4.1607    3
 4.1657    2
 4.1707    2
 4.1757    3
 4.1807    2
 4.1857    0
 4.1907    1
 4.1957    1
 4.2007    3
 4.2057    4
 4.2107    2
 4.2157    1
 4.2207    0
 4.2257    1
 4.2307    3
 4.2357    4
 4.2407    4
 4.2457    1
 4.2507    2
 4.2557    2
 4.2607    1
 4.2657    1
 4.2707    5
 4.2757    4
 4.2807    3
 4.2857    2
 4.2907    3
 4.2957    3
 4.3007    4
 4.3057    4
 4.3107    4
 4.3157    4
 4.3207    3
 4.3257    2
 4.3307    4
 4.3357    2
 4.3407    2
 4.3457    1
 4.3507    1
 4.3557    1
 4.3607    1
 4.3657    3
 4.3707    3
 4.3757    2
 4.3807    4
 4.3857    2
 4.3907    2
 4.3957    3
 4.4007    2
 4.4057    3
 4.4107    3
 4.4157    3
 4.4207    2
 4.4257    2
 4.4307    2
 4.4357    1
 4.4407    2
 4.4457    1
 4.4507    0
 4.4557    1
 4.4607    2
 4.4657    5
 4.4707    3
 4.4757    2
 4.4807    1
 4.4857    2
 4.4907    3
 4.4957    3
 4.5006    3
 4.5056    2
 4.5106    2
 4.5156    2
 4.5206    2
 4.5256    1
 4.5306    1
 4.5356    2
 4.5406    3
 4.5456    3
 4.5506    2
 4.5556    3
 4.5606    2
 4.5656    2
 4.5706    1
 4.5756    0
 4.5806    2
 4.5856    2
 4.5906    1
 4.5956    1
 4.6006    2
 4.6056    2
 4.6106    2
 4.6156    3
 4.6206    2
 4.6256    1
 4.6306    2
 4.6356    2
 4.6406    1
 4.6456    0
 4.6506    1
 4.6556    3
 4.6606    3
 4.6656    4
 4.6706    5
 4.6756    3
 4.6806    1
 4.6856    1
 4.6906    1
 4.6956    2
 4.7006    2
 4.7056    1
 4.7106    2
 4.7156    2
 4.7206    1
 4.7256    1
 4.7306    2
 4.7356    2
 4.7406    2
 4.7456    2
 4.7506    3
 4.7556    4
 4.7606    3
 4.7656    3
 4.7706    2
 4.7756    2
 4.7806    1
 4.7856    0
 4.7906    0
 4.7956    2
 4.8006    2
 4.8056    2
 4.8106    0
 4.8156    1
 4.8206    3
 4.8256    2
 4.8306    2
 4.8356    0
 4.8406    1
 4.8456    0
 4.8506    2
 4.8556    3
 4.8606    2
 4.8656    1
 4.8706    1
 4.8756    4
 4.8806    4
 4.8856    3
 4.8906    3
 4.8956    2
 4.9006    2
 4.9056    1
 4.9106    2
 4.9156    1
 4.9206    1
 4.9256    2
 4.9306    3
 4.9356    4
 4.9406    2
 4.9456    1
 4.9506    2
 4.9556    2
 4.9606    1
 4.9656    0
 4.9706    2
 4.9756    3
 4.9806    1
 4.9856    0
 4.9906    1
 4.9956    2
 5.0006    1
 5.0056    2
 5.0106    1
 5.0156    1
 5.0206    2
 5.0256    2
 5.0306    3
 5.0356    3
 5.0406    1
 5.0456    2
 5.0506    2
 5.0556    2
 5.0606    4
 5.0656    3
 5.0706    3
 5.0756    1
 5.0806    1
 5.0856    1
 5.0906    2
 5.0956    1
 5.1006    1
 5.1056    3
 5.1106    2
 5.1156    1
 5.1206    1
 5.1256    2
 5.1306    2
 5.1356    1
 5.1406    1
 5.1456    1
 5.1506    0
 5.1556    1
 5.1606    1
 5.1656    3
 5.1706    4
 5.1756    4
 5.1806    1
 5.1856    2
 5.1906    2
 5.1956    1
 5.2006    0
 5.2056    2
 5.2106    3
 5.2156    2
 5.2206    4
 5.2256    3
 5.2306    1
 5.2356    2
 5.2406    1
 5.2456    2
 5.2506    3
 5.2556    2
 5.2606    2
 5.2656    2
 5.2706    2
 5.2756    2
 5.2806    1
 5.2856    2
 5.2906    2
 5.2956    2
 5.3006    1
 5.3056    2
 5.3106    1
 5.3156    2
 5.3206    2
 5.3256    2
 5.3306    3
 5.3356    1
 5.3406    0
 5.3456    1
 5.3506    3
 5.3556    2
 5.3606    2
 5.3656    2
 5.3706    2
 5.3756    2
 5.3806    4
 5.3856    2
 5.3906    0
 5.3956    1
 5.4006    3
 5.4056    1
 5.4106    1
 5.4156    1
 5.4206    2
 5.4256    3
 5.4306    5
 5.4356    0
 5.4406    1
 5.4456    2
 5.4506    0
 5.4556    1
 5.4606    2
 5.4656    0
 5.4706    0
 5.4756    2
 5.4806    2
 5.4856    0
 5.4906    2
 5.4956    3
 5.5005    2
 5.5055    2
 5.5105    0
 5.5155    0
 5.5205    3
 5.5255    1
 5.5305    0
 5.5355    1
 5.5405    1
 5.5455    2
 5.5505    2
 5.5555    1
 5.5605    2
 5.5655    4
 5.5705    1
 5.5755    0
 5.5805    1
 5.5855    2
 5.5905    3
 5.5955    1
 5.6005    2
 5.6055    2
 5.6105    4
 5.6155    2
 5.6205    1
 5.6255    1
 5.6305    2
 5.6355    2
 5.6405    6
 5.6455    2
 5.6505    1
 5.6555    2
 5.6605    6
 5.6655    3
 5.6705    1
 5.6755    2
 5.6805    1
 5.6855    1
 5.6905    1
 5.6955    2
 5.7005    2
 5.7055    5
 5.7105    3
 5.7155    1
 5.7205    2
 5.7255    2
 5.7305    1
 5.7355    1
 5.7405    0
 5.7455    1
 5.7505    2
 5.7555    1
 5.7605    2
 5.7655    4
 5.7705    5
 5.7755    1
 5.7805    1
 5.7855    1
 5.7905    2
 5.7955    0
 5.8005    1
 5.8055    2
 5.8105    1
 5.8155    0
 5.8205    2
 5.8255    3
 5.8305    7
 5.8355    3
 5.8405    1
 5.8455    2
 5.8505    2
 5.8555    2
 5.8605    3
 5.8655    2
 5.8705    1
 5.8755    2
 5.8805    0
 5.8855    1
 5.8905    2
 5.8955    2
 5.9005    1
 5.9055    1
 5.9105    1
 5.9155    1
 5.9205    2
 5.9255    1
 5.9305    3
 5.9355    2
 5.9405    4
 5.9455    2
 5.9505    2
 5.9555    1
 5.9605    1
 5.9655    2
 5.9705    3
 5.9755    1
 5.9805    3
 5.9855    1
 5.9905    6
 5.9955    1
 6.0005    0
 6.0055    2
 6.0105    1
 6.0155    2
 6.0205    2
 6.0255    1
 6.0305    2
 6.0355    0
 6.0405    0
 6.0455    0
 6.0505    1
 6.0555    1
 6.0605    0
 6.0655    0
 6.0705    0
 6.0755    3
 6.0805    0
 6.0855    4
 6.0905    1
 6.0955    1
 6.1005    0
 6.1055    3
 6.1105    1
 6.1155    1
 6.1205    0
 6.1255    2
 6.1305    1
 6.1355    1
 6.1405    1
 6.1455    1
 6.1505    2
 6.1555    4
 6.1605    2
 6.1655    2
 6.1705    2
 6.1755    0
 6.1805    0
 6.1855    1
 6.1905    1
 6.1955    1
 6.2005    2
 6.2055    2
 6.2105    2
 6.2155    0
 6.2205    0
 6.2255    0
 6.2305    2
 6.2355    2
 6.2405    1
 6.2455    0
 6.2505    1
 6.2555    1
 6.2605    4
 6.2655    4
 6.2705    0
 6.2755    2
 6.2805    1
 6.2855    1
 6.2905    1
 6.2955    3
 6.3005    0
 6.3055    1
 6.3105    1
 6.3155    1
 6.3205    2
 6.3255    1
 6.3305    1
 6.3355    1
 6.3405    2
 6.3455    1
 6.3505    2
 6.3555    2
 6.3605    0
 6.3655    1
 6.3705    2
 6.3755    0
 6.3805    7
 6.3855    0
 6.3905    2
 6.3955    4
 6.4005    1
 6.4055    3
 6.4105    3
 6.4155    0
 6.4205    1
 6.4255    4
 6.4305    2
 6.4355    1
 6.4405    2
 6.4455    1
 6.4505    3
 6.4555    1
 6.4605    3
 6.4655    1
 6.4705    1
 6.4755    2
 6.4805    0
 6.4855    1
 6.4905    2
 6.4955    2
 6.5004    0
 6.5054    0
 6.5104    2
 6.5154    3
 6.5204    0
 6.5254    0
 6.5304    1
 6.5354    4
 6.5404    0
 6.5454    2
 6.5504    0
 6.5554    1
 6.5604    1
 6.5654    3
 6.5704    1
 6.5754    0
 6.5804    2
 6.5854    0
 6.5904    1
 6.5954    0
 6.6004    2
 6.6054    2
 6.6104    3
 6.6154    0
 6.6204    0
 6.6254    0
 6.6304    2
 6.6354    1
 6.6404    2
 6.6454    4
 6.6504    2
 6.6554    3
 6.6604    0
 6.6654    1
 6.6704    2
 6.6754    3
 6.6804    1
 6.6854    3
 6.6904    2
 6.6954    0
 6.7004    0
 6.7054    3
 6.7104    3
 6.7154    1
 6.7204    1
 6.7254    2
 6.7304    3
 6.7354    2
 6.7404    2
 6.7454    1
 6.7504    1
 6.7554    1
 6.7604    1
 6.7654    1
 6.7704    0
 6.7754    0
 6.7804    2
 6.7854    0
 6.7904    0
 6.7954    0
 6.8004    3
 6.8054    2
 6.8104    2
 6.8154    1
 6.8204    0
 6.8254    1
 6.8304    3
 6.8354    0
 6.8404    1
 6.8454    1
 6.8504    3
 6.8554    1
 6.8604    1
 6.8654    1
 6.8704    0
 6.8754    1
 6.8804    1
 6.8854    0
 6.8904    1
 6.8954    0
 6.9004    2
 6.9054    2
 6.9104    1
 6.9154    3
 6.9204    1
 6.9254    2
 6.9304    1
 6.9354    4
 6.9404    2
 6.9454    2
 6.9504    0
 6.9554    2
 6.9604    1
 6.9654    1
 6.9704    0
 6.9754    2
 6.9804    0
 6.9854    1
 6.9904    1
 6.9954    2
 7.0004    2
 7.0054    2
 7.0104    2
 7.0154    1
 7.0204    0
 7.0254    1
 7.0304    1
 7.0354    1
 7.0404    1
 7.0454    2
 7.0504    2
 7.0554    0
 7.0604    3
 7.0654    1
 7.0704    2
 7.0754    0
 7.0804    0
 7.0854    3
 7.0904    1
 7.0954    3
 7.1004    1
 7.1054    0
 7.1104    0
 7.1154    1
 7.1204    1
 7.1254    1
 7.1304    1
 7.1354    1
 7.1404    2
 7.1454    3
 7.1504    1
 7.1554    0
 7.1604    0
 7.1654    1
 7.1704    1
 7.1754    2
 7.1804    2
 7.1854    4
 7.1904    3
 7.1954    2
 7.2004    2
 7.2054    1
 7.2104    3
 7.2154    0
 7.2204    2
 7.2254    0
 7.2304    1
 7.2354    0
 7.2404    1
 7.2454    0
 7.2504    1
 7.2554    2
 7.2604    5
 7.2654    0
 7.2704    0
 7.2754    2
 7.2804    1
 7.2854    1
 7.2904    0
 7.2954    3
 7.3004    1
 7.3054    0
 7.3104    1
 7.3154    1
 7.3204    2
 7.3254    0
 7.3304    0
 7.3354    1
 7.3404    1
 7.3454    1
 7.3504    2
 7.3554    1
 7.3604    3
 7.3654    0
 7.3704    1
 7.3754    4
 7.3804    2
 7.3854    1
 7.3904    0
 7.3954    2
 7.4004    1
 7.4054    0
 7.4104    7
 7.4154    0
 7.4204    1
 7.4254    1
 7.4304    1
 7.4354    2
 7.4404    1
 7.4454    2
 7.4504    2
 7.4554    0
 7.4604    1
 7.4654    2
 7.4704    1
 7.4754    1
 7.4804    0
 7.4854    0
 7.4904    1
 7.4954    0
 7.5003    0
 7.5053    2
 7.5103    0
 7.5153    1
 7.5203    0
 7.5253    0
 7.5303    1
 7.5353    2
 7.5403    1
 7.5453    1
 7.5503    0
 7.5553    2
 7.5603    3
 7.5653    2
 7.5703    1
 7.5753    2
 7.5803    0
 7.5853    1
 7.5903    1
 7.5953    0
 7.6003    4
 7.6053    2
 7.6103    1
 7.6153    0
 7.6203    0
 7.6253    3
 7.6303    2
 7.6353    1
 7.6403    0
 7.6453    1
 7.6503    1
 7.6553    0
 7.6603    1
 7.6653    1
 7.6703    1
 7.6753    0
 7.6803    1
 7.6853    2
 7.6903    0
 7.6953    2
 7.7003    1
 7.7053    3
 7.7103    3
 7.7153    2
 7.7203    2
 7.7253    1
 7.7303    1
 7.7353    0
 7.7403    1
 7.7453    4
 7.7503    0
 7.7553    2
 7.7603    0
 7.7653    0
 7.7703    1
 7.7753    0
 7.7803    1
 7.7853    2
 7.7903    1
 7.7953    1
 7.8003    0
 7.8053    0
 7.8103    4
 7.8153    1
 7.8203    3
 7.8253    1
 7.8303    0
 7.8353    4
 7.8403    1
 7.8453    2
 7.8503    0
 7.8553    2
 7.8603    2
 7.8653    0
 7.8703    1
 7.8753    0
 7.8803    1
 7.8853    3
 7.8903    0
 7.8953    2
 7.9003    3
 7.9053    1
 7.9103    3
 7.9153    3
 7.9203    3
 7.9253    1
 7.9303    0
 7.9353    1
 7.9403    1
 7.9453    3
 7.9503    1
 7.9553    2
 7.9603    0
 7.9653    2
 7.9703    1
 7.9753    3
 7.9803    2
 7.9853    0
 7.9903    2
 7.9953    0
 8.0003    1
 8.0053    2
 8.0103    3
 8.0153    2
 8.0203    1
 8.0253    1
 8.0303    2
 8.0353    0
 8.0403    1
 8.0453    1
 8.0503    0
 8.0553    2
 8.0603    1
 8.0653    0
 8.0703    1
 8.0753    1
 8.0803    2
 8.0853    0
 8.0903    1
 8.0953    1
 8.1003    2
 8.1053    2
 8.1103    7
 8.1153    1
 8.1203    0
 8.1253    0
 8.1303    3
 8.1353    2
 8.1403    2
 8.1453    0
 8.1503    0
 8.1553    0
 8.1603    0
 8.1653    1
 8.1703    1
 8.1753    2
 8.1803    0
 8.1853    1
 8.1903    0
 8.1953    0
 8.2003    3
 8.2053    2
 8.2103    0
 8.2153    1
 8.2203    1
 8.2253    1
 8.2303    0
 8.2353    1
 8.2403    1
 8.2453    0
 8.2503    0
 8.2553    0
 8.2603    0
 8.2653    1
 8.2703    0
 8.2753    0
 8.2803    2
 8.2853    1
 8.2903    0
 8.2953    1
 8.3003    0
 8.3053    1
 8.3103    0
 8.3153    3
 8.3203    1
 8.3253    2
 8.3303    0
 8.3353    1
 8.3403    0
 8.3453    2
 8.3503    0
 8.3553    1
 8.3603    0
 8.3653    1
 8.3703    1
 8.3753    0
 8.3803    2
 8.3853    3
 8.3903    1
 8.3953    1
 8.4003    1
 8.4053    0
 8.4103    3
 8.4153    1
 8.4203    1
 8.4253    0
 8.4303    2
 8.4353    1
 8.4403    1
 8.4453    1
 8.4503    4
 8.4553    2
 8.4603    1
 8.4653    2
 8.4703    2
 8.4753    1
 8.4803    0
 8.4853    0
 8.4903    1
 8.4953    1
 8.5002    1
 8.5052    2
 8.5102    2
 8.5152    0
 8.5202    3
 8.5252    1
 8.5302    1
 8.5352    2
 8.5402    1
 8.5452    1
 8.5502    0
 8.5552    1
 8.5602    0
 8.5652    1
 8.5702    2
 8.5752    1
 8.5802    0
 8.5852    2
 8.5902    0
 8.5952    1
 8.6002    2
 8.6052    1
 8.6102    0
 8.6152    1
 8.6202    1
 8.6252    0
 8.6302    0
 8.6352    1
 8.6402    0
 8.6452    0
 8.6502    0
 8.6552    1
 8.6602    0
 8.6652    2
 8.6702    0
 8.6752    0
 8.6802    3
 8.6852    3
 8.6902    2
 8.6952    0
 8.7002    0
 8.7052    1
 8.7102    2
 8.7152    0
 8.7202    0
 8.7252    1
 8.7302    4
 8.7352    0
 8.7402    0
 8.7452    1
 8.7502    0
 8.7552    1
 8.7602    0
 8.7652    1
 8.7702    0
 8.7752    2
 8.7802    0
 8.7852    0
 8.7902    1
 8.7952    0
 8.8002    1
 8.8052    0
 8.8102    0
 8.8152    1
 8.8202    1
 8.8252    0
 8.8302    1
 8.8352    1
 8.8402    2
 8.8452    1
 8.8502    0
 8.8552    0
 8.8602    1
 8.8652    0
 8.8702    1
 8.8752    2
 8.8802    1
 8.8852    2
 8.8902    1
 8.8952    3
 8.9002    0
 8.9052    1
 8.9102    3
 8.9152    2
 8.9202    0
 8.9252    0
 8.9302    0
 8.9352    1
 8.9402    1
 8.9452    1
 8.9502    2
 8.9552    0
 8.9602    0
 8.9652    4
 8.9702    1
 8.9752    1
 8.9802    1
 8.9852    2
 8.9902    2
 8.9952    0
 9.0002    1
 9.0052    2
 9.0102    1
 9.0152    1
 9.0202    2
 9.0252    1
 9.0302    0
 9.0352    1
 9.0402    2
 9.0452    1
 9.0502    0
 9.0552    0
 9.0602    2
 9.0652    0
 9.0702    0
 9.0752    2
 9.0802    1
 9.0852    0
 9.0902    2
 9.0952    1
 9.1002    1
 9.1052    0
 9.1102    1
 9.1152    0
 9.1202    0
 9.1252    0
 9.1302    1
 9.1352    1
 9.1402    1
 9.1452    1
 9.1502    0
 9.1552    1
 9.1602    1
 9.1652    0
 9.1702    1
 9.1752    0
 9.1802    0
 9.1852    2
 9.1902    0
 9.1952    0
 9.2002    1
 9.2052    1
 9.2102    0
 9.2152    0
 9.2202    0
 9.2252    0
 9.2302    0
 9.2352    0
 9.2402    2
 9.2452    1
 9.2502    0
 9.2552    0
 9.2602    0
 9.2652    1
 9.2702    0
 9.2752    1
 9.2802    0
 9.2852    0
 9.2902    0
 9.2952    0
 9.3002    2
 9.3052    1
 9.3102    0
 9.3152    1
 9.3202    0
 9.3252    0
 9.3302    1
 9.3352    0
 9.3402    0
 9.3452    1
 9.3502    1
 9.3552    1
 9.3602    1
 9.3652    0
 9.3702    3
 9.3752    0
 9.3802    0
 9.3852    1
 9.3902    2
 9.3952    1
 9.4002    0
 9.4052    2
 9.4102    3
 9.4152    0
 9.4202    0
 9.4252    1
 9.4302    1
 9.4352    1
 9.4402    0
 9.4452    0
 9.4502    0
 9.4552    0
 9.4602    1
 9.4652    0
 9.4702    2
 9.4752    0
 9.4802    0
 9.4852    1
 9.4902    1
 9.4952    1
 9.5001    0
 9.5051    1
 9.5101    1
 9.5151    0
 9.5201    1
 9.5251    1
 9.5301    0
 9.5351    0
 9.5401    1
 9.5451    0
 9.5501    2
 9.5551    1
 9.5601    0
 9.5651    1
 9.5701    0
 9.5751    1
 9.5801    1
 9.5851    1
 9.5901    0
 9.5951    0
 9.6001    1
 9.6051    1
 9.6101    1
 9.6151    2
 9.6201    0
 9.6251    2
 9.6301    1
 9.6351    0
 9.6401    2
 9.6451    0
 9.6501    1
 9.6551    0
 9.6601    1
 9.6651    0
 9.6701    2
 9.6751    0
 9.6801    1
 9.6851    3
 9.6901    1
 9.6951    1
 9.7001    0
 9.7051    0
 9.7101    0
 9.7151    0
 9.7201    1
 9.7251    1
 9.7301    0
 9.7351    3
 9.7401    1
 9.7451    0
 9.7501    1
 9.7551    2
 9.7601    0
 9.7651    0
 9.7701    1
 9.7751    0
 9.7801    1
 9.7851    1
 9.7901    1
 9.7951    3
 9.8001    0
 9.8051    1
 9.8101    1
 9.8151    1
 9.8201    3
 9.8251    0
 9.8301    0
 9.8351    3
 9.8401    0
 9.8451    1
 9.8501    1
 9.8551    0
 9.8601    0
 9.8651    1
 9.8701    1
 9.8751    0
 9.8801    0
 9.8851    1
 9.8901    0
 9.8951    0
 9.9001    2
 9.9051    1
 9.9101    1
 9.9151    1
 9.9201    1
 9.9251    1
 9.9301    2
 9.9351    1
 9.9401    2
 9.9451    0
 9.9501    0
 9.9551    4
 9.9601    1
 9.9651    1
 9.9701    1
 9.9751    0
 9.9801    0
 9.9851    1
 9.9901    1
 9.9951    1
10.0001    1
10.0051    1
10.0101    0
10.0151    0
10.0201    0
10.0251    0
10.0301    0
10.0351    0
10.0401    1
10.0451    0
10.0501    1
10.0551    1
10.0601    0
10.0651    1
10.0701    1
10.0751    1
10.0801    0
10.0851    0
10.0901    0
10.0951    2
10.1001    0
10.1051    0
10.1101    0
10.1151    0
10.1201    1
10.1251    2
10.1301    1
10.1351    0
10.1401    1
10.1451    0
10.1501    1
10.1551    1
10.1601    2
10.1651    1
10.1701    1
10.1751    1
10.1801    0
10.1851    1
10.1901    0
10.1951    0
10.2001    0
10.2051    1
10.2101    1
10.2151    1
10.2201    2
10.2251    0
10.2301    1
10.2351    0
10.2401    0
10.2451    1
10.2501    0
10.2551    0
10.2601    1
10.2651    0
10.2701    2
10.2751    0
10.2801    0
10.2851    0
10.2901    0
10.2951    1
10.3001    0
10.3051    1
10.3101    0
10.3151    0
10.3201    0
10.3251    0
10.3301    2
10.3351    0
10.3401    3
10.3451    0
10.3501    0
10.3551    1
10.3601    1
10.3651    1
10.3701    0
10.3751    0
10.3801    0
10.3851    0
10.3901    0
10.3951    0
10.4001    0
10.4051    1
10.4101    0
10.4151    1
10.4201    2
10.4251    1
10.4301    0
10.4351    1
10.4401    1
10.4451    0
10.4501    0
10.4551    0
10.4601    1
10.4651    1
10.4701    2
10.4751    2
10.4801    0
10.4851    1
10.4901    0
10.4951    2
   10.5    1
 10.505    3
  10.51    0
 10.515    1
  10.52    0
 10.525    0
  10.53    0
 10.535    0
  10.54    0
 10.545    0
  10.55    2
 10.555    1
  10.56    0
 10.565    1
  10.57    0
 10.575    0
  10.58    1
 10.585    2
  10.59    0
 10.595    0
   10.6    0
 10.605    1
  10.61    1
 10.615    2
  10.62    0
 10.625    0
  10.63    0
 10.635    1
  10.64    1
 10.645    1
  10.65    1
 10.655    1
  10.66    1
 10.665    1
  10.67    2
 10.675    0
  10.68    0
 10.685    0
  10.69    0
 10.695    0
   10.7    1
 10.705    1
  10.71    1
 10.715    1
  10.72    0
 10.725    1
  10.73    3
 10.735    0
  10.74    0
 10.745    0
  10.75    0
 10.755    0
  10.76    0
 10.765    0
  10.77    0
 10.775    2
  10.78    0
 10.785    0
  10.79    2
 10.795    1
   10.8    0
 10.805    0
  10.81    0
 10.815    0
  10.82    0
 10.825    1
  10.83    1
 10.835    1
  10.84    0
 10.845    0
  10.85    1
 10.855    0
  10.86    0
 10.865    1
  10.87    0
 10.875    2
  10.88    0
 10.885    2
  10.89    0
 10.895    0
   10.9    0
 10.905    1
  10.91    0
 10.915    0
  10.92    0
 10.925    0
  10.93    0
 10.935    0
  10.94    1
 10.945    1
  10.95    0
 10.955    0
  10.96    0
 10.965    0
  10.97    0
 10.975    0
  10.98    0
 10.985    1
  10.99    0
 10.995    2
     11    1
 11.005    0
  11.01    1
 11.015    0
  11.02    0
 11.025    2
  11.03    0
 11.035    0
  11.04    0
 11.045    2
  11.05    2
 11.055    0
  11.06    2
 11.065    0
  11.07    0
 11.075    1
  11.08    0
 11.085    2
  11.09    0
 11.095    0
   11.1    1
 11.105    1
  11.11    0
 11.115    0
  11.12    0
 11.125    0
  11.13    1
 11.135    0
  11.14    1
 11.145    0
  11.15    0
 11.155    0
  11.16    0
 11.165    1
  11.17    1
 11.175    0
  11.18    0
 11.185    0
  11.19    1
 11.195    1
   11.2    2
 11.205    0
  11.21    1
 11.215    0
  11.22    2
 11.225    1
  11.23    0
 11.235    0
  11.24    1
 11.245    0
  11.25    1
 11.255    0
  11.26    1
 11.265    0
  11.27    1
 11.275    0
  11.28    1
 11.285    1
  11.29    0
 11.295    1
   11.3    0
 11.305    0
  11.31    0
 11.315    1
  11.32    1
 11.325    3
  11.33    1
 11.335    0
  11.34    1
 11.345    0
  11.35    0
 11.355    0
  11.36    0
 11.365    0
  11.37    0
 11.375    0
  11.38    0
 11.385    2
  11.39    0
 11.395    1
   11.4    0
 11.405    0
  11.41    2
 11.415    0
  11.42    0
 11.425    1
  11.43    0
 11.435    0
  11.44    0
 11.445    1
  11.45    2
 11.455    0
  11.46    0
 11.465    0
  11.47    0
 11.475    0
  11.48    0
 11.485    0
  11.49    1
 11.495    0
11.4999    0
11.5049    1
11.5099    1
11.5149    2
11.5199    1
11.5249    1
11.5299    1
11.5349    2
11.5399    0
11.5449    0
11.5499    0
11.5549    1
11.5599    1
11.5649    0
11.5699    1
11.5749    0
11.5799    0
11.5849    0
11.5899    0
11.5949    0
11.5999    0
11.6049    0
11.6099    0
11.6149    1
11.6199    0
11.6249    1
11.6299    0
11.6349    0
11.6399    0
11.6449    1
11.6499    1
11.6549    1
11.6599    0
11.6649    0
11.6699    0
11.6749    0
11.6799    0
11.6849    0
11.6899    1
11.6949    0
11.6999    1
11.7049    1
11.7099    0
11.7149    1
11.7199    1
11.7249    1
11.7299    0
11.7349    0
11.7399    1
11.7449    0
11.7499    1
11.7549    1
11.7599    0
11.7649    0
11.7699    0
11.7749    2
11.7799    1
11.7849    0
11.7899    1
11.7949    2
11.7999    0
11.8049    0
11.8099    1
11.8149    1
11.8199    0
11.8249    0
11.8299    0
11.8349    0
11.8399    0
11.8449    0
11.8499    0
11.8549    0
11.8599    1
11.8649    0
11.8699    0
11.8749    0
11.8799    1
11.8849    0
11.8899    0
11.8949    0
11.8999    1
11.9049    0
11.9099    1
11.9149    0
11.9199    1
11.9249    0
11.9299    0
11.9349    2
11.9399    1
11.9449    0
11.9499    2
11.9549    0
11.9599    0
11.9649    0
11.9699    0
11.9749    0
11.9799    1
11.9849    0
11.9899    2
11.9949    1
11.9999    0
12.0049    0
12.0099    0
12.0149    0
12.0199    0
12.0249    1
12.0299    1
12.0349    0
12.0399    0
12.0449    0
12.0499    1
12.0549    1
12.0599    1
12.0649    1
12.0699    0
12.0749    0
12.0799    0
12.0849    1
12.0899    0
12.0949    0
12.0999    1
12.1049    0
12.1099    3
12.1149    0
12.1199    0
12.1249    0
12.1299    0
12.1349    0
12.1399    0
12.1449    0
12.1499    1
12.1549    0
12.1599    1
12.1649    0
12.1699    1
12.1749    0
12.1799    1
12.1849    0
12.1899    0
12.1949    2
12.1999    0
12.2049    0
12.2099    1
12.2149    1
12.2199    1
12.2249    1
12.2299    1
12.2349    0
12.2399    0
12.2449    3
12.2499    2
12.2549    0
12.2599    0
12.2649    0
12.2699    2
12.2749    1
12.2799    0
12.2849    0
12.2899    1
12.2949    1
12.2999    0
12.3049    0
12.3099    0
12.3149    0
12.3199    1
12.3249    1
12.3299    0
12.3349    1
12.3399    0
12.3449    0
12.3499    0
12.3549    0
12.3599    0
12.3649    0
12.3699    2
12.3749    1
12.3799    0
12.3849    2
12.3899    0
12.3949    0
12.3999    2
12.4049    0
12.4099    0
12.4149    1
12.4199    1
12.4249    2
12.4299    0
12.4349    0
12.4399    2
12.4449    0
12.4499    2
12.4549    1
12.4599    0
12.4649    0
12.4699    0
12.4749    0
12.4799    0
12.4849    0
12.4899    0
12.4949    1
12.4998    1
12.5048    0
12.5098    2
12.5148    0
12.5198    0
12.5248    0
12.5298    0
12.5348    1
12.5398    0
12.5448    0
12.5498    0
12.5548    0
12.5598    0
12.5648    2
12.5698    1
12.5748    0
12.5798    0
12.5848    1
12.5898    0
12.5948    0
12.5998    0
12.6048    1
12.6098    0
12.6148    0
12.6198    2
12.6248    0
12.6298    0
12.6348    0
12.6398    0
12.6448    0
12.6498    0
12.6548    0
12.6598    1
12.6648    0
12.6698    0
12.6748    1
12.6798    1
12.6848    1
12.6898    0
12.6948    0
12.6998    1
12.7048    0
12.7098    1
12.7148    2
12.7198    0
12.7248    0
12.7298    0
12.7348    0
12.7398    2
12.7448    0
12.7498    0
12.7548    0
12.7598    0
12.7648    0
12.7698    0
12.7748    1
12.7798    1
12.7848    1
12.7898    1
12.7948    0
12.7998    1
12.8048    0
12.8098    1
12.8148    2
12.8198    1
12.8248    0
12.8298    0
12.8348    0
12.8398    2
12.8448    0
12.8498    0
12.8548    0
12.8598    0
12.8648    0
12.8698    1
12.8748    1
12.8798    0
12.8848    0
12.8898    1
12.8948    0
12.8998    0
12.9048    1
12.9098    0
12.9148    0
12.9198    0
12.9248    0
12.9298    0
12.9348    0
12.9398    0
12.9448    0
12.9498    0
12.9548    0
12.9598    0
12.9648    0
12.9698    0
12.9748    0
12.9798    0
12.9848    1
12.9898    1
12.9948    0
12.9998    0
13.0048    0
13.0098    1
13.0148    0
13.0198    0
13.0248    1
13.0298    0
13.0348    0
13.0398    1
13.0448    1
13.0498    2
13.0548    0
13.0598    0
13.0648    0
13.0698    1
13.0748    0
13.0798    1
13.0848    0
13.0898    0
13.0948    0
13.0998    3
13.1048    0
13.1098    0
13.1148    0
13.1198    0
13.1248    0
13.1298    0
13.1348    1
13.1398    0
13.1448    0
13.1498    0
13.1548    0
13.1598    0
13.1648    0
13.1698    0
13.1748    0
13.1798    0
13.1848    0
13.1898    1
13.1948    0
13.1998    2
13.2048    0
13.2098    0
13.2148    0
13.2198    0
13.2248    0
13.2298    0
13.2348    1
13.2398    0
13.2448    0
13.2498    0
13.2548    1
13.2598    0
13.2648    0
13.2698    0
13.2748    0
13.2798    1
13.2848    0
13.2898    0
13.2948    0
13.2998    0
13.3048    2
13.3098    0
13.3148    0
13.3198    1
13.3248    0
13.3298    1
13.3348    0
13.3398    0
13.3448    0
13.3498    2
13.3548    1
13.3598    0
13.3648    0
13.3698    0
13.3748    0
13.3798    0
13.3848    0
13.3898    0
13.3948    2
13.3998    0
13.4048    0
13.4098    1
13.4148    2
13.4198    1
13.4248    0
13.4298    0
13.4348    1
13.4398    0
13.4448    0
13.4498    2
13.4548    1
13.4598    1
13.4648    0
13.4698    1
13.4748    2
13.4798    0
13.4848    2
13.4898    0
13.4948    1
13.4997    0
13.5047    0
13.5097    1
13.5147    0
13.5197    1
13.5247    0
13.5297    0
13.5347    0
13.5397    0
13.5447    0
13.5497    0
13.5547    0
13.5597    1
13.5647    1
13.5697    0
13.5747    1
13.5797    0
13.5847    1
13.5897    0
13.5947    0
13.5997    0
13.6047    0
13.6097    0
13.6147    0
13.6197    0
13.6247    0
13.6297    1
13.6347    0
13.6397    0
13.6447    0
13.6497    1
13.6547    0
13.6597    1
13.6647    1
13.6697    0
13.6747    0
13.6797    0
13.6847    1
13.6897    0
13.6947    0
13.6997    0
13.7047    0
13.7097    0
13.7147    0
13.7197    0
13.7247    1
13.7297    0
13.7347    0
13.7397    0
13.7447    0
13.7497    1
13.7547    0
13.7597    2
13.7647    0
13.7697    1
13.7747    0
13.7797    0
13.7847    1
13.7897    0
13.7947    1
13.7997    0
13.8047    0
13.8097    0
13.8147    0
13.8197    1
13.8247    0
13.8297    1
13.8347    0
13.8397    0
13.8447    2
13.8497    1
13.8547    0
13.8597    0
13.8647    1
13.8697    0
13.8747    1
13.8797    0
13.8847    0
13.8897    1
13.8947    0
13.8997    0
13.9047    0
13.9097    0
13.9147    1
13.9197    0
13.9247    0
13.9297    1
13.9347    0
13.9397    0
13.9447    0
13.9497    0
13.9547    0
13.9597    0
13.9647    0
13.9697    0
13.9747    0
13.9797    0
13.9847    0
13.9897    0
13.9947    1
13.9997    0
14.0047    0
14.0097    0
14.0147    0
14.0197    0
14.0247    0
14.0297    0
14.0347    0
14.0397    0
14.0447    1
14.0497    0
14.0547    0
14.0597    2
14.0647    0
14.0697    0
14.0747    0
14.0797    1
14.0847    0
14.0897    0
14.0947    0
14.0997    0
14.1047    0
14.1097    0
14.1147    0
14.1197    0
14.1247    0
14.1297    0
14.1347    1
14.1397    0
14.1447    0
14.1497    1
14.1547    0
14.1597    1
14.1647    0
14.1697    0
14.1747    1
14.1797    2
14.1847    0
14.1897    0
14.1947    0
14.1997    0
14.2047    0
14.2097    1
14.2147    0
14.2197    1
14.2247    0
14.2297    0
14.2347    0
14.2397    1
14.2447    0
14.2497    0
14.2547    0
14.2597    0
14.2647    0
14.2697    0
14.2747    0
14.2797    0
14.2847    0
14.2897    1
14.2947    1
14.2997    0
14.3047    0
14.3097    0
14.3147    0
14.3197    0
14.3247    1
14.3297    1
14.3347    1
14.3397    0
14.3447    0
14.3497    2
14.3547    1
14.3597    0
14.3647    0
14.3697    0
14.3747    0
14.3797    0
14.3847    1
14.3897    0
14.3947    0
14.3997    0
14.4047    0
14.4097    0
14.4147    0
14.4197    1
14.4247    0
14.4297    0
14.4347    0
14.4397    0
14.4447    0
14.4497    0
14.4547    0
14.4597    0
14.4647    0
14.4697    0
14.4747    0
14.4797    0
14.4847    1
14.4897    0
14.4947    0
14.4996    0
14.5046    0
14.5096    0
14.5146    1
14.5196    0
14.5246    0
14.5296    0
14.5346    0
14.5396    0
14.5446    0
14.5496    0
14.5546    0
14.5596    0
14.5646    0
14.5696    0
14.5746    0
14.5796    0
14.5846    0
14.5896    0
14.5946    0
14.5996    0
14.6046    0
14.6096    1
14.6146    0
14.6196    0
14.6246    0
14.6296    1
14.6346    0
14.6396    0
14.6446    1
14.6496    1
14.6546    0
14.6596    0
14.6646    1
14.6696    1
14.6746    0
14.6796    0
14.6846    0
14.6896    0
14.6946    0
14.6996    0
14.7046    0
14.7096    0
14.7146    1
14.7196    0
14.7246    0
14.7296    0
14.7346    0
14.7396    0
14.7446    0
14.7496    0
14.7546    0
14.7596    0
14.7646    0
14.7696    2
14.7746    0
14.7796    0
14.7846    0
14.7896    0
14.7946    0
14.7996    0
14.8046    1
14.8096    0
14.8146    0
14.8196    0
14.8246    0
14.8296    1
14.8346    0
14.8396    0
14.8446    1
14.8496    0
14.8546    0
14.8596    1
14.8646    0
14.8696    0
14.8746    0
14.8796    0
14.8846    0
14.8896    1
14.8946    0
14.8996    0
14.9046    0
14.9096    0
14.9146    0
14.9196    1
14.9246    0
14.9296    0
14.9346    0
14.9396    2
14.9446    0
14.9496    1
14.9546    0
14.9596    0
14.9646    0
14.9696    0
14.9746    0
14.9796    0
14.9846    0
14.9896    0
14.9946    0
14.9996    0
15.0046    0
15.0096    1
15.0146    0
15.0196    0
15.0246    0
15.0296    0
15.0346    1
15.0396    0
15.0446    0
15.0496    0
15.0546    0
15.0596    2
15.0646    0
15.0696    0
15.0746    0
15.0796    0
15.0846    0
15.0896    0
15.0946    0
15.0996    0
15.1046    1
15.1096    0
15.1146    0
15.1196    0
15.1246    0
15.1296    0
15.1346    0
15.1396    1
15.1446    0
15.1496    0
15.1546    0
15.1596    0
15.1646    0
15.1696    0
15.1746    0
15.1796    0
15.1846    1
15.1896    0
15.1946    0
15.1996    0
15.2046    0
15.2096    0
15.2146    0
15.2196    0
15.2246    0
15.2296    0
15.2346    0
15.2396    1
15.2446    0
15.2496    0
15.2546    0
15.2596    0
15.2646    0
15.2696    0
15.2746    0
15.2796    0
15.2846    0
15.2896    1
15.2946    0
15.2996    0
15.3046    0
15.3096    0
15.3146    0
15.3196    0
15.3246    1
15.3296    1
15.3346    0
15.3396    0
15.3446    0
15.3496    0
15.3546    1
15.3596    0
15.3646    0
15.3696    0
15.3746    0
15.3796    0
15.3846    0
15.3896    0
15.3946    0
15.3996    1
15.4046    0
15.4096    0
15.4146    0
15.4196    1
15.4246    0
15.4296    1
15.4346    0
15.4396    0
15.4446    0
15.4496    0
15.4546    0
15.4596    0
15.4646    0
15.4696    0
15.4746    0
15.4796    0
15.4846    0
15.4896    0
15.4946    0
15.4995    0
15.5045    0
15.5095    0
15.5145    0
15.5195    1
15.5245    0
15.5295    0
15.5345    0
15.5395    0
15.5445    0
15.5495    0
15.5545    0
15.5595    0
15.5645    0
15.5695    1
15.5745    0
15.5795    0
15.5845    1
15.5895    0
15.5945    0
15.5995    1
15.6045    0
15.6095    0
15.6145    0
15.6195    0
15.6245    1
15.6295    0
15.6345    0
15.6395    0
15.6445    0
15.6495    0
15.6545    0
15.6595    0
15.6645    0
15.6695    0
15.6745    0
15.6795    0
15.6845    1
15.6895    1
15.6945    0
15.6995    1
15.7045    0
15.7095    0
15.7145    0
15.7195    0
15.7245    0
15.7295    0
15.7345    0
15.7395    0
15.7445    0
15.7495    0
15.7545    0
15.7595    0
15.7645    0
15.7695    1
15.7745    0
15.7795    0
15.7845    0
15.7895    0
15.7945    1
15.7995    0
15.8045    0
15.8095    0
15.8145    0
15.8195    0
15.8245    0
15.8295    0
15.8345    0
15.8395    0
15.8445    0
15.8495    0
15.8545    1
15.8595    0
15.8645    0
15.8695    0
15.8745    0
15.8795    1
15.8845    0
15.8895    0
15.8945    0
15.8995    1
15.9045    0
15.9095    0
15.9145    0
15.9195    0
15.9245    0
15.9295    1
15.9345    0
15.9395    1
15.9445    0
15.9495    2
15.9545    0
15.9595    0
15.9645    0
15.9695    0
15.9745    0
15.9795    0
15.9845    0
15.9895    0
15.9945    0
15.9995    0
16.0045    1
16.0095    1
16.0145    0
16.0195    0
16.0245    0
16.0295    0
16.0345    0
16.0395    0
16.0445    0
16.0495    1
16.0545    0
16.0595    1
16.0645    0
16.0695    0
16.0745    0
16.0795    1
16.0845    0
16.0895    0
16.0945    0
16.0995    1
16.1045    0
16.1095    0
16.1145    0
16.1195    0
16.1245    0
16.1295    0
16.1345    2
16.1395    0
16.1445    0
16.1495    0
16.1545    0
16.1595    0
16.1645    1
16.1695    0
16.1745    1
16.1795    0
16.1845    0
16.1895    0
16.1945    0
16.1995    0
16.2045    1
16.2095    1
16.2145    0
16.2195    0
16.2245    1
16.2295    0
16.2345    0
16.2395    0
16.2445    0
16.2495    0
16.2545    0
16.2595    0
16.2645    0
16.2695    0
16.2745    1
16.2795    0
16.2845    0
16.2895    0
16.2945    0
16.2995    0
16.3045    0
16.3095    0
16.3145    1
16.3195    0
16.3245    0
16.3295    0
16.3345    0
16.3395    1
16.3445    1
16.3495    0
16.3545    0
16.3595    0
16.3645    0
16.3695    1
16.3745    0
16.3795    0
16.3845    0
16.3895    0
16.3945    1
16.3995    0
16.4045    0
16.4095    0
16.4145    0
16.4195    1
16.4245    0
16.4295    1
16.4345    0
16.4395    0
16.4445    0
16.4495    0
16.4545    0
16.4595    0
16.4645    1
16.4695    0
16.4745    0
16.4795    0
16.4845    0
16.4895    0
16.4945    0
16.4994    1
16.5044    0
16.5094    1
16.5144    0
16.5194    0
16.5244    0
16.5294    0
16.5344    0
16.5394    0
16.5444    0
16.5494    0
16.5544    0
16.5594    0
16.5644    0
16.5694    0
16.5744    1
16.5794    0
16.5844    0
16.5894    0
16.5944    0
16.5994    0
16.6044    1
16.6094    0
16.6144    0
16.6194    0
16.6244    0
16.6294    0
16.6344    0
16.6394    0
16.6444    1
16.6494    0
16.6544    0
16.6594    0
16.6644    0
16.6694    1
16.6744    0
16.6794    0
16.6844    0
16.6894    0
16.6944    0
16.6994    0
16.7044    0
16.7094    0
16.7144    0
16.7194    0
16.7244    0
16.7294    0
16.7344    0
16.7394    0
16.7444    0
16.7494    0
16.7544    0
16.7594    1
16.7644    0
16.7694    0
16.7744    0
16.7794    0
16.7844    0
16.7894    0
16.7944    0
16.7994    1
16.8044    0
16.8094    0
16.8144    0
16.8194    1
16.8244    0
16.8294    0
16.8344    0
16.8394    0
16.8444    0
16.8494    0
16.8544    0
16.8594    0
16.8644    0
16.8694    0
16.8744    0
16.8794    0
16.8844    0
16.8894    0
16.8944    0
16.8994    0
16.9044    0
16.9094    0
16.9144    0
16.9194    0
16.9244    0
16.9294    0
16.9344    0
16.9394    0
16.9444    1
16.9494    0
16.9544    0
16.9594    0
16.9644    1
16.9694    0
16.9744    1
16.9794    1
16.9844    0
16.9894    0
16.9944    0
16.9994    0
17.0044    0
17.0094    0
17.0144    0
17.0194    0
17.0244    0
17.0294    0
17.0344    0
17.0394    0
17.0444    0
17.0494    0
17.0544    0
17.0594    0
17.0644    0
17.0694    0
17.0744    0
17.0794    0
17.0844    0
17.0894    0
17.0944    0
17.0994    0
17.1044    0
17.1094    1
17.1144    0
17.1194    0
17.1244    0
17.1294    0
17.1344    1
17.1394    0
17.1444    0
17.1494    0
17.1544    0
17.1594    0
17.1644    0
17.1694    1
17.1744    0
17.1794    0
17.1844    0
17.1894    0
17.1944    0
17.1994    1
17.2044    0
17.2094    0
17.2144    0
17.2194    0
17.2244    0
17.2294    0
17.2344    0
17.2394    0
17.2444    0
17.2494    0
17.2544    0
17.2594    0
17.2644    0
17.2694    0
17.2744    0
17.2794    0
17.2844    0
17.2894    0
17.2944    0
17.2994    0
17.3044    0
17.3094    0
17.3144    0
17.3194    0
17.3244    0
17.3294    0
17.3344    0
17.3394    0
17.3444    0
17.3494    0
17.3544    0
17.3594    0
17.3644    0
17.3694    0
17.3744    0
17.3794    0
17.3844    0
17.3894    0
17.3944    1
17.3994    0
17.4044    0
17.4094    0
17.4144    0
17.4194    0
17.4244    0
17.4294    0
17.4344    1
17.4394    0
17.4444    0
17.4494    0
17.4544    2
17.4594    0
17.4644    0
17.4694    0
17.4744    0
17.4794    0
17.4844    0
17.4894    0
17.4944    0
17.4993    0
17.5043    0
17.5093    0
17.5143    0
17.5193    0
17.5243    0
17.5293    0
17.5343    0
17.5393    0
17.5443    0
17.5493    0
17.5543    0
17.5593    0
17.5643    0
17.5693    0
17.5743    1
17.5793    0
17.5843    1
17.5893    0
17.5943    0
17.5993    0
17.6043    0
17.6093    0
17.6143    0
17.6193    0
17.6243    0
17.6293    0
17.6343    0
17.6393    0
17.6443    0
17.6493    0
17.6543    1
17.6593    0
17.6643    0
17.6693    0
17.6743    0
17.6793    0
17.6843    1
17.6893    0
17.6943    0
17.6993    0
17.7043    0
17.7093    1
17.7143    0
17.7193    0
17.7243    0
17.7293    0
17.7343    0
17.7393    0
17.7443    0
17.7493    0
17.7543    0
17.7593    1
17.7643    0
17.7693    0
17.7743    1
17.7793    0
17.7843    0
17.7893    0
17.7943    0
17.7993    0
17.8043    0
17.8093    1
17.8143    0
17.8193    0
17.8243    0
17.8293    0
17.8343    0
17.8393    0
17.8443    0
17.8493    0
17.8543    0
17.8593    0
17.8643    0
17.8693    0
17.8743    1
17.8793    0
17.8843    0
17.8893    1
17.8943    0
17.8993    0
17.9043    0
17.9093    0
17.9143    0
17.9193    0
17.9243    0
17.9293    0
17.9343    0
17.9393    1
17.9443    0
17.9493    0
17.9543    0
17.9593    1
17.9643    0
17.9693    0
17.9743    0
17.9793    0
17.9843    0
17.9893    0
17.9943    0
17.9993    0
18.0043    0
18.0093    0
18.0143    0
18.0193    0
18.0243    0
18.0293    0
18.0343    0
18.0393    0
18.0443    0
18.0493    0
18.0543    0
18.0593    0
18.0643    0
18.0693    0
18.0743    0
18.0793    0
18.0843    0
18.0893    0
18.0943    0
18.0993    0
18.1043    0
18.1093    0
18.1143    0
18.1193    0
18.1243    1
18.1293    0
18.1343    0
18.1393    0
18.1443    0
18.1493    0
18.1543    0
18.1593    0
18.1643    0
18.1693    1
18.1743    0
18.1793    0
18.1843    0
18.1893    0
18.1943    0
18.1993    0
18.2043    1
18.2093    0
18.2143    0
18.2193    0
18.2243    0
18.2293    0
18.2343    0
18.2393    0
18.2443    0
18.2493    0
18.2543    0
18.2593    0
18.2643    0
18.2693    1
18.2743    0
18.2793    0
18.2843    0
18.2893    0
18.2943    0
18.2993    0
18.3043    0
18.3093    0
18.3143    0
18.3193    0
18.3243    0
18.3293    0
18.3343    0
18.3393    0
18.3443    0
18.3493    0
18.3543    0
18.3593    0
18.3643    0
18.3693    0
18.3743    0
18.3793    1
18.3843    0
18.3893    0
18.3943    0
18.3993    0
18.4043    0
18.4093    0
18.4143    0
18.4193    1
18.4243    0
18.4293    0
18.4343    0
18.4393    0
18.4443    0
18.4493    1
18.4543    0
18.4593    0
18.4643    0
18.4693    0
18.4743    0
18.4793    1
18.4843    0
18.4893    0
18.4943    0
18.4992    0
18.5042    0
18.5092    0
18.5142    0
18.5192    0
18.5242    0
18.5292    0
18.5342    0
18.5392    0
18.5442    1
18.5492    0
18.5542    0
18.5592    0
18.5642    1
18.5692    1
18.5742    0
18.5792    0
18.5842    0
18.5892    0
18.5942    0
18.5992    0
18.6042    1
18.6092    0
18.6142    0
18.6192    0
18.6242    0
18.6292    0
18.6342    0
18.6392    0
18.6442    0
18.6492    0
18.6542    0
18.6592    0
18.6642    0
18.6692    0
18.6742    0
18.6792    0
18.6842    0
18.6892    0
18.6942    0
18.6992    0
18.7042    0
18.7092    0
18.7142    0
18.7192    0
18.7242    0
18.7292    0
18.7342    0
18.7392    0
18.7442    0
18.7492    0
18.7542    1
18.7592    0
18.7642    0
18.7692    1
18.7742    1
18.7792    0
18.7842    0
18.7892    0
18.7942    0
18.7992    0
18.8042    0
18.8092    1
18.8142    0
18.8192    0
18.8242    0
18.8292    0
18.8342    0
18.8392    0
18.8442    1
18.8492    0
18.8542    0
18.8592    0
18.8642    0
18.8692    0
18.8742    0
18.8792    0
18.8842    0
18.8892    0
18.8942    0
18.8992    0
18.9042    0
18.9092    0
18.9142    1
18.9192    0
18.9242    0
18.9292    0
18.9342    0
18.9392    0
18.9442    0
18.9492    0
18.9542    0
18.9592    0
18.9642    0
18.9692    0
18.9742    1
18.9792    0
18.9842    0
18.9892    0
18.9942    0
18.9992    0
19.0042    0
19.0092    0
19.0142    1
19.0192    0
19.0242    0
19.0292    0
19.0342    0
19.0392    0
19.0442    0
19.0492    0
19.0542    1
19.0592    0
19.0642    0
19.0692    0
19.0742    0
19.0792    0
19.0842    0
19.0892    0
19.0942    0
19.0992    0
19.1042    0
19.1092    0
19.1142    0
19.1192    0
19.1242    0
19.1292    0
19.1342    0
19.1392    0
19.1442    0
19.1492    0
19.1542    0
19.1592    0
19.1642    0
19.1692    0
19.1742    0
19.1792    0
19.1842    0
19.1892    0
19.1942    0
19.1992    0
19.2042    0
19.2092    0
19.2142    0
19.2192    0
19.2242    0
19.2292    1
19.2342    0
19.2392    0
19.2442    0
19.2492    0
19.2542    0
19.2592    0
19.2642    0
19.2692    0
19.2742    1
19.2792    0
19.2842    0
19.2892    0
19.2942    0
19.2992    0
19.3042    1
19.3092    0
19.3142    0
19.3192    0
19.3242    0
19.3292    0
19.3342    0
19.3392    1
19.3442    0
19.3492    0
19.3542    0
19.3592    0
19.3642    0
19.3692    0
19.3742    0
19.3792    0
19.3842    0
19.3892    0
19.3942    0
19.3992    0
19.4042    0
19.4092    0
19.4142    1
19.4192    0
19.4242    2
19.4292    0
19.4342    0
19.4392    0
19.4442    1
19.4492    0
19.4542    0
19.4592    0
19.4642    0
19.4692    0
19.4742    0
19.4792    0
19.4842    0
19.4892    0
19.4942    0
19.4991    0
19.5041    1
19.5091    0
19.5141    0
19.5191    0
19.5241    0
19.5291    1
19.5341    0
19.5391    0
19.5441    0
19.5491    0
19.5541    0
19.5591    0
19.5641    0
19.5691    0
19.5741    0
19.5791    0
19.5841    0
19.5891    0
19.5941    0
19.5991    0
19.6041    0
19.6091    0
19.6141    0
19.6191    0
19.6241    0
19.6291    0
19.6341    0
19.6391    0
19.6441    0
19.6491    0
19.6541    0
19.6591    0
19.6641    0
19.6691    0
19.6741    0
19.6791    0
19.6841    0
19.6891    0
19.6941    0
19.6991    0
19.7041    0
19.7091    0
19.7141    0
19.7191    0
19.7241    0
19.7291    0
19.7341    0
19.7391    0
19.7441    0
19.7491    0
19.7541    0
19.7591    0
19.7641    0
19.7691    0
19.7741    0
19.7791    0
19.7841    0
19.7891    0
19.7941    0
19.7991    0
19.8041    1
19.8091    0
19.8141    0
19.8191    0
19.8241    0
19.8291    0
19.8341    0
19.8391    0
19.8441    0
19.8491    0
19.8541    0
19.8591    0
19.8641    0
19.8691    0
19.8741    0
19.8791    1
19.8841    0
19.8891    0
19.8941    0
19.8991    0
19.9041    0
19.9091    0
19.9141    0
19.9191    0
19.9241    0
19.9291    0
19.9341    0
19.9391    0
19.9441    0
19.9491    0
19.9541    0
19.9591    0
19.9641    0
19.9691    0
19.9741    0
19.9791    0
19.9841    0
19.9891    0
19.9941    0
