Bruker Nano GmbH Berlin, Germany
Esprit 1.9

Datum: 13.09.2021 16:12:19
Real-Zeit: 60000
Life-Zeit: 59664
Impulsdichte: 234

Primärenergie: 30
Abnahmewinkel: 35
Kippungwinkel: 0
Azimutwinkel: 90

Detektor-Typ: XFlash 410
Fenster-Typ: slew AP3.3
Detektordicke: 0.45
Si-Totschicht:0.029

Kalibrierung, lin.: 4.999
Kalibrierung, abs.: -478.852
Mn-FWHM: 124.408
Fano-Faktor: 0.113
Kanäle: 4096

Energie Impulse
-0.4789    0
-0.4739    0
-0.4689    0
-0.4639    0
-0.4589    0
-0.4539    0
-0.4489    0
-0.4439    0
-0.4389    0
-0.4339    0
-0.4289    0
-0.4239    0
-0.4189    0
-0.4139    0
-0.4089    0
-0.4039    0
-0.3989    0
-0.3939    0
-0.3889    0
-0.3839    0
-0.3789    0
-0.3739    0
-0.3689    0
-0.3639    0
-0.3589    0
-0.3539    0
-0.3489    0
-0.3439    0
-0.3389    0
-0.3339    0
-0.3289    0
-0.3239    0
-0.3189    0
-0.3139    0
-0.3089    0
-0.3039    0
-0.2989    0
-0.2939    0
-0.2889    0
-0.2839    0
-0.2789    0
-0.2739    0
-0.2689    0
-0.2639    0
-0.2589    0
-0.2539    0
-0.2489    0
-0.2439    0
-0.2389    0
-0.2339    0
-0.2289    0
-0.2239    0
-0.2189    0
-0.2139    0
-0.2089    0
-0.2039    0
-0.1989    0
-0.1939    0
-0.1889    0
-0.1839    0
-0.1789    0
-0.1739    0
-0.1689    0
-0.1639    0
-0.1589    0
-0.1539    0
-0.1489    0
-0.1439    0
-0.1389    0
-0.1339    0
-0.1289    0
-0.1239    0
-0.1189    0
-0.1139    0
-0.1089    0
-0.1039    0
-0.0989    0
-0.0939    0
-0.0889    0
-0.0839    0
-0.0789    0
-0.0739    0
-0.0689    0
-0.0639    0
-0.0589    0
-0.0539    0
-0.0489    8
-0.0439   18
-0.0389   49
-0.0339   94
-0.0289  208
-0.0239  376
-0.0189  622
-0.0139  979
-0.0089 1330
-0.0039 1576
 0.0011 1682
 0.0061 1537
 0.0111 1314
 0.0161  945
 0.0211  560
 0.0261  343
 0.0311  195
 0.0361   88
 0.0411   39
 0.0461   10
 0.0511    6
 0.0561    1
 0.0611    1
 0.0661    0
 0.0711    0
 0.0761    0
 0.0811    0
 0.0861    0
 0.0911    0
 0.0961    0
 0.1011    0
 0.1061    0
 0.1111    0
 0.1161    0
 0.1211    1
 0.1261    3
 0.1311    5
 0.1361    2
 0.1411    1
 0.1461    2
 0.1511    2
 0.1561    5
 0.1611    4
 0.1661    1
 0.1711    2
 0.1761    2
 0.1811    1
 0.1861    0
 0.1911    2
 0.1961    4
 0.2011    4
 0.2061    2
 0.2111    1
 0.2161    4
 0.2211    5
 0.2261    6
 0.2311    7
 0.2361   10
 0.2411   16
 0.2461   25
 0.2511   34
 0.2561   48
 0.2611   70
 0.2661   90
 0.2711  101
 0.2761  100
 0.2811   96
 0.2861   88
 0.2911   71
 0.2961   60
 0.3011   44
 0.3061   31
 0.3111   23
 0.3161   18
 0.3211   11
 0.3261    5
 0.3311    3
 0.3361    1
 0.3411    2
 0.3461    1
 0.3511    0
 0.3561    1
 0.3611    1
 0.3661    3
 0.3711    2
 0.3761    3
 0.3811    4
 0.3861    4
 0.3911    2
 0.3961    2
 0.4011    2
 0.4061    3
 0.4111    1
 0.4161    2
 0.4211    3
 0.4261    1
 0.4311    2
 0.4361    1
 0.4411    2
 0.4461    2
 0.4511    3
 0.4561    1
 0.4611    4
 0.4661    5
 0.4711    3
 0.4761    6
 0.4811    5
 0.4861   12
 0.4911   18
 0.4961   21
  0.501   35
  0.506   34
  0.511   46
  0.516   46
  0.521   69
  0.526   52
  0.531   73
  0.536   45
  0.541   42
  0.546   36
  0.551   23
  0.556   29
  0.561   11
  0.566   11
  0.571    6
  0.576    3
  0.581    4
  0.586    1
  0.591    1
  0.596    2
  0.601    0
  0.606    1
  0.611    0
  0.616    1
  0.621    2
  0.626    0
  0.631    0
  0.636    2
  0.641    1
  0.646    2
  0.651    1
  0.656    0
  0.661    2
  0.666    0
  0.671    0
  0.676    1
  0.681    0
  0.686    1
  0.691    2
  0.696    1
  0.701    1
  0.706    1
  0.711    0
  0.716    0
  0.721    1
  0.726    1
  0.731    4
  0.736    3
  0.741    0
  0.746    6
  0.751    1
  0.756    6
  0.761    1
  0.766    2
  0.771    1
  0.776    3
  0.781    2
  0.786    1
  0.791    1
  0.796    0
  0.801    0
  0.806    1
  0.811    2
  0.816    3
  0.821    0
  0.826    3
  0.831    3
  0.836    0
  0.841    0
  0.846    1
  0.851    3
  0.856    1
  0.861    2
  0.866    1
  0.871    2
  0.876    2
  0.881    2
  0.886    2
  0.891    1
  0.896    1
  0.901    4
  0.906    2
  0.911    2
  0.916    1
  0.921    6
  0.926    3
  0.931    3
  0.936    1
  0.941    3
  0.946    1
  0.951    1
  0.956    5
  0.961    2
  0.966    3
  0.971    1
  0.976    3
  0.981    3
  0.986    2
  0.991    8
  0.996    3
  1.001    5
  1.006   11
  1.011    9
  1.016    9
  1.021   12
  1.026   11
  1.031   17
  1.036   21
  1.041   18
  1.046   11
  1.051   19
  1.056   17
  1.061   19
  1.066   10
  1.071   14
  1.076   11
  1.081    9
  1.086   11
  1.091    8
  1.096    7
  1.101    3
  1.106    3
  1.111    4
  1.116    4
  1.121    2
  1.126    5
  1.131    2
  1.136   -1
  1.141    4
  1.146    4
  1.151    4
  1.156    3
  1.161    0
  1.166    6
  1.171    1
  1.176    2
  1.181    6
  1.186    3
  1.191    0
  1.196    3
  1.201    4
  1.206    3
  1.211    6
  1.216    3
  1.221    3
  1.226    3
  1.231    2
  1.236    5
  1.241    5
  1.246    3
  1.251    4
  1.256    3
  1.261    3
  1.266    3
  1.271    3
  1.276    5
  1.281    8
  1.286    6
  1.291    4
  1.296    3
  1.301    9
  1.306    5
  1.311    3
  1.316    1
  1.321    4
  1.326    4
  1.331    5
  1.336    4
  1.341    2
  1.346    3
  1.351    3
  1.356    4
  1.361    7
  1.366    4
  1.371    6
  1.376    5
  1.381    5
  1.386    3
  1.391    6
  1.396    5
  1.401    5
  1.406    1
  1.411    4
  1.416    5
  1.421    5
  1.426    6
  1.431    7
  1.436    4
  1.441    7
  1.446    6
  1.451    9
  1.456   11
  1.461   10
  1.466    7
  1.471    3
  1.476    4
  1.481    7
  1.486    6
  1.491    8
  1.496    9
 1.5009    9
 1.5059    5
 1.5109    8
 1.5159    6
 1.5209    8
 1.5259    5
 1.5309    7
 1.5359    8
 1.5409   10
 1.5459    8
 1.5509    6
 1.5559    9
 1.5609    9
 1.5659    4
 1.5709    5
 1.5759    6
 1.5809    7
 1.5859    6
 1.5909    5
 1.5959    8
 1.6009    9
 1.6059    7
 1.6109    4
 1.6159    6
 1.6209    6
 1.6259    3
 1.6309    4
 1.6359    6
 1.6409    5
 1.6459    8
 1.6509   12
 1.6559   15
 1.6609   15
 1.6659   21
 1.6709   25
 1.6759   45
 1.6809   70
 1.6859   94
 1.6909  116
 1.6959  149
 1.7009  176
 1.7059  209
 1.7109  273
 1.7159  334
 1.7209  362
 1.7259  424
 1.7309  480
 1.7359  467
 1.7409  463
 1.7459  492
 1.7509  457
 1.7559  453
 1.7609  441
 1.7659  396
 1.7709  334
 1.7759  281
 1.7809  238
 1.7859  206
 1.7909  166
 1.7959  131
 1.8009  107
 1.8059   90
 1.8109   64
 1.8159   53
 1.8209   39
 1.8259   26
 1.8309   30
 1.8359   29
 1.8409   23
 1.8459   21
 1.8509   28
 1.8559   23
 1.8609   16
 1.8659   12
 1.8709   12
 1.8759   13
 1.8809    9
 1.8859    7
 1.8909    6
 1.8959    5
 1.9009    5
 1.9059    5
 1.9109    6
 1.9159    6
 1.9209    6
 1.9259    3
 1.9309    3
 1.9359    2
 1.9409    3
 1.9459    4
 1.9509    4
 1.9559    4
 1.9609    2
 1.9659    2
 1.9709    3
 1.9759    1
 1.9809    2
 1.9859    3
 1.9909    3
 1.9959    2
 2.0009    0
 2.0059    0
 2.0109    2
 2.0159    4
 2.0209    3
 2.0259    2
 2.0309    3
 2.0359    5
 2.0409    4
 2.0459    3
 2.0509    3
 2.0559    3
 2.0609    5
 2.0659    3
 2.0709    2
 2.0759    1
 2.0809    3
 2.0859    2
 2.0909    4
 2.0959    4
 2.1009    0
 2.1059    2
 2.1109    3
 2.1159    2
 2.1209    3
 2.1259    2
 2.1309    4
 2.1359    3
 2.1409    1
 2.1459    2
 2.1509    3
 2.1559    1
 2.1609    1
 2.1659    3
 2.1709    5
 2.1759    3
 2.1809    3
 2.1859    2
 2.1909    2
 2.1959    4
 2.2009    3
 2.2059    2
 2.2109    2
 2.2159    3
 2.2209    3
 2.2259    2
 2.2309    2
 2.2359    4
 2.2409    3
 2.2459    4
 2.2509    4
 2.2559    3
 2.2609    4
 2.2659    6
 2.2709    5
 2.2759    6
 2.2809    8
 2.2859    6
 2.2909    5
 2.2959   10
 2.3009    9
 2.3059    7
 2.3109    8
 2.3159    8
 2.3209    5
 2.3259    7
 2.3309    6
 2.3359    5
 2.3409    7
 2.3459    5
 2.3509    5
 2.3559    4
 2.3609    4
 2.3659    5
 2.3709    2
 2.3759    2
 2.3809    2
 2.3859    2
 2.3909    1
 2.3959    2
 2.4009    5
 2.4059    6
 2.4109    3
 2.4159    2
 2.4209    5
 2.4259    2
 2.4309    3
 2.4359    3
 2.4409    2
 2.4459    1
 2.4509    6
 2.4559    3
 2.4609    3
 2.4659    4
 2.4709    3
 2.4759    3
 2.4809    4
 2.4859    2
 2.4909    4
 2.4959    3
 2.5008    3
 2.5058    1
 2.5108    4
 2.5158    4
 2.5208    3
 2.5258    5
 2.5308    5
 2.5358    5
 2.5408    5
 2.5458    3
 2.5508    3
 2.5558    5
 2.5608    2
 2.5658    3
 2.5708    6
 2.5758    4
 2.5808    2
 2.5858    4
 2.5908    1
 2.5958    0
 2.6008    3
 2.6058    1
 2.6108    2
 2.6158    2
 2.6208    3
 2.6258    3
 2.6308    5
 2.6358    4
 2.6408    4
 2.6458    6
 2.6508    4
 2.6558    3
 2.6608    2
 2.6658    5
 2.6708    3
 2.6758    3
 2.6808    3
 2.6858    3
 2.6908    1
 2.6958    4
 2.7008    2
 2.7058    2
 2.7108    4
 2.7158    5
 2.7208    4
 2.7258    4
 2.7308    2
 2.7358    2
 2.7408    4
 2.7458    1
 2.7508    2
 2.7558    2
 2.7608    3
 2.7658    3
 2.7708    2
 2.7758    6
 2.7808    5
 2.7858    2
 2.7908    1
 2.7958    2
 2.8008    2
 2.8058    1
 2.8108    2
 2.8158    2
 2.8208    2
 2.8258    4
 2.8308    2
 2.8358    3
 2.8408    3
 2.8458    1
 2.8508    6
 2.8558    1
 2.8608    4
 2.8658    3
 2.8708    6
 2.8758    4
 2.8808    2
 2.8858    3
 2.8908    3
 2.8958    0
 2.9008    0
 2.9058    3
 2.9108    2
 2.9158    2
 2.9208    2
 2.9258    2
 2.9308    3
 2.9358    5
 2.9408    1
 2.9458    4
 2.9508    4
 2.9558    2
 2.9608    1
 2.9658    2
 2.9708    3
 2.9758    4
 2.9808    4
 2.9858    0
 2.9908    3
 2.9958    2
 3.0008    4
 3.0058    2
 3.0108    1
 3.0158    2
 3.0208    2
 3.0258    2
 3.0308    4
 3.0358    2
 3.0408    2
 3.0458    1
 3.0508    6
 3.0558    2
 3.0608    3
 3.0658    6
 3.0708    1
 3.0758    3
 3.0808    0
 3.0858    3
 3.0908    8
 3.0958    1
 3.1008    2
 3.1058    5
 3.1108    4
 3.1158    4
 3.1208    1
 3.1258    1
 3.1308    3
 3.1358    3
 3.1408    2
 3.1458    2
 3.1508    5
 3.1558    3
 3.1608    3
 3.1658    5
 3.1708    1
 3.1758    2
 3.1808    5
 3.1858    1
 3.1908    1
 3.1958    1
 3.2008    1
 3.2058    3
 3.2108    2
 3.2158    3
 3.2208    2
 3.2258    5
 3.2308    2
 3.2358    3
 3.2408    1
 3.2458    4
 3.2508    5
 3.2558    4
 3.2608    3
 3.2658    2
 3.2708    3
 3.2758    3
 3.2808    3
 3.2858    2
 3.2908    5
 3.2958    4
 3.3008    4
 3.3058    4
 3.3108    3
 3.3158    2
 3.3208    3
 3.3258    5
 3.3308    4
 3.3358    1
 3.3408    1
 3.3458    4
 3.3508    5
 3.3558    1
 3.3608    7
 3.3658    1
 3.3708    2
 3.3758    4
 3.3808    3
 3.3858    1
 3.3908    1
 3.3958    4
 3.4008    2
 3.4058    1
 3.4108    2
 3.4158    2
 3.4208    5
 3.4258    2
 3.4308    5
 3.4358    3
 3.4408    2
 3.4458    3
 3.4508    4
 3.4558    1
 3.4608    2
 3.4658    5
 3.4708    2
 3.4758    5
 3.4808    1
 3.4858    3
 3.4908    5
 3.4958    6
 3.5007    1
 3.5057    5
 3.5107    1
 3.5157    2
 3.5207    3
 3.5257    4
 3.5307    2
 3.5357    1
 3.5407    2
 3.5457    1
 3.5507    1
 3.5557    6
 3.5607    1
 3.5657    2
 3.5707    1
 3.5757    1
 3.5807    4
 3.5857    5
 3.5907    2
 3.5957    4
 3.6007    4
 3.6057    3
 3.6107    1
 3.6157    3
 3.6207    2
 3.6257    2
 3.6307    3
 3.6357    3
 3.6407    5
 3.6457    3
 3.6507    4
 3.6557    3
 3.6607    6
 3.6657    3
 3.6707    6
 3.6757    3
 3.6807    3
 3.6857    2
 3.6907    1
 3.6957    4
 3.7007    1
 3.7057    4
 3.7107    3
 3.7157    2
 3.7207    7
 3.7257    4
 3.7307    2
 3.7357    1
 3.7407    1
 3.7457    3
 3.7507    5
 3.7557    1
 3.7607    0
 3.7657    2
 3.7707    2
 3.7757    5
 3.7807    2
 3.7857    2
 3.7907    3
 3.7957    2
 3.8007    4
 3.8057    1
 3.8107    4
 3.8157    5
 3.8207    3
 3.8257    1
 3.8307    3
 3.8357    1
 3.8407    4
 3.8457    1
 3.8507    0
 3.8557    2
 3.8607    2
 3.8657    3
 3.8707    2
 3.8757    3
 3.8807    6
 3.8857    5
 3.8907    1
 3.8957    2
 3.9007    1
 3.9057    5
 3.9107    3
 3.9157    1
 3.9207    2
 3.9257    2
 3.9307    1
 3.9357    5
 3.9407    3
 3.9457    3
 3.9507    2
 3.9557    2
 3.9607    0
 3.9657    2
 3.9707    2
 3.9757    5
 3.9807    1
 3.9857    1
 3.9907    2
 3.9957    5
 4.0007    2
 4.0057    2
 4.0107    2
 4.0157    0
 4.0207    3
 4.0257    3
 4.0307    4
 4.0357    3
 4.0407    2
 4.0457    5
 4.0507    1
 4.0557    2
 4.0607    1
 4.0657    1
 4.0707    4
 4.0757    2
 4.0807    2
 4.0857    5
 4.0907    2
 4.0957    1
 4.1007    3
 4.1057    1
 4.1107    1
 4.1157    3
 4.1207    2
 4.1257    3
 4.1307    1
 4.1357    1
 4.1407    3
 4.1457    5
 4.1507    1
 4.1557    1
 4.1607    3
 4.1657    3
 4.1707    3
 4.1757    4
 4.1807    1
 4.1857    2
 4.1907    1
 4.1957    3
 4.2007    1
 4.2057    1
 4.2107    3
 4.2157    1
 4.2207    2
 4.2257    2
 4.2307    2
 4.2357    1
 4.2407    3
 4.2457    2
 4.2507    1
 4.2557    3
 4.2607    2
 4.2657    2
 4.2707    3
 4.2757    1
 4.2807    2
 4.2857    1
 4.2907    1
 4.2957    1
 4.3007    5
 4.3057    3
 4.3107    0
 4.3157    1
 4.3207    2
 4.3257    1
 4.3307    1
 4.3357    5
 4.3407    3
 4.3457    1
 4.3507    0
 4.3557    2
 4.3607    2
 4.3657    0
 4.3707    2
 4.3757    4
 4.3807    2
 4.3857    2
 4.3907    1
 4.3957    1
 4.4007    3
 4.4057    3
 4.4107    2
 4.4157    1
 4.4207    1
 4.4257    2
 4.4307    1
 4.4357    2
 4.4407    3
 4.4457    3
 4.4507    3
 4.4557    3
 4.4607    4
 4.4657    3
 4.4707    3
 4.4757    2
 4.4807    2
 4.4857    1
 4.4907    1
 4.4957    3
 4.5006    1
 4.5056    0
 4.5106    1
 4.5156    2
 4.5206    2
 4.5256    1
 4.5306    2
 4.5356    3
 4.5406    2
 4.5456    3
 4.5506    2
 4.5556    1
 4.5606    2
 4.5656    3
 4.5706    1
 4.5756    2
 4.5806    2
 4.5856    0
 4.5906    0
 4.5956    1
 4.6006    3
 4.6056    2
 4.6106    2
 4.6156    4
 4.6206    3
 4.6256    3
 4.6306    1
 4.6356    2
 4.6406    4
 4.6456    4
 4.6506    1
 4.6556    2
 4.6606    2
 4.6656    3
 4.6706    3
 4.6756    4
 4.6806    3
 4.6856    1
 4.6906    2
 4.6956    1
 4.7006    2
 4.7056    2
 4.7106    2
 4.7156    2
 4.7206    1
 4.7256    1
 4.7306    3
 4.7356    2
 4.7406    2
 4.7456    3
 4.7506    3
 4.7556    2
 4.7606    4
 4.7656    3
 4.7706    0
 4.7756    2
 4.7806    2
 4.7856    2
 4.7906    4
 4.7956    4
 4.8006    2
 4.8056    2
 4.8106    1
 4.8156    2
 4.8206    2
 4.8256    2
 4.8306    3
 4.8356    4
 4.8406    3
 4.8456    2
 4.8506    3
 4.8556    2
 4.8606    1
 4.8656    1
 4.8706    2
 4.8756    2
 4.8806    2
 4.8856    2
 4.8906    3
 4.8956    3
 4.9006    1
 4.9056    3
 4.9106    2
 4.9156    1
 4.9206    1
 4.9256    3
 4.9306    3
 4.9356    2
 4.9406    3
 4.9456    2
 4.9506    1
 4.9556    2
 4.9606    2
 4.9656    3
 4.9706    2
 4.9756    1
 4.9806    1
 4.9856    2
 4.9906    2
 4.9956    2
 5.0006    2
 5.0056    2
 5.0106    2
 5.0156    1
 5.0206    1
 5.0256    3
 5.0306    3
 5.0356    2
 5.0406    3
 5.0456    4
 5.0506    5
 5.0556    3
 5.0606    1
 5.0656    2
 5.0706    2
 5.0756    2
 5.0806    1
 5.0856    1
 5.0906    2
 5.0956    2
 5.1006    1
 5.1056    2
 5.1106    3
 5.1156    3
 5.1206    0
 5.1256    0
 5.1306    1
 5.1356    1
 5.1406    1
 5.1456    2
 5.1506    2
 5.1556    2
 5.1606    2
 5.1656    1
 5.1706    1
 5.1756    1
 5.1806    1
 5.1856    1
 5.1906    2
 5.1956    3
 5.2006    5
 5.2056    3
 5.2106    2
 5.2156    2
 5.2206    2
 5.2256    6
 5.2306    3
 5.2356    0
 5.2406    2
 5.2456    5
 5.2506    1
 5.2556    2
 5.2606    1
 5.2656    2
 5.2706    1
 5.2756    2
 5.2806    1
 5.2856    1
 5.2906    4
 5.2956    2
 5.3006    2
 5.3056    5
 5.3106    5
 5.3156    2
 5.3206    1
 5.3256    1
 5.3306    1
 5.3356    1
 5.3406    3
 5.3456    1
 5.3506    1
 5.3556    2
 5.3606    0
 5.3656    1
 5.3706    0
 5.3756    0
 5.3806    0
 5.3856    1
 5.3906    3
 5.3956    1
 5.4006    2
 5.4056    4
 5.4106    4
 5.4156    0
 5.4206    1
 5.4256    2
 5.4306    0
 5.4356    1
 5.4406    3
 5.4456    2
 5.4506    0
 5.4556    1
 5.4606    0
 5.4656    2
 5.4706    2
 5.4756    3
 5.4806    1
 5.4856    3
 5.4906    4
 5.4956    1
 5.5005    2
 5.5055    1
 5.5105    0
 5.5155    0
 5.5205    2
 5.5255    3
 5.5305    1
 5.5355    1
 5.5405    1
 5.5455    3
 5.5505    1
 5.5555    1
 5.5605    3
 5.5655    1
 5.5705    1
 5.5755    1
 5.5805    4
 5.5855    1
 5.5905    4
 5.5955    1
 5.6005    1
 5.6055    2
 5.6105    1
 5.6155    1
 5.6205    1
 5.6255    2
 5.6305    1
 5.6355    2
 5.6405    3
 5.6455    0
 5.6505    2
 5.6555    0
 5.6605    0
 5.6655    0
 5.6705    0
 5.6755    1
 5.6805    3
 5.6855    1
 5.6905    1
 5.6955    1
 5.7005    1
 5.7055    0
 5.7105    3
 5.7155    0
 5.7205    1
 5.7255    2
 5.7305    1
 5.7355    4
 5.7405    3
 5.7455    0
 5.7505    1
 5.7555    5
 5.7605    2
 5.7655    1
 5.7705    2
 5.7755    2
 5.7805    2
 5.7855    4
 5.7905    0
 5.7955    1
 5.8005    3
 5.8055    3
 5.8105    2
 5.8155    1
 5.8205    1
 5.8255    3
 5.8305    1
 5.8355    1
 5.8405    0
 5.8455    2
 5.8505    2
 5.8555    1
 5.8605    1
 5.8655    2
 5.8705    3
 5.8755    1
 5.8805    2
 5.8855    3
 5.8905    2
 5.8955    2
 5.9005    2
 5.9055    3
 5.9105    3
 5.9155    0
 5.9205    1
 5.9255    2
 5.9305    0
 5.9355    2
 5.9405    0
 5.9455    2
 5.9505    2
 5.9555    0
 5.9605    0
 5.9655    1
 5.9705    2
 5.9755    2
 5.9805    2
 5.9855    4
 5.9905    0
 5.9955    1
 6.0005    2
 6.0055    0
 6.0105    2
 6.0155    0
 6.0205    2
 6.0255    1
 6.0305    1
 6.0355    1
 6.0405    1
 6.0455    2
 6.0505    1
 6.0555    4
 6.0605    3
 6.0655    1
 6.0705    2
 6.0755    1
 6.0805    1
 6.0855    4
 6.0905    2
 6.0955    0
 6.1005    1
 6.1055    3
 6.1105    2
 6.1155    1
 6.1205    0
 6.1255    3
 6.1305    1
 6.1355    0
 6.1405    0
 6.1455    0
 6.1505    3
 6.1555    0
 6.1605    2
 6.1655    0
 6.1705    3
 6.1755    1
 6.1805    1
 6.1855    0
 6.1905    1
 6.1955    2
 6.2005    0
 6.2055    1
 6.2105    2
 6.2155    0
 6.2205    0
 6.2255    2
 6.2305    2
 6.2355    0
 6.2405    0
 6.2455    1
 6.2505    1
 6.2555    0
 6.2605    1
 6.2655    1
 6.2705    1
 6.2755    1
 6.2805    3
 6.2855    0
 6.2905    0
 6.2955    1
 6.3005    3
 6.3055    0
 6.3105    0
 6.3155    1
 6.3205    3
 6.3255    1
 6.3305    1
 6.3355    3
 6.3405    2
 6.3455    2
 6.3505    2
 6.3555    3
 6.3605    2
 6.3655    1
 6.3705    0
 6.3755    4
 6.3805    4
 6.3855    5
 6.3905    4
 6.3955    1
 6.4005    1
 6.4055    3
 6.4105    0
 6.4155    4
 6.4205    1
 6.4255    3
 6.4305    3
 6.4355    3
 6.4405    1
 6.4455    2
 6.4505    4
 6.4555    1
 6.4605    0
 6.4655    2
 6.4705    2
 6.4755    2
 6.4805    0
 6.4855    0
 6.4905    1
 6.4955    2
 6.5004    0
 6.5054    0
 6.5104    2
 6.5154    3
 6.5204    4
 6.5254    1
 6.5304    1
 6.5354    3
 6.5404    1
 6.5454    0
 6.5504    1
 6.5554    2
 6.5604    2
 6.5654    3
 6.5704    1
 6.5754    1
 6.5804    3
 6.5854    0
 6.5904    2
 6.5954    3
 6.6004    1
 6.6054    3
 6.6104    1
 6.6154    1
 6.6204    0
 6.6254    0
 6.6304    3
 6.6354    3
 6.6404    2
 6.6454    1
 6.6504    1
 6.6554    3
 6.6604    2
 6.6654    1
 6.6704    0
 6.6754    3
 6.6804    0
 6.6854    3
 6.6904    1
 6.6954    1
 6.7004    0
 6.7054    0
 6.7104    1
 6.7154    0
 6.7204    1
 6.7254    2
 6.7304    2
 6.7354    3
 6.7404    0
 6.7454    2
 6.7504    0
 6.7554    2
 6.7604    2
 6.7654    2
 6.7704    1
 6.7754    2
 6.7804    1
 6.7854    2
 6.7904    3
 6.7954    3
 6.8004    1
 6.8054    1
 6.8104    4
 6.8154    3
 6.8204    2
 6.8254    0
 6.8304    5
 6.8354    0
 6.8404    1
 6.8454    1
 6.8504    2
 6.8554    2
 6.8604    1
 6.8654    1
 6.8704    2
 6.8754    0
 6.8804    0
 6.8854    2
 6.8904    3
 6.8954    2
 6.9004    5
 6.9054    3
 6.9104    0
 6.9154    2
 6.9204    0
 6.9254    2
 6.9304    0
 6.9354    1
 6.9404    1
 6.9454    1
 6.9504    0
 6.9554    1
 6.9604    1
 6.9654    4
 6.9704    1
 6.9754    1
 6.9804    0
 6.9854    0
 6.9904    4
 6.9954    0
 7.0004    2
 7.0054    1
 7.0104    2
 7.0154    1
 7.0204    2
 7.0254    2
 7.0304    2
 7.0354    1
 7.0404    2
 7.0454    0
 7.0504    0
 7.0554    1
 7.0604    0
 7.0654    1
 7.0704    1
 7.0754    2
 7.0804    1
 7.0854    1
 7.0904    3
 7.0954    0
 7.1004    0
 7.1054    1
 7.1104    0
 7.1154    2
 7.1204    0
 7.1254    1
 7.1304    0
 7.1354    1
 7.1404    2
 7.1454    0
 7.1504    2
 7.1554    0
 7.1604    3
 7.1654    2
 7.1704    2
 7.1754    0
 7.1804    1
 7.1854    1
 7.1904    0
 7.1954    3
 7.2004    1
 7.2054    0
 7.2104    1
 7.2154    2
 7.2204    1
 7.2254    1
 7.2304    2
 7.2354    1
 7.2404    1
 7.2454    5
 7.2504    1
 7.2554    0
 7.2604    1
 7.2654    0
 7.2704    0
 7.2754    4
 7.2804    2
 7.2854    0
 7.2904    1
 7.2954    1
 7.3004    1
 7.3054    0
 7.3104    0
 7.3154    1
 7.3204    2
 7.3254    1
 7.3304    1
 7.3354    2
 7.3404    2
 7.3454    0
 7.3504    2
 7.3554    1
 7.3604    2
 7.3654    1
 7.3704    0
 7.3754    2
 7.3804    1
 7.3854    2
 7.3904    1
 7.3954    1
 7.4004    2
 7.4054    2
 7.4104    0
 7.4154    4
 7.4204    1
 7.4254    4
 7.4304    1
 7.4354    1
 7.4404    1
 7.4454    2
 7.4504    3
 7.4554    1
 7.4604    0
 7.4654    2
 7.4704    3
 7.4754    3
 7.4804    0
 7.4854    1
 7.4904    2
 7.4954    2
 7.5003    2
 7.5053    0
 7.5103    2
 7.5153    0
 7.5203    1
 7.5253    0
 7.5303    1
 7.5353    2
 7.5403    1
 7.5453    1
 7.5503    0
 7.5553    2
 7.5603    1
 7.5653    2
 7.5703    1
 7.5753    0
 7.5803    0
 7.5853    2
 7.5903    0
 7.5953    3
 7.6003    1
 7.6053    0
 7.6103    0
 7.6153    2
 7.6203    0
 7.6253    2
 7.6303    0
 7.6353    0
 7.6403    0
 7.6453    2
 7.6503    1
 7.6553    0
 7.6603    0
 7.6653    1
 7.6703    1
 7.6753    3
 7.6803    0
 7.6853    1
 7.6903    2
 7.6953    0
 7.7003    0
 7.7053    3
 7.7103    3
 7.7153    0
 7.7203    3
 7.7253    2
 7.7303    2
 7.7353    1
 7.7403    0
 7.7453    2
 7.7503    3
 7.7553    1
 7.7603    2
 7.7653    1
 7.7703    0
 7.7753    2
 7.7803    0
 7.7853    0
 7.7903    2
 7.7953    0
 7.8003    1
 7.8053    1
 7.8103    3
 7.8153    1
 7.8203    0
 7.8253    1
 7.8303    1
 7.8353    1
 7.8403    1
 7.8453    0
 7.8503    1
 7.8553    1
 7.8603    0
 7.8653    1
 7.8703    3
 7.8753    2
 7.8803    2
 7.8853    3
 7.8903    0
 7.8953    3
 7.9003    1
 7.9053    1
 7.9103    0
 7.9153    0
 7.9203    0
 7.9253    0
 7.9303    0
 7.9353    2
 7.9403    0
 7.9453    0
 7.9503    2
 7.9553    2
 7.9603    0
 7.9653    0
 7.9703    1
 7.9753    2
 7.9803    2
 7.9853    0
 7.9903    0
 7.9953    0
 8.0003    1
 8.0053    1
 8.0103    0
 8.0153    0
 8.0203    2
 8.0253    2
 8.0303    1
 8.0353    0
 8.0403    1
 8.0453    2
 8.0503    1
 8.0553    1
 8.0603    0
 8.0653    1
 8.0703    0
 8.0753    1
 8.0803    2
 8.0853    1
 8.0903    0
 8.0953    0
 8.1003    4
 8.1053    1
 8.1103    1
 8.1153    1
 8.1203    4
 8.1253    1
 8.1303    0
 8.1353    0
 8.1403    1
 8.1453    0
 8.1503    3
 8.1553    0
 8.1603    0
 8.1653    1
 8.1703    1
 8.1753    1
 8.1803    2
 8.1853    0
 8.1903    1
 8.1953    1
 8.2003    1
 8.2053    3
 8.2103    0
 8.2153    1
 8.2203    0
 8.2253    2
 8.2303    0
 8.2353    0
 8.2403    2
 8.2453    0
 8.2503    1
 8.2553    3
 8.2603    0
 8.2653    2
 8.2703    0
 8.2753    1
 8.2803    0
 8.2853    2
 8.2903    0
 8.2953    0
 8.3003    0
 8.3053    3
 8.3103    1
 8.3153    0
 8.3203    0
 8.3253    3
 8.3303    1
 8.3353    0
 8.3403    0
 8.3453    1
 8.3503    0
 8.3553    0
 8.3603    1
 8.3653    1
 8.3703    4
 8.3753    2
 8.3803    1
 8.3853    2
 8.3903    1
 8.3953    2
 8.4003    0
 8.4053    1
 8.4103    2
 8.4153    1
 8.4203    0
 8.4253    1
 8.4303    1
 8.4353    0
 8.4403    1
 8.4453    0
 8.4503    0
 8.4553    0
 8.4603    2
 8.4653    2
 8.4703    2
 8.4753    0
 8.4803    1
 8.4853    0
 8.4903    1
 8.4953    2
 8.5002    0
 8.5052    2
 8.5102    1
 8.5152    2
 8.5202    2
 8.5252    1
 8.5302    1
 8.5352    1
 8.5402    0
 8.5452    2
 8.5502    4
 8.5552    2
 8.5602    1
 8.5652    1
 8.5702    2
 8.5752    0
 8.5802    3
 8.5852    0
 8.5902    1
 8.5952    0
 8.6002    1
 8.6052    1
 8.6102    1
 8.6152    0
 8.6202    1
 8.6252    0
 8.6302    2
 8.6352    3
 8.6402    0
 8.6452    3
 8.6502    2
 8.6552    1
 8.6602    2
 8.6652    0
 8.6702    0
 8.6752    0
 8.6802    2
 8.6852    1
 8.6902    1
 8.6952    2
 8.7002    2
 8.7052    1
 8.7102    1
 8.7152    0
 8.7202    2
 8.7252    0
 8.7302    1
 8.7352    0
 8.7402    1
 8.7452    0
 8.7502    1
 8.7552    0
 8.7602    1
 8.7652    0
 8.7702    3
 8.7752    0
 8.7802    0
 8.7852    1
 8.7902    0
 8.7952    1
 8.8002    0
 8.8052    0
 8.8102    0
 8.8152    1
 8.8202    1
 8.8252    0
 8.8302    1
 8.8352    1
 8.8402    3
 8.8452    1
 8.8502    1
 8.8552    0
 8.8602    3
 8.8652    1
 8.8702    1
 8.8752    0
 8.8802    1
 8.8852    0
 8.8902    0
 8.8952    1
 8.9002    1
 8.9052    0
 8.9102    0
 8.9152    3
 8.9202    0
 8.9252    2
 8.9302    0
 8.9352    1
 8.9402    0
 8.9452    2
 8.9502    0
 8.9552    0
 8.9602    1
 8.9652    1
 8.9702    1
 8.9752    2
 8.9802    3
 8.9852    1
 8.9902    1
 8.9952    1
 9.0002    0
 9.0052    3
 9.0102    0
 9.0152    1
 9.0202    0
 9.0252    0
 9.0302    1
 9.0352    0
 9.0402    1
 9.0452    2
 9.0502    0
 9.0552    1
 9.0602    1
 9.0652    0
 9.0702    2
 9.0752    1
 9.0802    1
 9.0852    1
 9.0902    1
 9.0952    2
 9.1002    2
 9.1052    2
 9.1102    0
 9.1152    1
 9.1202    1
 9.1252    0
 9.1302    0
 9.1352    0
 9.1402    1
 9.1452    0
 9.1502    0
 9.1552    0
 9.1602    0
 9.1652    0
 9.1702    1
 9.1752    1
 9.1802    0
 9.1852    0
 9.1902    0
 9.1952    1
 9.2002    0
 9.2052    0
 9.2102    1
 9.2152    1
 9.2202    2
 9.2252    1
 9.2302    0
 9.2352    1
 9.2402    1
 9.2452    0
 9.2502    0
 9.2552    1
 9.2602    1
 9.2652    1
 9.2702    1
 9.2752    0
 9.2802    0
 9.2852    0
 9.2902    0
 9.2952    1
 9.3002    0
 9.3052    0
 9.3102    0
 9.3152    1
 9.3202    0
 9.3252    0
 9.3302    4
 9.3352    1
 9.3402    0
 9.3452    2
 9.3502    1
 9.3552    2
 9.3602    0
 9.3652    0
 9.3702    0
 9.3752    2
 9.3802    1
 9.3852    2
 9.3902    0
 9.3952    1
 9.4002    0
 9.4052    1
 9.4102    2
 9.4152    1
 9.4202    0
 9.4252    1
 9.4302    0
 9.4352    0
 9.4402    2
 9.4452    0
 9.4502    1
 9.4552    1
 9.4602    0
 9.4652    0
 9.4702    2
 9.4752    0
 9.4802    0
 9.4852    2
 9.4902    1
 9.4952    1
 9.5001    3
 9.5051    0
 9.5101    0
 9.5151    3
 9.5201    0
 9.5251    1
 9.5301    1
 9.5351    1
 9.5401    2
 9.5451    0
 9.5501    1
 9.5551    0
 9.5601    1
 9.5651    1
 9.5701    0
 9.5751    0
 9.5801    0
 9.5851    1
 9.5901    0
 9.5951    0
 9.6001    0
 9.6051    0
 9.6101    1
 9.6151    0
 9.6201    1
 9.6251    1
 9.6301    0
 9.6351    1
 9.6401    1
 9.6451    0
 9.6501    0
 9.6551    1
 9.6601    1
 9.6651    2
 9.6701    0
 9.6751    3
 9.6801    0
 9.6851    0
 9.6901    0
 9.6951    1
 9.7001    1
 9.7051    1
 9.7101    1
 9.7151    1
 9.7201    0
 9.7251    3
 9.7301    1
 9.7351    2
 9.7401    2
 9.7451    2
 9.7501    0
 9.7551    0
 9.7601    1
 9.7651    2
 9.7701    0
 9.7751    0
 9.7801    4
 9.7851    0
 9.7901    1
 9.7951    0
 9.8001    1
 9.8051    0
 9.8101    1
 9.8151    1
 9.8201    1
 9.8251    0
 9.8301    1
 9.8351    0
 9.8401    0
 9.8451    0
 9.8501    0
 9.8551    0
 9.8601    0
 9.8651    0
 9.8701    1
 9.8751    1
 9.8801    0
 9.8851    0
 9.8901    0
 9.8951    1
 9.9001    1
 9.9051    0
 9.9101    1
 9.9151    1
 9.9201    2
 9.9251    0
 9.9301    0
 9.9351    0
 9.9401    2
 9.9451    1
 9.9501    1
 9.9551    1
 9.9601    1
 9.9651    1
 9.9701    0
 9.9751    1
 9.9801    1
 9.9851    1
 9.9901    0
 9.9951    1
10.0001    0
10.0051    0
10.0101    1
10.0151    0
10.0201    4
10.0251    0
10.0301    1
10.0351    0
10.0401    0
10.0451    0
10.0501    0
10.0551    1
10.0601    0
10.0651    1
10.0701    1
10.0751    0
10.0801    0
10.0851    0
10.0901    0
10.0951    0
10.1001    1
10.1051    0
10.1101    1
10.1151    0
10.1201    1
10.1251    0
10.1301    1
10.1351    0
10.1401    2
10.1451    0
10.1501    0
10.1551    2
10.1601    0
10.1651    1
10.1701    0
10.1751    1
10.1801    0
10.1851    1
10.1901    0
10.1951    1
10.2001    0
10.2051    0
10.2101    2
10.2151    2
10.2201    1
10.2251    0
10.2301    1
10.2351    2
10.2401    1
10.2451    1
10.2501    0
10.2551    0
10.2601    1
10.2651    1
10.2701    1
10.2751    0
10.2801    1
10.2851    0
10.2901    2
10.2951    0
10.3001    2
10.3051    0
10.3101    1
10.3151    0
10.3201    0
10.3251    0
10.3301    0
10.3351    1
10.3401    0
10.3451    0
10.3501    3
10.3551    0
10.3601    0
10.3651    1
10.3701    0
10.3751    1
10.3801    0
10.3851    2
10.3901    0
10.3951    1
10.4001    0
10.4051    1
10.4101    1
10.4151    0
10.4201    0
10.4251    1
10.4301    0
10.4351    1
10.4401    0
10.4451    1
10.4501    0
10.4551    1
10.4601    0
10.4651    0
10.4701    0
10.4751    0
10.4801    0
10.4851    1
10.4901    0
10.4951    2
   10.5    1
 10.505    2
  10.51    0
 10.515    0
  10.52    0
 10.525    0
  10.53    0
 10.535    0
  10.54    0
 10.545    0
  10.55    1
 10.555    0
  10.56    0
 10.565    0
  10.57    0
 10.575    1
  10.58    0
 10.585    0
  10.59    1
 10.595    1
   10.6    2
 10.605    0
  10.61    1
 10.615    1
  10.62    0
 10.625    1
  10.63    0
 10.635    3
  10.64    0
 10.645    2
  10.65    0
 10.655    1
  10.66    0
 10.665    2
  10.67    1
 10.675    0
  10.68    2
 10.685    0
  10.69    0
 10.695    1
   10.7    0
 10.705    3
  10.71    0
 10.715    0
  10.72    0
 10.725    2
  10.73    1
 10.735    1
  10.74    2
 10.745    0
  10.75    1
 10.755    1
  10.76    0
 10.765    2
  10.77    1
 10.775    1
  10.78    0
 10.785    0
  10.79    2
 10.795    0
   10.8    0
 10.805    2
  10.81    1
 10.815    1
  10.82    0
 10.825    1
  10.83    2
 10.835    0
  10.84    2
 10.845    1
  10.85    2
 10.855    1
  10.86    2
 10.865    0
  10.87    1
 10.875    0
  10.88    0
 10.885    0
  10.89    0
 10.895    1
   10.9    3
 10.905    0
  10.91    0
 10.915    0
  10.92    0
 10.925    1
  10.93    0
 10.935    2
  10.94    0
 10.945    0
  10.95    2
 10.955    0
  10.96    0
 10.965    3
  10.97    0
 10.975    0
  10.98    1
 10.985    1
  10.99    3
 10.995    1
     11    2
 11.005    1
  11.01    1
 11.015    0
  11.02    0
 11.025    0
  11.03    0
 11.035    0
  11.04    1
 11.045    0
  11.05    0
 11.055    0
  11.06    1
 11.065    0
  11.07    0
 11.075    0
  11.08    1
 11.085    2
  11.09    0
 11.095    2
   11.1    0
 11.105    1
  11.11    0
 11.115    1
  11.12    0
 11.125    0
  11.13    1
 11.135    0
  11.14    1
 11.145    0
  11.15    0
 11.155    0
  11.16    0
 11.165    0
  11.17    1
 11.175    1
  11.18    0
 11.185    0
  11.19    1
 11.195    0
   11.2    0
 11.205    2
  11.21    0
 11.215    1
  11.22    1
 11.225    1
  11.23    1
 11.235    0
  11.24    0
 11.245    0
  11.25    0
 11.255    1
  11.26    1
 11.265    0
  11.27    0
 11.275    0
  11.28    0
 11.285    0
  11.29    0
 11.295    0
   11.3    0
 11.305    0
  11.31    0
 11.315    0
  11.32    0
 11.325    0
  11.33    0
 11.335    2
  11.34    0
 11.345    0
  11.35    1
 11.355    1
  11.36    0
 11.365    1
  11.37    1
 11.375    0
  11.38    0
 11.385    0
  11.39    0
 11.395    0
   11.4    0
 11.405    0
  11.41    0
 11.415    0
  11.42    1
 11.425    0
  11.43    1
 11.435    1
  11.44    0
 11.445    0
  11.45    0
 11.455    1
  11.46    1
 11.465    2
  11.47    1
 11.475    0
  11.48    1
 11.485    1
  11.49    1
 11.495    1
11.4999    0
11.5049    1
11.5099    1
11.5149    0
11.5199    1
11.5249    1
11.5299    0
11.5349    1
11.5399    1
11.5449    0
11.5499    0
11.5549    1
11.5599    0
11.5649    0
11.5699    1
11.5749    1
11.5799    1
11.5849    2
11.5899    1
11.5949    0
11.5999    0
11.6049    2
11.6099    0
11.6149    0
11.6199    0
11.6249    1
11.6299    0
11.6349    1
11.6399    0
11.6449    0
11.6499    1
11.6549    0
11.6599    1
11.6649    0
11.6699    1
11.6749    2
11.6799    0
11.6849    1
11.6899    0
11.6949    0
11.6999    0
11.7049    2
11.7099    0
11.7149    0
11.7199    1
11.7249    0
11.7299    0
11.7349    0
11.7399    0
11.7449    0
11.7499    0
11.7549    0
11.7599    0
11.7649    0
11.7699    2
11.7749    0
11.7799    0
11.7849    0
11.7899    0
11.7949    0
11.7999    1
11.8049    0
11.8099    0
11.8149    0
11.8199    0
11.8249    2
11.8299    0
11.8349    1
11.8399    0
11.8449    1
11.8499    0
11.8549    0
11.8599    1
11.8649    0
11.8699    0
11.8749    0
11.8799    0
11.8849    0
11.8899    0
11.8949    0
11.8999    0
11.9049    0
11.9099    0
11.9149    0
11.9199    0
11.9249    1
11.9299    0
11.9349    0
11.9399    0
11.9449    1
11.9499    1
11.9549    0
11.9599    1
11.9649    1
11.9699    1
11.9749    0
11.9799    0
11.9849    1
11.9899    0
11.9949    0
11.9999    0
12.0049    1
12.0099    0
12.0149    2
12.0199    0
12.0249    0
12.0299    1
12.0349    0
12.0399    0
12.0449    0
12.0499    1
12.0549    0
12.0599    0
12.0649    0
12.0699    1
12.0749    0
12.0799    0
12.0849    0
12.0899    1
12.0949    0
12.0999    0
12.1049    0
12.1099    0
12.1149    0
12.1199    1
12.1249    0
12.1299    0
12.1349    1
12.1399    0
12.1449    0
12.1499    1
12.1549    0
12.1599    0
12.1649    0
12.1699    0
12.1749    3
12.1799    0
12.1849    0
12.1899    0
12.1949    2
12.1999    0
12.2049    0
12.2099    1
12.2149    2
12.2199    0
12.2249    0
12.2299    1
12.2349    0
12.2399    0
12.2449    1
12.2499    1
12.2549    0
12.2599    1
12.2649    0
12.2699    2
12.2749    0
12.2799    0
12.2849    2
12.2899    1
12.2949    2
12.2999    0
12.3049    0
12.3099    0
12.3149    1
12.3199    0
12.3249    1
12.3299    0
12.3349    0
12.3399    0
12.3449    0
12.3499    0
12.3549    0
12.3599    0
12.3649    0
12.3699    0
12.3749    3
12.3799    0
12.3849    0
12.3899    1
12.3949    0
12.3999    0
12.4049    1
12.4099    0
12.4149    2
12.4199    0
12.4249    0
12.4299    0
12.4349    1
12.4399    0
12.4449    2
12.4499    0
12.4549    1
12.4599    1
12.4649    1
12.4699    0
12.4749    1
12.4799    0
12.4849    0
12.4899    1
12.4949    0
12.4998    0
12.5048    1
12.5098    0
12.5148    0
12.5198    0
12.5248    0
12.5298    0
12.5348    0
12.5398    0
12.5448    0
12.5498    1
12.5548    0
12.5598    0
12.5648    0
12.5698    0
12.5748    0
12.5798    0
12.5848    2
12.5898    2
12.5948    0
12.5998    1
12.6048    0
12.6098    0
12.6148    1
12.6198    0
12.6248    0
12.6298    0
12.6348    0
12.6398    0
12.6448    1
12.6498    1
12.6548    0
12.6598    0
12.6648    0
12.6698    0
12.6748    0
12.6798    0
12.6848    1
12.6898    0
12.6948    0
12.6998    1
12.7048    0
12.7098    0
12.7148    1
12.7198    0
12.7248    1
12.7298    0
12.7348    0
12.7398    0
12.7448    0
12.7498    0
12.7548    1
12.7598    1
12.7648    0
12.7698    0
12.7748    0
12.7798    0
12.7848    1
12.7898    2
12.7948    0
12.7998    0
12.8048    0
12.8098    1
12.8148    0
12.8198    0
12.8248    0
12.8298    1
12.8348    2
12.8398    0
12.8448    1
12.8498    0
12.8548    0
12.8598    1
12.8648    0
12.8698    0
12.8748    0
12.8798    0
12.8848    0
12.8898    0
12.8948    0
12.8998    0
12.9048    1
12.9098    0
12.9148    1
12.9198    0
12.9248    0
12.9298    0
12.9348    1
12.9398    1
12.9448    1
12.9498    0
12.9548    0
12.9598    1
12.9648    0
12.9698    1
12.9748    0
12.9798    1
12.9848    0
12.9898    0
12.9948    0
12.9998    0
13.0048    2
13.0098    0
13.0148    0
13.0198    2
13.0248    0
13.0298    0
13.0348    1
13.0398    0
13.0448    1
13.0498    0
13.0548    0
13.0598    1
13.0648    0
13.0698    0
13.0748    0
13.0798    1
13.0848    0
13.0898    0
13.0948    1
13.0998    0
13.1048    1
13.1098    0
13.1148    1
13.1198    0
13.1248    1
13.1298    0
13.1348    0
13.1398    0
13.1448    0
13.1498    1
13.1548    0
13.1598    0
13.1648    0
13.1698    0
13.1748    0
13.1798    0
13.1848    1
13.1898    1
13.1948    0
13.1998    0
13.2048    0
13.2098    0
13.2148    1
13.2198    1
13.2248    0
13.2298    0
13.2348    0
13.2398    0
13.2448    0
13.2498    0
13.2548    0
13.2598    0
13.2648    0
13.2698    0
13.2748    1
13.2798    0
13.2848    1
13.2898    1
13.2948    1
13.2998    0
13.3048    0
13.3098    0
13.3148    0
13.3198    1
13.3248    0
13.3298    1
13.3348    0
13.3398    0
13.3448    0
13.3498    0
13.3548    0
13.3598    1
13.3648    2
13.3698    0
13.3748    0
13.3798    1
13.3848    0
13.3898    0
13.3948    0
13.3998    0
13.4048    0
13.4098    1
13.4148    0
13.4198    1
13.4248    0
13.4298    0
13.4348    0
13.4398    0
13.4448    0
13.4498    0
13.4548    0
13.4598    0
13.4648    1
13.4698    0
13.4748    0
13.4798    0
13.4848    0
13.4898    1
13.4948    0
13.4997    0
13.5047    0
13.5097    2
13.5147    0
13.5197    0
13.5247    0
13.5297    0
13.5347    0
13.5397    0
13.5447    1
13.5497    0
13.5547    0
13.5597    1
13.5647    0
13.5697    0
13.5747    0
13.5797    0
13.5847    0
13.5897    0
13.5947    0
13.5997    0
13.6047    0
13.6097    0
13.6147    1
13.6197    0
13.6247    0
13.6297    1
13.6347    0
13.6397    0
13.6447    0
13.6497    0
13.6547    0
13.6597    0
13.6647    0
13.6697    0
13.6747    0
13.6797    0
13.6847    0
13.6897    1
13.6947    0
13.6997    0
13.7047    0
13.7097    0
13.7147    0
13.7197    0
13.7247    0
13.7297    1
13.7347    0
13.7397    0
13.7447    0
13.7497    0
13.7547    0
13.7597    0
13.7647    1
13.7697    0
13.7747    1
13.7797    0
13.7847    0
13.7897    0
13.7947    0
13.7997    0
13.8047    0
13.8097    0
13.8147    0
13.8197    0
13.8247    0
13.8297    1
13.8347    0
13.8397    0
13.8447    0
13.8497    0
13.8547    1
13.8597    0
13.8647    0
13.8697    0
13.8747    0
13.8797    0
13.8847    0
13.8897    1
13.8947    2
13.8997    0
13.9047    1
13.9097    0
13.9147    0
13.9197    0
13.9247    2
13.9297    0
13.9347    0
13.9397    0
13.9447    0
13.9497    0
13.9547    0
13.9597    1
13.9647    0
13.9697    0
13.9747    0
13.9797    0
13.9847    0
13.9897    0
13.9947    0
13.9997    1
14.0047    0
14.0097    0
14.0147    0
14.0197    0
14.0247    0
14.0297    0
14.0347    0
14.0397    0
14.0447    1
14.0497    1
14.0547    0
14.0597    0
14.0647    0
14.0697    0
14.0747    0
14.0797    1
14.0847    0
14.0897    1
14.0947    0
14.0997    0
14.1047    0
14.1097    0
14.1147    1
14.1197    0
14.1247    0
14.1297    0
14.1347    0
14.1397    0
14.1447    0
14.1497    2
14.1547    0
14.1597    0
14.1647    1
14.1697    0
14.1747    0
14.1797    0
14.1847    0
14.1897    0
14.1947    0
14.1997    0
14.2047    1
14.2097    0
14.2147    0
14.2197    0
14.2247    1
14.2297    0
14.2347    0
14.2397    0
14.2447    0
14.2497    0
14.2547    0
14.2597    1
14.2647    1
14.2697    1
14.2747    0
14.2797    0
14.2847    1
14.2897    0
14.2947    0
14.2997    0
14.3047    0
14.3097    0
14.3147    0
14.3197    0
14.3247    1
14.3297    0
14.3347    0
14.3397    0
14.3447    0
14.3497    0
14.3547    0
14.3597    0
14.3647    0
14.3697    0
14.3747    0
14.3797    0
14.3847    1
14.3897    0
14.3947    0
14.3997    0
14.4047    0
14.4097    0
14.4147    0
14.4197    1
14.4247    0
14.4297    0
14.4347    0
14.4397    0
14.4447    0
14.4497    1
14.4547    0
14.4597    2
14.4647    0
14.4697    0
14.4747    0
14.4797    0
14.4847    0
14.4897    0
14.4947    0
14.4996    0
14.5046    0
14.5096    0
14.5146    0
14.5196    0
14.5246    0
14.5296    0
14.5346    0
14.5396    1
14.5446    0
14.5496    0
14.5546    0
14.5596    2
14.5646    1
14.5696    0
14.5746    0
14.5796    0
14.5846    0
14.5896    1
14.5946    1
14.5996    0
14.6046    0
14.6096    0
14.6146    0
14.6196    1
14.6246    0
14.6296    0
14.6346    1
14.6396    0
14.6446    0
14.6496    0
14.6546    0
14.6596    0
14.6646    1
14.6696    0
14.6746    0
14.6796    0
14.6846    0
14.6896    0
14.6946    1
14.6996    0
14.7046    0
14.7096    0
14.7146    0
14.7196    0
14.7246    0
14.7296    0
14.7346    0
14.7396    0
14.7446    0
14.7496    0
14.7546    0
14.7596    1
14.7646    0
14.7696    0
14.7746    0
14.7796    0
14.7846    0
14.7896    0
14.7946    0
14.7996    1
14.8046    0
14.8096    0
14.8146    1
14.8196    1
14.8246    1
14.8296    0
14.8346    0
14.8396    0
14.8446    0
14.8496    0
14.8546    0
14.8596    0
14.8646    0
14.8696    0
14.8746    1
14.8796    0
14.8846    0
14.8896    0
14.8946    0
14.8996    2
14.9046    0
14.9096    0
14.9146    0
14.9196    1
14.9246    0
14.9296    1
14.9346    1
14.9396    0
14.9446    0
14.9496    1
14.9546    0
14.9596    0
14.9646    0
14.9696    0
14.9746    0
14.9796    0
14.9846    0
14.9896    0
14.9946    0
14.9996    0
15.0046    0
15.0096    0
15.0146    0
15.0196    1
15.0246    0
15.0296    0
15.0346    0
15.0396    0
15.0446    0
15.0496    0
15.0546    0
15.0596    0
15.0646    1
15.0696    1
15.0746    0
15.0796    0
15.0846    0
15.0896    0
15.0946    0
15.0996    0
15.1046    0
15.1096    1
15.1146    0
15.1196    0
15.1246    0
15.1296    0
15.1346    0
15.1396    0
15.1446    0
15.1496    0
15.1546    0
15.1596    0
15.1646    0
15.1696    0
15.1746    0
15.1796    0
15.1846    0
15.1896    0
15.1946    0
15.1996    1
15.2046    1
15.2096    0
15.2146    0
15.2196    0
15.2246    0
15.2296    1
15.2346    0
15.2396    0
15.2446    0
15.2496    1
15.2546    0
15.2596    0
15.2646    1
15.2696    0
15.2746    0
15.2796    0
15.2846    0
15.2896    0
15.2946    0
15.2996    0
15.3046    0
15.3096    0
15.3146    0
15.3196    0
15.3246    0
15.3296    1
15.3346    0
15.3396    2
15.3446    0
15.3496    0
15.3546    1
15.3596    0
15.3646    0
15.3696    0
15.3746    0
15.3796    0
15.3846    0
15.3896    0
15.3946    0
15.3996    0
15.4046    0
15.4096    0
15.4146    0
15.4196    0
15.4246    0
15.4296    0
15.4346    0
15.4396    1
15.4446    0
15.4496    0
15.4546    0
15.4596    0
15.4646    0
15.4696    0
15.4746    1
15.4796    0
15.4846    0
15.4896    0
15.4946    0
15.4995    0
15.5045    0
15.5095    0
15.5145    1
15.5195    0
15.5245    0
15.5295    0
15.5345    1
15.5395    1
15.5445    1
15.5495    0
15.5545    0
15.5595    0
15.5645    0
15.5695    0
15.5745    2
15.5795    0
15.5845    0
15.5895    0
15.5945    0
15.5995    0
15.6045    0
15.6095    0
15.6145    0
15.6195    0
15.6245    0
15.6295    0
15.6345    0
15.6395    0
15.6445    0
15.6495    0
15.6545    1
15.6595    0
15.6645    0
15.6695    0
15.6745    0
15.6795    0
15.6845    0
15.6895    0
15.6945    0
15.6995    0
15.7045    0
15.7095    0
15.7145    0
15.7195    1
15.7245    0
15.7295    0
15.7345    0
15.7395    0
15.7445    0
15.7495    0
15.7545    0
15.7595    0
15.7645    0
15.7695    0
15.7745    1
15.7795    1
15.7845    0
15.7895    0
15.7945    0
15.7995    0
15.8045    1
15.8095    0
15.8145    0
15.8195    0
15.8245    0
15.8295    0
15.8345    0
15.8395    0
15.8445    0
15.8495    0
15.8545    0
15.8595    0
15.8645    0
15.8695    0
15.8745    0
15.8795    0
15.8845    1
15.8895    0
15.8945    1
15.8995    0
15.9045    0
15.9095    0
15.9145    0
15.9195    0
15.9245    1
15.9295    0
15.9345    0
15.9395    1
15.9445    0
15.9495    0
15.9545    0
15.9595    0
15.9645    0
15.9695    0
15.9745    0
15.9795    0
15.9845    1
15.9895    1
15.9945    0
15.9995    0
16.0045    1
16.0095    0
16.0145    0
16.0195    1
16.0245    1
16.0295    0
16.0345    0
16.0395    0
16.0445    0
16.0495    0
16.0545    1
16.0595    0
16.0645    0
16.0695    0
16.0745    0
16.0795    0
16.0845    0
16.0895    0
16.0945    1
16.0995    0
16.1045    0
16.1095    0
16.1145    1
16.1195    0
16.1245    1
16.1295    0
16.1345    0
16.1395    0
16.1445    0
16.1495    0
16.1545    0
16.1595    0
16.1645    1
16.1695    1
16.1745    0
16.1795    0
16.1845    0
16.1895    0
16.1945    0
16.1995    0
16.2045    0
16.2095    0
16.2145    1
16.2195    0
16.2245    0
16.2295    1
16.2345    0
16.2395    1
16.2445    0
16.2495    0
16.2545    0
16.2595    0
16.2645    0
16.2695    0
16.2745    0
16.2795    0
16.2845    0
16.2895    0
16.2945    0
16.2995    0
16.3045    0
16.3095    0
16.3145    1
16.3195    0
16.3245    1
16.3295    0
16.3345    1
16.3395    0
16.3445    0
16.3495    1
16.3545    0
16.3595    0
16.3645    0
16.3695    0
16.3745    1
16.3795    1
16.3845    0
16.3895    1
16.3945    1
16.3995    0
16.4045    0
16.4095    0
16.4145    0
16.4195    0
16.4245    0
16.4295    0
16.4345    0
16.4395    0
16.4445    0
16.4495    1
16.4545    0
16.4595    0
16.4645    1
16.4695    0
16.4745    0
16.4795    1
16.4845    0
16.4895    0
16.4945    0
16.4994    0
16.5044    1
16.5094    0
16.5144    0
16.5194    0
16.5244    0
16.5294    0
16.5344    0
16.5394    0
16.5444    0
16.5494    0
16.5544    0
16.5594    0
16.5644    0
16.5694    0
16.5744    0
16.5794    0
16.5844    0
16.5894    1
16.5944    0
16.5994    0
16.6044    1
16.6094    0
16.6144    0
16.6194    0
16.6244    0
16.6294    0
16.6344    2
16.6394    0
16.6444    0
16.6494    0
16.6544    1
16.6594    0
16.6644    0
16.6694    0
16.6744    0
16.6794    0
16.6844    0
16.6894    0
16.6944    0
16.6994    0
16.7044    1
16.7094    1
16.7144    0
16.7194    0
16.7244    0
16.7294    0
16.7344    0
16.7394    1
16.7444    0
16.7494    0
16.7544    0
16.7594    0
16.7644    0
16.7694    0
16.7744    0
16.7794    0
16.7844    0
16.7894    0
16.7944    0
16.7994    0
16.8044    0
16.8094    0
16.8144    0
16.8194    0
16.8244    0
16.8294    0
16.8344    0
16.8394    0
16.8444    0
16.8494    0
16.8544    0
16.8594    0
16.8644    0
16.8694    0
16.8744    0
16.8794    1
16.8844    0
16.8894    0
16.8944    0
16.8994    0
16.9044    0
16.9094    0
16.9144    0
16.9194    0
16.9244    0
16.9294    1
16.9344    0
16.9394    0
16.9444    0
16.9494    0
16.9544    0
16.9594    1
16.9644    0
16.9694    0
16.9744    0
16.9794    0
16.9844    0
16.9894    0
16.9944    0
16.9994    0
17.0044    0
17.0094    0
17.0144    1
17.0194    0
17.0244    1
17.0294    0
17.0344    0
17.0394    0
17.0444    0
17.0494    0
17.0544    1
17.0594    0
17.0644    1
17.0694    0
17.0744    0
17.0794    0
17.0844    0
17.0894    0
17.0944    0
17.0994    0
17.1044    0
17.1094    0
17.1144    0
17.1194    0
17.1244    0
17.1294    0
17.1344    0
17.1394    0
17.1444    0
17.1494    0
17.1544    0
17.1594    0
17.1644    0
17.1694    0
17.1744    0
17.1794    0
17.1844    0
17.1894    0
17.1944    1
17.1994    1
17.2044    0
17.2094    0
17.2144    0
17.2194    0
17.2244    0
17.2294    0
17.2344    0
17.2394    0
17.2444    0
17.2494    0
17.2544    0
17.2594    0
17.2644    0
17.2694    0
17.2744    0
17.2794    0
17.2844    0
17.2894    1
17.2944    0
17.2994    0
17.3044    0
17.3094    0
17.3144    0
17.3194    0
17.3244    0
17.3294    1
17.3344    0
17.3394    1
17.3444    0
17.3494    0
17.3544    0
17.3594    0
17.3644    0
17.3694    0
17.3744    0
17.3794    0
17.3844    0
17.3894    0
17.3944    0
17.3994    0
17.4044    0
17.4094    0
17.4144    0
17.4194    0
17.4244    0
17.4294    0
17.4344    0
17.4394    0
17.4444    0
17.4494    1
17.4544    1
17.4594    0
17.4644    0
17.4694    0
17.4744    0
17.4794    0
17.4844    0
17.4894    0
17.4944    0
17.4993    0
17.5043    0
17.5093    0
17.5143    0
17.5193    0
17.5243    0
17.5293    0
17.5343    0
17.5393    0
17.5443    1
17.5493    0
17.5543    0
17.5593    0
17.5643    0
17.5693    0
17.5743    0
17.5793    1
17.5843    0
17.5893    0
17.5943    0
17.5993    0
17.6043    0
17.6093    0
17.6143    0
17.6193    0
17.6243    1
17.6293    2
17.6343    0
17.6393    0
17.6443    0
17.6493    0
17.6543    0
17.6593    0
17.6643    0
17.6693    0
17.6743    0
17.6793    0
17.6843    0
17.6893    0
17.6943    0
17.6993    1
17.7043    0
17.7093    0
17.7143    0
17.7193    1
17.7243    0
17.7293    1
17.7343    0
17.7393    0
17.7443    0
17.7493    0
17.7543    0
17.7593    0
17.7643    0
17.7693    0
17.7743    0
17.7793    0
17.7843    0
17.7893    0
17.7943    0
17.7993    0
17.8043    1
17.8093    0
17.8143    0
17.8193    1
17.8243    0
17.8293    0
17.8343    0
17.8393    0
17.8443    0
17.8493    0
17.8543    1
17.8593    1
17.8643    0
17.8693    0
17.8743    0
17.8793    0
17.8843    0
17.8893    0
17.8943    0
17.8993    0
17.9043    0
17.9093    0
17.9143    0
17.9193    0
17.9243    0
17.9293    0
17.9343    0
17.9393    0
17.9443    0
17.9493    0
17.9543    0
17.9593    0
17.9643    0
17.9693    0
17.9743    0
17.9793    1
17.9843    0
17.9893    0
17.9943    0
17.9993    0
18.0043    0
18.0093    0
18.0143    0
18.0193    0
18.0243    0
18.0293    0
18.0343    0
18.0393    0
18.0443    0
18.0493    0
18.0543    0
18.0593    0
18.0643    0
18.0693    0
18.0743    0
18.0793    0
18.0843    0
18.0893    0
18.0943    0
18.0993    0
18.1043    0
18.1093    0
18.1143    0
18.1193    0
18.1243    0
18.1293    0
18.1343    0
18.1393    1
18.1443    0
18.1493    0
18.1543    0
18.1593    0
18.1643    0
18.1693    0
18.1743    1
18.1793    0
18.1843    0
18.1893    0
18.1943    0
18.1993    0
18.2043    1
18.2093    0
18.2143    0
18.2193    1
18.2243    0
18.2293    0
18.2343    0
18.2393    0
18.2443    0
18.2493    0
18.2543    0
18.2593    0
18.2643    0
18.2693    0
18.2743    0
18.2793    0
18.2843    0
18.2893    0
18.2943    0
18.2993    0
18.3043    0
18.3093    0
18.3143    0
18.3193    0
18.3243    0
18.3293    0
18.3343    0
18.3393    0
18.3443    0
18.3493    0
18.3543    0
18.3593    0
18.3643    0
18.3693    0
18.3743    0
18.3793    0
18.3843    0
18.3893    0
18.3943    0
18.3993    0
18.4043    0
18.4093    0
18.4143    0
18.4193    1
18.4243    0
18.4293    0
18.4343    0
18.4393    0
18.4443    0
18.4493    0
18.4543    0
18.4593    0
18.4643    0
18.4693    0
18.4743    0
18.4793    0
18.4843    0
18.4893    0
18.4943    0
18.4992    0
18.5042    0
18.5092    0
18.5142    0
18.5192    0
18.5242    0
18.5292    0
18.5342    0
18.5392    0
18.5442    0
18.5492    0
18.5542    0
18.5592    0
18.5642    1
18.5692    2
18.5742    0
18.5792    0
18.5842    0
18.5892    0
18.5942    0
18.5992    0
18.6042    0
18.6092    0
18.6142    0
18.6192    0
18.6242    0
18.6292    0
18.6342    0
18.6392    0
18.6442    0
18.6492    0
18.6542    0
18.6592    0
18.6642    0
18.6692    0
18.6742    0
18.6792    0
18.6842    0
18.6892    0
18.6942    0
18.6992    0
18.7042    0
18.7092    0
18.7142    0
18.7192    0
18.7242    0
18.7292    0
18.7342    0
18.7392    0
18.7442    0
18.7492    0
18.7542    0
18.7592    0
18.7642    0
18.7692    0
18.7742    0
18.7792    0
18.7842    0
18.7892    0
18.7942    0
18.7992    0
18.8042    0
18.8092    0
18.8142    0
18.8192    0
18.8242    0
18.8292    1
18.8342    0
18.8392    0
18.8442    0
18.8492    1
18.8542    0
18.8592    1
18.8642    0
18.8692    0
18.8742    0
18.8792    0
18.8842    0
18.8892    0
18.8942    0
18.8992    0
18.9042    0
18.9092    0
18.9142    0
18.9192    0
18.9242    0
18.9292    1
18.9342    0
18.9392    0
18.9442    0
18.9492    0
18.9542    0
18.9592    0
18.9642    0
18.9692    0
18.9742    0
18.9792    1
18.9842    0
18.9892    0
18.9942    0
18.9992    1
19.0042    0
19.0092    1
19.0142    0
19.0192    0
19.0242    0
19.0292    0
19.0342    0
19.0392    0
19.0442    0
19.0492    0
19.0542    0
19.0592    0
19.0642    0
19.0692    0
19.0742    0
19.0792    0
19.0842    0
19.0892    0
19.0942    0
19.0992    0
19.1042    0
19.1092    0
19.1142    0
19.1192    0
19.1242    0
19.1292    0
19.1342    0
19.1392    0
19.1442    0
19.1492    0
19.1542    1
19.1592    0
19.1642    0
19.1692    0
19.1742    0
19.1792    0
19.1842    0
19.1892    0
19.1942    1
19.1992    0
19.2042    0
19.2092    0
19.2142    0
19.2192    1
19.2242    0
19.2292    0
19.2342    0
19.2392    0
19.2442    0
19.2492    0
19.2542    0
19.2592    0
19.2642    0
19.2692    0
19.2742    0
19.2792    0
19.2842    0
19.2892    0
19.2942    0
19.2992    0
19.3042    0
19.3092    0
19.3142    0
19.3192    0
19.3242    1
19.3292    1
19.3342    0
19.3392    0
19.3442    0
19.3492    0
19.3542    0
19.3592    0
19.3642    0
19.3692    0
19.3742    0
19.3792    0
19.3842    0
19.3892    0
19.3942    0
19.3992    0
19.4042    0
19.4092    0
19.4142    0
19.4192    0
19.4242    0
19.4292    0
19.4342    0
19.4392    0
19.4442    0
19.4492    0
19.4542    0
19.4592    0
19.4642    0
19.4692    0
19.4742    0
19.4792    0
19.4842    0
19.4892    0
19.4942    0
19.4991    0
19.5041    0
19.5091    0
19.5141    0
19.5191    0
19.5241    0
19.5291    0
19.5341    0
19.5391    0
19.5441    0
19.5491    0
19.5541    0
19.5591    0
19.5641    0
19.5691    0
19.5741    0
19.5791    0
19.5841    0
19.5891    0
19.5941    0
19.5991    0
19.6041    0
19.6091    0
19.6141    0
19.6191    0
19.6241    0
19.6291    0
19.6341    0
19.6391    0
19.6441    0
19.6491    0
19.6541    0
19.6591    0
19.6641    0
19.6691    0
19.6741    0
19.6791    0
19.6841    0
19.6891    0
19.6941    0
19.6991    0
19.7041    0
19.7091    0
19.7141    0
19.7191    0
19.7241    0
19.7291    0
19.7341    0
19.7391    0
19.7441    0
19.7491    0
19.7541    1
19.7591    0
19.7641    0
19.7691    0
19.7741    0
19.7791    0
19.7841    0
19.7891    0
19.7941    0
19.7991    0
19.8041    0
19.8091    0
19.8141    1
19.8191    0
19.8241    0
19.8291    0
19.8341    0
19.8391    0
19.8441    0
19.8491    0
19.8541    0
19.8591    0
19.8641    0
19.8691    0
19.8741    0
19.8791    0
19.8841    0
19.8891    0
19.8941    1
19.8991    0
19.9041    0
19.9091    1
19.9141    0
19.9191    0
19.9241    1
19.9291    0
19.9341    0
19.9391    0
19.9441    0
19.9491    0
19.9541    0
19.9591    1
19.9641    0
19.9691    0
19.9741    0
19.9791    0
19.9841    0
19.9891    0
19.9941    0
