Bruker Nano GmbH Berlin, Germany
Esprit 1.9

Datum: 13.09.2021 16:33:59
Real-Zeit: 60000
Life-Zeit: 59415
Impulsdichte: 582

Primärenergie: 30
Abnahmewinkel: 35
Kippungwinkel: 0
Azimutwinkel: 90

Detektor-Typ: XFlash 410
Fenster-Typ: slew AP3.3
Detektordicke: 0.45
Si-Totschicht:0.029

Kalibrierung, lin.: 4.999
Kalibrierung, abs.: -478.852
Mn-FWHM: 124.375
Fano-Faktor: 0.113
Kanäle: 4096

Energie Impulse
-0.4789    0
-0.4739    0
-0.4689    0
-0.4639    0
-0.4589    0
-0.4539    0
-0.4489    0
-0.4439    0
-0.4389    0
-0.4339    0
-0.4289    0
-0.4239    0
-0.4189    0
-0.4139    0
-0.4089    0
-0.4039    0
-0.3989    0
-0.3939    0
-0.3889    0
-0.3839    0
-0.3789    0
-0.3739    0
-0.3689    0
-0.3639    0
-0.3589    0
-0.3539    0
-0.3489    0
-0.3439    0
-0.3389    0
-0.3339    0
-0.3289    0
-0.3239    0
-0.3189    0
-0.3139    0
-0.3089    0
-0.3039    0
-0.2989    0
-0.2939    0
-0.2889    0
-0.2839    0
-0.2789    0
-0.2739    0
-0.2689    0
-0.2639    0
-0.2589    0
-0.2539    0
-0.2489    0
-0.2439    0
-0.2389    0
-0.2339    0
-0.2289    0
-0.2239    0
-0.2189    0
-0.2139    0
-0.2089    0
-0.2039    0
-0.1989    0
-0.1939    0
-0.1889    0
-0.1839    0
-0.1789    0
-0.1739    0
-0.1689    0
-0.1639    0
-0.1589    0
-0.1539    0
-0.1489    0
-0.1439    0
-0.1389    0
-0.1339    0
-0.1289    0
-0.1239    0
-0.1189    0
-0.1139    0
-0.1089    0
-0.1039    0
-0.0989    0
-0.0939    0
-0.0889    0
-0.0839    0
-0.0789    0
-0.0739    0
-0.0689    0
-0.0639    0
-0.0589    0
-0.0539    1
-0.0489   13
-0.0439   19
-0.0389   48
-0.0339   67
-0.0289  188
-0.0239  380
-0.0189  638
-0.0139  984
-0.0089 1273
-0.0039 1628
 0.0011 1656
 0.0061 1579
 0.0111 1263
 0.0161  935
 0.0211  584
 0.0261  341
 0.0311  192
 0.0361   92
 0.0411   36
 0.0461   14
 0.0511    5
 0.0561    2
 0.0611    0
 0.0661    0
 0.0711    0
 0.0761    0
 0.0811    0
 0.0861    0
 0.0911    0
 0.0961    0
 0.1011    0
 0.1061    0
 0.1111    0
 0.1161    1
 0.1211    2
 0.1261    4
 0.1311    2
 0.1361    3
 0.1411    7
 0.1461    8
 0.1511    5
 0.1561    0
 0.1611    0
 0.1661    0
 0.1711    2
 0.1761    7
 0.1811   11
 0.1861    9
 0.1911    7
 0.1961    4
 0.2011    2
 0.2061    5
 0.2111    2
 0.2161    4
 0.2211    8
 0.2261    7
 0.2311    7
 0.2361    7
 0.2411    9
 0.2461   11
 0.2511   14
 0.2561   20
 0.2611   27
 0.2661   32
 0.2711   31
 0.2761   30
 0.2811   31
 0.2861   31
 0.2911   24
 0.2961   20
 0.3011   15
 0.3061    9
 0.3111    8
 0.3161    9
 0.3211    9
 0.3261    6
 0.3311    5
 0.3361    4
 0.3411    5
 0.3461    5
 0.3511    3
 0.3561    3
 0.3611    4
 0.3661    5
 0.3711    6
 0.3761    4
 0.3811    3
 0.3861    3
 0.3911    3
 0.3961    5
 0.4011    3
 0.4061    4
 0.4111    2
 0.4161    0
 0.4211    1
 0.4261    2
 0.4311    2
 0.4361    2
 0.4411    3
 0.4461    2
 0.4511    3
 0.4561    6
 0.4611    3
 0.4661    0
 0.4711    4
 0.4761    4
 0.4811   11
 0.4861    8
 0.4911    8
 0.4961   13
  0.501   20
  0.506   23
  0.511   32
  0.516   28
  0.521   42
  0.526   41
  0.531   39
  0.536   24
  0.541   28
  0.546   19
  0.551   15
  0.556   13
  0.561   10
  0.566   10
  0.571    7
  0.576    2
  0.581    6
  0.586    1
  0.591    2
  0.596    6
  0.601    3
  0.606    5
  0.611    4
  0.616    7
  0.621    4
  0.626    3
  0.631    9
  0.636    5
  0.641    7
  0.646    9
  0.651    2
  0.656    3
  0.661    5
  0.666    6
  0.671    2
  0.676   11
  0.681    4
  0.686    6
  0.691    9
  0.696    7
  0.701    3
  0.706    5
  0.711    4
  0.716    5
  0.721    1
  0.726    5
  0.731   10
  0.736    4
  0.741    2
  0.746    7
  0.751    3
  0.756    6
  0.761    7
  0.766    5
  0.771    9
  0.776    7
  0.781    8
  0.786    5
  0.791    9
  0.796    7
  0.801    5
  0.806    4
  0.811    9
  0.816    7
  0.821    7
  0.826   13
  0.831    8
  0.836   11
  0.841   13
  0.846   11
  0.851    9
  0.856   12
  0.861    5
  0.866   10
  0.871   10
  0.876   10
  0.881   16
  0.886    3
  0.891    9
  0.896    9
  0.901    9
  0.906    4
  0.911   10
  0.916   10
  0.921    3
  0.926   15
  0.931   13
  0.936   12
  0.941    6
  0.946    6
  0.951    4
  0.956    8
  0.961   11
  0.966    4
  0.971    7
  0.976   10
  0.981   10
  0.986   11
  0.991   12
  0.996    7
  1.001    5
  1.006    6
  1.011    5
  1.016   11
  1.021   17
  1.026   10
  1.031    8
  1.036   11
  1.041    5
  1.046   15
  1.051   12
  1.056   16
  1.061   18
  1.066   16
  1.071   13
  1.076   13
  1.081    9
  1.086    8
  1.091   11
  1.096   14
  1.101    6
  1.106   16
  1.111    9
  1.116   10
  1.121    8
  1.126    7
  1.131   12
  1.136    7
  1.141    8
  1.146    8
  1.151    6
  1.156    8
  1.161   12
  1.166   14
  1.171    6
  1.176    8
  1.181    9
  1.186   10
  1.191   11
  1.196   13
  1.201   12
  1.206   12
  1.211   12
  1.216   11
  1.221   15
  1.226   11
  1.231   11
  1.236    8
  1.241    9
  1.246   14
  1.251   16
  1.256   11
  1.261    9
  1.266   13
  1.271   12
  1.276   11
  1.281   11
  1.286   11
  1.291   14
  1.296   13
  1.301    9
  1.306    9
  1.311   14
  1.316   12
  1.321   15
  1.326   21
  1.331   19
  1.336   20
  1.341   16
  1.346   22
  1.351   26
  1.356   33
  1.361   28
  1.366   28
  1.371   30
  1.376   41
  1.381   41
  1.386   36
  1.391   38
  1.396   37
  1.401   32
  1.406   31
  1.411   33
  1.416   33
  1.421   30
  1.426   32
  1.431   35
  1.436   24
  1.441   17
  1.446   15
  1.451   24
  1.456   23
  1.461   24
  1.466   21
  1.471   19
  1.476   20
  1.481   17
  1.486   10
  1.491   16
  1.496   15
 1.5009   18
 1.5059   19
 1.5109   18
 1.5159   25
 1.5209   16
 1.5259   17
 1.5309   16
 1.5359   15
 1.5409   15
 1.5459    9
 1.5509   16
 1.5559   16
 1.5609   15
 1.5659   14
 1.5709   19
 1.5759   19
 1.5809   21
 1.5859   17
 1.5909   15
 1.5959   11
 1.6009   15
 1.6059   21
 1.6109   18
 1.6159   10
 1.6209   17
 1.6259   17
 1.6309   13
 1.6359   13
 1.6409   16
 1.6459   19
 1.6509   18
 1.6559   19
 1.6609   20
 1.6659   21
 1.6709   25
 1.6759   24
 1.6809   29
 1.6859   29
 1.6909   31
 1.6959   31
 1.7009   38
 1.7059   48
 1.7109   65
 1.7159   87
 1.7209   95
 1.7259  116
 1.7309  140
 1.7359  184
 1.7409  247
 1.7459  265
 1.7509  293
 1.7559  325
 1.7609  365
 1.7659  385
 1.7709  411
 1.7759  437
 1.7809  473
 1.7859  466
 1.7909  449
 1.7959  414
 1.8009  430
 1.8059  419
 1.8109  360
 1.8159  330
 1.8209  316
 1.8259  287
 1.8309  280
 1.8359  249
 1.8409  224
 1.8459  193
 1.8509  182
 1.8559  161
 1.8609  144
 1.8659  123
 1.8709  107
 1.8759   80
 1.8809   65
 1.8859   58
 1.8909   54
 1.8959   49
 1.9009   39
 1.9059   27
 1.9109   22
 1.9159   14
 1.9209    9
 1.9259   10
 1.9309    7
 1.9359    8
 1.9409   10
 1.9459    7
 1.9509   10
 1.9559    8
 1.9609    5
 1.9659    5
 1.9709    6
 1.9759    7
 1.9809    6
 1.9859    6
 1.9909    9
 1.9959    9
 2.0009   11
 2.0059   15
 2.0109   12
 2.0159    7
 2.0209   11
 2.0259   13
 2.0309    7
 2.0359   10
 2.0409   13
 2.0459   17
 2.0509   14
 2.0559    9
 2.0609   11
 2.0659    9
 2.0709    9
 2.0759   13
 2.0809   10
 2.0859    7
 2.0909   10
 2.0959   12
 2.1009    9
 2.1059    6
 2.1109    4
 2.1159    8
 2.1209    9
 2.1259    9
 2.1309    7
 2.1359    6
 2.1409    5
 2.1459    6
 2.1509    6
 2.1559    7
 2.1609    7
 2.1659    7
 2.1709    9
 2.1759    6
 2.1809    5
 2.1859    6
 2.1909    4
 2.1959    6
 2.2009    8
 2.2059    8
 2.2109    8
 2.2159    7
 2.2209    6
 2.2259    8
 2.2309    8
 2.2359   11
 2.2409   10
 2.2459    7
 2.2509    9
 2.2559   13
 2.2609   12
 2.2659   10
 2.2709    9
 2.2759   10
 2.2809    9
 2.2859    9
 2.2909   11
 2.2959   12
 2.3009    9
 2.3059   13
 2.3109   12
 2.3159    7
 2.3209    9
 2.3259   12
 2.3309    8
 2.3359    5
 2.3409    7
 2.3459    7
 2.3509    8
 2.3559   12
 2.3609   10
 2.3659    7
 2.3709    4
 2.3759    5
 2.3809    4
 2.3859    8
 2.3909    7
 2.3959    6
 2.4009    4
 2.4059    3
 2.4109    6
 2.4159    8
 2.4209    6
 2.4259    6
 2.4309    3
 2.4359    3
 2.4409    5
 2.4459    5
 2.4509   10
 2.4559    8
 2.4609    5
 2.4659    8
 2.4709    7
 2.4759   10
 2.4809    6
 2.4859    4
 2.4909    7
 2.4959    5
 2.5008    8
 2.5058    8
 2.5108    8
 2.5158    5
 2.5208    3
 2.5258    7
 2.5308    5
 2.5358    3
 2.5408    9
 2.5458    5
 2.5508    9
 2.5558    8
 2.5608    6
 2.5658    8
 2.5708    5
 2.5758    6
 2.5808    5
 2.5858    5
 2.5908    5
 2.5958    7
 2.6008    6
 2.6058    6
 2.6108    4
 2.6158    4
 2.6208    6
 2.6258    3
 2.6308    4
 2.6358    8
 2.6408    5
 2.6458    5
 2.6508    6
 2.6558    8
 2.6608   12
 2.6658    6
 2.6708    6
 2.6758    8
 2.6808    8
 2.6858    7
 2.6908    8
 2.6958    5
 2.7008    9
 2.7058   11
 2.7108    7
 2.7158    3
 2.7208    6
 2.7258    5
 2.7308    7
 2.7358    3
 2.7408    4
 2.7458   10
 2.7508    8
 2.7558    2
 2.7608    6
 2.7658    4
 2.7708    3
 2.7758    4
 2.7808   10
 2.7858   10
 2.7908    5
 2.7958    4
 2.8008    4
 2.8058    6
 2.8108    3
 2.8158    9
 2.8208    7
 2.8258    8
 2.8308    7
 2.8358    5
 2.8408    3
 2.8458    4
 2.8508    9
 2.8558    5
 2.8608    8
 2.8658    5
 2.8708    4
 2.8758    7
 2.8808    7
 2.8858   10
 2.8908   11
 2.8958    8
 2.9008    7
 2.9058    6
 2.9108    2
 2.9158    6
 2.9208    7
 2.9258    6
 2.9308    6
 2.9358    7
 2.9408    5
 2.9458    3
 2.9508   10
 2.9558    3
 2.9608    5
 2.9658    3
 2.9708    3
 2.9758    9
 2.9808    7
 2.9858    8
 2.9908    3
 2.9958    9
 3.0008    2
 3.0058    5
 3.0108    7
 3.0158    9
 3.0208    7
 3.0258   10
 3.0308    6
 3.0358    8
 3.0408    5
 3.0458    5
 3.0508    6
 3.0558    5
 3.0608    5
 3.0658    6
 3.0708    3
 3.0758    7
 3.0808    5
 3.0858    5
 3.0908   10
 3.0958   14
 3.1008   10
 3.1058    8
 3.1108    7
 3.1158    3
 3.1208    6
 3.1258    9
 3.1308    9
 3.1358    7
 3.1408    3
 3.1458    3
 3.1508    4
 3.1558    6
 3.1608    7
 3.1658    3
 3.1708    9
 3.1758    5
 3.1808    6
 3.1858    5
 3.1908   11
 3.1958    4
 3.2008    7
 3.2058    7
 3.2108   10
 3.2158    3
 3.2208    6
 3.2258    7
 3.2308    8
 3.2358    9
 3.2408   10
 3.2458    4
 3.2508    7
 3.2558   11
 3.2608    4
 3.2658    7
 3.2708    7
 3.2758   13
 3.2808    9
 3.2858    4
 3.2908    8
 3.2958   11
 3.3008   17
 3.3058   14
 3.3108    9
 3.3158    6
 3.3208    6
 3.3258    9
 3.3308    4
 3.3358    8
 3.3408    7
 3.3458    9
 3.3508    8
 3.3558    5
 3.3608    7
 3.3658    7
 3.3708    9
 3.3758    8
 3.3808   13
 3.3858   11
 3.3908    8
 3.3958   13
 3.4008    8
 3.4058    9
 3.4108    8
 3.4158    7
 3.4208    7
 3.4258    7
 3.4308    7
 3.4358    7
 3.4408    4
 3.4458    8
 3.4508   11
 3.4558    6
 3.4608    8
 3.4658    6
 3.4708    7
 3.4758    5
 3.4808   10
 3.4858    7
 3.4908    7
 3.4958    6
 3.5007    8
 3.5057    7
 3.5107    3
 3.5157    4
 3.5207    6
 3.5257   11
 3.5307    5
 3.5357    5
 3.5407    5
 3.5457    5
 3.5507    4
 3.5557    3
 3.5607    9
 3.5657    6
 3.5707   10
 3.5757   10
 3.5807    7
 3.5857    4
 3.5907    7
 3.5957   12
 3.6007    8
 3.6057    7
 3.6107    8
 3.6157    7
 3.6207    6
 3.6257    8
 3.6307    4
 3.6357    7
 3.6407    7
 3.6457    9
 3.6507   10
 3.6557    6
 3.6607    7
 3.6657   10
 3.6707   13
 3.6757   12
 3.6807    6
 3.6857    7
 3.6907   11
 3.6957   16
 3.7007    9
 3.7057   15
 3.7107   13
 3.7157    7
 3.7207    8
 3.7257    8
 3.7307   11
 3.7357   10
 3.7407   10
 3.7457   11
 3.7507    6
 3.7557    5
 3.7607   10
 3.7657    3
 3.7707    7
 3.7757    8
 3.7807    2
 3.7857    4
 3.7907    7
 3.7957   13
 3.8007    3
 3.8057    6
 3.8107    7
 3.8157    7
 3.8207    8
 3.8257   11
 3.8307    4
 3.8357    3
 3.8407    8
 3.8457    8
 3.8507   13
 3.8557    6
 3.8607    6
 3.8657    8
 3.8707    8
 3.8757    9
 3.8807   10
 3.8857    7
 3.8907    7
 3.8957    5
 3.9007    5
 3.9057   10
 3.9107    8
 3.9157   12
 3.9207    4
 3.9257    6
 3.9307    7
 3.9357   10
 3.9407    8
 3.9457    8
 3.9507    6
 3.9557    7
 3.9607    5
 3.9657    5
 3.9707    5
 3.9757    8
 3.9807    7
 3.9857    7
 3.9907    8
 3.9957    1
 4.0007    6
 4.0057   10
 4.0107    7
 4.0157    9
 4.0207    6
 4.0257    7
 4.0307    6
 4.0357   10
 4.0407    5
 4.0457    6
 4.0507    8
 4.0557   10
 4.0607    7
 4.0657    7
 4.0707    4
 4.0757    6
 4.0807    8
 4.0857    8
 4.0907   10
 4.0957    8
 4.1007    6
 4.1057    7
 4.1107    5
 4.1157    6
 4.1207    8
 4.1257    6
 4.1307    7
 4.1357    8
 4.1407    6
 4.1457    5
 4.1507    7
 4.1557    8
 4.1607    6
 4.1657   11
 4.1707   10
 4.1757    7
 4.1807    9
 4.1857    8
 4.1907    6
 4.1957    7
 4.2007    5
 4.2057    5
 4.2107    7
 4.2157    7
 4.2207    7
 4.2257    9
 4.2307    8
 4.2357    7
 4.2407    5
 4.2457    6
 4.2507    4
 4.2557    8
 4.2607    6
 4.2657    3
 4.2707   12
 4.2757   10
 4.2807    4
 4.2857    6
 4.2907    6
 4.2957    5
 4.3007    4
 4.3057   10
 4.3107    6
 4.3157    9
 4.3207   10
 4.3257    9
 4.3307    8
 4.3357    9
 4.3407    4
 4.3457    3
 4.3507    5
 4.3557    7
 4.3607    9
 4.3657    9
 4.3707    8
 4.3757   10
 4.3807   11
 4.3857    5
 4.3907    7
 4.3957    5
 4.4007    8
 4.4057    9
 4.4107    9
 4.4157    7
 4.4207    7
 4.4257    6
 4.4307    6
 4.4357    7
 4.4407    9
 4.4457    5
 4.4507    2
 4.4557    7
 4.4607    6
 4.4657    8
 4.4707   10
 4.4757    8
 4.4807   10
 4.4857    8
 4.4907    6
 4.4957    9
 4.5006    8
 4.5056    8
 4.5106    6
 4.5156    7
 4.5206    9
 4.5256    8
 4.5306    6
 4.5356    6
 4.5406    9
 4.5456    7
 4.5506    5
 4.5556    5
 4.5606    9
 4.5656   10
 4.5706    8
 4.5756    9
 4.5806    7
 4.5856    5
 4.5906    7
 4.5956   10
 4.6006   13
 4.6056    9
 4.6106    7
 4.6156    8
 4.6206    7
 4.6256    8
 4.6306    6
 4.6356    4
 4.6406    6
 4.6456    8
 4.6506    7
 4.6556    5
 4.6606    4
 4.6656    4
 4.6706    8
 4.6756   10
 4.6806   10
 4.6856   12
 4.6906    8
 4.6956    5
 4.7006    8
 4.7056   10
 4.7106    7
 4.7156    4
 4.7206    5
 4.7256    9
 4.7306    9
 4.7356    7
 4.7406    8
 4.7456    9
 4.7506    7
 4.7556    8
 4.7606    7
 4.7656    8
 4.7706    9
 4.7756    8
 4.7806    8
 4.7856    6
 4.7906    5
 4.7956    6
 4.8006    8
 4.8056    8
 4.8106    5
 4.8156    6
 4.8206    9
 4.8256   10
 4.8306    7
 4.8356    6
 4.8406    9
 4.8456    7
 4.8506    7
 4.8556    8
 4.8606    6
 4.8656    6
 4.8706    5
 4.8756    7
 4.8806    8
 4.8856    7
 4.8906    6
 4.8956    4
 4.9006    6
 4.9056    6
 4.9106    6
 4.9156    5
 4.9206    5
 4.9256    4
 4.9306    6
 4.9356    9
 4.9406   11
 4.9456    9
 4.9506    5
 4.9556    6
 4.9606    8
 4.9656    8
 4.9706    7
 4.9756    6
 4.9806    5
 4.9856    9
 4.9906    7
 4.9956    6
 5.0006    6
 5.0056    6
 5.0106   10
 5.0156   10
 5.0206    6
 5.0256    7
 5.0306   10
 5.0356   10
 5.0406    4
 5.0456    6
 5.0506    9
 5.0556    9
 5.0606   12
 5.0656   10
 5.0706    8
 5.0756    9
 5.0806   10
 5.0856   12
 5.0906    9
 5.0956    8
 5.1006    8
 5.1056    7
 5.1106    7
 5.1156    8
 5.1206    9
 5.1256    5
 5.1306    5
 5.1356    9
 5.1406   11
 5.1456    9
 5.1506    8
 5.1556    4
 5.1606    3
 5.1656    4
 5.1706    6
 5.1756    8
 5.1806    8
 5.1856    6
 5.1906    7
 5.1956    7
 5.2006    7
 5.2056    8
 5.2106    9
 5.2156    6
 5.2206    5
 5.2256    7
 5.2306   12
 5.2356    8
 5.2406    4
 5.2456    3
 5.2506    5
 5.2556    7
 5.2606    5
 5.2656    4
 5.2706    5
 5.2756    6
 5.2806    8
 5.2856    9
 5.2906    7
 5.2956    7
 5.3006   10
 5.3056    8
 5.3106    9
 5.3156   11
 5.3206   10
 5.3256    5
 5.3306   10
 5.3356    6
 5.3406    5
 5.3456   10
 5.3506    7
 5.3556    9
 5.3606    7
 5.3656    8
 5.3706    9
 5.3756   11
 5.3806    7
 5.3856    9
 5.3906   15
 5.3956    6
 5.4006    6
 5.4056    9
 5.4106   10
 5.4156    3
 5.4206    7
 5.4256    8
 5.4306    7
 5.4356    6
 5.4406    9
 5.4456    6
 5.4506    8
 5.4556    7
 5.4606   10
 5.4656    8
 5.4706   12
 5.4756   10
 5.4806    9
 5.4856    6
 5.4906    9
 5.4956    7
 5.5005    9
 5.5055    5
 5.5105    5
 5.5155    6
 5.5205    8
 5.5255   10
 5.5305    8
 5.5355    5
 5.5405    7
 5.5455    5
 5.5505    7
 5.5555    8
 5.5605    7
 5.5655   10
 5.5705   10
 5.5755    4
 5.5805    7
 5.5855    7
 5.5905   12
 5.5955    8
 5.6005    5
 5.6055    7
 5.6105   12
 5.6155    8
 5.6205    5
 5.6255    5
 5.6305    3
 5.6355    7
 5.6405    4
 5.6455    9
 5.6505    6
 5.6555    4
 5.6605    7
 5.6655    5
 5.6705    7
 5.6755    8
 5.6805    8
 5.6855    6
 5.6905    7
 5.6955    8
 5.7005    5
 5.7055    5
 5.7105   11
 5.7155    5
 5.7205    6
 5.7255    8
 5.7305    6
 5.7355    4
 5.7405   11
 5.7455    6
 5.7505    3
 5.7555    7
 5.7605    7
 5.7655    6
 5.7705    6
 5.7755   10
 5.7805    5
 5.7855    9
 5.7905    4
 5.7955    8
 5.8005   12
 5.8055   10
 5.8105    6
 5.8155    7
 5.8205   12
 5.8255   10
 5.8305    6
 5.8355    8
 5.8405    9
 5.8455    8
 5.8505   10
 5.8555    5
 5.8605    6
 5.8655    8
 5.8705    7
 5.8755    7
 5.8805   10
 5.8855    6
 5.8905    9
 5.8955    4
 5.9005   10
 5.9055    6
 5.9105   10
 5.9155    3
 5.9205    7
 5.9255    9
 5.9305    4
 5.9355   11
 5.9405    5
 5.9455    9
 5.9505    5
 5.9555    3
 5.9605    7
 5.9655    4
 5.9705    4
 5.9755    7
 5.9805    8
 5.9855    4
 5.9905    7
 5.9955    7
 6.0005    6
 6.0055    8
 6.0105    9
 6.0155    7
 6.0205   10
 6.0255    6
 6.0305   16
 6.0355    9
 6.0405    5
 6.0455    7
 6.0505    6
 6.0555    7
 6.0605    5
 6.0655    6
 6.0705    6
 6.0755    9
 6.0805    6
 6.0855    6
 6.0905    9
 6.0955    8
 6.1005    4
 6.1055    7
 6.1105    4
 6.1155    7
 6.1205    6
 6.1255    7
 6.1305    8
 6.1355   11
 6.1405   10
 6.1455   11
 6.1505   10
 6.1555    8
 6.1605    4
 6.1655    7
 6.1705    6
 6.1755    6
 6.1805    5
 6.1855   12
 6.1905   13
 6.1955    5
 6.2005   12
 6.2055   10
 6.2105    6
 6.2155   10
 6.2205   13
 6.2255    8
 6.2305    7
 6.2355    7
 6.2405    6
 6.2455    2
 6.2505    7
 6.2555   12
 6.2605    9
 6.2655    5
 6.2705    6
 6.2755    6
 6.2805    8
 6.2855    5
 6.2905    7
 6.2955    8
 6.3005    8
 6.3055    4
 6.3105    7
 6.3155    8
 6.3205    7
 6.3255   12
 6.3305    6
 6.3355   10
 6.3405   12
 6.3455    6
 6.3505    9
 6.3555   12
 6.3605   13
 6.3655    4
 6.3705    7
 6.3755   10
 6.3805   12
 6.3855   11
 6.3905   13
 6.3955    9
 6.4005   14
 6.4055    7
 6.4105   15
 6.4155   16
 6.4205   14
 6.4255   13
 6.4305   10
 6.4355   11
 6.4405    6
 6.4455    3
 6.4505    8
 6.4555   11
 6.4605   14
 6.4655   10
 6.4705   14
 6.4755   10
 6.4805   12
 6.4855   14
 6.4905   10
 6.4955    8
 6.5004    4
 6.5054   11
 6.5104    7
 6.5154    3
 6.5204    7
 6.5254   14
 6.5304    6
 6.5354    8
 6.5404   12
 6.5454    4
 6.5504    5
 6.5554    6
 6.5604    8
 6.5654    7
 6.5704    3
 6.5754    9
 6.5804    7
 6.5854    7
 6.5904    6
 6.5954    5
 6.6004    5
 6.6054   12
 6.6104    6
 6.6154    6
 6.6204   15
 6.6254    7
 6.6304    8
 6.6354    7
 6.6404    6
 6.6454    6
 6.6504    8
 6.6554    7
 6.6604    5
 6.6654    7
 6.6704    6
 6.6754    7
 6.6804    8
 6.6854    2
 6.6904    6
 6.6954    4
 6.7004    5
 6.7054    6
 6.7104   10
 6.7154    3
 6.7204    5
 6.7254    8
 6.7304    9
 6.7354    8
 6.7404    4
 6.7454    8
 6.7504    4
 6.7554    7
 6.7604    6
 6.7654    9
 6.7704    8
 6.7754    6
 6.7804   12
 6.7854    7
 6.7904    2
 6.7954    7
 6.8004    7
 6.8054    9
 6.8104    3
 6.8154    7
 6.8204    5
 6.8254    6
 6.8304    4
 6.8354    8
 6.8404    5
 6.8454    6
 6.8504    6
 6.8554    7
 6.8604    9
 6.8654    5
 6.8704   11
 6.8754   11
 6.8804    7
 6.8854    5
 6.8904   11
 6.8954    7
 6.9004    4
 6.9054    6
 6.9104    7
 6.9154    6
 6.9204    7
 6.9254    5
 6.9304    3
 6.9354    4
 6.9404    7
 6.9454    7
 6.9504    5
 6.9554   10
 6.9604    9
 6.9654    4
 6.9704    8
 6.9754    7
 6.9804   13
 6.9854    6
 6.9904    6
 6.9954    5
 7.0004    4
 7.0054    5
 7.0104    7
 7.0154    4
 7.0204    6
 7.0254    4
 7.0304    8
 7.0354    7
 7.0404    7
 7.0454   12
 7.0504    5
 7.0554   10
 7.0604    5
 7.0654   10
 7.0704   10
 7.0754    8
 7.0804    8
 7.0854    7
 7.0904   12
 7.0954   10
 7.1004   10
 7.1054    6
 7.1104   11
 7.1154    4
 7.1204    9
 7.1254    2
 7.1304    8
 7.1354    8
 7.1404    4
 7.1454    9
 7.1504    9
 7.1554    5
 7.1604    4
 7.1654    4
 7.1704    6
 7.1754    6
 7.1804    6
 7.1854    6
 7.1904    5
 7.1954    3
 7.2004    4
 7.2054    7
 7.2104    5
 7.2154    6
 7.2204    7
 7.2254   13
 7.2304    4
 7.2354    5
 7.2404   11
 7.2454    8
 7.2504    3
 7.2554    7
 7.2604   11
 7.2654    9
 7.2704   10
 7.2754    7
 7.2804    9
 7.2854    6
 7.2904    4
 7.2954   10
 7.3004    6
 7.3054   10
 7.3104   10
 7.3154   10
 7.3204    6
 7.3254   12
 7.3304    9
 7.3354   14
 7.3404   13
 7.3454   15
 7.3504   18
 7.3554    9
 7.3604   10
 7.3654   18
 7.3704   12
 7.3754   10
 7.3804   14
 7.3854   15
 7.3904   13
 7.3954   18
 7.4004   14
 7.4054   22
 7.4104   20
 7.4154    8
 7.4204   11
 7.4254   19
 7.4304   19
 7.4354   18
 7.4404   14
 7.4454   18
 7.4504   18
 7.4554   10
 7.4604   14
 7.4654   18
 7.4704   14
 7.4754   20
 7.4804   21
 7.4854   17
 7.4904   13
 7.4954   18
 7.5003   15
 7.5053   15
 7.5103   15
 7.5153   12
 7.5203   17
 7.5253    9
 7.5303   18
 7.5353    9
 7.5403    7
 7.5453    5
 7.5503   15
 7.5553    5
 7.5603    6
 7.5653    7
 7.5703    7
 7.5753    5
 7.5803    4
 7.5853    5
 7.5903    6
 7.5953   14
 7.6003    6
 7.6053    6
 7.6103    4
 7.6153    4
 7.6203    6
 7.6253    7
 7.6303    3
 7.6353    7
 7.6403    6
 7.6453    6
 7.6503    6
 7.6553    5
 7.6603    7
 7.6653    6
 7.6703    4
 7.6753    2
 7.6803   11
 7.6853    4
 7.6903    5
 7.6953   11
 7.7003    6
 7.7053    3
 7.7103    7
 7.7153    5
 7.7203    5
 7.7253    2
 7.7303    5
 7.7353    6
 7.7403    7
 7.7453    2
 7.7503    4
 7.7553    9
 7.7603    8
 7.7653    6
 7.7703    3
 7.7753    7
 7.7803    8
 7.7853    3
 7.7903    7
 7.7953    6
 7.8003    9
 7.8053    8
 7.8103    7
 7.8153    8
 7.8203    8
 7.8253    5
 7.8303    8
 7.8353    3
 7.8403    7
 7.8453    5
 7.8503   12
 7.8553    5
 7.8603    2
 7.8653    3
 7.8703    9
 7.8753    6
 7.8803    9
 7.8853    4
 7.8903    7
 7.8953    3
 7.9003    3
 7.9053    3
 7.9103    7
 7.9153    5
 7.9203    1
 7.9253    6
 7.9303   10
 7.9353    8
 7.9403    5
 7.9453    1
 7.9503    7
 7.9553    8
 7.9603    4
 7.9653    5
 7.9703    7
 7.9753    4
 7.9803    3
 7.9853    8
 7.9903    3
 7.9953    4
 8.0003    8
 8.0053    3
 8.0103    5
 8.0153    3
 8.0203    8
 8.0253    6
 8.0303    2
 8.0353    5
 8.0403    9
 8.0453    6
 8.0503    7
 8.0553    4
 8.0603    6
 8.0653    5
 8.0703    4
 8.0753    3
 8.0803   10
 8.0853    4
 8.0903   11
 8.0953    7
 8.1003   10
 8.1053    7
 8.1103    6
 8.1153    7
 8.1203    5
 8.1253    7
 8.1303    4
 8.1353   13
 8.1403    5
 8.1453    6
 8.1503    6
 8.1553    7
 8.1603    8
 8.1653    7
 8.1703    2
 8.1753    5
 8.1803   14
 8.1853    5
 8.1903    8
 8.1953    7
 8.2003    8
 8.2053    8
 8.2103   18
 8.2153   10
 8.2203   14
 8.2253   17
 8.2303   14
 8.2353   10
 8.2403   12
 8.2453   17
 8.2503   10
 8.2553   25
 8.2603   22
 8.2653   28
 8.2703   23
 8.2753   37
 8.2803   35
 8.2853   32
 8.2903   36
 8.2953   45
 8.3003   40
 8.3053   45
 8.3103   61
 8.3153   45
 8.3203   55
 8.3253   47
 8.3303   65
 8.3353   69
 8.3403   84
 8.3453   80
 8.3503   81
 8.3553   89
 8.3603  102
 8.3653  103
 8.3703  116
 8.3753   93
 8.3803  100
 8.3853  105
 8.3903  119
 8.3953  119
 8.4003  121
 8.4053  105
 8.4103  104
 8.4153  120
 8.4203  116
 8.4253  117
 8.4303   86
 8.4353  114
 8.4403   95
 8.4453   84
 8.4503   75
 8.4553   72
 8.4603   72
 8.4653   69
 8.4703   54
 8.4753   67
 8.4803   52
 8.4853   48
 8.4903   43
 8.4953   39
 8.5002   31
 8.5052   31
 8.5102   22
 8.5152   26
 8.5202   31
 8.5252   19
 8.5302   21
 8.5352   15
 8.5402   20
 8.5452   14
 8.5502   17
 8.5552   11
 8.5602    9
 8.5652   10
 8.5702    7
 8.5752   11
 8.5802   11
 8.5852    7
 8.5902    6
 8.5952    4
 8.6002    9
 8.6052    6
 8.6102   12
 8.6152    6
 8.6202    8
 8.6252    5
 8.6302    7
 8.6352    5
 8.6402    5
 8.6452    3
 8.6502    3
 8.6552    2
 8.6602    8
 8.6652    7
 8.6702    6
 8.6752    9
 8.6802    4
 8.6852    7
 8.6902    8
 8.6952    7
 8.7002    4
 8.7052    5
 8.7102    5
 8.7152    8
 8.7202    5
 8.7252    7
 8.7302    7
 8.7352    4
 8.7402    3
 8.7452    4
 8.7502    6
 8.7552    4
 8.7602    6
 8.7652    6
 8.7702    6
 8.7752    8
 8.7802    2
 8.7852    7
 8.7902    4
 8.7952    7
 8.8002    7
 8.8052    3
 8.8102    3
 8.8152    8
 8.8202    7
 8.8252    2
 8.8302    4
 8.8352    7
 8.8402    6
 8.8452    5
 8.8502    3
 8.8552    5
 8.8602    4
 8.8652    8
 8.8702   10
 8.8752    7
 8.8802    7
 8.8852    3
 8.8902    5
 8.8952    7
 8.9002    8
 8.9052    5
 8.9102    2
 8.9152    6
 8.9202    5
 8.9252    7
 8.9302    3
 8.9352    7
 8.9402    4
 8.9452    5
 8.9502    8
 8.9552    3
 8.9602    4
 8.9652    5
 8.9702   10
 8.9752    5
 8.9802    5
 8.9852    4
 8.9902    6
 8.9952    6
 9.0002    8
 9.0052    6
 9.0102    4
 9.0152    3
 9.0202    2
 9.0252    9
 9.0302    4
 9.0352    4
 9.0402    5
 9.0452    2
 9.0502    4
 9.0552    4
 9.0602    4
 9.0652    5
 9.0702    5
 9.0752    4
 9.0802    4
 9.0852    5
 9.0902    9
 9.0952    5
 9.1002    6
 9.1052    5
 9.1102    5
 9.1152    1
 9.1202    2
 9.1252    4
 9.1302    7
 9.1352    5
 9.1402    4
 9.1452    3
 9.1502    1
 9.1552    4
 9.1602    5
 9.1652    3
 9.1702    2
 9.1752    2
 9.1802    4
 9.1852    6
 9.1902    7
 9.1952    2
 9.2002    4
 9.2052    4
 9.2102    5
 9.2152    4
 9.2202    5
 9.2252   10
 9.2302    5
 9.2352    4
 9.2402    9
 9.2452    3
 9.2502    4
 9.2552    5
 9.2602    5
 9.2652    1
 9.2702    6
 9.2752    5
 9.2802    6
 9.2852    3
 9.2902    4
 9.2952    2
 9.3002    3
 9.3052    4
 9.3102    8
 9.3152    8
 9.3202    5
 9.3252    8
 9.3302    7
 9.3352    7
 9.3402    8
 9.3452    3
 9.3502    5
 9.3552    7
 9.3602    6
 9.3652    6
 9.3702   11
 9.3752    7
 9.3802    5
 9.3852    6
 9.3902    4
 9.3952    4
 9.4002    6
 9.4052   10
 9.4102   10
 9.4152    5
 9.4202    3
 9.4252    6
 9.4302    8
 9.4352    5
 9.4402    7
 9.4452    7
 9.4502   11
 9.4552   10
 9.4602    9
 9.4652   11
 9.4702    8
 9.4752    6
 9.4802    9
 9.4852    9
 9.4902    5
 9.4952   12
 9.5001   17
 9.5051   14
 9.5101    8
 9.5151   13
 9.5201    8
 9.5251   12
 9.5301   14
 9.5351   14
 9.5401    6
 9.5451    8
 9.5501   17
 9.5551    9
 9.5601   14
 9.5651   28
 9.5701   23
 9.5751   18
 9.5801   35
 9.5851   22
 9.5901   31
 9.5951   32
 9.6001   26
 9.6051   30
 9.6101   44
 9.6151   31
 9.6201   32
 9.6251   39
 9.6301   44
 9.6351   46
 9.6401   43
 9.6451   44
 9.6501   39
 9.6551   48
 9.6601   45
 9.6651   55
 9.6701   52
 9.6751   52
 9.6801   42
 9.6851   49
 9.6901   38
 9.6951   48
 9.7001   51
 9.7051   41
 9.7101   41
 9.7151   33
 9.7201   35
 9.7251   36
 9.7301   40
 9.7351   44
 9.7401   48
 9.7451   38
 9.7501   29
 9.7551   34
 9.7601   25
 9.7651   28
 9.7701   24
 9.7751   18
 9.7801   30
 9.7851   18
 9.7901   19
 9.7951   22
 9.8001   17
 9.8051   13
 9.8101   26
 9.8151   11
 9.8201   16
 9.8251   16
 9.8301   21
 9.8351   12
 9.8401   18
 9.8451   10
 9.8501   18
 9.8551   25
 9.8601   14
 9.8651   22
 9.8701   10
 9.8751   18
 9.8801   26
 9.8851   16
 9.8901   21
 9.8951   27
 9.9001   25
 9.9051   21
 9.9101   27
 9.9151   29
 9.9201   25
 9.9251    9
 9.9301   17
 9.9351   24
 9.9401   23
 9.9451   25
 9.9501   18
 9.9551   31
 9.9601   29
 9.9651   23
 9.9701   26
 9.9751   19
 9.9801   27
 9.9851   29
 9.9901   17
 9.9951   25
10.0001   31
10.0051   20
10.0101   21
10.0151   17
10.0201   15
10.0251   18
10.0301   21
10.0351   18
10.0401   16
10.0451   16
10.0501   11
10.0551   10
10.0601   11
10.0651    9
10.0701    9
10.0751    8
10.0801    8
10.0851   12
10.0901    8
10.0951    8
10.1001    7
10.1051    5
10.1101    6
10.1151    5
10.1201   10
10.1251    7
10.1301   10
10.1351    2
10.1401    4
10.1451    2
10.1501    5
10.1551    5
10.1601    9
10.1651    6
10.1701    4
10.1751    4
10.1801    5
10.1851    6
10.1901    5
10.1951    4
10.2001    2
10.2051    4
10.2101    5
10.2151    6
10.2201    5
10.2251    5
10.2301    5
10.2351    7
10.2401    4
10.2451    4
10.2501    7
10.2551    8
10.2601    3
10.2651    3
10.2701    4
10.2751    4
10.2801    5
10.2851    4
10.2901    5
10.2951    8
10.3001    1
10.3051    6
10.3101    5
10.3151    3
10.3201    4
10.3251    5
10.3301    6
10.3351    4
10.3401    5
10.3451    2
10.3501    6
10.3551    1
10.3601    7
10.3651    2
10.3701    3
10.3751    2
10.3801    4
10.3851    4
10.3901    4
10.3951    4
10.4001    3
10.4051    0
10.4101    7
10.4151    2
10.4201    4
10.4251    6
10.4301    2
10.4351    4
10.4401    4
10.4451    2
10.4501    3
10.4551    3
10.4601    4
10.4651    4
10.4701    0
10.4751    0
10.4801    7
10.4851    3
10.4901    4
10.4951    3
   10.5    7
 10.505    2
  10.51    5
 10.515    1
  10.52    0
 10.525    5
  10.53    4
 10.535    0
  10.54    3
 10.545    3
  10.55    1
 10.555    2
  10.56    2
 10.565    1
  10.57    6
 10.575    3
  10.58    1
 10.585    2
  10.59    3
 10.595    3
   10.6    3
 10.605    1
  10.61    0
 10.615    3
  10.62    5
 10.625    3
  10.63    6
 10.635    0
  10.64    5
 10.645    3
  10.65    1
 10.655    2
  10.66    3
 10.665    0
  10.67    6
 10.675    2
  10.68    3
 10.685    2
  10.69    2
 10.695    3
   10.7    4
 10.705    3
  10.71    4
 10.715    2
  10.72    1
 10.725    2
  10.73    3
 10.735    1
  10.74    3
 10.745    0
  10.75    2
 10.755    4
  10.76    2
 10.765    3
  10.77    2
 10.775    6
  10.78    3
 10.785    2
  10.79    1
 10.795    3
   10.8    6
 10.805    3
  10.81    2
 10.815    2
  10.82    4
 10.825    3
  10.83    3
 10.835    3
  10.84    6
 10.845    7
  10.85    4
 10.855    4
  10.86    3
 10.865    5
  10.87    3
 10.875    4
  10.88    3
 10.885    3
  10.89    0
 10.895    0
   10.9    2
 10.905    1
  10.91    2
 10.915    1
  10.92    3
 10.925    5
  10.93    3
 10.935    7
  10.94    2
 10.945    3
  10.95    4
 10.955    3
  10.96    1
 10.965    5
  10.97    2
 10.975    2
  10.98    2
 10.985    1
  10.99    4
 10.995    5
     11    3
 11.005    1
  11.01    2
 11.015    3
  11.02    1
 11.025    1
  11.03    4
 11.035    4
  11.04    3
 11.045    7
  11.05    2
 11.055    2
  11.06    7
 11.065    3
  11.07    3
 11.075    1
  11.08    6
 11.085    3
  11.09    0
 11.095    5
   11.1    4
 11.105    2
  11.11   10
 11.115    6
  11.12    5
 11.125    3
  11.13    8
 11.135    4
  11.14    3
 11.145    5
  11.15    4
 11.155    4
  11.16    3
 11.165    3
  11.17    3
 11.175    6
  11.18    4
 11.185    5
  11.19   11
 11.195    9
   11.2    4
 11.205   10
  11.21    6
 11.215    6
  11.22    6
 11.225    7
  11.23    7
 11.235    5
  11.24    4
 11.245   15
  11.25    8
 11.255    8
  11.26    6
 11.265   11
  11.27   12
 11.275   11
  11.28    7
 11.285    8
  11.29   14
 11.295    9
   11.3   10
 11.305    4
  11.31    7
 11.315   10
  11.32   10
 11.325    5
  11.33    8
 11.335   11
  11.34    8
 11.345    7
  11.35   10
 11.355    5
  11.36    8
 11.365    6
  11.37   12
 11.375    2
  11.38    4
 11.385    9
  11.39    6
 11.395    3
   11.4    5
 11.405    6
  11.41    5
 11.415    4
  11.42    1
 11.425    3
  11.43    6
 11.435    4
  11.44    5
 11.445    3
  11.45    2
 11.455    7
  11.46    3
 11.465    0
  11.47    5
 11.475    2
  11.48    5
 11.485    3
  11.49    2
 11.495    8
11.4999    2
11.5049    4
11.5099    5
11.5149    2
11.5199    3
11.5249    3
11.5299    4
11.5349    5
11.5399    3
11.5449    3
11.5499    6
11.5549    2
11.5599    7
11.5649    6
11.5699   11
11.5749    1
11.5799    3
11.5849    5
11.5899    4
11.5949    3
11.5999    6
11.6049    4
11.6099    6
11.6149    4
11.6199    3
11.6249    4
11.6299    7
11.6349    3
11.6399    1
11.6449    5
11.6499    4
11.6549    5
11.6599    5
11.6649    4
11.6699    3
11.6749    6
11.6799    3
11.6849    5
11.6899    7
11.6949    6
11.6999    2
11.7049    3
11.7099    3
11.7149   10
11.7199    4
11.7249    4
11.7299    3
11.7349    2
11.7399    6
11.7449    3
11.7499    3
11.7549    4
11.7599    4
11.7649    3
11.7699    5
11.7749    5
11.7799    2
11.7849    4
11.7899    3
11.7949    3
11.7999    2
11.8049    3
11.8099    3
11.8149    2
11.8199    3
11.8249    3
11.8299    1
11.8349    0
11.8399    0
11.8449    4
11.8499    0
11.8549    4
11.8599    3
11.8649    0
11.8699    3
11.8749    4
11.8799    2
11.8849    5
11.8899    3
11.8949    2
11.8999    2
11.9049    5
11.9099    6
11.9149    3
11.9199    2
11.9249    5
11.9299    7
11.9349    5
11.9399    5
11.9449    2
11.9499    3
11.9549    0
11.9599    1
11.9649    1
11.9699    4
11.9749    2
11.9799    5
11.9849    3
11.9899    3
11.9949    4
11.9999    4
12.0049    6
12.0099    3
12.0149    2
12.0199    6
12.0249    3
12.0299    4
12.0349    0
12.0399    4
12.0449    5
12.0499    2
12.0549    5
12.0599    4
12.0649    1
12.0699    5
12.0749    2
12.0799    2
12.0849    1
12.0899    4
12.0949    4
12.0999    1
12.1049    6
12.1099    1
12.1149    2
12.1199    5
12.1249    1
12.1299    1
12.1349    3
12.1399    5
12.1449    2
12.1499    2
12.1549    2
12.1599    5
12.1649    2
12.1699    0
12.1749    1
12.1799    4
12.1849    4
12.1899    1
12.1949    3
12.1999    2
12.2049    4
12.2099    5
12.2149    3
12.2199    2
12.2249    5
12.2299    4
12.2349    3
12.2399    3
12.2449    3
12.2499    0
12.2549    1
12.2599    3
12.2649    4
12.2699    5
12.2749    2
12.2799    4
12.2849    2
12.2899    3
12.2949    5
12.2999    2
12.3049    3
12.3099    0
12.3149    4
12.3199    1
12.3249    2
12.3299    1
12.3349    3
12.3399    3
12.3449    5
12.3499    4
12.3549    3
12.3599    2
12.3649    4
12.3699    2
12.3749    5
12.3799    4
12.3849    2
12.3899    2
12.3949    3
12.3999    4
12.4049    0
12.4099    2
12.4149    2
12.4199    3
12.4249    1
12.4299    3
12.4349    2
12.4399    1
12.4449    4
12.4499    3
12.4549    2
12.4599    1
12.4649    2
12.4699    3
12.4749    1
12.4799    3
12.4849    5
12.4899    3
12.4949    3
12.4998    1
12.5048    2
12.5098    4
12.5148    1
12.5198    1
12.5248    0
12.5298    1
12.5348    3
12.5398    1
12.5448    6
12.5498    4
12.5548    2
12.5598    3
12.5648    5
12.5698    0
12.5748    4
12.5798    2
12.5848    4
12.5898    2
12.5948    3
12.5998    0
12.6048    3
12.6098    4
12.6148    2
12.6198    0
12.6248    2
12.6298    0
12.6348    3
12.6398    1
12.6448    1
12.6498    1
12.6548    2
12.6598    4
12.6648    0
12.6698    1
12.6748    2
12.6798    4
12.6848    2
12.6898    2
12.6948    4
12.6998    1
12.7048    1
12.7098    3
12.7148    3
12.7198    2
12.7248    1
12.7298    2
12.7348    0
12.7398    3
12.7448    2
12.7498    4
12.7548    1
12.7598    2
12.7648    2
12.7698    2
12.7748    2
12.7798    2
12.7848    3
12.7898    3
12.7948    4
12.7998    2
12.8048    2
12.8098    2
12.8148    3
12.8198    1
12.8248    4
12.8298    2
12.8348    3
12.8398    2
12.8448    0
12.8498    2
12.8548    2
12.8598    1
12.8648    6
12.8698    3
12.8748    2
12.8798    1
12.8848    3
12.8898    2
12.8948    2
12.8998    4
12.9048    5
12.9098    4
12.9148    1
12.9198    3
12.9248    1
12.9298    3
12.9348    1
12.9398    0
12.9448    4
12.9498    6
12.9548    2
12.9598    4
12.9648    3
12.9698    2
12.9748    2
12.9798    4
12.9848    2
12.9898    5
12.9948    2
12.9998    1
13.0048    2
13.0098    2
13.0148    1
13.0198    3
13.0248    2
13.0298    0
13.0348    2
13.0398    0
13.0448    4
13.0498    3
13.0548    2
13.0598    2
13.0648    1
13.0698    6
13.0748    3
13.0798    0
13.0848    1
13.0898    1
13.0948    3
13.0998    2
13.1048    1
13.1098    2
13.1148    4
13.1198    3
13.1248    2
13.1298    4
13.1348    1
13.1398    2
13.1448    3
13.1498    3
13.1548    1
13.1598    4
13.1648    2
13.1698    4
13.1748    2
13.1798    1
13.1848    3
13.1898    1
13.1948    4
13.1998    2
13.2048    1
13.2098    3
13.2148    2
13.2198    1
13.2248    5
13.2298    2
13.2348    5
13.2398    1
13.2448    0
13.2498    1
13.2548    0
13.2598    0
13.2648    3
13.2698    1
13.2748    2
13.2798    6
13.2848    1
13.2898    0
13.2948    1
13.2998    1
13.3048    2
13.3098    2
13.3148    4
13.3198    6
13.3248    3
13.3298    3
13.3348    1
13.3398    0
13.3448    2
13.3498    2
13.3548    3
13.3598    4
13.3648    1
13.3698    1
13.3748    1
13.3798    2
13.3848    2
13.3898    4
13.3948    1
13.3998    1
13.4048    0
13.4098    1
13.4148    1
13.4198    1
13.4248    2
13.4298    1
13.4348    0
13.4398    2
13.4448    2
13.4498    2
13.4548    3
13.4598    0
13.4648    3
13.4698    1
13.4748    2
13.4798    2
13.4848    3
13.4898    0
13.4948    4
13.4997    2
13.5047    3
13.5097    2
13.5147    0
13.5197    1
13.5247    2
13.5297    4
13.5347    3
13.5397    1
13.5447    2
13.5497    2
13.5547    2
13.5597    1
13.5647    1
13.5697    5
13.5747    1
13.5797    1
13.5847    4
13.5897    1
13.5947    1
13.5997    1
13.6047    1
13.6097    2
13.6147    3
13.6197    0
13.6247    3
13.6297    2
13.6347    1
13.6397    0
13.6447    5
13.6497    2
13.6547    3
13.6597    3
13.6647    3
13.6697    0
13.6747    2
13.6797    1
13.6847    5
13.6897    3
13.6947    1
13.6997    0
13.7047    5
13.7097    5
13.7147    1
13.7197    1
13.7247    3
13.7297    5
13.7347    3
13.7397    2
13.7447    1
13.7497    1
13.7547    2
13.7597    3
13.7647    2
13.7697    3
13.7747    2
13.7797    2
13.7847    3
13.7897    1
13.7947    1
13.7997    3
13.8047    2
13.8097    1
13.8147    3
13.8197    2
13.8247    3
13.8297    2
13.8347    4
13.8397    3
13.8447    3
13.8497    2
13.8547    1
13.8597    0
13.8647    2
13.8697    1
13.8747    0
13.8797    2
13.8847    0
13.8897    3
13.8947    2
13.8997    4
13.9047    2
13.9097    2
13.9147    1
13.9197    3
13.9247    4
13.9297    0
13.9347    0
13.9397    4
13.9447    3
13.9497    3
13.9547    2
13.9597    1
13.9647    1
13.9697    1
13.9747    2
13.9797    3
13.9847    4
13.9897    1
13.9947    1
13.9997    2
14.0047    1
14.0097    4
14.0147    1
14.0197    2
14.0247    3
14.0297    2
14.0347    2
14.0397    1
14.0447    2
14.0497    2
14.0547    2
14.0597    0
14.0647    1
14.0697    0
14.0747    4
14.0797    4
14.0847    2
14.0897    1
14.0947    2
14.0997    2
14.1047    1
14.1097    2
14.1147    0
14.1197    4
14.1247    2
14.1297    3
14.1347    0
14.1397    1
14.1447    3
14.1497    0
14.1547    3
14.1597    1
14.1647    1
14.1697    2
14.1747    2
14.1797    2
14.1847    1
14.1897    4
14.1947    4
14.1997    2
14.2047    1
14.2097    0
14.2147    2
14.2197    1
14.2247    1
14.2297    1
14.2347    0
14.2397    4
14.2447    0
14.2497    2
14.2547    2
14.2597    2
14.2647    1
14.2697    1
14.2747    2
14.2797    2
14.2847    0
14.2897    1
14.2947    3
14.2997    1
14.3047    3
14.3097    2
14.3147    0
14.3197    4
14.3247    2
14.3297    4
14.3347    2
14.3397    2
14.3447    1
14.3497    1
14.3547    2
14.3597    2
14.3647    1
14.3697    3
14.3747    2
14.3797    4
14.3847    2
14.3897    3
14.3947    1
14.3997    1
14.4047    3
14.4097    2
14.4147    4
14.4197    2
14.4247    2
14.4297    1
14.4347    1
14.4397    1
14.4447    1
14.4497    1
14.4547    2
14.4597    0
14.4647    1
14.4697    2
14.4747    1
14.4797    2
14.4847    3
14.4897    0
14.4947    2
14.4996    3
14.5046    0
14.5096    3
14.5146    1
14.5196    1
14.5246    0
14.5296    1
14.5346    1
14.5396    1
14.5446    1
14.5496    3
14.5546    2
14.5596    1
14.5646    2
14.5696    0
14.5746    4
14.5796    4
14.5846    3
14.5896    2
14.5946    7
14.5996    3
14.6046    3
14.6096    2
14.6146    0
14.6196    2
14.6246    3
14.6296    0
14.6346    0
14.6396    2
14.6446    0
14.6496    0
14.6546    1
14.6596    5
14.6646    3
14.6696    1
14.6746    3
14.6796    2
14.6846    2
14.6896    5
14.6946    5
14.6996    0
14.7046    3
14.7096    0
14.7146    1
14.7196    1
14.7246    0
14.7296    3
14.7346    1
14.7396    2
14.7446    1
14.7496    4
14.7546    1
14.7596    1
14.7646    1
14.7696    0
14.7746    0
14.7796    3
14.7846    1
14.7896    2
14.7946    2
14.7996    2
14.8046    1
14.8096    1
14.8146    3
14.8196    5
14.8246    2
14.8296    4
14.8346    2
14.8396    0
14.8446    1
14.8496    0
14.8546    3
14.8596    0
14.8646    0
14.8696    0
14.8746    2
14.8796    0
14.8846    1
14.8896    1
14.8946    1
14.8996    0
14.9046    2
14.9096    0
14.9146    3
14.9196    1
14.9246    3
14.9296    1
14.9346    0
14.9396    0
14.9446    2
14.9496    0
14.9546    1
14.9596    4
14.9646    4
14.9696    4
14.9746    1
14.9796    4
14.9846    4
14.9896    2
14.9946    1
14.9996    3
15.0046    3
15.0096    3
15.0146    2
15.0196    2
15.0246    1
15.0296    1
15.0346    0
15.0396    1
15.0446    2
15.0496    0
15.0546    2
15.0596    2
15.0646    1
15.0696    3
15.0746    0
15.0796    2
15.0846    2
15.0896    2
15.0946    2
15.0996    2
15.1046    3
15.1096    3
15.1146    4
15.1196    2
15.1246    1
15.1296    0
15.1346    2
15.1396    3
15.1446    0
15.1496    1
15.1546    3
15.1596    2
15.1646    2
15.1696    3
15.1746    1
15.1796    0
15.1846    1
15.1896    1
15.1946    2
15.1996    2
15.2046    5
15.2096    0
15.2146    4
15.2196    2
15.2246    2
15.2296    3
15.2346    2
15.2396    0
15.2446    0
15.2496    1
15.2546    0
15.2596    3
15.2646    0
15.2696    2
15.2746    1
15.2796    3
15.2846    2
15.2896    1
15.2946    2
15.2996    1
15.3046    0
15.3096    2
15.3146    1
15.3196    2
15.3246    2
15.3296    1
15.3346    1
15.3396    3
15.3446    2
15.3496    4
15.3546    1
15.3596    1
15.3646    3
15.3696    2
15.3746    1
15.3796    0
15.3846    1
15.3896    1
15.3946    2
15.3996    2
15.4046    1
15.4096    0
15.4146    1
15.4196    1
15.4246    1
15.4296    0
15.4346    2
15.4396    3
15.4446    1
15.4496    2
15.4546    2
15.4596    1
15.4646    2
15.4696    4
15.4746    1
15.4796    0
15.4846    4
15.4896    3
15.4946    5
15.4995    1
15.5045    3
15.5095    2
15.5145    0
15.5195    0
15.5245    0
15.5295    3
15.5345    0
15.5395    1
15.5445    3
15.5495    1
15.5545    2
15.5595    0
15.5645    2
15.5695    0
15.5745    0
15.5795    2
15.5845    3
15.5895    0
15.5945    0
15.5995    0
15.6045    3
15.6095    3
15.6145    3
15.6195    0
15.6245    2
15.6295    2
15.6345    2
15.6395    2
15.6445    2
15.6495    3
15.6545    6
15.6595    0
15.6645    1
15.6695    0
15.6745    0
15.6795    1
15.6845    0
15.6895    2
15.6945    1
15.6995    2
15.7045    0
15.7095    3
15.7145    1
15.7195    1
15.7245    3
15.7295    2
15.7345    1
15.7395    4
15.7445    2
15.7495    2
15.7545    1
15.7595    1
15.7645    1
15.7695    1
15.7745    0
15.7795    3
15.7845    1
15.7895    1
15.7945    6
15.7995    1
15.8045    1
15.8095    0
15.8145    0
15.8195    1
15.8245    4
15.8295    1
15.8345    4
15.8395    1
15.8445    2
15.8495    0
15.8545    3
15.8595    3
15.8645    2
15.8695    0
15.8745    3
15.8795    1
15.8845    2
15.8895    1
15.8945    2
15.8995    2
15.9045    2
15.9095    2
15.9145    4
15.9195    1
15.9245    1
15.9295    2
15.9345    5
15.9395    2
15.9445    1
15.9495    1
15.9545    2
15.9595    0
15.9645    2
15.9695    1
15.9745    2
15.9795    1
15.9845    2
15.9895    6
15.9945    0
15.9995    1
16.0045    2
16.0095    1
16.0145    2
16.0195    0
16.0245    2
16.0295    1
16.0345    1
16.0395    0
16.0445    3
16.0495    1
16.0545    0
16.0595    1
16.0645    1
16.0695    0
16.0745    2
16.0795    1
16.0845    2
16.0895    2
16.0945    1
16.0995    3
16.1045    1
16.1095    1
16.1145    0
16.1195    0
16.1245    2
16.1295    1
16.1345    1
16.1395    2
16.1445    0
16.1495    2
16.1545    1
16.1595    0
16.1645    0
16.1695    0
16.1745    2
16.1795    0
16.1845    2
16.1895    2
16.1945    2
16.1995    1
16.2045    1
16.2095    1
16.2145    1
16.2195    1
16.2245    1
16.2295    0
16.2345    2
16.2395    0
16.2445    3
16.2495    1
16.2545    1
16.2595    1
16.2645    2
16.2695    1
16.2745    3
16.2795    1
16.2845    1
16.2895    1
16.2945    2
16.2995    1
16.3045    1
16.3095    1
16.3145    2
16.3195    1
16.3245    1
16.3295    2
16.3345    3
16.3395    2
16.3445    4
16.3495    1
16.3545    4
16.3595    1
16.3645    1
16.3695    0
16.3745    2
16.3795    1
16.3845    1
16.3895    0
16.3945    2
16.3995    1
16.4045    2
16.4095    1
16.4145    1
16.4195    1
16.4245    2
16.4295    0
16.4345    4
16.4395    2
16.4445    0
16.4495    1
16.4545    1
16.4595    0
16.4645    3
16.4695    2
16.4745    1
16.4795    1
16.4845    1
16.4895    4
16.4945    0
16.4994    0
16.5044    2
16.5094    1
16.5144    1
16.5194    1
16.5244    0
16.5294    2
16.5344    0
16.5394    0
16.5444    2
16.5494    1
16.5544    1
16.5594    1
16.5644    2
16.5694    2
16.5744    0
16.5794    5
16.5844    2
16.5894    0
16.5944    2
16.5994    4
16.6044    0
16.6094    0
16.6144    2
16.6194    0
16.6244    1
16.6294    2
16.6344    0
16.6394    2
16.6444    2
16.6494    0
16.6544    0
16.6594    2
16.6644    1
16.6694    1
16.6744    2
16.6794    2
16.6844    0
16.6894    0
16.6944    1
16.6994    0
16.7044    2
16.7094    1
16.7144    1
16.7194    1
16.7244    0
16.7294    0
16.7344    1
16.7394    1
16.7444    1
16.7494    2
16.7544    2
16.7594    2
16.7644    1
16.7694    3
16.7744    1
16.7794    1
16.7844    0
16.7894    0
16.7944    0
16.7994    1
16.8044    1
16.8094    0
16.8144    1
16.8194    0
16.8244    0
16.8294    1
16.8344    1
16.8394    2
16.8444    3
16.8494    1
16.8544    1
16.8594    1
16.8644    0
16.8694    0
16.8744    2
16.8794    1
16.8844    2
16.8894    0
16.8944    0
16.8994    1
16.9044    0
16.9094    1
16.9144    0
16.9194    2
16.9244    1
16.9294    0
16.9344    1
16.9394    0
16.9444    0
16.9494    0
16.9544    1
16.9594    1
16.9644    0
16.9694    1
16.9744    0
16.9794    3
16.9844    2
16.9894    0
16.9944    3
16.9994    2
17.0044    2
17.0094    1
17.0144    0
17.0194    0
17.0244    2
17.0294    1
17.0344    1
17.0394    1
17.0444    3
17.0494    0
17.0544    0
17.0594    1
17.0644    1
17.0694    0
17.0744    0
17.0794    1
17.0844    2
17.0894    4
17.0944    2
17.0994    2
17.1044    2
17.1094    3
17.1144    1
17.1194    0
17.1244    0
17.1294    1
17.1344    1
17.1394    3
17.1444    2
17.1494    2
17.1544    0
17.1594    0
17.1644    0
17.1694    1
17.1744    1
17.1794    0
17.1844    1
17.1894    1
17.1944    2
17.1994    2
17.2044    1
17.2094    0
17.2144    1
17.2194    1
17.2244    2
17.2294    1
17.2344    3
17.2394    0
17.2444    2
17.2494    0
17.2544    2
17.2594    1
17.2644    0
17.2694    3
17.2744    1
17.2794    0
17.2844    1
17.2894    1
17.2944    1
17.2994    1
17.3044    1
17.3094    0
17.3144    2
17.3194    1
17.3244    1
17.3294    0
17.3344    0
17.3394    1
17.3444    1
17.3494    2
17.3544    1
17.3594    0
17.3644    1
17.3694    4
17.3744    0
17.3794    1
17.3844    2
17.3894    3
17.3944    0
17.3994    1
17.4044    2
17.4094    0
17.4144    1
17.4194    3
17.4244    0
17.4294    0
17.4344    2
17.4394    1
17.4444    2
17.4494    0
17.4544    1
17.4594    1
17.4644    1
17.4694    0
17.4744    0
17.4794    1
17.4844    0
17.4894    1
17.4944    2
17.4993    2
17.5043    1
17.5093    2
17.5143    0
17.5193    3
17.5243    0
17.5293    2
17.5343    1
17.5393    0
17.5443    2
17.5493    1
17.5543    1
17.5593    1
17.5643    0
17.5693    0
17.5743    2
17.5793    2
17.5843    1
17.5893    1
17.5943    2
17.5993    0
17.6043    2
17.6093    0
17.6143    2
17.6193    0
17.6243    1
17.6293    1
17.6343    3
17.6393    0
17.6443    0
17.6493    2
17.6543    0
17.6593    0
17.6643    0
17.6693    1
17.6743    0
17.6793    0
17.6843    1
17.6893    0
17.6943    2
17.6993    1
17.7043    1
17.7093    0
17.7143    0
17.7193    1
17.7243    1
17.7293    1
17.7343    1
17.7393    1
17.7443    2
17.7493    3
17.7543    2
17.7593    0
17.7643    1
17.7693    1
17.7743    1
17.7793    0
17.7843    0
17.7893    1
17.7943    1
17.7993    1
17.8043    1
17.8093    0
17.8143    0
17.8193    0
17.8243    0
17.8293    2
17.8343    1
17.8393    0
17.8443    1
17.8493    1
17.8543    1
17.8593    2
17.8643    0
17.8693    1
17.8743    1
17.8793    2
17.8843    1
17.8893    0
17.8943    2
17.8993    0
17.9043    0
17.9093    1
17.9143    0
17.9193    0
17.9243    1
17.9293    0
17.9343    3
17.9393    3
17.9443    1
17.9493    2
17.9543    0
17.9593    0
17.9643    3
17.9693    1
17.9743    0
17.9793    2
17.9843    0
17.9893    0
17.9943    1
17.9993    1
18.0043    0
18.0093    0
18.0143    1
18.0193    2
18.0243    0
18.0293    2
18.0343    1
18.0393    2
18.0443    0
18.0493    3
18.0543    1
18.0593    3
18.0643    1
18.0693    0
18.0743    0
18.0793    2
18.0843    0
18.0893    0
18.0943    0
18.0993    0
18.1043    2
18.1093    0
18.1143    1
18.1193    1
18.1243    2
18.1293    0
18.1343    2
18.1393    0
18.1443    1
18.1493    1
18.1543    0
18.1593    1
18.1643    0
18.1693    2
18.1743    2
18.1793    0
18.1843    1
18.1893    0
18.1943    0
18.1993    0
18.2043    0
18.2093    1
18.2143    0
18.2193    0
18.2243    0
18.2293    2
18.2343    0
18.2393    0
18.2443    0
18.2493    3
18.2543    1
18.2593    2
18.2643    0
18.2693    2
18.2743    3
18.2793    4
18.2843    1
18.2893    1
18.2943    1
18.2993    0
18.3043    1
18.3093    1
18.3143    2
18.3193    1
18.3243    1
18.3293    3
18.3343    1
18.3393    2
18.3443    1
18.3493    1
18.3543    1
18.3593    1
18.3643    1
18.3693    0
18.3743    1
18.3793    1
18.3843    1
18.3893    0
18.3943    0
18.3993    1
18.4043    0
18.4093    0
18.4143    2
18.4193    0
18.4243    1
18.4293    0
18.4343    1
18.4393    0
18.4443    2
18.4493    1
18.4543    1
18.4593    2
18.4643    1
18.4693    0
18.4743    1
18.4793    1
18.4843    1
18.4893    0
18.4943    2
18.4992    3
18.5042    1
18.5092    3
18.5142    1
18.5192    0
18.5242    3
18.5292    1
18.5342    0
18.5392    1
18.5442    3
18.5492    0
18.5542    1
18.5592    1
18.5642    0
18.5692    1
18.5742    1
18.5792    0
18.5842    0
18.5892    0
18.5942    4
18.5992    0
18.6042    1
18.6092    1
18.6142    1
18.6192    2
18.6242    0
18.6292    1
18.6342    1
18.6392    0
18.6442    3
18.6492    3
18.6542    1
18.6592    1
18.6642    1
18.6692    1
18.6742    0
18.6792    2
18.6842    1
18.6892    0
18.6942    0
18.6992    0
18.7042    1
18.7092    0
18.7142    0
18.7192    1
18.7242    0
18.7292    0
18.7342    0
18.7392    1
18.7442    0
18.7492    1
18.7542    3
18.7592    1
18.7642    1
18.7692    0
18.7742    0
18.7792    2
18.7842    0
18.7892    0
18.7942    1
18.7992    1
18.8042    0
18.8092    1
18.8142    0
18.8192    0
18.8242    0
18.8292    1
18.8342    2
18.8392    1
18.8442    1
18.8492    2
18.8542    0
18.8592    1
18.8642    2
18.8692    1
18.8742    2
18.8792    0
18.8842    2
18.8892    0
18.8942    1
18.8992    0
18.9042    0
18.9092    1
18.9142    1
18.9192    1
18.9242    1
18.9292    0
18.9342    3
18.9392    2
18.9442    1
18.9492    0
18.9542    1
18.9592    2
18.9642    0
18.9692    1
18.9742    0
18.9792    0
18.9842    1
18.9892    1
18.9942    1
18.9992    1
19.0042    5
19.0092    0
19.0142    0
19.0192    1
19.0242    0
19.0292    0
19.0342    1
19.0392    2
19.0442    0
19.0492    0
19.0542    0
19.0592    1
19.0642    0
19.0692    2
19.0742    0
19.0792    1
19.0842    1
19.0892    1
19.0942    1
19.0992    1
19.1042    0
19.1092    0
19.1142    0
19.1192    0
19.1242    1
19.1292    0
19.1342    1
19.1392    2
19.1442    0
19.1492    1
19.1542    2
19.1592    2
19.1642    1
19.1692    1
19.1742    0
19.1792    1
19.1842    0
19.1892    0
19.1942    0
19.1992    0
19.2042    0
19.2092    2
19.2142    1
19.2192    2
19.2242    1
19.2292    1
19.2342    0
19.2392    1
19.2442    1
19.2492    1
19.2542    0
19.2592    1
19.2642    0
19.2692    0
19.2742    1
19.2792    0
19.2842    1
19.2892    1
19.2942    0
19.2992    0
19.3042    1
19.3092    0
19.3142    1
19.3192    1
19.3242    0
19.3292    0
19.3342    0
19.3392    1
19.3442    1
19.3492    1
19.3542    1
19.3592    0
19.3642    1
19.3692    0
19.3742    0
19.3792    3
19.3842    1
19.3892    0
19.3942    0
19.3992    0
19.4042    1
19.4092    0
19.4142    1
19.4192    0
19.4242    0
19.4292    2
19.4342    0
19.4392    2
19.4442    1
19.4492    0
19.4542    1
19.4592    1
19.4642    0
19.4692    0
19.4742    0
19.4792    1
19.4842    0
19.4892    0
19.4942    0
19.4991    0
19.5041    0
19.5091    0
19.5141    0
19.5191    1
19.5241    0
19.5291    2
19.5341    0
19.5391    0
19.5441    0
19.5491    1
19.5541    0
19.5591    1
19.5641    1
19.5691    1
19.5741    0
19.5791    1
19.5841    0
19.5891    1
19.5941    0
19.5991    1
19.6041    1
19.6091    1
19.6141    0
19.6191    0
19.6241    0
19.6291    0
19.6341    2
19.6391    0
19.6441    3
19.6491    0
19.6541    2
19.6591    0
19.6641    0
19.6691    0
19.6741    0
19.6791    1
19.6841    0
19.6891    1
19.6941    1
19.6991    1
19.7041    0
19.7091    2
19.7141    1
19.7191    0
19.7241    0
19.7291    1
19.7341    0
19.7391    0
19.7441    1
19.7491    1
19.7541    0
19.7591    0
19.7641    1
19.7691    0
19.7741    1
19.7791    0
19.7841    0
19.7891    1
19.7941    0
19.7991    0
19.8041    0
19.8091    1
19.8141    1
19.8191    0
19.8241    0
19.8291    0
19.8341    0
19.8391    1
19.8441    0
19.8491    2
19.8541    0
19.8591    1
19.8641    0
19.8691    1
19.8741    0
19.8791    3
19.8841    1
19.8891    0
19.8941    1
19.8991    0
19.9041    2
19.9091    1
19.9141    0
19.9191    1
19.9241    2
19.9291    1
19.9341    1
19.9391    0
19.9441    0
19.9491    1
19.9541    1
19.9591    0
19.9641    0
19.9691    1
19.9741    2
19.9791    0
19.9841    0
19.9891    2
19.9941    0
