Bruker Nano GmbH Berlin, Germany
Esprit 1.9

Datum: 13.09.2021 16:27:35
Real-Zeit: 60000
Life-Zeit: 59713
Impulsdichte: 400

Primärenergie: 30
Abnahmewinkel: 35
Kippungwinkel: 0
Azimutwinkel: 90

Detektor-Typ: XFlash 410
Fenster-Typ: slew AP3.3
Detektordicke: 0.45
Si-Totschicht:0.029

Kalibrierung, lin.: 4.999
Kalibrierung, abs.: -478.852
Mn-FWHM: 124.263
Fano-Faktor: 0.113
Kanäle: 4096

Energie Impulse
-0.4789    0
-0.4739    0
-0.4689    0
-0.4639    0
-0.4589    0
-0.4539    0
-0.4489    0
-0.4439    0
-0.4389    0
-0.4339    0
-0.4289    0
-0.4239    0
-0.4189    0
-0.4139    0
-0.4089    0
-0.4039    0
-0.3989    0
-0.3939    0
-0.3889    0
-0.3839    0
-0.3789    0
-0.3739    0
-0.3689    0
-0.3639    0
-0.3589    0
-0.3539    0
-0.3489    0
-0.3439    0
-0.3389    0
-0.3339    0
-0.3289    0
-0.3239    0
-0.3189    0
-0.3139    0
-0.3089    0
-0.3039    0
-0.2989    0
-0.2939    0
-0.2889    0
-0.2839    0
-0.2789    0
-0.2739    0
-0.2689    0
-0.2639    0
-0.2589    0
-0.2539    0
-0.2489    0
-0.2439    0
-0.2389    0
-0.2339    0
-0.2289    0
-0.2239    0
-0.2189    0
-0.2139    0
-0.2089    0
-0.2039    0
-0.1989    0
-0.1939    0
-0.1889    0
-0.1839    0
-0.1789    0
-0.1739    0
-0.1689    0
-0.1639    0
-0.1589    0
-0.1539    0
-0.1489    0
-0.1439    0
-0.1389    0
-0.1339    0
-0.1289    0
-0.1239    0
-0.1189    0
-0.1139    0
-0.1089    0
-0.1039    0
-0.0989    0
-0.0939    0
-0.0889    0
-0.0839    0
-0.0789    0
-0.0739    0
-0.0689    0
-0.0639    1
-0.0589    3
-0.0539    3
-0.0489   11
-0.0439   11
-0.0389   62
-0.0339   93
-0.0289  171
-0.0239  388
-0.0189  628
-0.0139  987
-0.0089 1356
-0.0039 1640
 0.0011 1711
 0.0061 1519
 0.0111 1273
 0.0161  898
 0.0211  592
 0.0261  324
 0.0311  160
 0.0361   67
 0.0411   43
 0.0461    9
 0.0511    4
 0.0561    2
 0.0611    0
 0.0661    0
 0.0711    0
 0.0761    0
 0.0811    0
 0.0861    0
 0.0911    0
 0.0961    0
 0.1011    0
 0.1061    0
 0.1111    0
 0.1161    2
 0.1211    4
 0.1261    3
 0.1311    3
 0.1361    1
 0.1411    0
 0.1461    2
 0.1511    5
 0.1561    6
 0.1611    4
 0.1661    5
 0.1711    1
 0.1761    2
 0.1811    3
 0.1861    5
 0.1911    3
 0.1961    6
 0.2011    7
 0.2061   10
 0.2111    9
 0.2161    6
 0.2211   10
 0.2261   13
 0.2311   16
 0.2361   20
 0.2411   27
 0.2461   30
 0.2511   43
 0.2561   63
 0.2611   86
 0.2661   94
 0.2711   94
 0.2761  102
 0.2811  107
 0.2861   96
 0.2911   83
 0.2961   74
 0.3011   55
 0.3061   36
 0.3111   23
 0.3161   16
 0.3211   10
 0.3261    8
 0.3311    7
 0.3361    3
 0.3411    1
 0.3461    1
 0.3511    3
 0.3561    2
 0.3611    2
 0.3661    2
 0.3711    3
 0.3761    3
 0.3811    2
 0.3861    4
 0.3911    4
 0.3961    6
 0.4011    6
 0.4061    4
 0.4111    4
 0.4161    4
 0.4211    1
 0.4261    4
 0.4311    5
 0.4361    3
 0.4411    4
 0.4461    3
 0.4511    1
 0.4561    2
 0.4611    3
 0.4661    2
 0.4711    5
 0.4761    4
 0.4811    6
 0.4861    9
 0.4911   10
 0.4961    9
  0.501   20
  0.506   25
  0.511   24
  0.516   28
  0.521   27
  0.526   25
  0.531   24
  0.536   16
  0.541   18
  0.546   19
  0.551   10
  0.556   12
  0.561   13
  0.566    5
  0.571    3
  0.576    3
  0.581    2
  0.586    3
  0.591    6
  0.596    4
  0.601    6
  0.606    3
  0.611    5
  0.616    4
  0.621    5
  0.626    0
  0.631    2
  0.636    4
  0.641    5
  0.646    1
  0.651   10
  0.656    5
  0.661    6
  0.666    5
  0.671    5
  0.676    7
  0.681   10
  0.686    3
  0.691   10
  0.696    6
  0.701   11
  0.706   12
  0.711   12
  0.716   12
  0.721   12
  0.726   14
  0.731    8
  0.736   10
  0.741    9
  0.746    6
  0.751    5
  0.756    6
  0.761    7
  0.766   11
  0.771   14
  0.776    5
  0.781    5
  0.786    5
  0.791    6
  0.796    8
  0.801   10
  0.806   10
  0.811   10
  0.816   20
  0.821   18
  0.826   15
  0.831   22
  0.836   18
  0.841   26
  0.846   30
  0.851   32
  0.856   28
  0.861   25
  0.866   31
  0.871   24
  0.876   15
  0.881   22
  0.886   13
  0.891   11
  0.896    6
  0.901   13
  0.906    4
  0.911    7
  0.916    2
  0.921    5
  0.926    4
  0.931    6
  0.936    6
  0.941    4
  0.946    3
  0.951    5
  0.956    6
  0.961    1
  0.966    4
  0.971    5
  0.976    3
  0.981    2
  0.986    3
  0.991    5
  0.996    3
  1.001    4
  1.006    4
  1.011    8
  1.016   10
  1.021    4
  1.026   13
  1.031    9
  1.036    2
  1.041   10
  1.046    6
  1.051    8
  1.056    9
  1.061    7
  1.066    5
  1.071    6
  1.076    4
  1.081    7
  1.086    3
  1.091    3
  1.096    7
  1.101    4
  1.106   10
  1.111    5
  1.116    5
  1.121    8
  1.126    7
  1.131    6
  1.136    5
  1.141    4
  1.146    9
  1.151    7
  1.156   11
  1.161   10
  1.166    5
  1.171    6
  1.176    6
  1.181    7
  1.186    7
  1.191    9
  1.196    6
  1.201    4
  1.206    1
  1.211    8
  1.216    4
  1.221    2
  1.226    8
  1.231   10
  1.236    6
  1.241    6
  1.246   10
  1.251   12
  1.256    7
  1.261    7
  1.266   10
  1.271   11
  1.276    9
  1.281    6
  1.286    5
  1.291    2
  1.296    5
  1.301    9
  1.306    4
  1.311    9
  1.316    9
  1.321   11
  1.326    8
  1.331   13
  1.336   14
  1.341   15
  1.346   11
  1.351   11
  1.356   15
  1.361   21
  1.366   21
  1.371   19
  1.376   21
  1.381   20
  1.386   19
  1.391   16
  1.396   22
  1.401   29
  1.406   26
  1.411   16
  1.416   17
  1.421   13
  1.426   13
  1.431   12
  1.436   10
  1.441   11
  1.446   19
  1.451    9
  1.456    5
  1.461    9
  1.466   11
  1.471   10
  1.476    9
  1.481    7
  1.486    8
  1.491    8
  1.496    8
 1.5009   11
 1.5059   15
 1.5109    9
 1.5159    8
 1.5209   11
 1.5259   10
 1.5309    9
 1.5359    9
 1.5409    9
 1.5459   10
 1.5509   10
 1.5559    9
 1.5609   10
 1.5659    7
 1.5709   10
 1.5759   10
 1.5809    6
 1.5859    7
 1.5909    5
 1.5959   12
 1.6009   11
 1.6059    9
 1.6109   11
 1.6159   11
 1.6209    9
 1.6259    6
 1.6309    7
 1.6359    7
 1.6409    7
 1.6459   11
 1.6509   13
 1.6559   14
 1.6609   16
 1.6659   13
 1.6709   14
 1.6759   14
 1.6809   16
 1.6859   18
 1.6909   23
 1.6959   24
 1.7009   28
 1.7059   31
 1.7109   37
 1.7159   37
 1.7209   40
 1.7259   59
 1.7309   77
 1.7359   82
 1.7409   96
 1.7459  128
 1.7509  163
 1.7559  172
 1.7609  188
 1.7659  190
 1.7709  192
 1.7759  220
 1.7809  225
 1.7859  218
 1.7909  214
 1.7959  220
 1.8009  207
 1.8059  192
 1.8109  178
 1.8159  166
 1.8209  172
 1.8259  171
 1.8309  133
 1.8359  127
 1.8409  129
 1.8459  110
 1.8509   93
 1.8559   81
 1.8609   73
 1.8659   63
 1.8709   63
 1.8759   53
 1.8809   42
 1.8859   34
 1.8909   22
 1.8959   20
 1.9009   17
 1.9059   17
 1.9109   12
 1.9159    8
 1.9209    8
 1.9259    6
 1.9309    5
 1.9359    7
 1.9409    5
 1.9459    4
 1.9509    5
 1.9559   10
 1.9609    9
 1.9659    4
 1.9709    4
 1.9759    8
 1.9809   13
 1.9859    9
 1.9909    7
 1.9959    8
 2.0009    8
 2.0059    8
 2.0109    6
 2.0159    8
 2.0209   10
 2.0259   10
 2.0309   12
 2.0359   11
 2.0409   11
 2.0459    9
 2.0509    6
 2.0559    5
 2.0609    6
 2.0659    6
 2.0709    4
 2.0759    6
 2.0809    8
 2.0859    7
 2.0909    4
 2.0959    6
 2.1009    5
 2.1059    5
 2.1109    5
 2.1159    5
 2.1209    6
 2.1259    6
 2.1309    4
 2.1359    4
 2.1409    3
 2.1459    2
 2.1509    4
 2.1559    5
 2.1609    4
 2.1659    2
 2.1709    3
 2.1759    4
 2.1809    3
 2.1859    3
 2.1909    6
 2.1959    7
 2.2009    6
 2.2059    8
 2.2109    4
 2.2159    5
 2.2209    6
 2.2259    4
 2.2309    5
 2.2359    5
 2.2409    7
 2.2459    7
 2.2509    6
 2.2559    7
 2.2609    7
 2.2659    8
 2.2709    9
 2.2759   10
 2.2809    8
 2.2859    8
 2.2909    7
 2.2959    7
 2.3009    7
 2.3059    8
 2.3109   14
 2.3159   10
 2.3209    8
 2.3259    5
 2.3309    8
 2.3359    6
 2.3409    7
 2.3459    6
 2.3509    7
 2.3559    4
 2.3609    3
 2.3659    4
 2.3709    6
 2.3759    6
 2.3809    3
 2.3859    1
 2.3909    5
 2.3959    6
 2.4009    6
 2.4059    4
 2.4109    4
 2.4159    6
 2.4209    4
 2.4259    1
 2.4309    5
 2.4359    8
 2.4409    6
 2.4459    6
 2.4509    5
 2.4559    7
 2.4609    7
 2.4659    3
 2.4709    4
 2.4759    3
 2.4809    2
 2.4859    5
 2.4909    5
 2.4959    7
 2.5008    6
 2.5058    7
 2.5108    5
 2.5158    3
 2.5208    2
 2.5258    8
 2.5308    8
 2.5358    7
 2.5408    1
 2.5458    5
 2.5508    8
 2.5558    5
 2.5608    6
 2.5658    4
 2.5708    2
 2.5758    3
 2.5808    5
 2.5858    4
 2.5908    5
 2.5958    5
 2.6008    4
 2.6058    4
 2.6108    4
 2.6158    6
 2.6208    3
 2.6258    6
 2.6308    5
 2.6358    4
 2.6408    3
 2.6458    4
 2.6508    3
 2.6558    6
 2.6608    6
 2.6658    5
 2.6708    5
 2.6758    3
 2.6808    5
 2.6858    6
 2.6908    3
 2.6958    4
 2.7008    7
 2.7058    4
 2.7108    7
 2.7158    4
 2.7208    4
 2.7258    6
 2.7308    4
 2.7358    6
 2.7408    6
 2.7458    8
 2.7508   10
 2.7558    6
 2.7608    9
 2.7658    6
 2.7708    2
 2.7758    8
 2.7808    4
 2.7858    5
 2.7908    5
 2.7958    4
 2.8008    5
 2.8058    6
 2.8108    6
 2.8158    9
 2.8208    4
 2.8258    6
 2.8308   10
 2.8358    7
 2.8408    4
 2.8458    4
 2.8508    1
 2.8558    2
 2.8608    8
 2.8658    4
 2.8708    2
 2.8758    6
 2.8808    8
 2.8858    6
 2.8908    3
 2.8958    6
 2.9008    5
 2.9058    7
 2.9108    8
 2.9158    6
 2.9208    4
 2.9258    4
 2.9308    1
 2.9358    4
 2.9408    7
 2.9458    3
 2.9508    6
 2.9558    4
 2.9608    4
 2.9658    7
 2.9708    4
 2.9758    3
 2.9808    8
 2.9858    9
 2.9908    4
 2.9958    5
 3.0008    1
 3.0058    7
 3.0108    7
 3.0158    3
 3.0208    3
 3.0258    7
 3.0308    5
 3.0358    4
 3.0408    2
 3.0458    3
 3.0508    5
 3.0558    5
 3.0608    5
 3.0658    3
 3.0708    4
 3.0758    3
 3.0808    4
 3.0858    3
 3.0908    3
 3.0958    5
 3.1008    2
 3.1058    3
 3.1108    8
 3.1158    2
 3.1208    4
 3.1258    2
 3.1308    5
 3.1358    5
 3.1408    5
 3.1458    3
 3.1508    6
 3.1558    6
 3.1608    5
 3.1658    8
 3.1708    6
 3.1758    7
 3.1808    7
 3.1858    3
 3.1908    6
 3.1958   10
 3.2008    6
 3.2058    4
 3.2108    8
 3.2158    5
 3.2208    5
 3.2258    7
 3.2308    4
 3.2358    3
 3.2408    5
 3.2458    7
 3.2508    3
 3.2558    4
 3.2608    5
 3.2658    7
 3.2708   10
 3.2758    3
 3.2808    5
 3.2858    5
 3.2908    4
 3.2958    7
 3.3008    8
 3.3058    6
 3.3108    6
 3.3158    9
 3.3208   10
 3.3258    4
 3.3308    7
 3.3358    6
 3.3408    6
 3.3458    3
 3.3508    2
 3.3558    3
 3.3608    7
 3.3658    6
 3.3708    6
 3.3758    4
 3.3808    4
 3.3858    6
 3.3908    5
 3.3958    7
 3.4008    4
 3.4058    2
 3.4108    1
 3.4158    3
 3.4208    3
 3.4258    7
 3.4308    3
 3.4358    5
 3.4408    4
 3.4458    3
 3.4508    8
 3.4558    8
 3.4608    6
 3.4658    8
 3.4708    3
 3.4758    5
 3.4808    7
 3.4858    8
 3.4908    4
 3.4958    5
 3.5007    5
 3.5057    4
 3.5107    2
 3.5157    4
 3.5207    2
 3.5257    3
 3.5307    6
 3.5357    5
 3.5407    7
 3.5457    5
 3.5507    7
 3.5557   11
 3.5607    6
 3.5657    4
 3.5707    6
 3.5757    6
 3.5807    7
 3.5857    5
 3.5907    3
 3.5957    6
 3.6007    5
 3.6057    8
 3.6107    8
 3.6157    8
 3.6207    4
 3.6257    5
 3.6307    5
 3.6357    6
 3.6407    3
 3.6457    6
 3.6507    8
 3.6557   11
 3.6607    7
 3.6657   10
 3.6707    8
 3.6757    9
 3.6807   12
 3.6857    7
 3.6907   13
 3.6957    5
 3.7007    2
 3.7057   12
 3.7107   12
 3.7157    4
 3.7207   10
 3.7257    3
 3.7307   11
 3.7357    8
 3.7407    8
 3.7457    3
 3.7507    9
 3.7557    7
 3.7607    4
 3.7657    4
 3.7707    5
 3.7757    7
 3.7807    8
 3.7857    8
 3.7907    5
 3.7957    6
 3.8007    5
 3.8057    5
 3.8107   11
 3.8157    7
 3.8207    5
 3.8257   12
 3.8307    3
 3.8357    8
 3.8407    7
 3.8457   10
 3.8507    4
 3.8557    5
 3.8607    3
 3.8657    6
 3.8707    4
 3.8757    5
 3.8807    6
 3.8857    4
 3.8907    4
 3.8957    4
 3.9007    6
 3.9057    4
 3.9107    1
 3.9157    7
 3.9207    8
 3.9257    4
 3.9307    2
 3.9357    6
 3.9407    4
 3.9457    8
 3.9507    8
 3.9557    7
 3.9607    6
 3.9657    5
 3.9707    6
 3.9757    4
 3.9807    6
 3.9857    3
 3.9907    5
 3.9957    4
 4.0007    3
 4.0057    7
 4.0107    7
 4.0157    6
 4.0207    8
 4.0257    5
 4.0307    7
 4.0357    1
 4.0407    1
 4.0457    4
 4.0507    3
 4.0557    6
 4.0607    5
 4.0657    6
 4.0707    7
 4.0757    7
 4.0807    5
 4.0857    7
 4.0907    5
 4.0957    2
 4.1007    6
 4.1057    5
 4.1107    7
 4.1157    6
 4.1207    3
 4.1257    5
 4.1307    3
 4.1357    4
 4.1407    7
 4.1457    4
 4.1507    6
 4.1557    5
 4.1607    3
 4.1657    4
 4.1707    6
 4.1757    8
 4.1807    3
 4.1857    3
 4.1907    5
 4.1957    5
 4.2007    5
 4.2057    2
 4.2107    5
 4.2157    3
 4.2207    7
 4.2257    7
 4.2307    3
 4.2357    5
 4.2407    5
 4.2457    4
 4.2507    4
 4.2557    6
 4.2607    3
 4.2657    5
 4.2707    5
 4.2757    3
 4.2807    4
 4.2857    5
 4.2907    6
 4.2957    7
 4.3007    4
 4.3057    5
 4.3107    5
 4.3157    5
 4.3207    6
 4.3257    7
 4.3307    6
 4.3357    4
 4.3407    5
 4.3457    6
 4.3507    5
 4.3557    6
 4.3607    4
 4.3657    5
 4.3707    6
 4.3757    5
 4.3807    4
 4.3857    3
 4.3907    5
 4.3957    6
 4.4007    5
 4.4057    6
 4.4107    6
 4.4157    4
 4.4207    5
 4.4257    7
 4.4307    5
 4.4357    4
 4.4407    3
 4.4457    4
 4.4507    6
 4.4557    3
 4.4607    4
 4.4657    8
 4.4707    4
 4.4757    5
 4.4807    5
 4.4857    5
 4.4907    3
 4.4957    2
 4.5006    5
 4.5056    5
 4.5106    3
 4.5156    5
 4.5206    7
 4.5256    4
 4.5306    4
 4.5356    3
 4.5406    5
 4.5456    5
 4.5506    5
 4.5556    6
 4.5606    5
 4.5656    7
 4.5706    4
 4.5756    2
 4.5806    2
 4.5856    1
 4.5906    5
 4.5956    8
 4.6006    4
 4.6056    3
 4.6106    6
 4.6156    5
 4.6206    4
 4.6256    3
 4.6306    5
 4.6356    4
 4.6406    4
 4.6456    4
 4.6506    2
 4.6556    2
 4.6606    3
 4.6656    4
 4.6706    5
 4.6756    5
 4.6806    4
 4.6856    4
 4.6906    6
 4.6956    6
 4.7006    5
 4.7056    4
 4.7106    4
 4.7156    4
 4.7206    3
 4.7256    3
 4.7306    6
 4.7356    6
 4.7406    5
 4.7456    5
 4.7506    6
 4.7556    7
 4.7606    6
 4.7656    4
 4.7706    4
 4.7756    3
 4.7806    6
 4.7856    9
 4.7906    6
 4.7956    3
 4.8006    4
 4.8056    5
 4.8106    4
 4.8156    3
 4.8206    3
 4.8256    6
 4.8306    8
 4.8356    5
 4.8406    4
 4.8456    6
 4.8506    6
 4.8556    5
 4.8606    5
 4.8656    4
 4.8706    5
 4.8756    5
 4.8806    3
 4.8856    4
 4.8906    6
 4.8956    5
 4.9006    3
 4.9056    6
 4.9106    7
 4.9156    5
 4.9206    3
 4.9256    3
 4.9306    3
 4.9356    3
 4.9406    3
 4.9456    4
 4.9506    6
 4.9556    5
 4.9606    4
 4.9656    4
 4.9706    5
 4.9756    4
 4.9806    6
 4.9856    6
 4.9906    3
 4.9956    5
 5.0006    6
 5.0056    5
 5.0106    2
 5.0156    1
 5.0206    4
 5.0256    5
 5.0306    5
 5.0356    7
 5.0406    4
 5.0456    6
 5.0506    5
 5.0556    4
 5.0606    5
 5.0656    4
 5.0706    3
 5.0756    3
 5.0806    4
 5.0856    3
 5.0906    2
 5.0956    3
 5.1006    5
 5.1056    7
 5.1106    4
 5.1156    5
 5.1206    6
 5.1256    7
 5.1306    5
 5.1356    3
 5.1406    1
 5.1456    3
 5.1506    3
 5.1556    5
 5.1606    3
 5.1656    4
 5.1706    4
 5.1756    6
 5.1806    8
 5.1856    8
 5.1906    6
 5.1956    5
 5.2006    5
 5.2056    4
 5.2106    3
 5.2156    5
 5.2206    6
 5.2256    5
 5.2306    4
 5.2356    3
 5.2406    3
 5.2456    4
 5.2506    6
 5.2556    5
 5.2606    7
 5.2656    8
 5.2706    5
 5.2756    7
 5.2806    5
 5.2856    3
 5.2906    5
 5.2956    6
 5.3006    6
 5.3056    6
 5.3106    5
 5.3156    5
 5.3206    3
 5.3256    4
 5.3306    5
 5.3356    5
 5.3406    4
 5.3456    5
 5.3506   10
 5.3556    7
 5.3606    5
 5.3656    3
 5.3706    2
 5.3756    4
 5.3806    5
 5.3856    7
 5.3906    8
 5.3956    3
 5.4006    2
 5.4056    4
 5.4106    2
 5.4156    3
 5.4206    5
 5.4256    3
 5.4306    4
 5.4356    4
 5.4406    3
 5.4456    3
 5.4506    1
 5.4556    3
 5.4606    2
 5.4656    4
 5.4706    3
 5.4756    6
 5.4806    4
 5.4856    2
 5.4906    5
 5.4956    6
 5.5005    3
 5.5055    5
 5.5105    8
 5.5155    7
 5.5205    2
 5.5255    3
 5.5305    2
 5.5355    6
 5.5405    9
 5.5455    9
 5.5505    6
 5.5555    4
 5.5605    2
 5.5655    2
 5.5705    4
 5.5755    4
 5.5805    6
 5.5855    5
 5.5905    2
 5.5955    7
 5.6005    2
 5.6055    3
 5.6105    5
 5.6155    5
 5.6205    4
 5.6255    7
 5.6305    5
 5.6355    6
 5.6405    3
 5.6455    6
 5.6505    5
 5.6555    3
 5.6605    1
 5.6655    4
 5.6705    4
 5.6755    5
 5.6805    7
 5.6855    3
 5.6905    6
 5.6955    3
 5.7005    8
 5.7055    6
 5.7105    2
 5.7155    4
 5.7205    3
 5.7255    3
 5.7305    9
 5.7355    9
 5.7405    2
 5.7455    4
 5.7505    4
 5.7555    1
 5.7605    2
 5.7655    2
 5.7705    4
 5.7755    4
 5.7805    6
 5.7855    3
 5.7905    3
 5.7955    3
 5.8005    6
 5.8055    4
 5.8105    4
 5.8155    4
 5.8205    5
 5.8255    2
 5.8305    6
 5.8355    8
 5.8405    2
 5.8455    3
 5.8505    4
 5.8555    1
 5.8605    3
 5.8655   10
 5.8705    4
 5.8755    3
 5.8805    2
 5.8855    7
 5.8905    4
 5.8955    2
 5.9005    5
 5.9055    5
 5.9105    5
 5.9155    5
 5.9205    4
 5.9255    7
 5.9305    7
 5.9355    3
 5.9405    6
 5.9455    5
 5.9505    5
 5.9555    5
 5.9605    5
 5.9655    7
 5.9705    3
 5.9755    6
 5.9805    5
 5.9855    3
 5.9905    6
 5.9955    5
 6.0005    5
 6.0055    5
 6.0105    3
 6.0155    3
 6.0205    4
 6.0255    5
 6.0305    3
 6.0355    6
 6.0405    3
 6.0455    5
 6.0505    2
 6.0555    6
 6.0605    1
 6.0655    4
 6.0705    3
 6.0755    4
 6.0805    3
 6.0855    4
 6.0905    4
 6.0955    3
 6.1005    7
 6.1055    4
 6.1105    6
 6.1155    6
 6.1205    6
 6.1255    3
 6.1305    3
 6.1355    6
 6.1405    2
 6.1455    6
 6.1505    5
 6.1555    3
 6.1605   10
 6.1655    5
 6.1705    8
 6.1755    2
 6.1805    7
 6.1855    6
 6.1905    4
 6.1955    9
 6.2005    7
 6.2055    5
 6.2105    2
 6.2155    6
 6.2205    4
 6.2255    6
 6.2305    5
 6.2355    7
 6.2405    4
 6.2455    9
 6.2505    3
 6.2555    6
 6.2605    3
 6.2655    5
 6.2705    7
 6.2755   13
 6.2805    2
 6.2855    3
 6.2905    6
 6.2955   14
 6.3005    5
 6.3055    9
 6.3105   13
 6.3155   11
 6.3205   12
 6.3255   13
 6.3305   13
 6.3355   15
 6.3405   18
 6.3455   20
 6.3505   17
 6.3555   23
 6.3605   23
 6.3655   28
 6.3705   32
 6.3755   31
 6.3805   30
 6.3855   39
 6.3905   29
 6.3955   25
 6.4005   42
 6.4055   31
 6.4105   33
 6.4155   35
 6.4205   25
 6.4255   31
 6.4305   40
 6.4355   37
 6.4405   28
 6.4455   26
 6.4505   24
 6.4555   23
 6.4605   17
 6.4655   21
 6.4705   17
 6.4755   19
 6.4805   19
 6.4855   16
 6.4905    7
 6.4955   10
 6.5004    7
 6.5054    9
 6.5104    7
 6.5154    8
 6.5204   11
 6.5254    6
 6.5304    6
 6.5354    5
 6.5404    2
 6.5454    5
 6.5504    2
 6.5554    4
 6.5604    3
 6.5654    3
 6.5704    5
 6.5754    6
 6.5804    1
 6.5854    4
 6.5904    2
 6.5954    3
 6.6004    1
 6.6054    7
 6.6104    4
 6.6154    4
 6.6204    6
 6.6254    6
 6.6304    4
 6.6354    7
 6.6404    1
 6.6454    7
 6.6504    6
 6.6554    2
 6.6604    4
 6.6654    7
 6.6704    4
 6.6754    7
 6.6804    6
 6.6854    2
 6.6904    5
 6.6954    3
 6.7004    7
 6.7054    4
 6.7104    3
 6.7154    4
 6.7204    4
 6.7254    5
 6.7304    4
 6.7354   10
 6.7404    6
 6.7454    2
 6.7504    5
 6.7554    5
 6.7604    0
 6.7654    5
 6.7704    3
 6.7754    4
 6.7804    1
 6.7854    2
 6.7904    7
 6.7954    4
 6.8004    7
 6.8054    3
 6.8104    5
 6.8154    6
 6.8204    5
 6.8254    0
 6.8304    3
 6.8354    2
 6.8404    3
 6.8454    4
 6.8504    4
 6.8554    7
 6.8604    2
 6.8654    6
 6.8704    3
 6.8754    5
 6.8804    8
 6.8854    7
 6.8904    4
 6.8954    5
 6.9004    4
 6.9054    8
 6.9104    3
 6.9154    4
 6.9204    6
 6.9254    1
 6.9304    2
 6.9354    2
 6.9404    6
 6.9454    4
 6.9504   10
 6.9554    5
 6.9604    9
 6.9654    5
 6.9704    5
 6.9754    8
 6.9804    9
 6.9854   14
 6.9904    3
 6.9954    4
 7.0004    4
 7.0054    2
 7.0104    5
 7.0154    5
 7.0204    7
 7.0254   15
 7.0304    4
 7.0354    9
 7.0404    9
 7.0454   10
 7.0504    6
 7.0554    7
 7.0604    9
 7.0654   12
 7.0704    3
 7.0754    5
 7.0804    4
 7.0854    9
 7.0904   12
 7.0954    2
 7.1004    8
 7.1054    8
 7.1104    7
 7.1154   10
 7.1204    5
 7.1254    9
 7.1304    6
 7.1354    5
 7.1404    7
 7.1454    9
 7.1504    4
 7.1554    4
 7.1604    4
 7.1654    5
 7.1704    6
 7.1754    9
 7.1804    2
 7.1854    1
 7.1904    5
 7.1954    6
 7.2004    4
 7.2054    5
 7.2104    6
 7.2154    6
 7.2204    4
 7.2254    5
 7.2304    5
 7.2354    2
 7.2404   10
 7.2454    6
 7.2504    8
 7.2554    2
 7.2604    5
 7.2654    5
 7.2704    2
 7.2754    3
 7.2804    7
 7.2854    8
 7.2904    3
 7.2954    2
 7.3004    2
 7.3054    7
 7.3104    8
 7.3154    7
 7.3204    5
 7.3254    9
 7.3304   11
 7.3354   10
 7.3404   11
 7.3454    7
 7.3504   11
 7.3554   10
 7.3604    9
 7.3654   10
 7.3704   21
 7.3754   21
 7.3804   12
 7.3854   21
 7.3904   14
 7.3954   15
 7.4004   32
 7.4054   21
 7.4104   37
 7.4154   33
 7.4204   33
 7.4254   24
 7.4304   33
 7.4354   43
 7.4404   44
 7.4454   38
 7.4504   55
 7.4554   41
 7.4604   53
 7.4654   53
 7.4704   54
 7.4754   45
 7.4804   48
 7.4854   56
 7.4904   43
 7.4954   42
 7.5003   46
 7.5053   47
 7.5103   41
 7.5153   32
 7.5203   29
 7.5253   39
 7.5303   21
 7.5353   33
 7.5403   24
 7.5453   30
 7.5503   25
 7.5553   23
 7.5603   16
 7.5653   19
 7.5703   18
 7.5753   20
 7.5803   20
 7.5853    8
 7.5903    8
 7.5953    7
 7.6003   14
 7.6053   16
 7.6103    4
 7.6153    6
 7.6203    6
 7.6253    6
 7.6303    8
 7.6353    6
 7.6403    5
 7.6453    4
 7.6503    7
 7.6553    2
 7.6603    5
 7.6653    6
 7.6703    4
 7.6753    4
 7.6803    8
 7.6853    3
 7.6903    1
 7.6953    1
 7.7003    4
 7.7053    1
 7.7103    6
 7.7153    5
 7.7203    3
 7.7253    3
 7.7303    4
 7.7353    3
 7.7403    1
 7.7453    0
 7.7503    3
 7.7553    2
 7.7603    1
 7.7653    0
 7.7703    3
 7.7753    4
 7.7803    2
 7.7853    4
 7.7903    5
 7.7953    6
 7.8003    7
 7.8053    9
 7.8103    4
 7.8153    1
 7.8203    3
 7.8253    2
 7.8303    1
 7.8353    6
 7.8403    7
 7.8453    4
 7.8503    6
 7.8553    3
 7.8603    2
 7.8653    3
 7.8703    3
 7.8753    4
 7.8803    6
 7.8853    4
 7.8903    6
 7.8953    6
 7.9003    5
 7.9053    2
 7.9103    2
 7.9153    3
 7.9203    4
 7.9253    5
 7.9303    4
 7.9353    4
 7.9403    4
 7.9453    3
 7.9503    1
 7.9553    8
 7.9603    1
 7.9653    5
 7.9703    4
 7.9753    4
 7.9803    5
 7.9853    2
 7.9903    6
 7.9953    1
 8.0003    6
 8.0053    4
 8.0103    4
 8.0153    4
 8.0203    3
 8.0253    3
 8.0303    9
 8.0353    1
 8.0403    1
 8.0453    3
 8.0503    4
 8.0553    5
 8.0603    4
 8.0653    2
 8.0703    5
 8.0753    7
 8.0803    8
 8.0853    3
 8.0903    5
 8.0953    2
 8.1003    2
 8.1053    8
 8.1103    7
 8.1153    4
 8.1203    3
 8.1253    2
 8.1303    4
 8.1353    9
 8.1403    6
 8.1453    7
 8.1503    5
 8.1553    3
 8.1603    5
 8.1653    3
 8.1703    4
 8.1753    2
 8.1803    7
 8.1853    9
 8.1903    8
 8.1953    5
 8.2003    7
 8.2053    6
 8.2103    6
 8.2153   10
 8.2203    6
 8.2253   12
 8.2303    9
 8.2353   13
 8.2403   12
 8.2453    9
 8.2503   15
 8.2553   11
 8.2603   12
 8.2653   18
 8.2703   21
 8.2753   17
 8.2803   23
 8.2853   21
 8.2903   30
 8.2953   23
 8.3003   28
 8.3053   32
 8.3103   35
 8.3153   26
 8.3203   30
 8.3253   36
 8.3303   47
 8.3353   38
 8.3403   35
 8.3453   46
 8.3503   46
 8.3553   36
 8.3603   60
 8.3653   45
 8.3703   63
 8.3753   52
 8.3803   58
 8.3853   58
 8.3903   60
 8.3953   75
 8.4003   58
 8.4053   52
 8.4103   49
 8.4153   47
 8.4203   56
 8.4253   68
 8.4303   59
 8.4353   52
 8.4403   59
 8.4453   55
 8.4503   55
 8.4553   43
 8.4603   37
 8.4653   32
 8.4703   30
 8.4753   27
 8.4803   24
 8.4853   33
 8.4903   29
 8.4953   24
 8.5002   20
 8.5052   21
 8.5102   11
 8.5152   10
 8.5202   14
 8.5252   18
 8.5302   21
 8.5352    5
 8.5402    7
 8.5452    8
 8.5502    4
 8.5552    5
 8.5602    7
 8.5652    9
 8.5702    5
 8.5752    4
 8.5802    3
 8.5852    3
 8.5902    5
 8.5952    6
 8.6002    4
 8.6052    4
 8.6102    2
 8.6152    4
 8.6202    3
 8.6252    2
 8.6302    2
 8.6352    3
 8.6402    5
 8.6452    7
 8.6502    4
 8.6552    4
 8.6602    7
 8.6652    3
 8.6702    7
 8.6752    3
 8.6802    4
 8.6852    5
 8.6902    6
 8.6952    5
 8.7002    3
 8.7052    2
 8.7102    3
 8.7152    2
 8.7202    5
 8.7252    4
 8.7302    3
 8.7352    2
 8.7402    3
 8.7452    3
 8.7502    2
 8.7552    1
 8.7602    3
 8.7652    6
 8.7702    2
 8.7752    3
 8.7802    3
 8.7852    3
 8.7902    1
 8.7952    5
 8.8002    0
 8.8052    3
 8.8102    1
 8.8152    3
 8.8202    5
 8.8252    2
 8.8302    4
 8.8352    3
 8.8402    4
 8.8452    3
 8.8502    1
 8.8552    2
 8.8602    2
 8.8652    4
 8.8702    2
 8.8752    1
 8.8802    2
 8.8852    3
 8.8902    5
 8.8952    2
 8.9002    2
 8.9052    4
 8.9102    3
 8.9152    2
 8.9202    0
 8.9252    1
 8.9302    0
 8.9352    7
 8.9402    0
 8.9452    2
 8.9502    1
 8.9552    3
 8.9602    5
 8.9652    3
 8.9702    4
 8.9752    4
 8.9802    2
 8.9852    3
 8.9902    4
 8.9952    4
 9.0002    6
 9.0052    3
 9.0102    1
 9.0152    7
 9.0202    6
 9.0252    3
 9.0302    2
 9.0352    4
 9.0402    1
 9.0452    3
 9.0502    1
 9.0552    4
 9.0602    3
 9.0652    5
 9.0702    8
 9.0752    2
 9.0802    5
 9.0852    4
 9.0902    2
 9.0952    6
 9.1002    2
 9.1052    4
 9.1102    3
 9.1152    4
 9.1202    3
 9.1252    2
 9.1302    5
 9.1352    3
 9.1402    3
 9.1452    4
 9.1502    4
 9.1552    5
 9.1602    3
 9.1652    2
 9.1702    0
 9.1752    5
 9.1802    4
 9.1852    3
 9.1902    3
 9.1952    3
 9.2002    4
 9.2052    4
 9.2102    5
 9.2152    0
 9.2202    2
 9.2252    2
 9.2302    3
 9.2352    3
 9.2402    4
 9.2452    2
 9.2502    2
 9.2552    7
 9.2602    4
 9.2652    5
 9.2702    3
 9.2752    3
 9.2802    5
 9.2852    6
 9.2902    2
 9.2952    3
 9.3002    4
 9.3052    4
 9.3102    3
 9.3152    5
 9.3202    4
 9.3252    0
 9.3302    6
 9.3352    4
 9.3402    8
 9.3452    3
 9.3502    6
 9.3552    6
 9.3602    0
 9.3652    2
 9.3702    5
 9.3752    6
 9.3802    1
 9.3852    4
 9.3902    1
 9.3952    6
 9.4002    3
 9.4052    3
 9.4102    4
 9.4152    2
 9.4202    5
 9.4252    2
 9.4302    3
 9.4352    5
 9.4402    4
 9.4452    6
 9.4502    4
 9.4552    5
 9.4602   11
 9.4652    5
 9.4702   11
 9.4752    4
 9.4802    7
 9.4852    6
 9.4902    5
 9.4952    5
 9.5001    5
 9.5051    7
 9.5101    9
 9.5151    6
 9.5201    8
 9.5251    9
 9.5301   14
 9.5351    7
 9.5401   10
 9.5451    9
 9.5501   11
 9.5551    9
 9.5601   13
 9.5651    8
 9.5701   14
 9.5751   18
 9.5801    8
 9.5851   16
 9.5901   15
 9.5951   16
 9.6001   15
 9.6051   15
 9.6101   15
 9.6151   18
 9.6201   22
 9.6251   28
 9.6301   17
 9.6351   22
 9.6401   24
 9.6451   25
 9.6501   27
 9.6551   17
 9.6601   26
 9.6651   17
 9.6701   28
 9.6751   26
 9.6801   24
 9.6851   21
 9.6901   28
 9.6951   25
 9.7001   21
 9.7051   17
 9.7101   17
 9.7151   35
 9.7201   18
 9.7251   18
 9.7301   21
 9.7351   10
 9.7401   24
 9.7451   22
 9.7501   21
 9.7551   20
 9.7601   12
 9.7651   11
 9.7701   15
 9.7751   15
 9.7801   20
 9.7851   15
 9.7901    5
 9.7951   17
 9.8001    8
 9.8051    8
 9.8101   13
 9.8151    9
 9.8201    9
 9.8251    9
 9.8301    8
 9.8351    9
 9.8401   16
 9.8451    5
 9.8501    7
 9.8551    6
 9.8601    6
 9.8651   10
 9.8701   17
 9.8751   10
 9.8801   13
 9.8851    9
 9.8901   14
 9.8951    9
 9.9001   18
 9.9051   13
 9.9101   21
 9.9151   10
 9.9201   14
 9.9251   11
 9.9301   17
 9.9351   12
 9.9401   13
 9.9451   10
 9.9501   11
 9.9551   11
 9.9601   14
 9.9651   13
 9.9701   20
 9.9751   13
 9.9801   13
 9.9851   12
 9.9901   16
 9.9951   13
10.0001    8
10.0051   10
10.0101    8
10.0151   11
10.0201    9
10.0251    6
10.0301   10
10.0351   11
10.0401    7
10.0451    8
10.0501    7
10.0551    5
10.0601   12
10.0651    8
10.0701    9
10.0751    5
10.0801    7
10.0851    9
10.0901    4
10.0951    4
10.1001    2
10.1051    6
10.1101    7
10.1151    5
10.1201    5
10.1251    5
10.1301    4
10.1351    3
10.1401    3
10.1451    3
10.1501    5
10.1551    4
10.1601    3
10.1651    3
10.1701    1
10.1751    2
10.1801    3
10.1851    3
10.1901    3
10.1951    2
10.2001    4
10.2051    2
10.2101    3
10.2151    4
10.2201    3
10.2251    2
10.2301    1
10.2351    4
10.2401    5
10.2451    5
10.2501    5
10.2551    2
10.2601    2
10.2651    3
10.2701    6
10.2751    2
10.2801    1
10.2851    6
10.2901    2
10.2951    2
10.3001    1
10.3051    0
10.3101    1
10.3151    4
10.3201    1
10.3251    1
10.3301    3
10.3351    2
10.3401    3
10.3451    1
10.3501    1
10.3551    3
10.3601    5
10.3651    3
10.3701    2
10.3751    4
10.3801    1
10.3851    4
10.3901    3
10.3951    2
10.4001    1
10.4051    3
10.4101    1
10.4151    4
10.4201    4
10.4251    2
10.4301    4
10.4351    2
10.4401    4
10.4451    2
10.4501    3
10.4551    0
10.4601    2
10.4651    1
10.4701    4
10.4751    4
10.4801    2
10.4851    2
10.4901    1
10.4951    1
   10.5    3
 10.505    4
  10.51    2
 10.515    0
  10.52    1
 10.525    6
  10.53    1
 10.535    0
  10.54    5
 10.545    4
  10.55    2
 10.555    2
  10.56    5
 10.565    3
  10.57    2
 10.575    2
  10.58    2
 10.585    2
  10.59    2
 10.595    5
   10.6    1
 10.605    1
  10.61    2
 10.615    4
  10.62    0
 10.625    1
  10.63    4
 10.635    1
  10.64    4
 10.645    2
  10.65    0
 10.655    0
  10.66    3
 10.665    1
  10.67    1
 10.675    2
  10.68    0
 10.685    2
  10.69    2
 10.695    1
   10.7    0
 10.705    2
  10.71    2
 10.715    3
  10.72    3
 10.725    3
  10.73    3
 10.735    1
  10.74    2
 10.745    5
  10.75    2
 10.755    0
  10.76    2
 10.765    1
  10.77    1
 10.775    2
  10.78    2
 10.785    3
  10.79    3
 10.795    3
   10.8    2
 10.805    1
  10.81    4
 10.815    1
  10.82    2
 10.825    0
  10.83    1
 10.835    0
  10.84    2
 10.845    6
  10.85    2
 10.855    1
  10.86    2
 10.865    4
  10.87    3
 10.875    0
  10.88    2
 10.885    0
  10.89    0
 10.895    3
   10.9    4
 10.905    1
  10.91    2
 10.915    1
  10.92    1
 10.925    1
  10.93    3
 10.935    0
  10.94    2
 10.945    5
  10.95    3
 10.955    2
  10.96    5
 10.965    4
  10.97    3
 10.975    2
  10.98    1
 10.985    3
  10.99    0
 10.995    1
     11    3
 11.005    2
  11.01    1
 11.015    6
  11.02    4
 11.025    3
  11.03    2
 11.035    1
  11.04    3
 11.045    0
  11.05    3
 11.055    2
  11.06    3
 11.065    2
  11.07    3
 11.075    0
  11.08    1
 11.085    3
  11.09    3
 11.095    3
   11.1    1
 11.105    2
  11.11    2
 11.115    3
  11.12    3
 11.125    1
  11.13    3
 11.135    3
  11.14    4
 11.145    3
  11.15    4
 11.155    2
  11.16    3
 11.165    5
  11.17    6
 11.175    2
  11.18    4
 11.185    6
  11.19    4
 11.195    0
   11.2    3
 11.205    5
  11.21    3
 11.215    3
  11.22    7
 11.225    1
  11.23    5
 11.235    1
  11.24    2
 11.245    3
  11.25    1
 11.255    2
  11.26   11
 11.265    7
  11.27    2
 11.275    6
  11.28    6
 11.285    5
  11.29    4
 11.295    8
   11.3    8
 11.305    9
  11.31    9
 11.315    5
  11.32    7
 11.325    4
  11.33    8
 11.335    5
  11.34    4
 11.345    3
  11.35    4
 11.355    4
  11.36   10
 11.365    3
  11.37    3
 11.375    5
  11.38    7
 11.385    6
  11.39    3
 11.395    5
   11.4    5
 11.405    4
  11.41    1
 11.415    1
  11.42    2
 11.425    3
  11.43    2
 11.435    1
  11.44    1
 11.445    5
  11.45    4
 11.455    1
  11.46    1
 11.465    3
  11.47    3
 11.475    4
  11.48    2
 11.485    3
  11.49    4
 11.495    0
11.4999    1
11.5049    0
11.5099    3
11.5149    2
11.5199    0
11.5249    2
11.5299    2
11.5349    1
11.5399    5
11.5449    3
11.5499    2
11.5549    1
11.5599    2
11.5649    1
11.5699    5
11.5749    2
11.5799    2
11.5849    4
11.5899    3
11.5949    4
11.5999    3
11.6049    1
11.6099    3
11.6149    6
11.6199    1
11.6249    1
11.6299    3
11.6349    4
11.6399    1
11.6449    4
11.6499    5
11.6549    3
11.6599    1
11.6649    4
11.6699    3
11.6749    2
11.6799    2
11.6849    3
11.6899    0
11.6949    0
11.6999    4
11.7049    1
11.7099    7
11.7149    5
11.7199    1
11.7249    3
11.7299    4
11.7349    3
11.7399    2
11.7449    3
11.7499    3
11.7549    1
11.7599    6
11.7649    4
11.7699    5
11.7749    1
11.7799    4
11.7849    3
11.7899    3
11.7949    4
11.7999    2
11.8049    0
11.8099    3
11.8149    1
11.8199    2
11.8249    5
11.8299    1
11.8349    2
11.8399    1
11.8449    1
11.8499    1
11.8549    0
11.8599    1
11.8649    1
11.8699    2
11.8749    1
11.8799    3
11.8849    2
11.8899    2
11.8949    2
11.8999    1
11.9049    2
11.9099    2
11.9149    0
11.9199    3
11.9249    3
11.9299    2
11.9349    1
11.9399    2
11.9449    2
11.9499    2
11.9549    2
11.9599    2
11.9649    2
11.9699    4
11.9749    1
11.9799    1
11.9849    1
11.9899    2
11.9949    3
11.9999    3
12.0049    2
12.0099    1
12.0149    1
12.0199    3
12.0249    1
12.0299    0
12.0349    2
12.0399    3
12.0449    2
12.0499    3
12.0549    1
12.0599    2
12.0649    0
12.0699    3
12.0749    2
12.0799    3
12.0849    4
12.0899    1
12.0949    2
12.0999    0
12.1049    3
12.1099    3
12.1149    1
12.1199    1
12.1249    0
12.1299    0
12.1349    2
12.1399    1
12.1449    0
12.1499    1
12.1549    1
12.1599    1
12.1649    2
12.1699    4
12.1749    2
12.1799    0
12.1849    1
12.1899    3
12.1949    0
12.1999    2
12.2049    2
12.2099    3
12.2149    1
12.2199    3
12.2249    0
12.2299    3
12.2349    3
12.2399    1
12.2449    1
12.2499    1
12.2549    1
12.2599    1
12.2649    1
12.2699    1
12.2749    3
12.2799    1
12.2849    3
12.2899    2
12.2949    2
12.2999    3
12.3049    1
12.3099    1
12.3149    5
12.3199    2
12.3249    2
12.3299    0
12.3349    1
12.3399    1
12.3449    1
12.3499    2
12.3549    1
12.3599    1
12.3649    1
12.3699    1
12.3749    1
12.3799    3
12.3849    1
12.3899    0
12.3949    1
12.3999    2
12.4049    1
12.4099    0
12.4149    2
12.4199    0
12.4249    0
12.4299    2
12.4349    1
12.4399    2
12.4449    2
12.4499    1
12.4549    1
12.4599    0
12.4649    0
12.4699    1
12.4749    0
12.4799    4
12.4849    3
12.4899    0
12.4949    0
12.4998    1
12.5048    3
12.5098    0
12.5148    2
12.5198    0
12.5248    2
12.5298    3
12.5348    1
12.5398    2
12.5448    0
12.5498    0
12.5548    3
12.5598    0
12.5648    3
12.5698    0
12.5748    1
12.5798    2
12.5848    3
12.5898    0
12.5948    3
12.5998    2
12.6048    2
12.6098    4
12.6148    1
12.6198    1
12.6248    0
12.6298    0
12.6348    0
12.6398    0
12.6448    4
12.6498    2
12.6548    3
12.6598    2
12.6648    1
12.6698    4
12.6748    3
12.6798    0
12.6848    1
12.6898    3
12.6948    2
12.6998    3
12.7048    0
12.7098    1
12.7148    4
12.7198    5
12.7248    2
12.7298    0
12.7348    2
12.7398    2
12.7448    2
12.7498    1
12.7548    1
12.7598    1
12.7648    4
12.7698    2
12.7748    1
12.7798    3
12.7848    2
12.7898    3
12.7948    1
12.7998    2
12.8048    1
12.8098    1
12.8148    1
12.8198    1
12.8248    0
12.8298    0
12.8348    3
12.8398    0
12.8448    6
12.8498    2
12.8548    4
12.8598    1
12.8648    2
12.8698    3
12.8748    0
12.8798    4
12.8848    2
12.8898    0
12.8948    1
12.8998    2
12.9048    0
12.9098    1
12.9148    1
12.9198    1
12.9248    2
12.9298    3
12.9348    1
12.9398    1
12.9448    2
12.9498    1
12.9548    1
12.9598    4
12.9648    3
12.9698    1
12.9748    0
12.9798    2
12.9848    4
12.9898    2
12.9948    0
12.9998    3
13.0048    2
13.0098    2
13.0148    2
13.0198    2
13.0248    0
13.0298    2
13.0348    2
13.0398    3
13.0448    0
13.0498    2
13.0548    0
13.0598    2
13.0648    1
13.0698    1
13.0748    3
13.0798    0
13.0848    1
13.0898    1
13.0948    3
13.0998    2
13.1048    2
13.1098    2
13.1148    0
13.1198    2
13.1248    1
13.1298    5
13.1348    0
13.1398    2
13.1448    0
13.1498    0
13.1548    0
13.1598    2
13.1648    4
13.1698    4
13.1748    0
13.1798    1
13.1848    1
13.1898    0
13.1948    1
13.1998    1
13.2048    2
13.2098    1
13.2148    0
13.2198    3
13.2248    0
13.2298    0
13.2348    3
13.2398    1
13.2448    0
13.2498    0
13.2548    2
13.2598    1
13.2648    1
13.2698    2
13.2748    4
13.2798    2
13.2848    2
13.2898    2
13.2948    1
13.2998    0
13.3048    2
13.3098    2
13.3148    0
13.3198    0
13.3248    0
13.3298    1
13.3348    1
13.3398    3
13.3448    4
13.3498    1
13.3548    2
13.3598    0
13.3648    2
13.3698    2
13.3748    0
13.3798    3
13.3848    1
13.3898    2
13.3948    2
13.3998    5
13.4048    0
13.4098    2
13.4148    1
13.4198    4
13.4248    1
13.4298    1
13.4348    1
13.4398    3
13.4448    1
13.4498    0
13.4548    0
13.4598    4
13.4648    2
13.4698    2
13.4748    3
13.4798    0
13.4848    1
13.4898    1
13.4948    0
13.4997    1
13.5047    3
13.5097    2
13.5147    2
13.5197    0
13.5247    0
13.5297    3
13.5347    0
13.5397    1
13.5447    0
13.5497    2
13.5547    3
13.5597    1
13.5647    1
13.5697    0
13.5747    1
13.5797    3
13.5847    1
13.5897    1
13.5947    0
13.5997    0
13.6047    1
13.6097    2
13.6147    2
13.6197    0
13.6247    2
13.6297    1
13.6347    2
13.6397    2
13.6447    1
13.6497    0
13.6547    1
13.6597    1
13.6647    1
13.6697    0
13.6747    3
13.6797    2
13.6847    3
13.6897    1
13.6947    0
13.6997    2
13.7047    2
13.7097    0
13.7147    2
13.7197    0
13.7247    1
13.7297    0
13.7347    2
13.7397    0
13.7447    1
13.7497    2
13.7547    2
13.7597    3
13.7647    1
13.7697    1
13.7747    3
13.7797    3
13.7847    1
13.7897    2
13.7947    0
13.7997    1
13.8047    5
13.8097    5
13.8147    1
13.8197    2
13.8247    1
13.8297    3
13.8347    2
13.8397    1
13.8447    0
13.8497    1
13.8547    2
13.8597    2
13.8647    5
13.8697    1
13.8747    1
13.8797    0
13.8847    1
13.8897    0
13.8947    0
13.8997    2
13.9047    1
13.9097    0
13.9147    2
13.9197    2
13.9247    0
13.9297    2
13.9347    1
13.9397    2
13.9447    2
13.9497    1
13.9547    0
13.9597    1
13.9647    0
13.9697    2
13.9747    3
13.9797    1
13.9847    2
13.9897    1
13.9947    2
13.9997    5
14.0047    3
14.0097    0
14.0147    1
14.0197    2
14.0247    3
14.0297    0
14.0347    1
14.0397    0
14.0447    3
14.0497    1
14.0547    3
14.0597    2
14.0647    1
14.0697    1
14.0747    2
14.0797    2
14.0847    2
14.0897    3
14.0947    0
14.0997    0
14.1047    0
14.1097    0
14.1147    1
14.1197    1
14.1247    1
14.1297    0
14.1347    1
14.1397    2
14.1447    2
14.1497    3
14.1547    3
14.1597    1
14.1647    0
14.1697    1
14.1747    1
14.1797    0
14.1847    1
14.1897    2
14.1947    0
14.1997    3
14.2047    0
14.2097    2
14.2147    3
14.2197    1
14.2247    3
14.2297    2
14.2347    0
14.2397    3
14.2447    1
14.2497    1
14.2547    3
14.2597    1
14.2647    2
14.2697    0
14.2747    0
14.2797    1
14.2847    2
14.2897    0
14.2947    0
14.2997    3
14.3047    3
14.3097    2
14.3147    3
14.3197    0
14.3247    1
14.3297    0
14.3347    0
14.3397    3
14.3447    0
14.3497    3
14.3547    1
14.3597    0
14.3647    1
14.3697    3
14.3747    3
14.3797    1
14.3847    0
14.3897    3
14.3947    1
14.3997    2
14.4047    2
14.4097    0
14.4147    1
14.4197    0
14.4247    0
14.4297    2
14.4347    1
14.4397    2
14.4447    3
14.4497    0
14.4547    2
14.4597    2
14.4647    0
14.4697    2
14.4747    1
14.4797    0
14.4847    1
14.4897    2
14.4947    2
14.4996    0
14.5046    0
14.5096    1
14.5146    1
14.5196    1
14.5246    1
14.5296    1
14.5346    1
14.5396    0
14.5446    1
14.5496    2
14.5546    1
14.5596    0
14.5646    2
14.5696    0
14.5746    0
14.5796    0
14.5846    1
14.5896    0
14.5946    3
14.5996    0
14.6046    0
14.6096    1
14.6146    0
14.6196    1
14.6246    0
14.6296    0
14.6346    1
14.6396    3
14.6446    0
14.6496    1
14.6546    2
14.6596    0
14.6646    2
14.6696    0
14.6746    1
14.6796    1
14.6846    0
14.6896    2
14.6946    1
14.6996    1
14.7046    3
14.7096    1
14.7146    1
14.7196    2
14.7246    1
14.7296    0
14.7346    1
14.7396    0
14.7446    1
14.7496    0
14.7546    0
14.7596    1
14.7646    2
14.7696    1
14.7746    0
14.7796    0
14.7846    0
14.7896    1
14.7946    3
14.7996    2
14.8046    2
14.8096    1
14.8146    1
14.8196    2
14.8246    3
14.8296    1
14.8346    0
14.8396    0
14.8446    1
14.8496    0
14.8546    4
14.8596    0
14.8646    1
14.8696    2
14.8746    1
14.8796    3
14.8846    0
14.8896    0
14.8946    0
14.8996    1
14.9046    1
14.9096    0
14.9146    1
14.9196    0
14.9246    2
14.9296    3
14.9346    1
14.9396    3
14.9446    0
14.9496    3
14.9546    1
14.9596    0
14.9646    1
14.9696    3
14.9746    2
14.9796    0
14.9846    1
14.9896    1
14.9946    0
14.9996    1
15.0046    0
15.0096    1
15.0146    0
15.0196    2
15.0246    1
15.0296    0
15.0346    2
15.0396    2
15.0446    0
15.0496    1
15.0546    1
15.0596    0
15.0646    0
15.0696    1
15.0746    0
15.0796    1
15.0846    1
15.0896    1
15.0946    2
15.0996    2
15.1046    1
15.1096    3
15.1146    1
15.1196    1
15.1246    0
15.1296    1
15.1346    0
15.1396    0
15.1446    1
15.1496    0
15.1546    4
15.1596    1
15.1646    4
15.1696    3
15.1746    3
15.1796    1
15.1846    1
15.1896    2
15.1946    0
15.1996    0
15.2046    0
15.2096    1
15.2146    0
15.2196    0
15.2246    1
15.2296    2
15.2346    1
15.2396    1
15.2446    1
15.2496    1
15.2546    2
15.2596    1
15.2646    0
15.2696    1
15.2746    0
15.2796    1
15.2846    1
15.2896    1
15.2946    0
15.2996    0
15.3046    1
15.3096    1
15.3146    0
15.3196    1
15.3246    1
15.3296    1
15.3346    0
15.3396    3
15.3446    0
15.3496    1
15.3546    2
15.3596    2
15.3646    1
15.3696    2
15.3746    3
15.3796    0
15.3846    0
15.3896    2
15.3946    3
15.3996    2
15.4046    0
15.4096    0
15.4146    2
15.4196    1
15.4246    0
15.4296    2
15.4346    0
15.4396    0
15.4446    0
15.4496    1
15.4546    2
15.4596    1
15.4646    1
15.4696    1
15.4746    0
15.4796    0
15.4846    1
15.4896    0
15.4946    2
15.4995    1
15.5045    0
15.5095    1
15.5145    0
15.5195    0
15.5245    0
15.5295    2
15.5345    3
15.5395    2
15.5445    0
15.5495    0
15.5545    0
15.5595    0
15.5645    2
15.5695    3
15.5745    0
15.5795    0
15.5845    0
15.5895    2
15.5945    0
15.5995    1
15.6045    0
15.6095    3
15.6145    1
15.6195    2
15.6245    0
15.6295    0
15.6345    1
15.6395    1
15.6445    0
15.6495    1
15.6545    3
15.6595    0
15.6645    1
15.6695    2
15.6745    1
15.6795    3
15.6845    0
15.6895    0
15.6945    1
15.6995    0
15.7045    1
15.7095    0
15.7145    1
15.7195    1
15.7245    2
15.7295    0
15.7345    2
15.7395    2
15.7445    1
15.7495    0
15.7545    0
15.7595    0
15.7645    0
15.7695    1
15.7745    0
15.7795    0
15.7845    1
15.7895    0
15.7945    2
15.7995    1
15.8045    0
15.8095    3
15.8145    3
15.8195    0
15.8245    1
15.8295    2
15.8345    0
15.8395    2
15.8445    1
15.8495    0
15.8545    0
15.8595    1
15.8645    0
15.8695    1
15.8745    0
15.8795    0
15.8845    2
15.8895    1
15.8945    0
15.8995    0
15.9045    1
15.9095    1
15.9145    1
15.9195    2
15.9245    2
15.9295    2
15.9345    1
15.9395    0
15.9445    1
15.9495    0
15.9545    1
15.9595    0
15.9645    0
15.9695    0
15.9745    0
15.9795    1
15.9845    2
15.9895    1
15.9945    1
15.9995    3
16.0045    1
16.0095    1
16.0145    0
16.0195    2
16.0245    1
16.0295    0
16.0345    0
16.0395    1
16.0445    1
16.0495    2
16.0545    1
16.0595    0
16.0645    0
16.0695    1
16.0745    0
16.0795    2
16.0845    1
16.0895    2
16.0945    2
16.0995    2
16.1045    1
16.1095    0
16.1145    1
16.1195    2
16.1245    0
16.1295    4
16.1345    0
16.1395    1
16.1445    0
16.1495    0
16.1545    0
16.1595    1
16.1645    1
16.1695    2
16.1745    0
16.1795    0
16.1845    1
16.1895    2
16.1945    0
16.1995    0
16.2045    2
16.2095    2
16.2145    0
16.2195    2
16.2245    0
16.2295    1
16.2345    0
16.2395    2
16.2445    0
16.2495    2
16.2545    2
16.2595    0
16.2645    1
16.2695    0
16.2745    1
16.2795    1
16.2845    1
16.2895    1
16.2945    1
16.2995    1
16.3045    1
16.3095    0
16.3145    2
16.3195    0
16.3245    0
16.3295    2
16.3345    0
16.3395    0
16.3445    1
16.3495    2
16.3545    1
16.3595    0
16.3645    0
16.3695    0
16.3745    0
16.3795    2
16.3845    0
16.3895    2
16.3945    0
16.3995    0
16.4045    1
16.4095    0
16.4145    2
16.4195    2
16.4245    0
16.4295    1
16.4345    2
16.4395    0
16.4445    1
16.4495    0
16.4545    0
16.4595    0
16.4645    1
16.4695    1
16.4745    0
16.4795    2
16.4845    0
16.4895    2
16.4945    1
16.4994    1
16.5044    0
16.5094    0
16.5144    0
16.5194    1
16.5244    3
16.5294    3
16.5344    1
16.5394    0
16.5444    1
16.5494    0
16.5544    2
16.5594    0
16.5644    1
16.5694    1
16.5744    0
16.5794    0
16.5844    0
16.5894    1
16.5944    0
16.5994    0
16.6044    0
16.6094    1
16.6144    1
16.6194    0
16.6244    1
16.6294    0
16.6344    1
16.6394    0
16.6444    2
16.6494    0
16.6544    2
16.6594    1
16.6644    1
16.6694    1
16.6744    0
16.6794    3
16.6844    2
16.6894    0
16.6944    0
16.6994    3
16.7044    0
16.7094    0
16.7144    0
16.7194    1
16.7244    2
16.7294    0
16.7344    0
16.7394    0
16.7444    1
16.7494    2
16.7544    1
16.7594    0
16.7644    1
16.7694    3
16.7744    1
16.7794    0
16.7844    0
16.7894    2
16.7944    1
16.7994    0
16.8044    1
16.8094    1
16.8144    1
16.8194    0
16.8244    0
16.8294    0
16.8344    2
16.8394    1
16.8444    1
16.8494    1
16.8544    1
16.8594    2
16.8644    1
16.8694    0
16.8744    0
16.8794    0
16.8844    1
16.8894    0
16.8944    0
16.8994    3
16.9044    1
16.9094    1
16.9144    0
16.9194    2
16.9244    0
16.9294    1
16.9344    2
16.9394    2
16.9444    1
16.9494    0
16.9544    1
16.9594    0
16.9644    1
16.9694    1
16.9744    0
16.9794    0
16.9844    0
16.9894    1
16.9944    1
16.9994    0
17.0044    0
17.0094    0
17.0144    0
17.0194    1
17.0244    1
17.0294    3
17.0344    2
17.0394    1
17.0444    0
17.0494    0
17.0544    2
17.0594    2
17.0644    1
17.0694    1
17.0744    1
17.0794    0
17.0844    1
17.0894    1
17.0944    0
17.0994    0
17.1044    0
17.1094    0
17.1144    1
17.1194    0
17.1244    0
17.1294    1
17.1344    1
17.1394    2
17.1444    0
17.1494    1
17.1544    0
17.1594    1
17.1644    3
17.1694    0
17.1744    1
17.1794    0
17.1844    1
17.1894    0
17.1944    2
17.1994    0
17.2044    2
17.2094    0
17.2144    0
17.2194    3
17.2244    0
17.2294    0
17.2344    1
17.2394    1
17.2444    1
17.2494    1
17.2544    0
17.2594    1
17.2644    1
17.2694    0
17.2744    0
17.2794    0
17.2844    0
17.2894    1
17.2944    1
17.2994    0
17.3044    2
17.3094    0
17.3144    0
17.3194    0
17.3244    0
17.3294    0
17.3344    1
17.3394    1
17.3444    0
17.3494    2
17.3544    1
17.3594    2
17.3644    1
17.3694    0
17.3744    0
17.3794    0
17.3844    1
17.3894    0
17.3944    0
17.3994    1
17.4044    0
17.4094    1
17.4144    3
17.4194    0
17.4244    2
17.4294    0
17.4344    1
17.4394    2
17.4444    0
17.4494    1
17.4544    0
17.4594    0
17.4644    0
17.4694    1
17.4744    1
17.4794    0
17.4844    0
17.4894    1
17.4944    3
17.4993    0
17.5043    2
17.5093    1
17.5143    1
17.5193    0
17.5243    1
17.5293    0
17.5343    0
17.5393    1
17.5443    0
17.5493    1
17.5543    1
17.5593    0
17.5643    0
17.5693    3
17.5743    0
17.5793    0
17.5843    0
17.5893    0
17.5943    1
17.5993    0
17.6043    2
17.6093    1
17.6143    1
17.6193    1
17.6243    0
17.6293    2
17.6343    0
17.6393    0
17.6443    0
17.6493    0
17.6543    0
17.6593    0
17.6643    1
17.6693    0
17.6743    1
17.6793    0
17.6843    0
17.6893    0
17.6943    0
17.6993    1
17.7043    1
17.7093    1
17.7143    1
17.7193    0
17.7243    1
17.7293    0
17.7343    1
17.7393    1
17.7443    0
17.7493    0
17.7543    1
17.7593    0
17.7643    1
17.7693    1
17.7743    0
17.7793    1
17.7843    0
17.7893    0
17.7943    1
17.7993    0
17.8043    1
17.8093    1
17.8143    1
17.8193    1
17.8243    0
17.8293    0
17.8343    1
17.8393    0
17.8443    0
17.8493    1
17.8543    2
17.8593    1
17.8643    0
17.8693    1
17.8743    0
17.8793    0
17.8843    0
17.8893    2
17.8943    0
17.8993    0
17.9043    1
17.9093    0
17.9143    0
17.9193    1
17.9243    0
17.9293    1
17.9343    0
17.9393    1
17.9443    1
17.9493    0
17.9543    0
17.9593    0
17.9643    0
17.9693    0
17.9743    0
17.9793    0
17.9843    0
17.9893    0
17.9943    0
17.9993    1
18.0043    0
18.0093    0
18.0143    2
18.0193    0
18.0243    0
18.0293    0
18.0343    1
18.0393    2
18.0443    2
18.0493    1
18.0543    1
18.0593    2
18.0643    0
18.0693    1
18.0743    1
18.0793    1
18.0843    0
18.0893    1
18.0943    0
18.0993    1
18.1043    0
18.1093    3
18.1143    0
18.1193    0
18.1243    0
18.1293    2
18.1343    0
18.1393    1
18.1443    0
18.1493    2
18.1543    0
18.1593    0
18.1643    0
18.1693    0
18.1743    0
18.1793    0
18.1843    0
18.1893    2
18.1943    1
18.1993    0
18.2043    1
18.2093    1
18.2143    0
18.2193    0
18.2243    2
18.2293    0
18.2343    2
18.2393    0
18.2443    1
18.2493    0
18.2543    1
18.2593    1
18.2643    0
18.2693    2
18.2743    0
18.2793    1
18.2843    0
18.2893    0
18.2943    0
18.2993    1
18.3043    1
18.3093    1
18.3143    0
18.3193    0
18.3243    2
18.3293    1
18.3343    0
18.3393    0
18.3443    1
18.3493    0
18.3543    0
18.3593    0
18.3643    1
18.3693    0
18.3743    0
18.3793    2
18.3843    0
18.3893    0
18.3943    1
18.3993    0
18.4043    0
18.4093    1
18.4143    3
18.4193    1
18.4243    0
18.4293    0
18.4343    1
18.4393    0
18.4443    0
18.4493    0
18.4543    0
18.4593    1
18.4643    0
18.4693    1
18.4743    0
18.4793    1
18.4843    1
18.4893    0
18.4943    0
18.4992    1
18.5042    0
18.5092    0
18.5142    0
18.5192    1
18.5242    2
18.5292    0
18.5342    0
18.5392    0
18.5442    0
18.5492    2
18.5542    0
18.5592    0
18.5642    0
18.5692    0
18.5742    0
18.5792    0
18.5842    0
18.5892    0
18.5942    1
18.5992    0
18.6042    0
18.6092    0
18.6142    0
18.6192    1
18.6242    0
18.6292    0
18.6342    0
18.6392    1
18.6442    0
18.6492    0
18.6542    0
18.6592    1
18.6642    1
18.6692    1
18.6742    0
18.6792    0
18.6842    1
18.6892    2
18.6942    0
18.6992    0
18.7042    0
18.7092    0
18.7142    2
18.7192    0
18.7242    0
18.7292    0
18.7342    0
18.7392    0
18.7442    0
18.7492    0
18.7542    0
18.7592    1
18.7642    0
18.7692    1
18.7742    0
18.7792    3
18.7842    0
18.7892    2
18.7942    0
18.7992    1
18.8042    0
18.8092    1
18.8142    0
18.8192    1
18.8242    0
18.8292    0
18.8342    0
18.8392    0
18.8442    2
18.8492    0
18.8542    0
18.8592    0
18.8642    0
18.8692    1
18.8742    0
18.8792    0
18.8842    0
18.8892    1
18.8942    1
18.8992    1
18.9042    0
18.9092    0
18.9142    2
18.9192    1
18.9242    0
18.9292    0
18.9342    0
18.9392    0
18.9442    0
18.9492    0
18.9542    0
18.9592    0
18.9642    2
18.9692    0
18.9742    2
18.9792    0
18.9842    0
18.9892    0
18.9942    1
18.9992    1
19.0042    1
19.0092    0
19.0142    1
19.0192    1
19.0242    0
19.0292    0
19.0342    3
19.0392    0
19.0442    1
19.0492    0
19.0542    0
19.0592    0
19.0642    0
19.0692    0
19.0742    1
19.0792    0
19.0842    0
19.0892    0
19.0942    0
19.0992    1
19.1042    0
19.1092    1
19.1142    1
19.1192    1
19.1242    0
19.1292    0
19.1342    3
19.1392    1
19.1442    0
19.1492    0
19.1542    1
19.1592    1
19.1642    0
19.1692    0
19.1742    1
19.1792    0
19.1842    0
19.1892    0
19.1942    0
19.1992    0
19.2042    0
19.2092    0
19.2142    0
19.2192    1
19.2242    0
19.2292    0
19.2342    0
19.2392    0
19.2442    0
19.2492    1
19.2542    0
19.2592    0
19.2642    0
19.2692    0
19.2742    0
19.2792    0
19.2842    0
19.2892    1
19.2942    0
19.2992    0
19.3042    0
19.3092    0
19.3142    2
19.3192    0
19.3242    0
19.3292    2
19.3342    0
19.3392    2
19.3442    0
19.3492    0
19.3542    0
19.3592    0
19.3642    0
19.3692    0
19.3742    1
19.3792    0
19.3842    1
19.3892    0
19.3942    1
19.3992    3
19.4042    0
19.4092    1
19.4142    1
19.4192    0
19.4242    0
19.4292    0
19.4342    0
19.4392    1
19.4442    0
19.4492    0
19.4542    0
19.4592    0
19.4642    0
19.4692    0
19.4742    1
19.4792    0
19.4842    0
19.4892    0
19.4942    0
19.4991    1
19.5041    0
19.5091    0
19.5141    0
19.5191    1
19.5241    1
19.5291    0
19.5341    1
19.5391    0
19.5441    0
19.5491    0
19.5541    1
19.5591    1
19.5641    2
19.5691    0
19.5741    0
19.5791    0
19.5841    0
19.5891    0
19.5941    1
19.5991    0
19.6041    0
19.6091    0
19.6141    0
19.6191    0
19.6241    1
19.6291    0
19.6341    0
19.6391    1
19.6441    1
19.6491    0
19.6541    0
19.6591    1
19.6641    1
19.6691    1
19.6741    0
19.6791    0
19.6841    0
19.6891    0
19.6941    1
19.6991    0
19.7041    0
19.7091    0
19.7141    0
19.7191    1
19.7241    0
19.7291    1
19.7341    0
19.7391    0
19.7441    0
19.7491    0
19.7541    0
19.7591    1
19.7641    0
19.7691    0
19.7741    0
19.7791    0
19.7841    2
19.7891    0
19.7941    0
19.7991    0
19.8041    0
19.8091    1
19.8141    1
19.8191    0
19.8241    0
19.8291    0
19.8341    0
19.8391    0
19.8441    2
19.8491    2
19.8541    0
19.8591    0
19.8641    0
19.8691    0
19.8741    0
19.8791    0
19.8841    0
19.8891    1
19.8941    0
19.8991    1
19.9041    0
19.9091    0
19.9141    0
19.9191    0
19.9241    1
19.9291    0
19.9341    0
19.9391    0
19.9441    0
19.9491    0
19.9541    1
19.9591    1
19.9641    0
19.9691    0
19.9741    0
19.9791    2
19.9841    1
19.9891    0
19.9941    0
