# 21092021_15_52_06_group11_Mes13_Temp56_3Peak.dat
# Measuring of the Zeemann splitting 
# modus: scanning laser current/frequency via I/P MOD
# 
x(A/Hz/V/nm) yai0(V) yai1(V) yai2(V) yai3(V) yai4(V)
130.2984	0.1285	0.0513	NaN	0.0466	0.3313
130.2998	0.1334	0.0543	NaN	0.0494	0.3317
130.2998	0.1361	0.0564	NaN	0.0512	0.3312
130.3023	0.1384	0.0579	NaN	0.0527	0.3307
130.3017	0.1402	0.0591	NaN	0.0538	0.3305
130.3041	0.1407	0.0600	NaN	0.0546	0.3304
130.3064	0.1420	0.0606	NaN	0.0552	0.3305
130.3061	0.1420	0.0613	NaN	0.0559	0.3306
130.3071	0.1424	0.0618	NaN	0.0564	0.3307
130.3084	0.1431	0.0622	NaN	0.0567	0.3313
130.3107	0.1444	0.0625	NaN	0.0570	0.3315
130.3109	0.1452	0.0628	NaN	0.0573	0.3317
130.3105	0.1455	0.0631	NaN	0.0576	0.3321
130.3146	0.1460	0.0633	NaN	0.0578	0.3322
130.3165	0.1463	0.0635	NaN	0.0579	0.3321
130.3176	0.1470	0.0637	NaN	0.0581	0.3317
130.3189	0.1471	0.0638	NaN	0.0582	0.3312
130.3184	0.1455	0.0640	NaN	0.0584	0.3314
130.3182	0.1442	0.0642	NaN	0.0587	0.3315
130.3230	0.1466	0.0643	NaN	0.0588	0.3316
130.3209	0.1458	0.0644	NaN	0.0588	0.3314
130.3247	0.1465	0.0644	NaN	0.0589	0.3312
130.3269	0.1462	0.0645	NaN	0.0590	0.3313
130.3254	0.1456	0.0646	NaN	0.0591	0.3315
130.3262	0.1446	0.0646	NaN	0.0591	0.3316
130.3269	0.1462	0.0647	NaN	0.0591	0.3316
130.3299	0.1462	0.0647	NaN	0.0591	0.3316
130.3314	0.1463	0.0646	NaN	0.0591	0.3317
130.3308	0.1457	0.0646	NaN	0.0591	0.3320
130.3343	0.1463	0.0646	NaN	0.0591	0.3320
130.3336	0.1473	0.0647	NaN	0.0591	0.3320
130.3351	0.1455	0.0647	NaN	0.0591	0.3318
130.3366	0.1454	0.0647	NaN	0.0592	0.3320
130.3366	0.1468	0.0647	NaN	0.0592	0.3320
130.3370	0.1472	0.0648	NaN	0.0592	0.3322
130.3382	0.1467	0.0648	NaN	0.0592	0.3321
130.3389	0.1461	0.0648	NaN	0.0592	0.3319
130.3410	0.1468	0.0647	NaN	0.0591	0.3318
130.3406	0.1467	0.0647	NaN	0.0592	0.3317
130.3417	0.1466	0.0648	NaN	0.0592	0.3319
130.3458	0.1462	0.0647	NaN	0.0592	0.3319
130.3457	0.1464	0.0647	NaN	0.0592	0.3318
130.3472	0.1466	0.0647	NaN	0.0591	0.3320
130.3519	0.1460	0.0647	NaN	0.0591	0.3321
130.3511	0.1463	0.0647	NaN	0.0592	0.3322
130.3514	0.1459	0.0648	NaN	0.0593	0.3322
130.3514	0.1460	0.0647	NaN	0.0592	0.3321
130.3518	0.1461	0.0648	NaN	0.0592	0.3320
130.3542	0.1462	0.0647	NaN	0.0591	0.3320
130.3575	0.1468	0.0646	NaN	0.0591	0.3318
130.3577	0.1460	0.0646	NaN	0.0590	0.3316
130.3564	0.1462	0.0646	NaN	0.0590	0.3314
130.3588	0.1463	0.0645	NaN	0.0590	0.3314
130.3615	0.1476	0.0645	NaN	0.0589	0.3315
130.3597	0.1472	0.0646	NaN	0.0590	0.3315
130.3631	0.1467	0.0646	NaN	0.0590	0.3315
130.3643	0.1463	0.0645	NaN	0.0590	0.3315
130.3653	0.1464	0.0645	NaN	0.0589	0.3314
130.3662	0.1465	0.0645	NaN	0.0589	0.3314
130.3671	0.1460	0.0645	NaN	0.0589	0.3314
130.3664	0.1454	0.0645	NaN	0.0589	0.3314
130.3690	0.1448	0.0644	NaN	0.0589	0.3312
130.3691	0.1449	0.0644	NaN	0.0589	0.3312
130.3715	0.1454	0.0644	NaN	0.0588	0.3313
130.3730	0.1453	0.0643	NaN	0.0588	0.3313
130.3731	0.1458	0.0643	NaN	0.0588	0.3312
130.3756	0.1462	0.0643	NaN	0.0587	0.3312
130.3755	0.1464	0.0643	NaN	0.0588	0.3313
130.3777	0.1464	0.0643	NaN	0.0588	0.3314
130.3782	0.1464	0.0643	NaN	0.0587	0.3316
130.3765	0.1461	0.0643	NaN	0.0587	0.3318
130.3795	0.1465	0.0643	NaN	0.0587	0.3319
130.3828	0.1463	0.0642	NaN	0.0587	0.3319
130.3819	0.1452	0.0642	NaN	0.0587	0.3317
130.3833	0.1446	0.0642	NaN	0.0587	0.3315
130.3828	0.1445	0.0642	NaN	0.0586	0.3314
130.3843	0.1441	0.0641	NaN	0.0586	0.3313
130.3872	0.1432	0.0640	NaN	0.0586	0.3312
130.3886	0.1435	0.0640	NaN	0.0585	0.3312
130.3906	0.1425	0.0640	NaN	0.0585	0.3312
130.3873	0.1427	0.0640	NaN	0.0586	0.3312
130.3920	0.1450	0.0640	NaN	0.0585	0.3312
130.3948	0.1458	0.0639	NaN	0.0584	0.3312
130.3910	0.1463	0.0640	NaN	0.0584	0.3312
130.3958	0.1462	0.0639	NaN	0.0583	0.3312
130.3980	0.1461	0.0638	NaN	0.0583	0.3312
130.3963	0.1454	0.0638	NaN	0.0583	0.3312
130.3976	0.1459	0.0639	NaN	0.0583	0.3313
130.3990	0.1450	0.0638	NaN	0.0583	0.3313
130.3999	0.1430	0.0637	NaN	0.0583	0.3312
130.4016	0.1442	0.0637	NaN	0.0582	0.3313
130.4031	0.1453	0.0637	NaN	0.0582	0.3312
130.4050	0.1452	0.0636	NaN	0.0581	0.3312
130.4074	0.1451	0.0635	NaN	0.0580	0.3312
130.4063	0.1449	0.0635	NaN	0.0580	0.3312
130.4085	0.1451	0.0635	NaN	0.0580	0.3312
130.4071	0.1450	0.0636	NaN	0.0580	0.3312
130.4108	0.1453	0.0635	NaN	0.0580	0.3312
130.4129	0.1455	0.0634	NaN	0.0579	0.3312
130.4118	0.1447	0.0634	NaN	0.0579	0.3312
130.4129	0.1439	0.0633	NaN	0.0578	0.3312
130.4125	0.1439	0.0633	NaN	0.0578	0.3311
130.4141	0.1452	0.0633	NaN	0.0578	0.3312
130.4179	0.1446	0.0632	NaN	0.0577	0.3313
130.4177	0.1430	0.0632	NaN	0.0577	0.3313
130.4193	0.1439	0.0633	NaN	0.0578	0.3313
130.4224	0.1438	0.0633	NaN	0.0578	0.3314
130.4221	0.1433	0.0632	NaN	0.0578	0.3314
130.4251	0.1431	0.0632	NaN	0.0578	0.3315
130.4269	0.1444	0.0633	NaN	0.0578	0.3314
130.4269	0.1452	0.0632	NaN	0.0577	0.3313
130.4293	0.1442	0.0632	NaN	0.0577	0.3313
130.4296	0.1445	0.0632	NaN	0.0576	0.3313
130.4309	0.1438	0.0631	NaN	0.0576	0.3315
130.4308	0.1431	0.0631	NaN	0.0576	0.3316
130.4305	0.1435	0.0630	NaN	0.0576	0.3320
130.4326	0.1437	0.0628	NaN	0.0574	0.3318
130.4351	0.1429	0.0627	NaN	0.0573	0.3315
130.4362	0.1421	0.0627	NaN	0.0573	0.3313
130.4387	0.1414	0.0626	NaN	0.0572	0.3312
130.4363	0.1411	0.0626	NaN	0.0572	0.3312
130.4388	0.1404	0.0625	NaN	0.0572	0.3312
130.4381	0.1402	0.0625	NaN	0.0572	0.3312
130.4398	0.1411	0.0625	NaN	0.0571	0.3312
130.4424	0.1429	0.0625	NaN	0.0570	0.3313
130.4434	0.1431	0.0625	NaN	0.0570	0.3313
130.4450	0.1435	0.0625	NaN	0.0570	0.3316
130.4447	0.1428	0.0624	NaN	0.0570	0.3320
130.4440	0.1423	0.0625	NaN	0.0571	0.3316
130.4468	0.1422	0.0625	NaN	0.0571	0.3314
130.4463	0.1420	0.0625	NaN	0.0571	0.3317
130.4465	0.1413	0.0624	NaN	0.0571	0.3316
130.4479	0.1413	0.0624	NaN	0.0570	0.3319
130.4501	0.1415	0.0623	NaN	0.0569	0.3326
130.4514	0.1420	0.0622	NaN	0.0568	0.3329
130.4543	0.1405	0.0621	NaN	0.0568	0.3331
130.4550	0.1411	0.0621	NaN	0.0567	0.3331
130.4583	0.1413	0.0620	NaN	0.0567	0.3331
130.4572	0.1410	0.0621	NaN	0.0567	0.3329
130.4616	0.1412	0.0621	NaN	0.0567	0.3329
130.4598	0.1417	0.0621	NaN	0.0567	0.3329
130.4607	0.1417	0.0621	NaN	0.0567	0.3330
130.4641	0.1405	0.0620	NaN	0.0566	0.3328
130.4637	0.1401	0.0619	NaN	0.0566	0.3324
130.4656	0.1398	0.0619	NaN	0.0566	0.3320
130.4676	0.1398	0.0618	NaN	0.0565	0.3321
130.4671	0.1399	0.0618	NaN	0.0565	0.3322
130.4692	0.1403	0.0618	NaN	0.0565	0.3320
130.4704	0.1407	0.0617	NaN	0.0564	0.3313
130.4707	0.1401	0.0617	NaN	0.0564	0.3312
130.4737	0.1409	0.0617	NaN	0.0564	0.3313
130.4716	0.1407	0.0618	NaN	0.0564	0.3314
130.4736	0.1395	0.0618	NaN	0.0564	0.3320
130.4760	0.1405	0.0617	NaN	0.0564	0.3320
130.4757	0.1413	0.0617	NaN	0.0563	0.3320
130.4777	0.1424	0.0617	NaN	0.0563	0.3327
130.4806	0.1426	0.0616	NaN	0.0561	0.3330
130.4793	0.1407	0.0615	NaN	0.0561	0.3331
130.4842	0.1407	0.0614	NaN	0.0560	0.3331
130.4805	0.1405	0.0614	NaN	0.0561	0.3331
130.4847	0.1400	0.0613	NaN	0.0560	0.3328
130.4857	0.1405	0.0612	NaN	0.0559	0.3320
130.4850	0.1412	0.0613	NaN	0.0559	0.3314
130.4874	0.1392	0.0612	NaN	0.0559	0.3314
130.4898	0.1395	0.0611	NaN	0.0558	0.3314
130.4887	0.1408	0.0610	NaN	0.0557	0.3315
130.4908	0.1408	0.0610	NaN	0.0556	0.3315
130.4906	0.1404	0.0609	NaN	0.0556	0.3314
130.4930	0.1397	0.0608	NaN	0.0555	0.3314
130.4967	0.1394	0.0608	NaN	0.0555	0.3318
130.4952	0.1385	0.0607	NaN	0.0554	0.3315
130.4956	0.1380	0.0607	NaN	0.0554	0.3317
130.4968	0.1382	0.0607	NaN	0.0554	0.3313
130.4984	0.1392	0.0606	NaN	0.0554	0.3314
130.5004	0.1387	0.0606	NaN	0.0553	0.3314
130.5016	0.1396	0.0605	NaN	0.0552	0.3318
130.5023	0.1399	0.0605	NaN	0.0552	0.3323
130.5055	0.1404	0.0605	NaN	0.0552	0.3328
130.5036	0.1406	0.0605	NaN	0.0552	0.3331
130.5054	0.1407	0.0605	NaN	0.0551	0.3330
130.5061	0.1409	0.0605	NaN	0.0552	0.3328
130.5085	0.1408	0.0604	NaN	0.0551	0.3325
130.5084	0.1407	0.0604	NaN	0.0551	0.3324
130.5086	0.1395	0.0603	NaN	0.0550	0.3327
130.5112	0.1391	0.0602	NaN	0.0549	0.3331
130.5133	0.1393	0.0601	NaN	0.0548	0.3331
130.5126	0.1402	0.0601	NaN	0.0548	0.3331
130.5151	0.1408	0.0600	NaN	0.0547	0.3331
130.5164	0.1406	0.0600	NaN	0.0547	0.3331
130.5171	0.1399	0.0599	NaN	0.0547	0.3332
130.5190	0.1394	0.0599	NaN	0.0546	0.3332
130.5173	0.1389	0.0599	NaN	0.0546	0.3331
130.5182	0.1379	0.0597	NaN	0.0545	0.3331
130.5213	0.1385	0.0596	NaN	0.0544	0.3330
130.5205	0.1375	0.0596	NaN	0.0543	0.3328
130.5258	0.1377	0.0594	NaN	0.0542	0.3327
130.5264	0.1374	0.0594	NaN	0.0542	0.3324
130.5276	0.1380	0.0594	NaN	0.0542	0.3321
130.5279	0.1382	0.0593	NaN	0.0541	0.3317
130.5300	0.1381	0.0593	NaN	0.0541	0.3315
130.5302	0.1387	0.0592	NaN	0.0540	0.3314
130.5295	0.1379	0.0592	NaN	0.0540	0.3317
130.5325	0.1379	0.0591	NaN	0.0539	0.3318
130.5358	0.1376	0.0591	NaN	0.0539	0.3318
130.5358	0.1381	0.0591	NaN	0.0539	0.3319
130.5363	0.1385	0.0591	NaN	0.0539	0.3323
130.5389	0.1381	0.0590	NaN	0.0538	0.3325
130.5407	0.1383	0.0590	NaN	0.0537	0.3324
130.5418	0.1384	0.0589	NaN	0.0537	0.3325
130.5425	0.1379	0.0589	NaN	0.0537	0.3327
130.5441	0.1379	0.0588	NaN	0.0535	0.3330
130.5453	0.1375	0.0586	NaN	0.0535	0.3331
130.5440	0.1376	0.0587	NaN	0.0535	0.3332
130.5454	0.1377	0.0587	NaN	0.0535	0.3332
130.5475	0.1374	0.0587	NaN	0.0535	0.3332
130.5463	0.1373	0.0588	NaN	0.0536	0.3333
130.5467	0.1372	0.0587	NaN	0.0536	0.3333
130.5490	0.1374	0.0587	NaN	0.0535	0.3332
130.5503	0.1374	0.0587	NaN	0.0535	0.3332
130.5525	0.1372	0.0586	NaN	0.0534	0.3333
130.5526	0.1374	0.0585	NaN	0.0533	0.3332
130.5535	0.1374	0.0585	NaN	0.0533	0.3333
130.5533	0.1376	0.0584	NaN	0.0532	0.3331
130.5556	0.1377	0.0583	NaN	0.0531	0.3328
130.5569	0.1371	0.0582	NaN	0.0531	0.3327
130.5564	0.1370	0.0581	NaN	0.0529	0.3328
130.5598	0.1363	0.0581	NaN	0.0529	0.3329
130.5607	0.1378	0.0580	NaN	0.0528	0.3331
130.5610	0.1377	0.0580	NaN	0.0528	0.3329
130.5651	0.1373	0.0580	NaN	0.0528	0.3329
130.5627	0.1368	0.0580	NaN	0.0528	0.3330
130.5646	0.1366	0.0579	NaN	0.0527	0.3329
130.5681	0.1359	0.0578	NaN	0.0526	0.3330
130.5667	0.1356	0.0577	NaN	0.0526	0.3329
130.5681	0.1359	0.0576	NaN	0.0525	0.3330
130.5704	0.1360	0.0575	NaN	0.0524	0.3327
130.5707	0.1360	0.0575	NaN	0.0523	0.3325
130.5723	0.1357	0.0574	NaN	0.0523	0.3323
130.5737	0.1354	0.0575	NaN	0.0523	0.3320
130.5742	0.1353	0.0574	NaN	0.0523	0.3319
130.5769	0.1353	0.0574	NaN	0.0523	0.3318
130.5773	0.1353	0.0574	NaN	0.0522	0.3317
130.5775	0.1349	0.0573	NaN	0.0522	0.3317
130.5779	0.1348	0.0572	NaN	0.0521	0.3317
130.5804	0.1350	0.0571	NaN	0.0520	0.3317
130.5817	0.1354	0.0571	NaN	0.0519	0.3316
130.5823	0.1353	0.0571	NaN	0.0520	0.3316
130.5841	0.1350	0.0571	NaN	0.0520	0.3317
130.5871	0.1352	0.0571	NaN	0.0520	0.3316
130.5874	0.1352	0.0572	NaN	0.0521	0.3316
130.5886	0.1348	0.0571	NaN	0.0520	0.3315
130.5892	0.1347	0.0571	NaN	0.0520	0.3315
130.5913	0.1345	0.0570	NaN	0.0519	0.3317
130.5912	0.1344	0.0569	NaN	0.0519	0.3317
130.5919	0.1344	0.0569	NaN	0.0519	0.3316
130.5940	0.1344	0.0568	NaN	0.0517	0.3316
130.5944	0.1347	0.0567	NaN	0.0516	0.3315
130.5958	0.1347	0.0566	NaN	0.0515	0.3315
130.5982	0.1347	0.0565	NaN	0.0513	0.3315
130.5981	0.1345	0.0563	NaN	0.0512	0.3315
130.6004	0.1344	0.0562	NaN	0.0511	0.3315
130.6021	0.1345	0.0561	NaN	0.0510	0.3316
130.6014	0.1341	0.0561	NaN	0.0511	0.3316
130.6021	0.1339	0.0561	NaN	0.0510	0.3316
130.6046	0.1341	0.0561	NaN	0.0510	0.3315
130.6047	0.1344	0.0561	NaN	0.0510	0.3315
130.6077	0.1348	0.0561	NaN	0.0510	0.3316
130.6075	0.1338	0.0561	NaN	0.0510	0.3316
130.6110	0.1327	0.0560	NaN	0.0510	0.3316
130.6109	0.1328	0.0560	NaN	0.0509	0.3316
130.6112	0.1331	0.0560	NaN	0.0509	0.3316
130.6120	0.1332	0.0560	NaN	0.0509	0.3317
130.6115	0.1334	0.0560	NaN	0.0509	0.3320
130.6154	0.1334	0.0558	NaN	0.0508	0.3318
130.6161	0.1339	0.0557	NaN	0.0507	0.3317
130.6173	0.1344	0.0556	NaN	0.0505	0.3316
130.6187	0.1333	0.0556	NaN	0.0505	0.3316
130.6228	0.1334	0.0554	NaN	0.0504	0.3316
130.6214	0.1326	0.0553	NaN	0.0503	0.3316
130.6227	0.1331	0.0553	NaN	0.0503	0.3316
130.6222	0.1331	0.0553	NaN	0.0503	0.3315
130.6238	0.1328	0.0552	NaN	0.0502	0.3315
130.6269	0.1326	0.0551	NaN	0.0502	0.3316
130.6271	0.1324	0.0550	NaN	0.0501	0.3319
130.6290	0.1328	0.0550	NaN	0.0500	0.3322
130.6303	0.1331	0.0549	NaN	0.0500	0.3324
130.6308	0.1337	0.0550	NaN	0.0501	0.3328
130.6320	0.1329	0.0550	NaN	0.0500	0.3332
130.6336	0.1323	0.0549	NaN	0.0499	0.3330
130.6383	0.1315	0.0548	NaN	0.0499	0.3326
130.6355	0.1316	0.0547	NaN	0.0498	0.3322
130.6364	0.1317	0.0546	NaN	0.0497	0.3320
130.6376	0.1318	0.0545	NaN	0.0497	0.3318
130.6397	0.1316	0.0545	NaN	0.0497	0.3318
130.6392	0.1315	0.0544	NaN	0.0496	0.3321
130.6418	0.1310	0.0543	NaN	0.0495	0.3318
130.6414	0.1311	0.0543	NaN	0.0496	0.3316
130.6438	0.1311	0.0543	NaN	0.0495	0.3315
130.6449	0.1313	0.0542	NaN	0.0494	0.3316
130.6450	0.1310	0.0542	NaN	0.0494	0.3315
130.6459	0.1306	0.0540	NaN	0.0493	0.3316
130.6451	0.1310	0.0540	NaN	0.0493	0.3319
130.6477	0.1308	0.0540	NaN	0.0492	0.3319
130.6491	0.1308	0.0539	NaN	0.0492	0.3319
130.6507	0.1315	0.0539	NaN	0.0491	0.3321
130.6537	0.1309	0.0538	NaN	0.0491	0.3318
130.6547	0.1307	0.0538	NaN	0.0490	0.3316
130.6559	0.1308	0.0537	NaN	0.0489	0.3316
130.6560	0.1312	0.0536	NaN	0.0488	0.3319
130.6567	0.1307	0.0536	NaN	0.0488	0.3317
130.6582	0.1303	0.0536	NaN	0.0489	0.3315
130.6589	0.1298	0.0536	NaN	0.0488	0.3316
130.6584	0.1287	0.0535	NaN	0.0488	0.3320
130.6608	0.1291	0.0534	NaN	0.0487	0.3318
130.6627	0.1294	0.0533	NaN	0.0486	0.3315
130.6617	0.1299	0.0533	NaN	0.0485	0.3316
130.6642	0.1301	0.0531	NaN	0.0484	0.3316
130.6634	0.1296	0.0531	NaN	0.0484	0.3316
130.6671	0.1294	0.0531	NaN	0.0483	0.3323
130.6700	0.1297	0.0530	NaN	0.0483	0.3328
130.6689	0.1293	0.0530	NaN	0.0483	0.3324
130.6686	0.1291	0.0530	NaN	0.0482	0.3319
130.6693	0.1286	0.0528	NaN	0.0481	0.3319
130.6713	0.1287	0.0527	NaN	0.0480	0.3319
130.6720	0.1288	0.0527	NaN	0.0480	0.3323
130.6734	0.1299	0.0527	NaN	0.0479	0.3326
130.6753	0.1293	0.0526	NaN	0.0479	0.3327
130.6775	0.1290	0.0526	NaN	0.0479	0.3324
130.6774	0.1298	0.0525	NaN	0.0478	0.3322
130.6803	0.1298	0.0524	NaN	0.0476	0.3325
130.6802	0.1294	0.0522	NaN	0.0475	0.3327
130.6834	0.1289	0.0521	NaN	0.0474	0.3331
130.6848	0.1288	0.0520	NaN	0.0473	0.3334
130.6834	0.1284	0.0521	NaN	0.0474	0.3333
130.6879	0.1287	0.0520	NaN	0.0473	0.3334
130.6886	0.1293	0.0521	NaN	0.0474	0.3334
130.6881	0.1292	0.0522	NaN	0.0475	0.3331
130.6902	0.1285	0.0521	NaN	0.0475	0.3332
130.6903	0.1281	0.0521	NaN	0.0474	0.3333
130.6912	0.1276	0.0519	NaN	0.0473	0.3331
130.6940	0.1275	0.0518	NaN	0.0472	0.3330
130.6950	0.1276	0.0518	NaN	0.0471	0.3328
130.6955	0.1276	0.0516	NaN	0.0470	0.3326
130.6964	0.1271	0.0516	NaN	0.0469	0.3324
130.6983	0.1270	0.0516	NaN	0.0469	0.3321
130.6998	0.1274	0.0514	NaN	0.0468	0.3317
130.6987	0.1271	0.0514	NaN	0.0467	0.3317
130.7012	0.1270	0.0513	NaN	0.0467	0.3317
130.7047	0.1271	0.0512	NaN	0.0466	0.3318
130.7041	0.1277	0.0513	NaN	0.0466	0.3316
130.7046	0.1273	0.0513	NaN	0.0467	0.3316
130.7053	0.1273	0.0513	NaN	0.0466	0.3316
130.7073	0.1280	0.0512	NaN	0.0465	0.3317
130.7078	0.1271	0.0509	NaN	0.0463	0.3317
130.7089	0.1271	0.0508	NaN	0.0462	0.3317
130.7113	0.1277	0.0506	NaN	0.0459	0.3319
130.7117	0.1276	0.0505	NaN	0.0458	0.3319
130.7118	0.1269	0.0505	NaN	0.0459	0.3319
130.7132	0.1262	0.0504	NaN	0.0458	0.3321
130.7147	0.1262	0.0503	NaN	0.0457	0.3320
130.7158	0.1266	0.0503	NaN	0.0457	0.3323
130.7177	0.1264	0.0504	NaN	0.0457	0.3326
130.7181	0.1259	0.0505	NaN	0.0459	0.3325
130.7208	0.1259	0.0504	NaN	0.0458	0.3327
130.7192	0.1258	0.0504	NaN	0.0457	0.3329
130.7225	0.1258	0.0503	NaN	0.0457	0.3332
130.7239	0.1257	0.0501	NaN	0.0454	0.3334
130.7226	0.1257	0.0500	NaN	0.0453	0.3335
130.7259	0.1256	0.0498	NaN	0.0451	0.3334
130.7271	0.1243	0.0498	NaN	0.0451	0.3334
130.7280	0.1251	0.0497	NaN	0.0450	0.3334
130.7287	0.1232	0.0496	NaN	0.0450	0.3333
130.7294	0.1240	0.0496	NaN	0.0449	0.3334
130.7305	0.1236	0.0496	NaN	0.0449	0.3334
130.7323	0.1238	0.0495	NaN	0.0448	0.3335
130.7314	0.1241	0.0495	NaN	0.0448	0.3334
130.7327	0.1243	0.0494	NaN	0.0447	0.3334
130.7370	0.1238	0.0493	NaN	0.0446	0.3333
130.7365	0.1236	0.0493	NaN	0.0446	0.3332
130.7410	0.1241	0.0493	NaN	0.0446	0.3333
130.7387	0.1243	0.0493	NaN	0.0445	0.3334
130.7402	0.1243	0.0492	NaN	0.0444	0.3335
130.7419	0.1239	0.0490	NaN	0.0443	0.3335
130.7419	0.1237	0.0490	NaN	0.0443	0.3335
130.7424	0.1238	0.0490	NaN	0.0442	0.3332
130.7445	0.1228	0.0489	NaN	0.0442	0.3333
130.7462	0.1232	0.0488	NaN	0.0441	0.3332
130.7477	0.1240	0.0487	NaN	0.0440	0.3331
130.7474	0.1234	0.0487	NaN	0.0440	0.3332
130.7477	0.1228	0.0487	NaN	0.0440	0.3333
130.7513	0.1225	0.0486	NaN	0.0440	0.3332
130.7498	0.1223	0.0487	NaN	0.0440	0.3331
130.7514	0.1219	0.0485	NaN	0.0439	0.3331
130.7527	0.1223	0.0485	NaN	0.0438	0.3332
130.7540	0.1220	0.0483	NaN	0.0436	0.3333
130.7565	0.1218	0.0482	NaN	0.0435	0.3333
130.7559	0.1219	0.0481	NaN	0.0434	0.3331
130.7591	0.1223	0.0481	NaN	0.0434	0.3332
130.7610	0.1219	0.0479	NaN	0.0433	0.3332
130.7604	0.1219	0.0479	NaN	0.0432	0.3330
130.7614	0.1219	0.0478	NaN	0.0431	0.3324
130.7626	0.1218	0.0477	NaN	0.0430	0.3326
130.7629	0.1221	0.0476	NaN	0.0429	0.3322
130.7662	0.1219	0.0474	NaN	0.0427	0.3319
130.7646	0.1217	0.0473	NaN	0.0427	0.3319
130.7674	0.1213	0.0471	NaN	0.0425	0.3320
130.7692	0.1211	0.0471	NaN	0.0424	0.3322
130.7686	0.1205	0.0470	NaN	0.0424	0.3328
130.7708	0.1204	0.0471	NaN	0.0425	0.3328
130.7719	0.1210	0.0471	NaN	0.0425	0.3328
130.7729	0.1210	0.0471	NaN	0.0424	0.3331
130.7752	0.1207	0.0469	NaN	0.0423	0.3331
130.7737	0.1210	0.0469	NaN	0.0423	0.3331
130.7751	0.1202	0.0469	NaN	0.0423	0.3331
130.7743	0.1202	0.0468	NaN	0.0422	0.3332
130.7777	0.1201	0.0466	NaN	0.0420	0.3333
130.7804	0.1202	0.0465	NaN	0.0418	0.3332
130.7797	0.1197	0.0465	NaN	0.0419	0.3331
130.7814	0.1198	0.0465	NaN	0.0419	0.3332
130.7823	0.1195	0.0463	NaN	0.0418	0.3332
130.7826	0.1194	0.0462	NaN	0.0417	0.3332
130.7843	0.1191	0.0461	NaN	0.0415	0.3333
130.7846	0.1186	0.0459	NaN	0.0414	0.3333
130.7853	0.1184	0.0458	NaN	0.0413	0.3333
130.7877	0.1185	0.0457	NaN	0.0411	0.3333
130.7878	0.1185	0.0457	NaN	0.0411	0.3333
130.7899	0.1184	0.0456	NaN	0.0410	0.3333
130.7902	0.1179	0.0455	NaN	0.0410	0.3333
130.7938	0.1177	0.0454	NaN	0.0409	0.3333
130.7967	0.1178	0.0453	NaN	0.0408	0.3334
130.7965	0.1177	0.0452	NaN	0.0407	0.3333
130.7983	0.1172	0.0451	NaN	0.0406	0.3333
130.7989	0.1173	0.0450	NaN	0.0405	0.3333
130.7979	0.1180	0.0450	NaN	0.0404	0.3332
130.8014	0.1180	0.0449	NaN	0.0404	0.3333
130.8000	0.1182	0.0451	NaN	0.0405	0.3332
130.8028	0.1178	0.0449	NaN	0.0404	0.3331
130.8035	0.1179	0.0448	NaN	0.0403	0.3330
130.8042	0.1177	0.0447	NaN	0.0402	0.3328
130.8070	0.1173	0.0447	NaN	0.0402	0.3326
130.8068	0.1172	0.0446	NaN	0.0401	0.3325
130.8070	0.1171	0.0444	NaN	0.0399	0.3323
130.8085	0.1167	0.0442	NaN	0.0397	0.3321
130.8091	0.1163	0.0441	NaN	0.0397	0.3319
130.8111	0.1156	0.0440	NaN	0.0396	0.3319
130.8131	0.1155	0.0440	NaN	0.0395	0.3316
130.8125	0.1158	0.0440	NaN	0.0395	0.3315
130.8149	0.1164	0.0439	NaN	0.0394	0.3316
130.8166	0.1166	0.0439	NaN	0.0394	0.3316
130.8168	0.1164	0.0439	NaN	0.0395	0.3316
130.8184	0.1161	0.0439	NaN	0.0395	0.3317
130.8171	0.1159	0.0439	NaN	0.0395	0.3322
130.8206	0.1155	0.0437	NaN	0.0393	0.3328
130.8231	0.1154	0.0436	NaN	0.0392	0.3331
130.8219	0.1156	0.0436	NaN	0.0391	0.3318
130.8236	0.1155	0.0434	NaN	0.0390	0.3320
130.8255	0.1153	0.0432	NaN	0.0388	0.3325
130.8273	0.1152	0.0432	NaN	0.0388	0.3323
130.8281	0.1150	0.0431	NaN	0.0387	0.3316
130.8287	0.1150	0.0430	NaN	0.0386	0.3315
130.8305	0.1147	0.0428	NaN	0.0384	0.3316
130.8318	0.1144	0.0425	NaN	0.0381	0.3315
130.8326	0.1139	0.0423	NaN	0.0380	0.3314
130.8333	0.1134	0.0423	NaN	0.0379	0.3314
130.8332	0.1133	0.0422	NaN	0.0379	0.3314
130.8358	0.1130	0.0422	NaN	0.0379	0.3314
130.8364	0.1130	0.0421	NaN	0.0377	0.3318
130.8368	0.1135	0.0421	NaN	0.0377	0.3323
130.8388	0.1130	0.0420	NaN	0.0377	0.3325
130.8442	0.1131	0.0420	NaN	0.0377	0.3331
130.8417	0.1127	0.0420	NaN	0.0376	0.3331
130.8447	0.1124	0.0418	NaN	0.0375	0.3333
130.8457	0.1127	0.0417	NaN	0.0374	0.3334
130.8466	0.1124	0.0417	NaN	0.0374	0.3333
130.8482	0.1124	0.0417	NaN	0.0374	0.3331
130.8475	0.1125	0.0417	NaN	0.0374	0.3329
130.8496	0.1125	0.0416	NaN	0.0373	0.3327
130.8518	0.1117	0.0414	NaN	0.0371	0.3323
130.8502	0.1114	0.0413	NaN	0.0371	0.3322
130.8522	0.1113	0.0411	NaN	0.0369	0.3321
130.8526	0.1112	0.0411	NaN	0.0368	0.3320
130.8557	0.1112	0.0410	NaN	0.0367	0.3319
130.8554	0.1118	0.0409	NaN	0.0367	0.3316
130.8568	0.1107	0.0410	NaN	0.0367	0.3315
130.8606	0.1106	0.0408	NaN	0.0366	0.3314
130.8589	0.1104	0.0407	NaN	0.0365	0.3315
130.8610	0.1104	0.0406	NaN	0.0364	0.3316
130.8640	0.1104	0.0406	NaN	0.0363	0.3316
130.8638	0.1104	0.0407	NaN	0.0364	0.3315
130.8647	0.1109	0.0406	NaN	0.0363	0.3315
130.8663	0.1108	0.0405	NaN	0.0363	0.3316
130.8657	0.1102	0.0403	NaN	0.0361	0.3317
130.8685	0.1096	0.0400	NaN	0.0359	0.3316
130.8663	0.1094	0.0400	NaN	0.0358	0.3315
130.8698	0.1093	0.0399	NaN	0.0357	0.3315
130.8718	0.1089	0.0396	NaN	0.0355	0.3317
130.8713	0.1084	0.0397	NaN	0.0355	0.3319
130.8742	0.1081	0.0395	NaN	0.0354	0.3319
130.8738	0.1082	0.0395	NaN	0.0354	0.3319
130.8767	0.1086	0.0396	NaN	0.0355	0.3323
130.8753	0.1090	0.0395	NaN	0.0354	0.3327
130.8761	0.1083	0.0393	NaN	0.0352	0.3328
130.8783	0.1081	0.0392	NaN	0.0350	0.3329
130.8801	0.1080	0.0391	NaN	0.0349	0.3329
130.8797	0.1079	0.0391	NaN	0.0350	0.3329
130.8793	0.1083	0.0390	NaN	0.0349	0.3326
130.8794	0.1083	0.0390	NaN	0.0348	0.3325
130.8825	0.1076	0.0388	NaN	0.0346	0.3329
130.8848	0.1075	0.0387	NaN	0.0346	0.3330
130.8852	0.1070	0.0386	NaN	0.0345	0.3332
130.8881	0.1070	0.0386	NaN	0.0345	0.3331
130.8903	0.1067	0.0385	NaN	0.0344	0.3328
130.8904	0.1069	0.0384	NaN	0.0343	0.3330
130.8921	0.1067	0.0383	NaN	0.0342	0.3331
130.8915	0.1066	0.0383	NaN	0.0342	0.3331
130.8940	0.1061	0.0382	NaN	0.0341	0.3331
130.8959	0.1061	0.0380	NaN	0.0339	0.3328
130.8969	0.1059	0.0379	NaN	0.0339	0.3328
130.8966	0.1052	0.0378	NaN	0.0338	0.3330
130.8965	0.1052	0.0378	NaN	0.0338	0.3331
130.8977	0.1052	0.0378	NaN	0.0337	0.3331
130.8995	0.1053	0.0379	NaN	0.0338	0.3330
130.9000	0.1057	0.0380	NaN	0.0340	0.3332
130.9029	0.1057	0.0379	NaN	0.0338	0.3332
130.9055	0.1057	0.0377	NaN	0.0337	0.3333
130.9017	0.1053	0.0379	NaN	0.0338	0.3330
130.9033	0.1047	0.0378	NaN	0.0337	0.3329
130.9078	0.1047	0.0376	NaN	0.0336	0.3329
130.9070	0.1047	0.0376	NaN	0.0336	0.3326
130.9099	0.1045	0.0374	NaN	0.0334	0.3324
130.9099	0.1043	0.0372	NaN	0.0332	0.3321
130.9110	0.1041	0.0370	NaN	0.0331	0.3321
130.9129	0.1040	0.0369	NaN	0.0330	0.3319
130.9119	0.1043	0.0370	NaN	0.0330	0.3316
130.9146	0.1037	0.0368	NaN	0.0328	0.3314
130.9143	0.1035	0.0367	NaN	0.0328	0.3316
130.9172	0.1037	0.0368	NaN	0.0328	0.3317
130.9198	0.1036	0.0367	NaN	0.0327	0.3319
130.9179	0.1037	0.0367	NaN	0.0327	0.3317
130.9207	0.1032	0.0365	NaN	0.0325	0.3317
130.9221	0.1030	0.0363	NaN	0.0324	0.3317
130.9208	0.1030	0.0363	NaN	0.0324	0.3321
130.9242	0.1031	0.0362	NaN	0.0323	0.3319
130.9249	0.1028	0.0361	NaN	0.0322	0.3318
130.9273	0.1028	0.0360	NaN	0.0321	0.3319
130.9284	0.1028	0.0361	NaN	0.0321	0.3319
130.9293	0.1025	0.0361	NaN	0.0321	0.3318
130.9302	0.1021	0.0360	NaN	0.0320	0.3316
130.9329	0.1020	0.0359	NaN	0.0320	0.3316
130.9323	0.1023	0.0360	NaN	0.0320	0.3315
130.9334	0.1021	0.0360	NaN	0.0321	0.3317
130.9338	0.1023	0.0360	NaN	0.0321	0.3316
130.9355	0.1024	0.0361	NaN	0.0321	0.3315
130.9366	0.1025	0.0360	NaN	0.0321	0.3316
130.9362	0.1019	0.0360	NaN	0.0320	0.3318
130.9383	0.1019	0.0359	NaN	0.0320	0.3317
130.9396	0.1017	0.0358	NaN	0.0319	0.3316
130.9418	0.1015	0.0356	NaN	0.0318	0.3316
130.9453	0.1014	0.0355	NaN	0.0316	0.3316
130.9464	0.1012	0.0356	NaN	0.0317	0.3315
130.9450	0.1012	0.0356	NaN	0.0317	0.3314
130.9462	0.1012	0.0354	NaN	0.0315	0.3315
130.9464	0.1006	0.0352	NaN	0.0314	0.3315
130.9476	0.0997	0.0350	NaN	0.0312	0.3317
130.9484	0.0991	0.0349	NaN	0.0311	0.3316
130.9506	0.0989	0.0347	NaN	0.0309	0.3315
130.9532	0.0989	0.0346	NaN	0.0308	0.3316
130.9532	0.0989	0.0346	NaN	0.0308	0.3317
130.9550	0.0989	0.0345	NaN	0.0307	0.3317
130.9566	0.0992	0.0345	NaN	0.0307	0.3319
130.9557	0.0991	0.0344	NaN	0.0306	0.3318
130.9588	0.0989	0.0343	NaN	0.0306	0.3320
130.9574	0.0993	0.0344	NaN	0.0306	0.3325
130.9605	0.0991	0.0343	NaN	0.0305	0.3324
130.9637	0.0985	0.0341	NaN	0.0303	0.3326
130.9614	0.0987	0.0340	NaN	0.0302	0.3331
130.9636	0.0987	0.0338	NaN	0.0301	0.3332
130.9641	0.0986	0.0339	NaN	0.0301	0.3333
130.9673	0.0982	0.0338	NaN	0.0300	0.3333
130.9670	0.0978	0.0336	NaN	0.0299	0.3331
130.9694	0.0978	0.0335	NaN	0.0298	0.3327
130.9689	0.0979	0.0335	NaN	0.0297	0.3322
130.9716	0.0979	0.0334	NaN	0.0296	0.3322
130.9706	0.0980	0.0334	NaN	0.0296	0.3320
130.9727	0.0975	0.0333	NaN	0.0295	0.3321
130.9733	0.0969	0.0332	NaN	0.0294	0.3319
130.9754	0.0963	0.0332	NaN	0.0294	0.3316
130.9757	0.0966	0.0330	NaN	0.0293	0.3316
130.9773	0.0964	0.0328	NaN	0.0291	0.3315
130.9784	0.0961	0.0328	NaN	0.0291	0.3314
130.9798	0.0960	0.0327	NaN	0.0290	0.3314
130.9798	0.0961	0.0328	NaN	0.0291	0.3314
130.9833	0.0959	0.0326	NaN	0.0290	0.3314
130.9825	0.0960	0.0325	NaN	0.0288	0.3314
130.9859	0.0959	0.0324	NaN	0.0287	0.3315
130.9856	0.0959	0.0324	NaN	0.0287	0.3315
130.9837	0.0960	0.0325	NaN	0.0288	0.3315
130.9861	0.0959	0.0323	NaN	0.0286	0.3315
130.9892	0.0956	0.0322	NaN	0.0285	0.3315
130.9905	0.0955	0.0321	NaN	0.0285	0.3315
130.9938	0.0955	0.0321	NaN	0.0284	0.3315
130.9938	0.0952	0.0320	NaN	0.0284	0.3315
130.9947	0.0951	0.0319	NaN	0.0283	0.3315
130.9964	0.0951	0.0319	NaN	0.0282	0.3315
130.9963	0.0951	0.0320	NaN	0.0283	0.3315
130.9991	0.0950	0.0319	NaN	0.0282	0.3315
131.0003	0.0950	0.0318	NaN	0.0282	0.3315
131.0016	0.0950	0.0317	NaN	0.0281	0.3315
131.0029	0.0946	0.0316	NaN	0.0280	0.3315
131.0013	0.0945	0.0316	NaN	0.0280	0.3315
131.0040	0.0947	0.0316	NaN	0.0279	0.3315
131.0059	0.0945	0.0315	NaN	0.0278	0.3317
131.0063	0.0950	0.0315	NaN	0.0278	0.3317
131.0084	0.0948	0.0314	NaN	0.0278	0.3316
131.0094	0.0943	0.0314	NaN	0.0277	0.3316
131.0106	0.0940	0.0312	NaN	0.0276	0.3315
131.0120	0.0938	0.0312	NaN	0.0276	0.3315
131.0132	0.0937	0.0311	NaN	0.0274	0.3316
131.0138	0.0932	0.0309	NaN	0.0273	0.3316
131.0170	0.0930	0.0308	NaN	0.0272	0.3316
131.0146	0.0928	0.0307	NaN	0.0271	0.3315
131.0173	0.0926	0.0306	NaN	0.0270	0.3316
131.0159	0.0924	0.0306	NaN	0.0270	0.3315
131.0190	0.0920	0.0305	NaN	0.0269	0.3316
131.0214	0.0913	0.0302	NaN	0.0266	0.3317
131.0195	0.0914	0.0302	NaN	0.0266	0.3315
131.0225	0.0913	0.0301	NaN	0.0265	0.3317
131.0234	0.0915	0.0301	NaN	0.0265	0.3317
131.0249	0.0913	0.0300	NaN	0.0265	0.3316
131.0261	0.0914	0.0300	NaN	0.0265	0.3318
131.0278	0.0912	0.0298	NaN	0.0263	0.3317
131.0283	0.0906	0.0297	NaN	0.0261	0.3318
131.0285	0.0902	0.0295	NaN	0.0260	0.3319
131.0305	0.0903	0.0295	NaN	0.0259	0.3320
131.0309	0.0911	0.0295	NaN	0.0259	0.3323
131.0316	0.0907	0.0295	NaN	0.0260	0.3327
131.0351	0.0902	0.0294	NaN	0.0259	0.3330
131.0350	0.0896	0.0293	NaN	0.0258	0.3331
131.0349	0.0895	0.0293	NaN	0.0258	0.3330
131.0376	0.0897	0.0291	NaN	0.0256	0.3329
131.0411	0.0885	0.0289	NaN	0.0255	0.3330
131.0416	0.0885	0.0289	NaN	0.0255	0.3332
131.0428	0.0884	0.0288	NaN	0.0254	0.3332
131.0432	0.0882	0.0288	NaN	0.0254	0.3331
131.0459	0.0887	0.0288	NaN	0.0253	0.3331
131.0473	0.0888	0.0286	NaN	0.0252	0.3329
131.0481	0.0888	0.0286	NaN	0.0251	0.3328
131.0488	0.0881	0.0284	NaN	0.0250	0.3326
131.0513	0.0878	0.0283	NaN	0.0249	0.3326
131.0544	0.0875	0.0282	NaN	0.0248	0.3327
131.0538	0.0875	0.0281	NaN	0.0247	0.3327
131.0533	0.0883	0.0282	NaN	0.0247	0.3327
131.0559	0.0875	0.0279	NaN	0.0246	0.3323
131.0579	0.0873	0.0277	NaN	0.0243	0.3322
131.0571	0.0874	0.0276	NaN	0.0242	0.3320
131.0588	0.0872	0.0275	NaN	0.0241	0.3319
131.0602	0.0875	0.0275	NaN	0.0241	0.3318
131.0605	0.0870	0.0274	NaN	0.0241	0.3317
131.0616	0.0867	0.0275	NaN	0.0241	0.3315
131.0626	0.0864	0.0275	NaN	0.0241	0.3314
131.0622	0.0862	0.0275	NaN	0.0241	0.3314
131.0653	0.0864	0.0274	NaN	0.0241	0.3314
131.0656	0.0864	0.0274	NaN	0.0240	0.3315
131.0684	0.0857	0.0273	NaN	0.0239	0.3315
131.0685	0.0858	0.0273	NaN	0.0240	0.3316
131.0708	0.0859	0.0272	NaN	0.0239	0.3315
131.0709	0.0857	0.0271	NaN	0.0238	0.3315
131.0727	0.0857	0.0271	NaN	0.0238	0.3314
131.0738	0.0852	0.0269	NaN	0.0236	0.3315
131.0757	0.0851	0.0268	NaN	0.0235	0.3315
131.0751	0.0853	0.0267	NaN	0.0234	0.3315
131.0763	0.0850	0.0265	NaN	0.0232	0.3317
131.0750	0.0840	0.0264	NaN	0.0232	0.3318
131.0763	0.0840	0.0263	NaN	0.0230	0.3321
131.0801	0.0836	0.0261	NaN	0.0229	0.3323
131.0787	0.0840	0.0262	NaN	0.0229	0.3320
131.0802	0.0836	0.0262	NaN	0.0229	0.3316
131.0809	0.0837	0.0262	NaN	0.0229	0.3315
131.0832	0.0833	0.0260	NaN	0.0227	0.3315
131.0880	0.0829	0.0258	NaN	0.0226	0.3316
131.0871	0.0829	0.0257	NaN	0.0225	0.3315
131.0901	0.0829	0.0255	NaN	0.0223	0.3314
131.0897	0.0828	0.0255	NaN	0.0223	0.3314
131.0907	0.0827	0.0256	NaN	0.0224	0.3315
131.0945	0.0821	0.0256	NaN	0.0224	0.3316
131.0938	0.0825	0.0256	NaN	0.0224	0.3315
131.0955	0.0825	0.0255	NaN	0.0223	0.3315
131.0972	0.0824	0.0253	NaN	0.0221	0.3315
131.0971	0.0825	0.0253	NaN	0.0221	0.3316
131.0976	0.0823	0.0253	NaN	0.0220	0.3316
131.0991	0.0818	0.0251	NaN	0.0220	0.3315
131.1009	0.0818	0.0251	NaN	0.0220	0.3315
131.1012	0.0820	0.0252	NaN	0.0220	0.3317
131.1001	0.0823	0.0252	NaN	0.0221	0.3321
131.1041	0.0818	0.0251	NaN	0.0219	0.3323
131.1048	0.0813	0.0248	NaN	0.0216	0.3320
131.1067	0.0810	0.0247	NaN	0.0215	0.3316
131.1076	0.0808	0.0246	NaN	0.0214	0.3315
131.1074	0.0812	0.0247	NaN	0.0215	0.3316
131.1084	0.0804	0.0246	NaN	0.0215	0.3314
131.1117	0.0802	0.0245	NaN	0.0214	0.3314
131.1122	0.0798	0.0244	NaN	0.0213	0.3314
131.1127	0.0798	0.0243	NaN	0.0212	0.3314
131.1142	0.0796	0.0243	NaN	0.0212	0.3315
131.1155	0.0802	0.0242	NaN	0.0211	0.3315
131.1172	0.0796	0.0241	NaN	0.0211	0.3316
131.1166	0.0800	0.0242	NaN	0.0210	0.3316
131.1182	0.0777	0.0241	NaN	0.0211	0.3315
131.1195	0.0777	0.0240	NaN	0.0209	0.3315
131.1208	0.0788	0.0240	NaN	0.0209	0.3315
131.1215	0.0791	0.0238	NaN	0.0208	0.3314
131.1250	0.0785	0.0236	NaN	0.0206	0.3315
131.1237	0.0783	0.0237	NaN	0.0206	0.3319
131.1256	0.0781	0.0235	NaN	0.0206	0.3322
131.1240	0.0782	0.0236	NaN	0.0206	0.3322
131.1266	0.0780	0.0235	NaN	0.0204	0.3321
131.1290	0.0783	0.0234	NaN	0.0203	0.3320
131.1291	0.0781	0.0233	NaN	0.0203	0.3319
131.1304	0.0773	0.0231	NaN	0.0201	0.3319
131.1337	0.0771	0.0230	NaN	0.0200	0.3320
131.1363	0.0770	0.0229	NaN	0.0198	0.3319
131.1371	0.0773	0.0228	NaN	0.0198	0.3319
131.1348	0.0772	0.0228	NaN	0.0198	0.3316
131.1366	0.0767	0.0227	NaN	0.0197	0.3315
131.1375	0.0768	0.0227	NaN	0.0197	0.3319
131.1393	0.0767	0.0227	NaN	0.0197	0.3318
131.1406	0.0767	0.0227	NaN	0.0197	0.3318
131.1408	0.0775	0.0228	NaN	0.0197	0.3319
131.1429	0.0773	0.0227	NaN	0.0197	0.3318
131.1466	0.0769	0.0226	NaN	0.0196	0.3316
131.1459	0.0762	0.0224	NaN	0.0195	0.3315
131.1470	0.0760	0.0223	NaN	0.0194	0.3315
131.1496	0.0756	0.0222	NaN	0.0193	0.3316
131.1496	0.0758	0.0221	NaN	0.0192	0.3316
131.1504	0.0755	0.0220	NaN	0.0190	0.3315
131.1506	0.0753	0.0219	NaN	0.0190	0.3315
131.1529	0.0752	0.0218	NaN	0.0189	0.3315
131.1542	0.0751	0.0218	NaN	0.0189	0.3317
131.1533	0.0746	0.0217	NaN	0.0188	0.3314
131.1568	0.0741	0.0216	NaN	0.0187	0.3314
131.1578	0.0739	0.0216	NaN	0.0187	0.3314
131.1575	0.0739	0.0215	NaN	0.0186	0.3314
131.1604	0.0736	0.0214	NaN	0.0185	0.3314
131.1595	0.0735	0.0213	NaN	0.0184	0.3314
131.1602	0.0734	0.0212	NaN	0.0183	0.3315
131.1641	0.0732	0.0212	NaN	0.0183	0.3317
131.1625	0.0741	0.0213	NaN	0.0184	0.3317
131.1650	0.0739	0.0213	NaN	0.0184	0.3319
131.1645	0.0732	0.0212	NaN	0.0184	0.3320
131.1684	0.0731	0.0211	NaN	0.0183	0.3321
131.1674	0.0726	0.0210	NaN	0.0182	0.3322
131.1665	0.0724	0.0209	NaN	0.0181	0.3321
131.1694	0.0724	0.0209	NaN	0.0180	0.3324
131.1715	0.0722	0.0207	NaN	0.0179	0.3324
131.1726	0.0718	0.0206	NaN	0.0178	0.3322
131.1742	0.0718	0.0206	NaN	0.0178	0.3322
131.1746	0.0719	0.0206	NaN	0.0178	0.3324
131.1755	0.0717	0.0206	NaN	0.0178	0.3327
131.1778	0.0717	0.0205	NaN	0.0177	0.3328
131.1776	0.0719	0.0205	NaN	0.0177	0.3327
131.1802	0.0721	0.0206	NaN	0.0177	0.3328
131.1826	0.0722	0.0205	NaN	0.0176	0.3330
131.1821	0.0721	0.0204	NaN	0.0176	0.3330
131.1840	0.0716	0.0203	NaN	0.0175	0.3331
131.1824	0.0715	0.0203	NaN	0.0175	0.3332
131.1853	0.0713	0.0202	NaN	0.0174	0.3333
131.1879	0.0711	0.0202	NaN	0.0174	0.3332
131.1868	0.0714	0.0202	NaN	0.0173	0.3332
131.1888	0.0713	0.0201	NaN	0.0173	0.3333
131.1899	0.0713	0.0201	NaN	0.0173	0.3333
131.1915	0.0711	0.0200	NaN	0.0172	0.3333
131.1928	0.0710	0.0199	NaN	0.0171	0.3333
131.1918	0.0708	0.0199	NaN	0.0171	0.3332
131.1946	0.0704	0.0198	NaN	0.0171	0.3330
131.1962	0.0701	0.0196	NaN	0.0169	0.3329
131.1971	0.0698	0.0195	NaN	0.0168	0.3328
131.1981	0.0693	0.0194	NaN	0.0167	0.3326
131.1988	0.0692	0.0193	NaN	0.0166	0.3325
131.2010	0.0688	0.0191	NaN	0.0164	0.3324
131.2032	0.0685	0.0190	NaN	0.0163	0.3321
131.2027	0.0683	0.0189	NaN	0.0163	0.3320
131.2031	0.0682	0.0189	NaN	0.0162	0.3318
131.2058	0.0683	0.0189	NaN	0.0162	0.3318
131.2060	0.0687	0.0190	NaN	0.0163	0.3317
131.2089	0.0681	0.0189	NaN	0.0162	0.3314
131.2092	0.0678	0.0187	NaN	0.0161	0.3315
131.2117	0.0676	0.0186	NaN	0.0159	0.3316
131.2131	0.0674	0.0185	NaN	0.0159	0.3316
131.2118	0.0675	0.0185	NaN	0.0159	0.3315
131.2136	0.0678	0.0186	NaN	0.0159	0.3314
131.2169	0.0674	0.0185	NaN	0.0158	0.3314
131.2171	0.0672	0.0184	NaN	0.0158	0.3315
131.2199	0.0671	0.0183	NaN	0.0157	0.3315
131.2194	0.0669	0.0183	NaN	0.0156	0.3316
131.2191	0.0667	0.0182	NaN	0.0156	0.3316
131.2218	0.0663	0.0180	NaN	0.0154	0.3316
131.2222	0.0663	0.0181	NaN	0.0154	0.3316
131.2239	0.0662	0.0180	NaN	0.0154	0.3315
131.2237	0.0666	0.0181	NaN	0.0155	0.3315
131.2265	0.0667	0.0181	NaN	0.0155	0.3319
131.2265	0.0664	0.0180	NaN	0.0154	0.3319
131.2275	0.0662	0.0180	NaN	0.0153	0.3320
131.2283	0.0659	0.0179	NaN	0.0153	0.3319
131.2301	0.0659	0.0178	NaN	0.0152	0.3317
131.2312	0.0660	0.0178	NaN	0.0152	0.3319
131.2330	0.0660	0.0177	NaN	0.0152	0.3321
131.2322	0.0658	0.0177	NaN	0.0151	0.3320
131.2355	0.0654	0.0176	NaN	0.0150	0.3321
131.2375	0.0649	0.0174	NaN	0.0148	0.3320
131.2361	0.0648	0.0174	NaN	0.0148	0.3323
131.2371	0.0649	0.0173	NaN	0.0148	0.3324
131.2396	0.0648	0.0173	NaN	0.0147	0.3325
131.2401	0.0647	0.0172	NaN	0.0147	0.3325
131.2424	0.0644	0.0171	NaN	0.0146	0.3325
131.2442	0.0642	0.0171	NaN	0.0145	0.3324
131.2443	0.0642	0.0170	NaN	0.0144	0.3324
131.2479	0.0640	0.0169	NaN	0.0144	0.3323
131.2455	0.0640	0.0169	NaN	0.0144	0.3322
131.2478	0.0640	0.0169	NaN	0.0144	0.3322
131.2486	0.0643	0.0169	NaN	0.0144	0.3323
131.2505	0.0639	0.0168	NaN	0.0143	0.3323
131.2516	0.0638	0.0168	NaN	0.0142	0.3323
131.2505	0.0637	0.0168	NaN	0.0142	0.3323
131.2537	0.0636	0.0167	NaN	0.0142	0.3322
131.2554	0.0632	0.0166	NaN	0.0141	0.3321
131.2555	0.0632	0.0165	NaN	0.0140	0.3321
131.2576	0.0629	0.0165	NaN	0.0140	0.3321
131.2586	0.0630	0.0165	NaN	0.0140	0.3320
131.2609	0.0626	0.0164	NaN	0.0139	0.3320
131.2664	0.0626	0.0163	NaN	0.0138	0.3321
131.2645	0.0626	0.0163	NaN	0.0138	0.3325
131.2656	0.0624	0.0162	NaN	0.0137	0.3326
131.2668	0.0622	0.0161	NaN	0.0136	0.3325
131.2654	0.0622	0.0161	NaN	0.0137	0.3324
131.2671	0.0623	0.0162	NaN	0.0137	0.3324
131.2667	0.0622	0.0161	NaN	0.0136	0.3324
131.2696	0.0618	0.0160	NaN	0.0135	0.3324
131.2728	0.0615	0.0159	NaN	0.0134	0.3322
131.2719	0.0615	0.0159	NaN	0.0134	0.3322
131.2748	0.0612	0.0158	NaN	0.0133	0.3322
131.2753	0.0612	0.0157	NaN	0.0132	0.3321
131.2753	0.0612	0.0156	NaN	0.0132	0.3320
131.2782	0.0607	0.0155	NaN	0.0131	0.3319
131.2779	0.0607	0.0155	NaN	0.0131	0.3318
131.2788	0.0608	0.0155	NaN	0.0131	0.3318
131.2808	0.0606	0.0154	NaN	0.0130	0.3318
131.2808	0.0606	0.0155	NaN	0.0131	0.3317
131.2834	0.0603	0.0154	NaN	0.0129	0.3315
131.2819	0.0601	0.0154	NaN	0.0129	0.3315
131.2858	0.0600	0.0153	NaN	0.0129	0.3315
131.2892	0.0597	0.0152	NaN	0.0127	0.3315
131.2871	0.0598	0.0151	NaN	0.0127	0.3315
131.2892	0.0598	0.0151	NaN	0.0127	0.3314
131.2925	0.0596	0.0151	NaN	0.0127	0.3314
131.2928	0.0596	0.0150	NaN	0.0126	0.3315
131.2943	0.0594	0.0149	NaN	0.0125	0.3315
131.2927	0.0594	0.0149	NaN	0.0125	0.3315
131.2942	0.0594	0.0148	NaN	0.0125	0.3315
131.2959	0.0589	0.0148	NaN	0.0124	0.3315
131.2999	0.0586	0.0147	NaN	0.0123	0.3314
131.2983	0.0586	0.0146	NaN	0.0122	0.3313
131.2992	0.0584	0.0146	NaN	0.0122	0.3322
131.2986	0.0581	0.0145	NaN	0.0121	0.3329
131.3007	0.0580	0.0145	NaN	0.0121	0.3326
131.3005	0.0581	0.0145	NaN	0.0121	0.3329
131.3028	0.0576	0.0144	NaN	0.0120	0.3327
131.3045	0.0574	0.0143	NaN	0.0119	0.3328
131.3056	0.0574	0.0143	NaN	0.0120	0.3334
131.3062	0.0573	0.0142	NaN	0.0119	0.3334
131.3071	0.0574	0.0142	NaN	0.0119	0.3334
131.3076	0.0573	0.0142	NaN	0.0119	0.3334
131.3099	0.0571	0.0141	NaN	0.0118	0.3334
131.3106	0.0570	0.0140	NaN	0.0117	0.3333
131.3127	0.0570	0.0140	NaN	0.0117	0.3331
131.3139	0.0568	0.0139	NaN	0.0116	0.3331
131.3138	0.0568	0.0138	NaN	0.0116	0.3332
131.3160	0.0570	0.0138	NaN	0.0115	0.3331
131.3147	0.0568	0.0139	NaN	0.0116	0.3333
131.3179	0.0568	0.0138	NaN	0.0115	0.3334
131.3186	0.0568	0.0138	NaN	0.0115	0.3331
131.3173	0.0565	0.0137	NaN	0.0115	0.3328
131.3208	0.0562	0.0136	NaN	0.0114	0.3326
131.3225	0.0563	0.0137	NaN	0.0114	0.3326
131.3213	0.0562	0.0137	NaN	0.0114	0.3325
131.3241	0.0562	0.0136	NaN	0.0113	0.3327
131.3239	0.0562	0.0135	NaN	0.0113	0.3330
131.3281	0.0558	0.0135	NaN	0.0113	0.3330
131.3284	0.0558	0.0135	NaN	0.0112	0.3329
131.3283	0.0558	0.0135	NaN	0.0112	0.3327
131.3322	0.0559	0.0134	NaN	0.0112	0.3328
131.3306	0.0557	0.0134	NaN	0.0111	0.3328
131.3321	0.0555	0.0133	NaN	0.0111	0.3329
131.3345	0.0552	0.0132	NaN	0.0110	0.3330
131.3351	0.0555	0.0132	NaN	0.0110	0.3325
131.3369	0.0553	0.0131	NaN	0.0109	0.3323
131.3382	0.0550	0.0130	NaN	0.0108	0.3322
131.3377	0.0550	0.0130	NaN	0.0108	0.3319
131.3418	0.0547	0.0129	NaN	0.0107	0.3317
131.3401	0.0546	0.0129	NaN	0.0107	0.3318
131.3414	0.0547	0.0129	NaN	0.0108	0.3319
131.3427	0.0548	0.0129	NaN	0.0107	0.3318
131.3441	0.0547	0.0129	NaN	0.0107	0.3318
131.3457	0.0545	0.0128	NaN	0.0106	0.3317
131.3475	0.0542	0.0126	NaN	0.0105	0.3318
131.3473	0.0538	0.0125	NaN	0.0104	0.3319
131.3481	0.0536	0.0124	NaN	0.0103	0.3318
131.3495	0.0535	0.0124	NaN	0.0102	0.3318
131.3520	0.0534	0.0123	NaN	0.0101	0.3316
131.3540	0.0534	0.0123	NaN	0.0102	0.3316
131.3534	0.0536	0.0124	NaN	0.0102	0.3315
131.3549	0.0535	0.0124	NaN	0.0103	0.3314
131.3577	0.0536	0.0124	NaN	0.0102	0.3315
131.3581	0.0533	0.0123	NaN	0.0102	0.3316
131.3596	0.0533	0.0122	NaN	0.0101	0.3317
131.3603	0.0533	0.0122	NaN	0.0101	0.3317
131.3614	0.0533	0.0122	NaN	0.0101	0.3315
131.3628	0.0532	0.0122	NaN	0.0101	0.3315
131.3620	0.0532	0.0122	NaN	0.0101	0.3315
131.3643	0.0531	0.0122	NaN	0.0100	0.3315
131.3655	0.0532	0.0122	NaN	0.0101	0.3316
131.3659	0.0532	0.0121	NaN	0.0100	0.3316
131.3682	0.0528	0.0120	NaN	0.0099	0.3315
131.3670	0.0528	0.0121	NaN	0.0099	0.3315
131.3701	0.0529	0.0120	NaN	0.0099	0.3315
131.3710	0.0528	0.0119	NaN	0.0098	0.3315
131.3714	0.0524	0.0118	NaN	0.0097	0.3316
131.3721	0.0523	0.0118	NaN	0.0097	0.3315
131.3739	0.0522	0.0118	NaN	0.0097	0.3314
131.3761	0.0520	0.0117	NaN	0.0096	0.3314
131.3778	0.0519	0.0117	NaN	0.0096	0.3314
131.3766	0.0517	0.0116	NaN	0.0095	0.3315
131.3793	0.0518	0.0115	NaN	0.0095	0.3318
131.3814	0.0513	0.0114	NaN	0.0094	0.3322
131.3811	0.0512	0.0114	NaN	0.0094	0.3320
131.3817	0.0513	0.0115	NaN	0.0094	0.3319
131.3805	0.0514	0.0115	NaN	0.0094	0.3321
131.3839	0.0514	0.0115	NaN	0.0094	0.3322
131.3850	0.0511	0.0114	NaN	0.0094	0.3321
131.3881	0.0508	0.0113	NaN	0.0093	0.3324
131.3892	0.0507	0.0113	NaN	0.0092	0.3324
131.3878	0.0506	0.0112	NaN	0.0092	0.3322
131.3901	0.0505	0.0112	NaN	0.0091	0.3320
131.3932	0.0505	0.0111	NaN	0.0091	0.3321
131.3912	0.0505	0.0111	NaN	0.0091	0.3326
131.3948	0.0504	0.0110	NaN	0.0090	0.3329
131.3968	0.0503	0.0110	NaN	0.0089	0.3328
131.3964	0.0502	0.0109	NaN	0.0089	0.3326
131.3973	0.0502	0.0110	NaN	0.0090	0.3324
131.3984	0.0502	0.0110	NaN	0.0089	0.3323
131.4012	0.0501	0.0110	NaN	0.0089	0.3322
131.4016	0.0499	0.0109	NaN	0.0089	0.3320
131.4011	0.0501	0.0110	NaN	0.0089	0.3319
131.4026	0.0500	0.0110	NaN	0.0089	0.3317
131.4038	0.0499	0.0109	NaN	0.0089	0.3317
131.4049	0.0499	0.0108	NaN	0.0088	0.3317
131.4088	0.0498	0.0107	NaN	0.0087	0.3317
131.4068	0.0497	0.0107	NaN	0.0087	0.3317
131.4076	0.0495	0.0106	NaN	0.0087	0.3316
131.4110	0.0493	0.0105	NaN	0.0085	0.3319
131.4097	0.0491	0.0104	NaN	0.0085	0.3317
131.4105	0.0488	0.0104	NaN	0.0084	0.3316
131.4119	0.0486	0.0103	NaN	0.0083	0.3317
131.4137	0.0485	0.0102	NaN	0.0083	0.3317
131.4161	0.0483	0.0102	NaN	0.0082	0.3316
131.4174	0.0486	0.0102	NaN	0.0082	0.3316
131.4198	0.0485	0.0101	NaN	0.0082	0.3315
131.4208	0.0483	0.0101	NaN	0.0081	0.3315
131.4220	0.0482	0.0100	NaN	0.0081	0.3316
131.4230	0.0481	0.0100	NaN	0.0081	0.3319
131.4224	0.0480	0.0100	NaN	0.0080	0.3323
131.4229	0.0480	0.0099	NaN	0.0080	0.3324
131.4272	0.0478	0.0099	NaN	0.0079	0.3324
131.4263	0.0481	0.0099	NaN	0.0080	0.3321
131.4269	0.0480	0.0100	NaN	0.0080	0.3323
131.4314	0.0479	0.0099	NaN	0.0080	0.3326
131.4286	0.0480	0.0099	NaN	0.0080	0.3327
131.4296	0.0480	0.0099	NaN	0.0080	0.3326
131.4303	0.0480	0.0099	NaN	0.0080	0.3327
131.4321	0.0480	0.0099	NaN	0.0079	0.3322
131.4357	0.0480	0.0099	NaN	0.0080	0.3321
131.4353	0.0480	0.0099	NaN	0.0080	0.3329
131.4366	0.0480	0.0099	NaN	0.0080	0.3331
131.4382	0.0478	0.0099	NaN	0.0080	0.3333
131.4378	0.0478	0.0098	NaN	0.0079	0.3334
131.4409	0.0478	0.0098	NaN	0.0079	0.3335
131.4416	0.0477	0.0098	NaN	0.0079	0.3336
131.4431	0.0477	0.0098	NaN	0.0078	0.3336
131.4463	0.0476	0.0097	NaN	0.0078	0.3336
131.4467	0.0475	0.0097	NaN	0.0078	0.3336
131.4486	0.0474	0.0096	NaN	0.0077	0.3335
131.4474	0.0475	0.0096	NaN	0.0077	0.3336
131.4498	0.0473	0.0095	NaN	0.0076	0.3335
131.4515	0.0471	0.0095	NaN	0.0076	0.3335
131.4526	0.0471	0.0094	NaN	0.0075	0.3334
131.4527	0.0470	0.0095	NaN	0.0076	0.3334
131.4535	0.0471	0.0095	NaN	0.0076	0.3334
131.4555	0.0470	0.0095	NaN	0.0076	0.3334
131.4568	0.0470	0.0095	NaN	0.0076	0.3329
131.4570	0.0469	0.0094	NaN	0.0075	0.3329
131.4590	0.0466	0.0093	NaN	0.0074	0.3330
131.4608	0.0464	0.0092	NaN	0.0073	0.3330
131.4607	0.0462	0.0091	NaN	0.0072	0.3330
131.4618	0.0461	0.0091	NaN	0.0072	0.3330
131.4651	0.0460	0.0090	NaN	0.0071	0.3331
131.4635	0.0459	0.0090	NaN	0.0071	0.3330
131.4657	0.0458	0.0090	NaN	0.0071	0.3331
131.4653	0.0459	0.0089	NaN	0.0071	0.3326
131.4674	0.0457	0.0089	NaN	0.0071	0.3326
131.4697	0.0457	0.0089	NaN	0.0070	0.3330
131.4718	0.0458	0.0089	NaN	0.0070	0.3333
131.4720	0.0457	0.0089	NaN	0.0070	0.3334
131.4726	0.0456	0.0089	NaN	0.0070	0.3336
131.4744	0.0455	0.0088	NaN	0.0070	0.3335
131.4756	0.0455	0.0088	NaN	0.0069	0.3334
131.4753	0.0454	0.0088	NaN	0.0069	0.3336
131.4769	0.0454	0.0088	NaN	0.0069	0.3336
131.4778	0.0454	0.0088	NaN	0.0069	0.3336
131.4791	0.0453	0.0087	NaN	0.0069	0.3336
131.4817	0.0453	0.0087	NaN	0.0069	0.3336
131.4808	0.0453	0.0087	NaN	0.0069	0.3336
131.4819	0.0453	0.0087	NaN	0.0069	0.3336
131.4829	0.0454	0.0087	NaN	0.0068	0.3336
131.4844	0.0451	0.0086	NaN	0.0068	0.3337
131.4860	0.0450	0.0086	NaN	0.0068	0.3337
131.4869	0.0451	0.0086	NaN	0.0068	0.3337
131.4867	0.0451	0.0086	NaN	0.0067	0.3337
131.4885	0.0450	0.0086	NaN	0.0067	0.3337
131.4866	0.0448	0.0086	NaN	0.0067	0.3336
131.4895	0.0448	0.0085	NaN	0.0067	0.3337
131.4920	0.0449	0.0085	NaN	0.0067	0.3337
131.4934	0.0448	0.0085	NaN	0.0067	0.3337
131.4940	0.0447	0.0085	NaN	0.0067	0.3337
131.4944	0.0445	0.0084	NaN	0.0066	0.3336
131.4960	0.0444	0.0083	NaN	0.0065	0.3336
131.4989	0.0442	0.0083	NaN	0.0065	0.3336
131.4982	0.0443	0.0083	NaN	0.0065	0.3337
131.5000	0.0442	0.0083	NaN	0.0065	0.3337
131.5014	0.0441	0.0082	NaN	0.0064	0.3336
131.5016	0.0440	0.0082	NaN	0.0064	0.3335
131.5059	0.0437	0.0081	NaN	0.0063	0.3336
131.5047	0.0438	0.0081	NaN	0.0063	0.3337
131.5076	0.0438	0.0081	NaN	0.0063	0.3337
131.5095	0.0438	0.0081	NaN	0.0063	0.3337
131.5091	0.0439	0.0082	NaN	0.0064	0.3337
131.5112	0.0437	0.0082	NaN	0.0064	0.3337
131.5125	0.0436	0.0081	NaN	0.0063	0.3337
131.5121	0.0436	0.0081	NaN	0.0063	0.3336
131.5138	0.0434	0.0080	NaN	0.0063	0.3335
131.5119	0.0434	0.0080	NaN	0.0062	0.3335
131.5142	0.0432	0.0079	NaN	0.0062	0.3335
131.5162	0.0432	0.0079	NaN	0.0061	0.3336
131.5160	0.0431	0.0079	NaN	0.0061	0.3335
131.5188	0.0432	0.0079	NaN	0.0061	0.3333
131.5205	0.0431	0.0079	NaN	0.0061	0.3328
131.5190	0.0432	0.0079	NaN	0.0061	0.3321
131.5215	0.0431	0.0079	NaN	0.0061	0.3323
131.5209	0.0431	0.0078	NaN	0.0061	0.3326
131.5224	0.0429	0.0078	NaN	0.0060	0.3329
131.5251	0.0429	0.0078	NaN	0.0060	0.3329
131.5260	0.0429	0.0078	NaN	0.0060	0.3326
131.5281	0.0427	0.0077	NaN	0.0060	0.3328
131.5255	0.0428	0.0077	NaN	0.0060	0.3330
131.5286	0.0427	0.0076	NaN	0.0059	0.3328
131.5314	0.0425	0.0076	NaN	0.0059	0.3330
131.5316	0.0424	0.0076	NaN	0.0058	0.3332
131.5331	0.0423	0.0075	NaN	0.0058	0.3332
131.5346	0.0423	0.0075	NaN	0.0058	0.3334
131.5350	0.0421	0.0074	NaN	0.0057	0.3336
131.5365	0.0420	0.0074	NaN	0.0057	0.3338
131.5371	0.0421	0.0074	NaN	0.0057	0.3337
131.5381	0.0420	0.0074	NaN	0.0057	0.3337
131.5390	0.0419	0.0073	NaN	0.0056	0.3338
131.5390	0.0418	0.0073	NaN	0.0056	0.3338
131.5408	0.0417	0.0073	NaN	0.0056	0.3338
131.5426	0.0417	0.0073	NaN	0.0056	0.3338
131.5433	0.0417	0.0072	NaN	0.0055	0.3337
131.5442	0.0418	0.0072	NaN	0.0055	0.3335
131.5465	0.0417	0.0072	NaN	0.0055	0.3333
131.5475	0.0417	0.0072	NaN	0.0055	0.3333
131.5484	0.0418	0.0073	NaN	0.0056	0.3337
131.5477	0.0419	0.0073	NaN	0.0056	0.3338
131.5512	0.0417	0.0072	NaN	0.0055	0.3338
131.5509	0.0417	0.0072	NaN	0.0055	0.3338
131.5521	0.0416	0.0072	NaN	0.0055	0.3337
131.5540	0.0413	0.0071	NaN	0.0054	0.3336
131.5564	0.0415	0.0071	NaN	0.0054	0.3336
131.5591	0.0412	0.0071	NaN	0.0054	0.3337
131.5601	0.0411	0.0071	NaN	0.0054	0.3336
131.5602	0.0410	0.0070	NaN	0.0054	0.3334
131.5615	0.0410	0.0070	NaN	0.0053	0.3329
131.5610	0.0410	0.0070	NaN	0.0053	0.3327
131.5631	0.0410	0.0070	NaN	0.0053	0.3327
131.5645	0.0408	0.0069	NaN	0.0052	0.3323
131.5644	0.0407	0.0069	NaN	0.0052	0.3321
131.5654	0.0406	0.0069	NaN	0.0052	0.3320
131.5666	0.0406	0.0069	NaN	0.0052	0.3319
131.5666	0.0406	0.0069	NaN	0.0052	0.3319
131.5694	0.0405	0.0069	NaN	0.0052	0.3320
131.5702	0.0405	0.0068	NaN	0.0052	0.3322
131.5729	0.0405	0.0068	NaN	0.0051	0.3324
131.5739	0.0404	0.0068	NaN	0.0051	0.3326
131.5748	0.0402	0.0067	NaN	0.0051	0.3328
131.5754	0.0403	0.0067	NaN	0.0050	0.3327
131.5757	0.0404	0.0067	NaN	0.0051	0.3329
131.5780	0.0403	0.0067	NaN	0.0050	0.3328
131.5800	0.0401	0.0067	NaN	0.0050	0.3326
131.5808	0.0402	0.0066	NaN	0.0050	0.3327
131.5816	0.0402	0.0067	NaN	0.0050	0.3325
131.5831	0.0402	0.0066	NaN	0.0050	0.3330
131.5837	0.0402	0.0066	NaN	0.0050	0.3336
131.5856	0.0402	0.0066	NaN	0.0050	0.3336
131.5848	0.0401	0.0066	NaN	0.0050	0.3335
131.5881	0.0400	0.0066	NaN	0.0049	0.3334
131.5891	0.0397	0.0065	NaN	0.0049	0.3328
131.5887	0.0397	0.0065	NaN	0.0049	0.3333
131.5906	0.0397	0.0066	NaN	0.0049	0.3337
131.5940	0.0396	0.0065	NaN	0.0049	0.3338
131.5926	0.0398	0.0065	NaN	0.0049	0.3340
131.5931	0.0397	0.0065	NaN	0.0048	0.3340
131.5942	0.0396	0.0065	NaN	0.0048	0.3339
131.5949	0.0396	0.0065	NaN	0.0048	0.3339
131.5977	0.0394	0.0064	NaN	0.0048	0.3335
131.5969	0.0394	0.0064	NaN	0.0048	0.3334
131.5996	0.0396	0.0064	NaN	0.0048	0.3331
131.6011	0.0393	0.0064	NaN	0.0047	0.3324
131.6016	0.0393	0.0063	NaN	0.0047	0.3320
131.6028	0.0392	0.0063	NaN	0.0047	0.3323
131.6023	0.0392	0.0063	NaN	0.0047	0.3320
131.6056	0.0391	0.0063	NaN	0.0047	0.3320
131.6082	0.0390	0.0063	NaN	0.0047	0.3320
131.6083	0.0391	0.0063	NaN	0.0046	0.3319
131.6114	0.0392	0.0062	NaN	0.0046	0.3322
131.6098	0.0391	0.0063	NaN	0.0046	0.3321
131.6115	0.0390	0.0063	NaN	0.0047	0.3321
131.6136	0.0391	0.0062	NaN	0.0046	0.3324
131.6136	0.0392	0.0063	NaN	0.0046	0.3324
131.6161	0.0391	0.0062	NaN	0.0046	0.3330
131.6180	0.0390	0.0062	NaN	0.0046	0.3329
131.6182	0.0390	0.0062	NaN	0.0046	0.3328
131.6185	0.0390	0.0062	NaN	0.0046	0.3330
131.6185	0.0390	0.0062	NaN	0.0046	0.3331
131.6230	0.0390	0.0062	NaN	0.0046	0.3326
131.6229	0.0389	0.0062	NaN	0.0045	0.3322
131.6243	0.0389	0.0061	NaN	0.0045	0.3322
131.6253	0.0388	0.0061	NaN	0.0045	0.3325
131.6254	0.0388	0.0061	NaN	0.0045	0.3325
131.6256	0.0388	0.0061	NaN	0.0045	0.3325
131.6287	0.0387	0.0061	NaN	0.0045	0.3324
131.6279	0.0389	0.0061	NaN	0.0045	0.3321
131.6303	0.0389	0.0061	NaN	0.0045	0.3321
131.6331	0.0389	0.0060	NaN	0.0045	0.3323
131.6316	0.0387	0.0060	NaN	0.0044	0.3322
131.6331	0.0387	0.0060	NaN	0.0044	0.3326
131.6327	0.0387	0.0060	NaN	0.0044	0.3327
131.6356	0.0387	0.0060	NaN	0.0044	0.3327
131.6390	0.0384	0.0060	NaN	0.0044	0.3332
131.6389	0.0386	0.0060	NaN	0.0044	0.3335
131.6388	0.0387	0.0060	NaN	0.0044	0.3337
131.6416	0.0386	0.0060	NaN	0.0044	0.3339
131.6427	0.0386	0.0060	NaN	0.0044	0.3339
131.6439	0.0385	0.0059	NaN	0.0043	0.3340
131.6431	0.0385	0.0059	NaN	0.0043	0.3340
131.6443	0.0384	0.0059	NaN	0.0043	0.3340
131.6462	0.0384	0.0059	NaN	0.0043	0.3341
131.6463	0.0385	0.0059	NaN	0.0043	0.3341
131.6490	0.0385	0.0059	NaN	0.0043	0.3341
131.6502	0.0386	0.0059	NaN	0.0043	0.3341
131.6513	0.0384	0.0059	NaN	0.0043	0.3341
131.6527	0.0383	0.0059	NaN	0.0043	0.3341
131.6537	0.0384	0.0058	NaN	0.0043	0.3341
131.6553	0.0385	0.0058	NaN	0.0042	0.3341
131.6572	0.0386	0.0058	NaN	0.0042	0.3341
131.6568	0.0386	0.0058	NaN	0.0042	0.3340
131.6604	0.0387	0.0058	NaN	0.0042	0.3340
131.6604	0.0386	0.0058	NaN	0.0042	0.3339
131.6604	0.0386	0.0058	NaN	0.0042	0.3339
131.6616	0.0386	0.0058	NaN	0.0042	0.3337
131.6619	0.0386	0.0058	NaN	0.0042	0.3338
131.6632	0.0387	0.0058	NaN	0.0042	0.3337
131.6648	0.0387	0.0057	NaN	0.0042	0.3337
131.6653	0.0388	0.0057	NaN	0.0041	0.3336
131.6686	0.0388	0.0057	NaN	0.0041	0.3334
131.6687	0.0389	0.0057	NaN	0.0041	0.3332
131.6683	0.0390	0.0057	NaN	0.0041	0.3333
131.6709	0.0391	0.0057	NaN	0.0041	0.3332
131.6738	0.0391	0.0057	NaN	0.0041	0.3329
131.6735	0.0391	0.0057	NaN	0.0041	0.3328
131.6760	0.0391	0.0057	NaN	0.0041	0.3328
131.6752	0.0392	0.0057	NaN	0.0041	0.3328
131.6791	0.0393	0.0057	NaN	0.0041	0.3326
131.6785	0.0393	0.0057	NaN	0.0041	0.3325
131.6802	0.0393	0.0057	NaN	0.0041	0.3322
131.6809	0.0395	0.0057	NaN	0.0041	0.3322
131.6808	0.0395	0.0057	NaN	0.0040	0.3322
131.6825	0.0396	0.0056	NaN	0.0040	0.3323
131.6830	0.0397	0.0056	NaN	0.0040	0.3326
131.6835	0.0399	0.0057	NaN	0.0040	0.3324
131.6858	0.0402	0.0056	NaN	0.0040	0.3325
131.6860	0.0401	0.0056	NaN	0.0040	0.3328
131.6888	0.0404	0.0056	NaN	0.0040	0.3326
131.6887	0.0406	0.0056	NaN	0.0039	0.3327
131.6904	0.0408	0.0056	NaN	0.0039	0.3326
131.6916	0.0411	0.0056	NaN	0.0039	0.3325
131.6922	0.0411	0.0056	NaN	0.0039	0.3325
131.6930	0.0412	0.0056	NaN	0.0039	0.3327
131.6951	0.0417	0.0056	NaN	0.0039	0.3328
131.6953	0.0420	0.0056	NaN	0.0039	0.3329
131.6977	0.0423	0.0056	NaN	0.0039	0.3329
131.6991	0.0429	0.0056	NaN	0.0039	0.3326
131.6995	0.0429	0.0056	NaN	0.0039	0.3323
131.7004	0.0439	0.0056	NaN	0.0038	0.3324
131.7011	0.0440	0.0056	NaN	0.0038	0.3325
131.7024	0.0439	0.0056	NaN	0.0038	0.3325
131.7029	0.0434	0.0056	NaN	0.0039	0.3325
131.7036	0.0429	0.0056	NaN	0.0039	0.3323
131.7047	0.0431	0.0056	NaN	0.0039	0.3323
131.7077	0.0434	0.0056	NaN	0.0038	0.3323
131.7082	0.0436	0.0056	NaN	0.0038	0.3325
131.7091	0.0440	0.0056	NaN	0.0038	0.3326
131.7114	0.0449	0.0057	NaN	0.0038	0.3325
131.7125	0.0468	0.0057	NaN	0.0038	0.3325
131.7145	0.0491	0.0057	NaN	0.0038	0.3327
131.7133	0.0497	0.0058	NaN	0.0038	0.3327
131.7166	0.0517	0.0058	NaN	0.0038	0.3326
131.7179	0.0518	0.0058	NaN	0.0038	0.3329
131.7180	0.0546	0.0059	NaN	0.0038	0.3332
131.7185	0.0555	0.0060	NaN	0.0038	0.3331
131.7205	0.0560	0.0060	NaN	0.0038	0.3330
131.7211	0.0537	0.0059	NaN	0.0038	0.3330
131.7216	0.0544	0.0059	NaN	0.0038	0.3327
131.7236	0.0557	0.0060	NaN	0.0038	0.3327
131.7256	0.0595	0.0061	NaN	0.0038	0.3331
131.7246	0.0622	0.0062	NaN	0.0038	0.3333
131.7265	0.0680	0.0064	NaN	0.0037	0.3335
131.7294	0.0725	0.0065	NaN	0.0037	0.3337
131.7292	0.0751	0.0066	NaN	0.0037	0.3339
131.7306	0.0804	0.0068	NaN	0.0037	0.3340
131.7339	0.0882	0.0071	NaN	0.0037	0.3342
131.7330	0.0899	0.0072	NaN	0.0037	0.3342
131.7336	0.0992	0.0074	NaN	0.0037	0.3340
131.7369	0.1077	0.0078	NaN	0.0037	0.3340
131.7370	0.1044	0.0077	NaN	0.0037	0.3339
131.7389	0.1067	0.0077	NaN	0.0037	0.3340
131.7390	0.1102	0.0079	NaN	0.0037	0.3340
131.7406	0.1146	0.0080	NaN	0.0037	0.3340
131.7421	0.1210	0.0082	NaN	0.0037	0.3339
131.7418	0.1194	0.0082	NaN	0.0037	0.3341
131.7446	0.1213	0.0083	NaN	0.0037	0.3341
131.7429	0.1193	0.0082	NaN	0.0037	0.3341
131.7486	0.1219	0.0083	NaN	0.0037	0.3343
131.7484	0.1227	0.0083	NaN	0.0037	0.3343
131.7484	0.1191	0.0082	NaN	0.0037	0.3344
131.7489	0.1150	0.0080	NaN	0.0037	0.3346
131.7489	0.1155	0.0080	NaN	0.0037	0.3346
131.7507	0.1096	0.0078	NaN	0.0037	0.3346
131.7518	0.0979	0.0074	NaN	0.0037	0.3344
131.7520	0.0898	0.0071	NaN	0.0037	0.3344
131.7564	0.0820	0.0068	NaN	0.0037	0.3344
131.7573	0.0770	0.0066	NaN	0.0037	0.3342
131.7557	0.0776	0.0067	NaN	0.0037	0.3341
131.7591	0.0755	0.0066	NaN	0.0037	0.3343
131.7586	0.0765	0.0066	NaN	0.0037	0.3343
131.7603	0.0737	0.0065	NaN	0.0037	0.3342
131.7607	0.0726	0.0065	NaN	0.0037	0.3341
131.7625	0.0701	0.0064	NaN	0.0037	0.3342
131.7651	0.0672	0.0063	NaN	0.0037	0.3341
131.7668	0.0643	0.0062	NaN	0.0037	0.3340
131.7663	0.0636	0.0061	NaN	0.0037	0.3339
131.7690	0.0624	0.0061	NaN	0.0037	0.3337
131.7695	0.0605	0.0060	NaN	0.0037	0.3337
131.7713	0.0599	0.0060	NaN	0.0037	0.3339
131.7711	0.0586	0.0060	NaN	0.0037	0.3339
131.7722	0.0582	0.0060	NaN	0.0036	0.3342
131.7743	0.0576	0.0059	NaN	0.0036	0.3341
131.7750	0.0573	0.0059	NaN	0.0036	0.3342
131.7750	0.0572	0.0059	NaN	0.0036	0.3342
131.7774	0.0572	0.0059	NaN	0.0036	0.3342
131.7781	0.0572	0.0059	NaN	0.0036	0.3344
131.7792	0.0574	0.0059	NaN	0.0036	0.3345
131.7825	0.0565	0.0059	NaN	0.0036	0.3345
131.7821	0.0563	0.0059	NaN	0.0036	0.3344
131.7841	0.0563	0.0058	NaN	0.0036	0.3343
131.7830	0.0562	0.0059	NaN	0.0036	0.3343
131.7855	0.0564	0.0058	NaN	0.0036	0.3344
131.7879	0.0565	0.0059	NaN	0.0036	0.3342
131.7872	0.0566	0.0059	NaN	0.0036	0.3341
131.7882	0.0566	0.0059	NaN	0.0036	0.3338
131.7897	0.0566	0.0059	NaN	0.0036	0.3334
131.7906	0.0566	0.0059	NaN	0.0036	0.3333
131.7921	0.0568	0.0059	NaN	0.0036	0.3330
131.7905	0.0567	0.0059	NaN	0.0036	0.3328
131.7933	0.0570	0.0059	NaN	0.0036	0.3327
131.7951	0.0571	0.0059	NaN	0.0036	0.3327
131.7954	0.0574	0.0059	NaN	0.0037	0.3328
131.7993	0.0574	0.0059	NaN	0.0036	0.3327
131.7955	0.0571	0.0059	NaN	0.0036	0.3326
131.7987	0.0571	0.0059	NaN	0.0036	0.3327
131.8011	0.0574	0.0059	NaN	0.0037	0.3329
131.8010	0.0574	0.0059	NaN	0.0037	0.3330
131.8040	0.0578	0.0059	NaN	0.0036	0.3328
131.8065	0.0581	0.0059	NaN	0.0036	0.3329
131.8051	0.0580	0.0059	NaN	0.0036	0.3332
131.8064	0.0582	0.0059	NaN	0.0036	0.3337
131.8071	0.0580	0.0059	NaN	0.0036	0.3342
131.8086	0.0579	0.0060	NaN	0.0037	0.3345
131.8111	0.0582	0.0060	NaN	0.0036	0.3346
131.8109	0.0589	0.0060	NaN	0.0036	0.3344
131.8138	0.0597	0.0060	NaN	0.0036	0.3339
131.8146	0.0604	0.0060	NaN	0.0036	0.3338
131.8163	0.0609	0.0061	NaN	0.0037	0.3340
131.8171	0.0621	0.0061	NaN	0.0036	0.3339
131.8166	0.0628	0.0061	NaN	0.0036	0.3338
131.8185	0.0641	0.0062	NaN	0.0036	0.3340
131.8206	0.0658	0.0062	NaN	0.0036	0.3344
131.8201	0.0659	0.0062	NaN	0.0037	0.3344
131.8214	0.0659	0.0062	NaN	0.0036	0.3343
131.8217	0.0657	0.0062	NaN	0.0037	0.3342
131.8244	0.0659	0.0062	NaN	0.0037	0.3342
131.8259	0.0684	0.0063	NaN	0.0037	0.3336
131.8277	0.0702	0.0064	NaN	0.0037	0.3334
131.8291	0.0726	0.0065	NaN	0.0037	0.3334
131.8291	0.0731	0.0065	NaN	0.0037	0.3330
131.8275	0.0737	0.0065	NaN	0.0037	0.3329
131.8324	0.0765	0.0066	NaN	0.0037	0.3329
131.8312	0.0775	0.0066	NaN	0.0037	0.3331
131.8335	0.0780	0.0067	NaN	0.0037	0.3332
131.8356	0.0779	0.0067	NaN	0.0037	0.3332
131.8355	0.0762	0.0066	NaN	0.0037	0.3331
131.8378	0.0765	0.0066	NaN	0.0037	0.3332
131.8421	0.0768	0.0066	NaN	0.0037	0.3331
131.8392	0.0750	0.0066	NaN	0.0037	0.3330
131.8423	0.0754	0.0066	NaN	0.0037	0.3330
131.8414	0.0755	0.0066	NaN	0.0037	0.3332
131.8447	0.0773	0.0067	NaN	0.0037	0.3334
131.8473	0.0812	0.0068	NaN	0.0037	0.3338
131.8472	0.0850	0.0070	NaN	0.0037	0.3339
131.8494	0.0882	0.0071	NaN	0.0037	0.3336
131.8512	0.0915	0.0072	NaN	0.0037	0.3337
131.8507	0.0910	0.0072	NaN	0.0037	0.3338
131.8554	0.0949	0.0073	NaN	0.0037	0.3336
131.8528	0.0960	0.0074	NaN	0.0037	0.3335
131.8527	0.0962	0.0074	NaN	0.0037	0.3336
131.8539	0.0980	0.0074	NaN	0.0037	0.3337
131.8541	0.0993	0.0075	NaN	0.0037	0.3339
131.8567	0.1010	0.0075	NaN	0.0037	0.3345
131.8572	0.1016	0.0075	NaN	0.0037	0.3349
131.8579	0.1050	0.0077	NaN	0.0037	0.3349
131.8581	0.1057	0.0077	NaN	0.0037	0.3346
131.8593	0.1081	0.0078	NaN	0.0037	0.3343
131.8644	0.1187	0.0082	NaN	0.0037	0.3344
131.8661	0.1228	0.0083	NaN	0.0037	0.3344
131.8656	0.1185	0.0082	NaN	0.0037	0.3343
131.8691	0.1147	0.0080	NaN	0.0037	0.3341
131.8664	0.1121	0.0079	NaN	0.0037	0.3342
131.8694	0.1164	0.0081	NaN	0.0037	0.3342
131.8731	0.1256	0.0084	NaN	0.0037	0.3345
131.8730	0.1287	0.0086	NaN	0.0038	0.3346
131.8742	0.1355	0.0088	NaN	0.0038	0.3345
131.8762	0.1413	0.0090	NaN	0.0038	0.3346
131.8756	0.1492	0.0093	NaN	0.0038	0.3346
131.8786	0.1588	0.0096	NaN	0.0038	0.3346
131.8791	0.1700	0.0100	NaN	0.0038	0.3347
131.8799	0.1731	0.0102	NaN	0.0038	0.3348
131.8805	0.1856	0.0106	NaN	0.0038	0.3349
131.8800	0.1899	0.0108	NaN	0.0038	0.3350
131.8826	0.1986	0.0111	NaN	0.0038	0.3350
131.8834	0.1839	0.0105	NaN	0.0038	0.3351
131.8857	0.1915	0.0108	NaN	0.0038	0.3350
131.8869	0.2029	0.0113	NaN	0.0038	0.3351
131.8886	0.1938	0.0109	NaN	0.0038	0.3352
131.8869	0.2102	0.0115	NaN	0.0038	0.3352
131.8891	0.2481	0.0129	NaN	0.0038	0.3352
131.8906	0.2896	0.0144	NaN	0.0038	0.3353
131.8941	0.3245	0.0156	NaN	0.0038	0.3353
131.8931	0.3304	0.0158	NaN	0.0038	0.3353
131.8950	0.3644	0.0170	NaN	0.0038	0.3353
131.8957	0.3840	0.0177	NaN	0.0038	0.3353
131.8972	0.4206	0.0191	NaN	0.0038	0.3354
131.8982	0.4484	0.0201	NaN	0.0039	0.3355
131.9016	0.4664	0.0207	NaN	0.0039	0.3356
131.9016	0.4642	0.0206	NaN	0.0038	0.3356
131.9025	0.4669	0.0207	NaN	0.0039	0.3356
131.9043	0.4587	0.0205	NaN	0.0038	0.3356
131.9052	0.4640	0.0206	NaN	0.0039	0.3356
131.9094	0.4664	0.0207	NaN	0.0039	0.3355
131.9077	0.4629	0.0206	NaN	0.0039	0.3354
131.9104	0.4634	0.0207	NaN	0.0039	0.3355
131.9108	0.4403	0.0198	NaN	0.0039	0.3356
131.9127	0.4289	0.0194	NaN	0.0039	0.3356
131.9133	0.4160	0.0190	NaN	0.0039	0.3357
131.9132	0.4179	0.0190	NaN	0.0039	0.3356
131.9141	0.3978	0.0183	NaN	0.0039	0.3354
131.9152	0.3438	0.0164	NaN	0.0039	0.3352
131.9156	0.2932	0.0146	NaN	0.0039	0.3350
131.9172	0.2684	0.0137	NaN	0.0039	0.3351
131.9177	0.2669	0.0137	NaN	0.0039	0.3350
131.9189	0.2607	0.0134	NaN	0.0039	0.3352
131.9205	0.2448	0.0129	NaN	0.0039	0.3352
131.9208	0.2280	0.0123	NaN	0.0039	0.3350
131.9234	0.2255	0.0122	NaN	0.0039	0.3349
131.9232	0.2203	0.0120	NaN	0.0039	0.3351
131.9230	0.2265	0.0122	NaN	0.0039	0.3353
131.9243	0.2104	0.0116	NaN	0.0039	0.3355
131.9245	0.2115	0.0117	NaN	0.0039	0.3355
131.9271	0.2055	0.0114	NaN	0.0039	0.3355
131.9281	0.1914	0.0109	NaN	0.0039	0.3353
131.9295	0.1862	0.0108	NaN	0.0039	0.3352
131.9334	0.1716	0.0102	NaN	0.0040	0.3352
131.9352	0.1642	0.0100	NaN	0.0039	0.3350
131.9326	0.1655	0.0100	NaN	0.0039	0.3347
131.9337	0.1644	0.0100	NaN	0.0040	0.3348
131.9350	0.1672	0.0101	NaN	0.0039	0.3348
131.9369	0.1660	0.0101	NaN	0.0039	0.3348
131.9406	0.1618	0.0099	NaN	0.0039	0.3348
131.9397	0.1610	0.0099	NaN	0.0040	0.3347
131.9406	0.1602	0.0099	NaN	0.0039	0.3346
131.9416	0.1574	0.0098	NaN	0.0040	0.3347
131.9440	0.1534	0.0096	NaN	0.0040	0.3347
131.9442	0.1523	0.0096	NaN	0.0040	0.3350
131.9445	0.1523	0.0096	NaN	0.0040	0.3352
131.9476	0.1526	0.0097	NaN	0.0040	0.3352
131.9501	0.1529	0.0096	NaN	0.0040	0.3353
131.9488	0.1528	0.0097	NaN	0.0040	0.3351
131.9501	0.1532	0.0097	NaN	0.0040	0.3350
131.9503	0.1539	0.0097	NaN	0.0040	0.3353
131.9527	0.1570	0.0098	NaN	0.0040	0.3351
131.9563	0.1660	0.0102	NaN	0.0040	0.3349
131.9544	0.1662	0.0102	NaN	0.0041	0.3348
131.9555	0.1777	0.0106	NaN	0.0041	0.3347
131.9597	0.1910	0.0111	NaN	0.0041	0.3347
131.9576	0.2006	0.0114	NaN	0.0041	0.3348
131.9594	0.2084	0.0117	NaN	0.0041	0.3351
131.9607	0.2187	0.0121	NaN	0.0041	0.3352
131.9610	0.2229	0.0122	NaN	0.0041	0.3353
131.9637	0.2507	0.0132	NaN	0.0041	0.3352
131.9628	0.2429	0.0130	NaN	0.0041	0.3352
131.9655	0.2491	0.0132	NaN	0.0041	0.3352
131.9681	0.2485	0.0132	NaN	0.0041	0.3353
131.9680	0.2353	0.0127	NaN	0.0041	0.3354
131.9688	0.2390	0.0128	NaN	0.0041	0.3354
131.9695	0.2238	0.0123	NaN	0.0041	0.3353
131.9700	0.2215	0.0122	NaN	0.0041	0.3352
131.9744	0.2347	0.0127	NaN	0.0041	0.3352
131.9753	0.2470	0.0131	NaN	0.0041	0.3352
131.9744	0.2680	0.0139	NaN	0.0041	0.3353
131.9758	0.2786	0.0143	NaN	0.0041	0.3355
131.9783	0.3005	0.0151	NaN	0.0041	0.3356
131.9770	0.3203	0.0158	NaN	0.0041	0.3354
131.9779	0.3444	0.0167	NaN	0.0042	0.3353
131.9808	0.3850	0.0181	NaN	0.0042	0.3351
131.9823	0.4038	0.0188	NaN	0.0042	0.3351
131.9821	0.4080	0.0190	NaN	0.0042	0.3353
131.9854	0.3992	0.0187	NaN	0.0042	0.3352
131.9838	0.3955	0.0186	NaN	0.0042	0.3351
131.9843	0.3845	0.0182	NaN	0.0042	0.3350
131.9886	0.3840	0.0182	NaN	0.0042	0.3352
131.9881	0.3891	0.0184	NaN	0.0042	0.3352
131.9896	0.3961	0.0186	NaN	0.0042	0.3351
131.9911	0.3792	0.0180	NaN	0.0042	0.3348
131.9933	0.3589	0.0173	NaN	0.0043	0.3347
131.9926	0.3138	0.0157	NaN	0.0043	0.3346
131.9931	0.2950	0.0150	NaN	0.0043	0.3345
131.9954	0.2806	0.0145	NaN	0.0043	0.3345
131.9968	0.2615	0.0139	NaN	0.0043	0.3344
131.9973	0.2886	0.0148	NaN	0.0043	0.3345
132.0005	0.2472	0.0133	NaN	0.0043	0.3345
131.9988	0.2357	0.0129	NaN	0.0043	0.3344
131.9995	0.2101	0.0120	NaN	0.0043	0.3341
132.0020	0.1874	0.0112	NaN	0.0043	0.3340
132.0030	0.1788	0.0109	NaN	0.0044	0.3340
132.0053	0.1704	0.0106	NaN	0.0044	0.3340
132.0084	0.1630	0.0104	NaN	0.0044	0.3340
132.0073	0.1696	0.0106	NaN	0.0044	0.3340
132.0086	0.1703	0.0107	NaN	0.0044	0.3340
132.0098	0.1675	0.0106	NaN	0.0044	0.3340
132.0109	0.1682	0.0106	NaN	0.0044	0.3341
132.0124	0.1582	0.0102	NaN	0.0044	0.3341
132.0149	0.1453	0.0098	NaN	0.0044	0.3343
132.0144	0.1423	0.0097	NaN	0.0044	0.3342
132.0168	0.1401	0.0096	NaN	0.0044	0.3341
132.0162	0.1422	0.0097	NaN	0.0044	0.3340
132.0189	0.1392	0.0096	NaN	0.0044	0.3341
132.0194	0.1361	0.0095	NaN	0.0044	0.3342
132.0203	0.1354	0.0095	NaN	0.0044	0.3341
132.0220	0.1343	0.0095	NaN	0.0045	0.3341
132.0234	0.1330	0.0094	NaN	0.0045	0.3341
132.0242	0.1308	0.0094	NaN	0.0045	0.3340
132.0232	0.1288	0.0093	NaN	0.0045	0.3340
132.0263	0.1270	0.0093	NaN	0.0045	0.3340
132.0302	0.1263	0.0093	NaN	0.0045	0.3339
132.0279	0.1263	0.0093	NaN	0.0045	0.3340
132.0279	0.1260	0.0093	NaN	0.0046	0.3340
132.0313	0.1262	0.0093	NaN	0.0046	0.3340
132.0318	0.1263	0.0093	NaN	0.0046	0.3339
132.0345	0.1270	0.0094	NaN	0.0046	0.3340
132.0334	0.1276	0.0094	NaN	0.0046	0.3340
132.0366	0.1299	0.0095	NaN	0.0046	0.3341
132.0400	0.1335	0.0096	NaN	0.0047	0.3341
132.0366	0.1326	0.0096	NaN	0.0047	0.3341
132.0377	0.1321	0.0096	NaN	0.0047	0.3340
132.0399	0.1322	0.0096	NaN	0.0047	0.3340
132.0403	0.1306	0.0095	NaN	0.0046	0.3340
132.0458	0.1335	0.0096	NaN	0.0047	0.3342
132.0440	0.1347	0.0097	NaN	0.0047	0.3342
132.0450	0.1397	0.0099	NaN	0.0047	0.3343
132.0478	0.1439	0.0101	NaN	0.0047	0.3343
132.0479	0.1457	0.0101	NaN	0.0047	0.3345
132.0501	0.1475	0.0102	NaN	0.0047	0.3345
132.0496	0.1476	0.0102	NaN	0.0047	0.3346
132.0494	0.1473	0.0102	NaN	0.0047	0.3345
132.0512	0.1482	0.0103	NaN	0.0047	0.3344
132.0519	0.1484	0.0102	NaN	0.0048	0.3344
132.0537	0.1485	0.0103	NaN	0.0048	0.3343
132.0581	0.1478	0.0103	NaN	0.0048	0.3343
132.0585	0.1480	0.0103	NaN	0.0048	0.3343
132.0610	0.1458	0.0102	NaN	0.0048	0.3344
132.0589	0.1438	0.0102	NaN	0.0048	0.3343
132.0617	0.1400	0.0100	NaN	0.0049	0.3344
132.0643	0.1347	0.0099	NaN	0.0049	0.3345
132.0657	0.1313	0.0098	NaN	0.0049	0.3347
132.0659	0.1282	0.0097	NaN	0.0049	0.3349
132.0679	0.1253	0.0096	NaN	0.0049	0.3349
132.0679	0.1233	0.0095	NaN	0.0049	0.3351
132.0700	0.1186	0.0094	NaN	0.0049	0.3349
132.0698	0.1165	0.0093	NaN	0.0050	0.3349
132.0717	0.1184	0.0094	NaN	0.0050	0.3349
132.0737	0.1160	0.0093	NaN	0.0050	0.3351
132.0737	0.1133	0.0093	NaN	0.0050	0.3351
132.0745	0.1110	0.0092	NaN	0.0050	0.3352
132.0777	0.1077	0.0091	NaN	0.0050	0.3355
132.0776	0.1089	0.0091	NaN	0.0050	0.3357
132.0794	0.1079	0.0091	NaN	0.0050	0.3359
132.0788	0.1085	0.0091	NaN	0.0050	0.3358
132.0826	0.1073	0.0091	NaN	0.0050	0.3358
132.0834	0.1052	0.0090	NaN	0.0051	0.3356
132.0834	0.1034	0.0090	NaN	0.0051	0.3354
132.0845	0.1030	0.0090	NaN	0.0051	0.3356
132.0865	0.1030	0.0090	NaN	0.0051	0.3354
132.0877	0.1030	0.0090	NaN	0.0051	0.3352
132.0898	0.1031	0.0090	NaN	0.0051	0.3353
132.0905	0.1023	0.0090	NaN	0.0051	0.3354
132.0914	0.1011	0.0089	NaN	0.0051	0.3354
132.0919	0.1007	0.0089	NaN	0.0051	0.3355
132.0925	0.1006	0.0089	NaN	0.0051	0.3356
132.0945	0.1000	0.0089	NaN	0.0052	0.3355
132.0957	0.0997	0.0089	NaN	0.0052	0.3353
132.0964	0.0999	0.0089	NaN	0.0051	0.3354
132.0988	0.1000	0.0089	NaN	0.0052	0.3358
132.0993	0.1002	0.0089	NaN	0.0051	0.3359
132.1020	0.0998	0.0089	NaN	0.0052	0.3359
132.1031	0.0993	0.0090	NaN	0.0052	0.3358
132.1050	0.0993	0.0090	NaN	0.0052	0.3358
132.1060	0.0995	0.0090	NaN	0.0052	0.3355
132.1066	0.0996	0.0090	NaN	0.0052	0.3355
132.1095	0.1003	0.0091	NaN	0.0053	0.3356
132.1130	0.1011	0.0091	NaN	0.0053	0.3357
132.1130	0.1024	0.0092	NaN	0.0053	0.3357
132.1137	0.1031	0.0092	NaN	0.0053	0.3359
132.1126	0.1034	0.0093	NaN	0.0053	0.3359
132.1164	0.1048	0.0093	NaN	0.0054	0.3360
132.1177	0.1048	0.0093	NaN	0.0054	0.3360
132.1169	0.1055	0.0093	NaN	0.0054	0.3362
132.1193	0.1056	0.0094	NaN	0.0054	0.3363
132.1203	0.1061	0.0094	NaN	0.0054	0.3363
132.1200	0.1070	0.0094	NaN	0.0054	0.3363
132.1230	0.1089	0.0095	NaN	0.0054	0.3364
132.1224	0.1085	0.0095	NaN	0.0054	0.3364
132.1231	0.1109	0.0096	NaN	0.0054	0.3365
132.1250	0.1127	0.0097	NaN	0.0054	0.3366
132.1249	0.1155	0.0098	NaN	0.0055	0.3365
132.1266	0.1205	0.0100	NaN	0.0055	0.3365
132.1300	0.1262	0.0102	NaN	0.0055	0.3366
132.1304	0.1263	0.0103	NaN	0.0055	0.3365
132.1331	0.1352	0.0106	NaN	0.0056	0.3365
132.1327	0.1375	0.0107	NaN	0.0056	0.3365
132.1345	0.1435	0.0110	NaN	0.0056	0.3365
132.1357	0.1491	0.0112	NaN	0.0057	0.3365
132.1366	0.1553	0.0114	NaN	0.0057	0.3365
132.1386	0.1594	0.0116	NaN	0.0057	0.3365
132.1425	0.1643	0.0119	NaN	0.0058	0.3366
132.1412	0.1650	0.0119	NaN	0.0058	0.3365
132.1421	0.1650	0.0119	NaN	0.0058	0.3363
132.1412	0.1642	0.0118	NaN	0.0058	0.3362
132.1432	0.1636	0.0118	NaN	0.0057	0.3361
132.1442	0.1633	0.0118	NaN	0.0057	0.3363
132.1446	0.1652	0.0119	NaN	0.0058	0.3363
132.1472	0.1609	0.0118	NaN	0.0058	0.3364
132.1456	0.1573	0.0117	NaN	0.0059	0.3364
132.1483	0.1534	0.0116	NaN	0.0059	0.3363
132.1499	0.1511	0.0115	NaN	0.0059	0.3362
132.1476	0.1562	0.0117	NaN	0.0059	0.3363
132.1520	0.1516	0.0115	NaN	0.0059	0.3364
132.1529	0.1443	0.0113	NaN	0.0059	0.3361
132.1531	0.1407	0.0112	NaN	0.0059	0.3360
132.1549	0.1339	0.0110	NaN	0.0060	0.3361
132.1551	0.1287	0.0108	NaN	0.0060	0.3363
132.1570	0.1249	0.0107	NaN	0.0060	0.3362
132.1588	0.1162	0.0104	NaN	0.0061	0.3361
132.1601	0.1157	0.0104	NaN	0.0061	0.3361
132.1609	0.1128	0.0104	NaN	0.0061	0.3361
132.1620	0.1114	0.0103	NaN	0.0061	0.3361
132.1620	0.1093	0.0103	NaN	0.0061	0.3362
132.1655	0.1056	0.0102	NaN	0.0062	0.3362
132.1659	0.1032	0.0101	NaN	0.0062	0.3363
132.1658	0.1037	0.0101	NaN	0.0062	0.3364
132.1673	0.1013	0.0100	NaN	0.0062	0.3366
132.1672	0.1006	0.0100	NaN	0.0062	0.3366
132.1677	0.0999	0.0100	NaN	0.0062	0.3367
132.1709	0.0983	0.0100	NaN	0.0062	0.3368
132.1731	0.0961	0.0099	NaN	0.0063	0.3367
132.1733	0.0941	0.0099	NaN	0.0063	0.3367
132.1747	0.0933	0.0099	NaN	0.0063	0.3368
132.1764	0.0930	0.0099	NaN	0.0063	0.3368
132.1791	0.0914	0.0098	NaN	0.0063	0.3366
132.1782	0.0890	0.0098	NaN	0.0064	0.3366
132.1784	0.0874	0.0098	NaN	0.0064	0.3367
132.1789	0.0863	0.0098	NaN	0.0065	0.3367
132.1829	0.0857	0.0098	NaN	0.0065	0.3367
132.1845	0.0847	0.0098	NaN	0.0066	0.3366
132.1832	0.0844	0.0098	NaN	0.0066	0.3366
132.1865	0.0838	0.0098	NaN	0.0066	0.3367
132.1859	0.0835	0.0098	NaN	0.0066	0.3367
132.1869	0.0834	0.0098	NaN	0.0066	0.3368
132.1893	0.0832	0.0098	NaN	0.0066	0.3369
132.1890	0.0834	0.0098	NaN	0.0066	0.3369
132.1915	0.0833	0.0098	NaN	0.0066	0.3369
132.1925	0.0831	0.0098	NaN	0.0066	0.3370
132.1930	0.0830	0.0098	NaN	0.0067	0.3370
132.1961	0.0830	0.0099	NaN	0.0067	0.3369
132.1961	0.0830	0.0099	NaN	0.0067	0.3369
132.1961	0.0830	0.0099	NaN	0.0067	0.3370
132.1977	0.0830	0.0099	NaN	0.0067	0.3370
132.1974	0.0831	0.0098	NaN	0.0067	0.3371
132.2018	0.0830	0.0098	NaN	0.0067	0.3370
132.2019	0.0831	0.0098	NaN	0.0067	0.3369
132.2030	0.0830	0.0099	NaN	0.0067	0.3367
132.2036	0.0829	0.0099	NaN	0.0067	0.3367
132.2043	0.0830	0.0099	NaN	0.0068	0.3366
132.2060	0.0832	0.0099	NaN	0.0067	0.3364
132.2097	0.0835	0.0100	NaN	0.0068	0.3363
132.2065	0.0841	0.0101	NaN	0.0068	0.3361
132.2087	0.0849	0.0101	NaN	0.0069	0.3361
132.2104	0.0855	0.0102	NaN	0.0069	0.3359
132.2111	0.0861	0.0102	NaN	0.0069	0.3359
132.2125	0.0871	0.0103	NaN	0.0070	0.3359
132.2120	0.0883	0.0104	NaN	0.0070	0.3358
132.2155	0.0910	0.0106	NaN	0.0071	0.3359
132.2176	0.0921	0.0106	NaN	0.0071	0.3360
132.2186	0.0926	0.0107	NaN	0.0072	0.3359
132.2174	0.0923	0.0108	NaN	0.0072	0.3364
132.2209	0.0922	0.0108	NaN	0.0072	0.3364
132.2207	0.0918	0.0108	NaN	0.0073	0.3360
132.2230	0.0904	0.0108	NaN	0.0073	0.3359
132.2223	0.0881	0.0107	NaN	0.0074	0.3356
132.2248	0.0864	0.0107	NaN	0.0074	0.3358
132.2258	0.0843	0.0107	NaN	0.0075	0.3359
132.2262	0.0842	0.0107	NaN	0.0075	0.3359
132.2290	0.0824	0.0107	NaN	0.0075	0.3356
132.2285	0.0831	0.0107	NaN	0.0075	0.3356
132.2291	0.0829	0.0107	NaN	0.0075	0.3357
132.2310	0.0824	0.0107	NaN	0.0075	0.3355
132.2322	0.0806	0.0107	NaN	0.0076	0.3354
132.2331	0.0800	0.0107	NaN	0.0076	0.3354
132.2335	0.0801	0.0107	NaN	0.0076	0.3354
132.2354	0.0808	0.0107	NaN	0.0076	0.3353
132.2363	0.0804	0.0107	NaN	0.0076	0.3353
132.2363	0.0813	0.0107	NaN	0.0075	0.3354
132.2376	0.0812	0.0107	NaN	0.0075	0.3355
132.2402	0.0813	0.0107	NaN	0.0075	0.3356
132.2412	0.0808	0.0107	NaN	0.0076	0.3356
132.2416	0.0806	0.0106	NaN	0.0076	0.3357
132.2441	0.0788	0.0107	NaN	0.0076	0.3357
132.2440	0.0775	0.0106	NaN	0.0077	0.3355
132.2465	0.0771	0.0107	NaN	0.0077	0.3356
132.2470	0.0766	0.0107	NaN	0.0077	0.3355
132.2482	0.0763	0.0107	NaN	0.0077	0.3355
132.2492	0.0751	0.0107	NaN	0.0078	0.3355
132.2488	0.0752	0.0107	NaN	0.0078	0.3356
132.2517	0.0743	0.0107	NaN	0.0079	0.3355
132.2522	0.0739	0.0108	NaN	0.0079	0.3355
132.2544	0.0735	0.0108	NaN	0.0079	0.3355
132.2547	0.0736	0.0108	NaN	0.0079	0.3355
132.2577	0.0735	0.0108	NaN	0.0079	0.3355
132.2578	0.0731	0.0108	NaN	0.0080	0.3356
132.2626	0.0726	0.0108	NaN	0.0080	0.3356
132.2612	0.0728	0.0108	NaN	0.0080	0.3357
132.2619	0.0729	0.0108	NaN	0.0080	0.3359
132.2622	0.0725	0.0108	NaN	0.0080	0.3359
132.2649	0.0718	0.0109	NaN	0.0081	0.3358
132.2657	0.0715	0.0110	NaN	0.0082	0.3358
132.2664	0.0712	0.0110	NaN	0.0082	0.3358
132.2669	0.0711	0.0110	NaN	0.0083	0.3359
132.2704	0.0710	0.0110	NaN	0.0082	0.3359
132.2688	0.0714	0.0110	NaN	0.0082	0.3362
132.2711	0.0711	0.0110	NaN	0.0082	0.3360
132.2717	0.0710	0.0110	NaN	0.0083	0.3359
132.2733	0.0709	0.0111	NaN	0.0083	0.3361
132.2760	0.0708	0.0111	NaN	0.0083	0.3361
132.2756	0.0708	0.0111	NaN	0.0083	0.3361
132.2776	0.0709	0.0111	NaN	0.0083	0.3362
132.2766	0.0709	0.0110	NaN	0.0083	0.3361
132.2767	0.0707	0.0111	NaN	0.0083	0.3361
132.2811	0.0704	0.0112	NaN	0.0084	0.3360
132.2807	0.0704	0.0112	NaN	0.0084	0.3360
132.2816	0.0703	0.0112	NaN	0.0085	0.3359
132.2839	0.0702	0.0113	NaN	0.0086	0.3358
132.2829	0.0701	0.0114	NaN	0.0086	0.3357
132.2856	0.0701	0.0114	NaN	0.0087	0.3357
132.2853	0.0701	0.0114	NaN	0.0087	0.3358
132.2876	0.0700	0.0115	NaN	0.0088	0.3358
132.2871	0.0699	0.0115	NaN	0.0088	0.3359
132.2874	0.0699	0.0115	NaN	0.0088	0.3359
132.2899	0.0697	0.0115	NaN	0.0088	0.3360
132.2922	0.0698	0.0116	NaN	0.0089	0.3360
132.2921	0.0700	0.0117	NaN	0.0090	0.3360
132.2946	0.0698	0.0117	NaN	0.0090	0.3359
132.2944	0.0699	0.0117	NaN	0.0090	0.3359
132.2956	0.0700	0.0117	NaN	0.0090	0.3358
132.2971	0.0700	0.0117	NaN	0.0090	0.3358
132.2977	0.0699	0.0118	NaN	0.0091	0.3358
132.2992	0.0701	0.0118	NaN	0.0091	0.3357
132.3019	0.0701	0.0118	NaN	0.0091	0.3358
132.3019	0.0701	0.0118	NaN	0.0091	0.3358
132.3036	0.0701	0.0118	NaN	0.0091	0.3359
132.3046	0.0702	0.0119	NaN	0.0092	0.3358
132.3066	0.0702	0.0119	NaN	0.0092	0.3357
132.3078	0.0702	0.0120	NaN	0.0092	0.3357
132.3067	0.0703	0.0120	NaN	0.0093	0.3358
132.3109	0.0705	0.0121	NaN	0.0094	0.3360
132.3118	0.0706	0.0122	NaN	0.0095	0.3360
132.3125	0.0706	0.0122	NaN	0.0095	0.3360
132.3153	0.0708	0.0123	NaN	0.0095	0.3361
132.3126	0.0708	0.0123	NaN	0.0095	0.3361
132.3140	0.0710	0.0124	NaN	0.0096	0.3361
132.3166	0.0711	0.0125	NaN	0.0097	0.3362
132.3186	0.0711	0.0125	NaN	0.0097	0.3362
132.3195	0.0712	0.0126	NaN	0.0098	0.3363
132.3194	0.0712	0.0126	NaN	0.0098	0.3363
132.3209	0.0713	0.0126	NaN	0.0099	0.3363
132.3239	0.0714	0.0127	NaN	0.0099	0.3363
132.3244	0.0715	0.0127	NaN	0.0099	0.3363
132.3250	0.0716	0.0127	NaN	0.0099	0.3362
132.3271	0.0714	0.0127	NaN	0.0099	0.3362
132.3269	0.0714	0.0127	NaN	0.0100	0.3365
132.3279	0.0715	0.0128	NaN	0.0100	0.3366
132.3282	0.0717	0.0128	NaN	0.0100	0.3367
132.3318	0.0717	0.0129	NaN	0.0101	0.3366
132.3334	0.0719	0.0130	NaN	0.0102	0.3364
132.3325	0.0719	0.0129	NaN	0.0102	0.3363
132.3345	0.0720	0.0130	NaN	0.0102	0.3362
132.3362	0.0719	0.0130	NaN	0.0102	0.3362
132.3394	0.0721	0.0130	NaN	0.0102	0.3362
132.3389	0.0720	0.0130	NaN	0.0102	0.3361
132.3386	0.0718	0.0129	NaN	0.0101	0.3360
132.3399	0.0719	0.0129	NaN	0.0102	0.3360
132.3439	0.0720	0.0130	NaN	0.0102	0.3361
132.3437	0.0723	0.0131	NaN	0.0103	0.3361
132.3439	0.0726	0.0132	NaN	0.0104	0.3361
132.3442	0.0727	0.0132	NaN	0.0104	0.3361
132.3478	0.0729	0.0133	NaN	0.0104	0.3360
132.3494	0.0730	0.0133	NaN	0.0105	0.3360
132.3486	0.0727	0.0132	NaN	0.0104	0.3360
132.3499	0.0728	0.0133	NaN	0.0104	0.3360
132.3511	0.0729	0.0133	NaN	0.0105	0.3360
132.3511	0.0730	0.0133	NaN	0.0105	0.3361
132.3543	0.0734	0.0135	NaN	0.0106	0.3361
132.3545	0.0735	0.0135	NaN	0.0107	0.3361
132.3550	0.0737	0.0136	NaN	0.0107	0.3361
132.3579	0.0741	0.0137	NaN	0.0108	0.3362
132.3576	0.0744	0.0138	NaN	0.0109	0.3362
132.3578	0.0745	0.0139	NaN	0.0110	0.3362
132.3604	0.0745	0.0139	NaN	0.0110	0.3362
132.3608	0.0745	0.0138	NaN	0.0110	0.3362
132.3623	0.0744	0.0138	NaN	0.0109	0.3362
132.3622	0.0743	0.0137	NaN	0.0108	0.3361
132.3637	0.0744	0.0137	NaN	0.0108	0.3361
132.3674	0.0744	0.0138	NaN	0.0109	0.3362
132.3673	0.0745	0.0139	NaN	0.0110	0.3362
132.3679	0.0748	0.0140	NaN	0.0111	0.3361
132.3689	0.0751	0.0141	NaN	0.0112	0.3362
132.3692	0.0754	0.0142	NaN	0.0113	0.3362
132.3708	0.0758	0.0144	NaN	0.0114	0.3363
132.3709	0.0760	0.0145	NaN	0.0115	0.3363
132.3731	0.0762	0.0145	NaN	0.0116	0.3362
132.3761	0.0768	0.0147	NaN	0.0117	0.3364
132.3774	0.0768	0.0147	NaN	0.0117	0.3364
132.3766	0.0766	0.0147	NaN	0.0117	0.3364
132.3793	0.0766	0.0147	NaN	0.0117	0.3363
132.3810	0.0767	0.0147	NaN	0.0117	0.3364
132.3847	0.0770	0.0148	NaN	0.0118	0.3365
132.3826	0.0772	0.0148	NaN	0.0118	0.3364
132.3838	0.0775	0.0149	NaN	0.0119	0.3364
132.3848	0.0777	0.0149	NaN	0.0119	0.3364
132.3855	0.0776	0.0149	NaN	0.0119	0.3364
132.3879	0.0779	0.0150	NaN	0.0120	0.3364
132.3874	0.0780	0.0151	NaN	0.0120	0.3365
132.3898	0.0783	0.0152	NaN	0.0121	0.3365
132.3925	0.0787	0.0153	NaN	0.0122	0.3364
132.3924	0.0788	0.0153	NaN	0.0122	0.3364
132.3926	0.0791	0.0154	NaN	0.0123	0.3364
132.3942	0.0791	0.0153	NaN	0.0123	0.3364
132.3972	0.0793	0.0154	NaN	0.0123	0.3366
132.3991	0.0795	0.0155	NaN	0.0124	0.3366
132.3981	0.0796	0.0155	NaN	0.0124	0.3368
132.3987	0.0798	0.0155	NaN	0.0124	0.3370
132.4012	0.0797	0.0155	NaN	0.0124	0.3369
132.4021	0.0794	0.0155	NaN	0.0124	0.3371
132.4009	0.0793	0.0154	NaN	0.0124	0.3371
132.4029	0.0796	0.0155	NaN	0.0124	0.3371
132.4046	0.0800	0.0157	NaN	0.0125	0.3369
132.4063	0.0803	0.0158	NaN	0.0126	0.3369
132.4067	0.0803	0.0157	NaN	0.0126	0.3370
132.4074	0.0803	0.0157	NaN	0.0126	0.3371
132.4083	0.0805	0.0158	NaN	0.0127	0.3371
132.4087	0.0805	0.0158	NaN	0.0127	0.3375
132.4112	0.0806	0.0158	NaN	0.0127	0.3377
132.4110	0.0807	0.0159	NaN	0.0127	0.3377
132.4130	0.0808	0.0159	NaN	0.0128	0.3377
132.4162	0.0811	0.0161	NaN	0.0129	0.3377
132.4187	0.0814	0.0161	NaN	0.0130	0.3376
132.4176	0.0816	0.0162	NaN	0.0130	0.3376
132.4182	0.0817	0.0162	NaN	0.0130	0.3373
132.4196	0.0816	0.0162	NaN	0.0131	0.3373
132.4217	0.0817	0.0162	NaN	0.0130	0.3373
132.4216	0.0817	0.0162	NaN	0.0131	0.3373
132.4224	0.0817	0.0163	NaN	0.0131	0.3372
132.4262	0.0820	0.0164	NaN	0.0132	0.3371
132.4254	0.0822	0.0164	NaN	0.0132	0.3373
132.4266	0.0825	0.0164	NaN	0.0132	0.3374
132.4262	0.0825	0.0164	NaN	0.0132	0.3373
132.4298	0.0828	0.0165	NaN	0.0133	0.3373
132.4317	0.0830	0.0166	NaN	0.0134	0.3372
132.4312	0.0830	0.0166	NaN	0.0134	0.3371
132.4334	0.0828	0.0166	NaN	0.0134	0.3373
132.4345	0.0829	0.0166	NaN	0.0134	0.3373
132.4349	0.0831	0.0167	NaN	0.0135	0.3373
132.4384	0.0837	0.0169	NaN	0.0136	0.3373
132.4380	0.0841	0.0170	NaN	0.0137	0.3373
132.4380	0.0845	0.0171	NaN	0.0138	0.3372
132.4409	0.0845	0.0171	NaN	0.0138	0.3373
132.4410	0.0847	0.0172	NaN	0.0139	0.3372
132.4428	0.0853	0.0173	NaN	0.0140	0.3371
132.4444	0.0858	0.0175	NaN	0.0142	0.3370
132.4444	0.0862	0.0176	NaN	0.0143	0.3370
132.4474	0.0865	0.0177	NaN	0.0144	0.3370
132.4444	0.0865	0.0177	NaN	0.0144	0.3369
132.4476	0.0869	0.0178	NaN	0.0145	0.3369
132.4486	0.0871	0.0179	NaN	0.0145	0.3369
132.4492	0.0866	0.0177	NaN	0.0144	0.3370
132.4530	0.0866	0.0177	NaN	0.0144	0.3371
132.4516	0.0866	0.0177	NaN	0.0144	0.3369
132.4548	0.0871	0.0179	NaN	0.0146	0.3369
132.4572	0.0876	0.0181	NaN	0.0147	0.3369
132.4574	0.0881	0.0182	NaN	0.0149	0.3369
132.4587	0.0885	0.0184	NaN	0.0150	0.3369
132.4597	0.0885	0.0184	NaN	0.0150	0.3370
132.4597	0.0884	0.0183	NaN	0.0150	0.3370
132.4617	0.0889	0.0185	NaN	0.0151	0.3370
132.4624	0.0895	0.0186	NaN	0.0152	0.3370
132.4638	0.0900	0.0187	NaN	0.0153	0.3370
132.4645	0.0902	0.0188	NaN	0.0153	0.3371
132.4652	0.0901	0.0188	NaN	0.0153	0.3370
132.4679	0.0899	0.0187	NaN	0.0153	0.3370
132.4694	0.0900	0.0188	NaN	0.0153	0.3370
132.4698	0.0902	0.0188	NaN	0.0154	0.3372
132.4708	0.0907	0.0190	NaN	0.0155	0.3372
132.4717	0.0906	0.0190	NaN	0.0156	0.3371
132.4728	0.0908	0.0191	NaN	0.0156	0.3371
132.4756	0.0910	0.0191	NaN	0.0156	0.3371
132.4755	0.0912	0.0192	NaN	0.0157	0.3371
132.4765	0.0913	0.0192	NaN	0.0157	0.3372
132.4771	0.0914	0.0193	NaN	0.0158	0.3371
132.4791	0.0923	0.0194	NaN	0.0159	0.3372
132.4811	0.0925	0.0194	NaN	0.0159	0.3372
132.4812	0.0924	0.0195	NaN	0.0159	0.3373
132.4840	0.0926	0.0195	NaN	0.0160	0.3372
132.4845	0.0925	0.0195	NaN	0.0160	0.3373
132.4828	0.0921	0.0195	NaN	0.0160	0.3372
132.4849	0.0923	0.0196	NaN	0.0160	0.3373
132.4864	0.0926	0.0196	NaN	0.0161	0.3374
132.4871	0.0933	0.0196	NaN	0.0161	0.3374
132.4887	0.0929	0.0197	NaN	0.0161	0.3374
132.4891	0.0937	0.0198	NaN	0.0162	0.3374
132.4912	0.0944	0.0199	NaN	0.0163	0.3376
132.4934	0.0946	0.0200	NaN	0.0164	0.3378
132.4929	0.0948	0.0201	NaN	0.0165	0.3379
132.4952	0.0946	0.0201	NaN	0.0165	0.3378
132.4963	0.0944	0.0201	NaN	0.0165	0.3376
132.4970	0.0943	0.0201	NaN	0.0165	0.3377
132.4988	0.0946	0.0202	NaN	0.0166	0.3377
132.4989	0.0947	0.0202	NaN	0.0166	0.3378
132.4994	0.0951	0.0203	NaN	0.0167	0.3381
132.4998	0.0954	0.0204	NaN	0.0168	0.3385
132.5023	0.0958	0.0205	NaN	0.0168	0.3387
132.5041	0.0953	0.0205	NaN	0.0168	0.3386
132.5040	0.0954	0.0205	NaN	0.0168	0.3385
132.5055	0.0958	0.0205	NaN	0.0169	0.3386
132.5064	0.0963	0.0207	NaN	0.0170	0.3388
132.5083	0.0965	0.0207	NaN	0.0170	0.3390
132.5099	0.0969	0.0209	NaN	0.0172	0.3391
132.5099	0.0970	0.0209	NaN	0.0172	0.3390
132.5107	0.0971	0.0210	NaN	0.0172	0.3390
132.5134	0.0975	0.0210	NaN	0.0173	0.3388
132.5139	0.0978	0.0211	NaN	0.0174	0.3386
132.5162	0.0979	0.0212	NaN	0.0174	0.3388
132.5182	0.0981	0.0212	NaN	0.0175	0.3389
132.5182	0.0985	0.0214	NaN	0.0176	0.3390
132.5207	0.0990	0.0215	NaN	0.0177	0.3391
132.5207	0.0991	0.0215	NaN	0.0177	0.3390
132.5239	0.0993	0.0215	NaN	0.0178	0.3390
132.5252	0.0999	0.0217	NaN	0.0178	0.3391
132.5251	0.1000	0.0217	NaN	0.0179	0.3391
132.5254	0.0996	0.0217	NaN	0.0179	0.3392
132.5265	0.0996	0.0217	NaN	0.0178	0.3392
132.5269	0.0994	0.0216	NaN	0.0178	0.3392
132.5317	0.0996	0.0217	NaN	0.0179	0.3393
132.5304	0.0994	0.0217	NaN	0.0179	0.3392
132.5318	0.0998	0.0217	NaN	0.0179	0.3392
132.5348	0.0998	0.0218	NaN	0.0180	0.3394
132.5352	0.1002	0.0219	NaN	0.0181	0.3397
132.5359	0.1006	0.0220	NaN	0.0181	0.3396
132.5356	0.1010	0.0221	NaN	0.0183	0.3395
132.5370	0.1013	0.0222	NaN	0.0184	0.3394
132.5400	0.1018	0.0223	NaN	0.0185	0.3395
132.5391	0.1017	0.0223	NaN	0.0185	0.3396
132.5412	0.1023	0.0225	NaN	0.0187	0.3396
132.5430	0.1025	0.0226	NaN	0.0187	0.3397
132.5443	0.1027	0.0227	NaN	0.0188	0.3398
132.5451	0.1028	0.0228	NaN	0.0189	0.3396
132.5432	0.1029	0.0228	NaN	0.0189	0.3397
132.5473	0.1030	0.0229	NaN	0.0189	0.3399
132.5486	0.1036	0.0230	NaN	0.0191	0.3399
132.5486	0.1037	0.0230	NaN	0.0191	0.3398
132.5508	0.1037	0.0230	NaN	0.0190	0.3398
132.5508	0.1036	0.0230	NaN	0.0190	0.3399
132.5528	0.1039	0.0230	NaN	0.0191	0.3399
132.5537	0.1045	0.0232	NaN	0.0192	0.3399
132.5540	0.1047	0.0233	NaN	0.0193	0.3397
132.5552	0.1049	0.0234	NaN	0.0194	0.3397
132.5592	0.1051	0.0234	NaN	0.0194	0.3397
132.5587	0.1050	0.0234	NaN	0.0194	0.3397
132.5588	0.1052	0.0234	NaN	0.0194	0.3396
132.5585	0.1053	0.0235	NaN	0.0195	0.3395
132.5596	0.1055	0.0236	NaN	0.0196	0.3392
132.5626	0.1058	0.0237	NaN	0.0197	0.3392
132.5643	0.1061	0.0237	NaN	0.0197	0.3390
132.5640	0.1060	0.0238	NaN	0.0197	0.3391
132.5650	0.1063	0.0239	NaN	0.0198	0.3393
132.5668	0.1064	0.0239	NaN	0.0199	0.3395
132.5701	0.1071	0.0241	NaN	0.0201	0.3396
132.5687	0.1072	0.0241	NaN	0.0200	0.3396
132.5707	0.1077	0.0242	NaN	0.0201	0.3396
132.5740	0.1081	0.0244	NaN	0.0203	0.3396
132.5734	0.1084	0.0245	NaN	0.0204	0.3394
132.5764	0.1085	0.0246	NaN	0.0205	0.3393
132.5787	0.1086	0.0247	NaN	0.0206	0.3390
132.5796	0.1087	0.0247	NaN	0.0206	0.3389
132.5792	0.1090	0.0248	NaN	0.0207	0.3388
132.5782	0.1094	0.0249	NaN	0.0207	0.3388
132.5819	0.1103	0.0251	NaN	0.0209	0.3389
132.5841	0.1102	0.0252	NaN	0.0210	0.3389
132.5812	0.1100	0.0252	NaN	0.0210	0.3388
132.5849	0.1104	0.0254	NaN	0.0212	0.3387
132.5875	0.1105	0.0255	NaN	0.0213	0.3386
132.5863	0.1108	0.0255	NaN	0.0213	0.3387
132.5888	0.1114	0.0257	NaN	0.0214	0.3387
132.5878	0.1119	0.0258	NaN	0.0216	0.3386
132.5893	0.1117	0.0258	NaN	0.0216	0.3387
132.5919	0.1118	0.0259	NaN	0.0217	0.3388
132.5950	0.1122	0.0260	NaN	0.0218	0.3386
132.5942	0.1126	0.0261	NaN	0.0218	0.3387
132.5944	0.1127	0.0261	NaN	0.0218	0.3386
132.5952	0.1126	0.0260	NaN	0.0218	0.3386
132.5981	0.1129	0.0261	NaN	0.0218	0.3385
132.5978	0.1128	0.0261	NaN	0.0219	0.3384
132.5994	0.1129	0.0262	NaN	0.0220	0.3384
132.6005	0.1131	0.0263	NaN	0.0220	0.3384
132.6015	0.1134	0.0263	NaN	0.0220	0.3384
132.6040	0.1134	0.0264	NaN	0.0221	0.3385
132.6036	0.1134	0.0265	NaN	0.0222	0.3385
132.6038	0.1137	0.0266	NaN	0.0223	0.3384
132.6061	0.1143	0.0267	NaN	0.0223	0.3386
132.6074	0.1143	0.0267	NaN	0.0224	0.3389
132.6075	0.1145	0.0267	NaN	0.0224	0.3392
132.6094	0.1145	0.0267	NaN	0.0224	0.3393
132.6100	0.1144	0.0268	NaN	0.0224	0.3395
132.6111	0.1148	0.0269	NaN	0.0226	0.3396
132.6125	0.1151	0.0271	NaN	0.0227	0.3396
132.6124	0.1151	0.0271	NaN	0.0228	0.3397
132.6143	0.1148	0.0271	NaN	0.0227	0.3398
132.6140	0.1143	0.0270	NaN	0.0227	0.3398
132.6156	0.1140	0.0269	NaN	0.0226	0.3399
132.6168	0.1143	0.0270	NaN	0.0226	0.3399
132.6200	0.1150	0.0271	NaN	0.0227	0.3397
132.6203	0.1154	0.0272	NaN	0.0228	0.3397
132.6210	0.1160	0.0272	NaN	0.0228	0.3398
132.6223	0.1162	0.0272	NaN	0.0228	0.3397
