GRUPPE3_Greyline12.dat
04.10.2021
15:18:13
GRUPPE3

Gauss coefficients notation:
Amplitude
FWHM
Std.Abw.
[Fehler]
offset
BEAMCUT  LINES:

X H  in mm	Y H rel	Gauss fit H	H Gauss Coefficients	X V in mm	Y V rel	Gauss fit V	V Gauss Coefficientes
0,00000	17,00000	0,00000	0,00000	0,00000	17,00000	0,00000	0,00000
0,01238	17,00000	0,00000	0,00000	0,01238	19,00000	0,00000	0,00000
0,02475	17,00000	0,00000	0,00000	0,02475	18,00000	0,00000	0,00000
0,03713	20,00000	0,00000	0,00000	0,03713	17,00000	0,00000	0,00000
0,04950	19,00000	0,00000	0,00000	0,04950	18,00000	0,00000	0,00000
0,06187	19,00000	0,00000	0,00000	0,06188	18,00000	0,00000	0,00000
0,07425	19,00000	0,00000	0,00000	0,07425	18,00000	0,00000	0,00000
0,08663	17,00000	0,00000	0,00000	0,08663	16,00000	0,00000	0,00000
0,09900	17,00000	0,00000	0,00000	0,09900	16,00000	0,00000	0,00000
0,11138	18,00000	0,00000	0,00000	0,11138	18,00000	0,00000	0,00000
0,12375	18,00000	0,00000	0,00000	0,12375	18,00000	0,00000	0,00000
0,13612	18,00000	0,00000	0,00000	0,13613	16,00000	0,00000	0,00000
0,14850	18,00000	0,00000	0,00000	0,14850	17,00000	0,00000	0,00000
0,16088	18,00000	0,00000	0,00000	0,16088	17,00000	0,00000	0,00000
0,17325	18,00000	0,00000	0,00000	0,17325	20,00000	0,00000	0,00000
0,18563	16,00000	0,00000	0,00000	0,18563	19,00000	0,00000	0,00000
0,19800	16,00000	0,00000	0,00000	0,19800	18,00000	0,00000	0,00000
0,21038	16,00000	0,00000	0,00000	0,21038	19,00000	0,00000	0,00000
0,22275	18,00000	0,00000	0,00000	0,22275	17,00000	0,00000	0,00000
0,23513	19,00000	0,00000	0,00000	0,23513	18,00000	0,00000	0,00000
0,24750	19,00000	0,00000	0,00000	0,24750	19,00000	0,00000	0,00000
0,25988	17,00000	0,00000	0,00000	0,25988	16,00000	0,00000	0,00000
0,27225	17,00000	0,00000	0,00000	0,27225	19,00000	0,00000	0,00000
0,28463	18,00000	0,00000	0,00000	0,28463	17,00000	0,00000	0,00000
0,29700	18,00000	0,00000	0,00000	0,29700	16,00000	0,00000	0,00000
0,30938	16,00000	0,00000	0,00000	0,30938	18,00000	0,00000	0,00000
0,32175	16,00000	0,00000	0,00000	0,32175	17,00000	0,00000	0,00000
0,33413	17,00000	0,00000	0,00000	0,33413	18,00000	0,00000	0,00000
0,34650	16,00000	0,00000	0,00000	0,34650	18,00000	0,00000	0,00000
0,35887	16,00000	0,00000	0,00000	0,35888	18,00000	0,00000	0,00000
0,37125	18,00000	0,00000	0,00000	0,37125	17,00000	0,00000	0,00000
0,38362	18,00000	0,00000	0,00000	0,38363	17,00000	0,00000	0,00000
0,39600	16,00000	0,00000	0,00000	0,39600	17,00000	0,00000	0,00000
0,40838	16,00000	0,00000	0,00000	0,40838	19,00000	0,00000	0,00000
0,42075	16,00000	0,00000	0,00000	0,42075	18,00000	0,00000	0,00000
0,43313	18,00000	0,00000	0,00000	0,43313	19,00000	0,00000	0,00000
0,44550	18,00000	0,00000	0,00000	0,44550	17,00000	0,00000	0,00000
0,45788	16,00000	0,00000	0,00000	0,45788	18,00000	0,00000	0,00000
0,47025	16,00000	0,00000	0,00000	0,47025	16,00000	0,00000	0,00000
0,48263	18,00000	0,00000	0,00000	0,48263	20,00000	0,00000	0,00000
0,49500	19,00000	0,00000	0,00000	0,49500	16,00000	0,00000	0,00000
0,50738	19,00000	0,00000	0,00000	0,50738	18,00000	0,00000	0,00000
0,51975	19,00000	0,00000	0,00000	0,51975	16,00000	0,00000	0,00000
0,53213	17,00000	0,00000	0,00000	0,53213	19,00000	0,00000	0,00000
0,54450	17,00000	0,00000	0,00000	0,54450	19,00000	0,00000	0,00000
0,55688	18,00000	0,00000	0,00000	0,55688	18,00000	0,00000	0,00000
0,56925	18,00000	0,00000	0,00000	0,56925	19,00000	0,00000	0,00000
0,58163	18,00000	0,00000	0,00000	0,58163	19,00000	0,00000	0,00000
0,59400	18,00000	0,00000	0,00000	0,59400	16,00000	0,00000	0,00000
0,60637	18,00000	0,00000	0,00000	0,60638	18,00000	0,00000	0,00000
0,61875	18,00000	0,00000	0,00000	0,61875	18,00000	0,00000	0,00000
0,63113	17,00000	0,00000	0,00000	0,63113	17,00000	0,00000	0,00000
0,64350	17,00000	0,00000	0,00000	0,64350	18,00000	0,00000	0,00000
0,65587	19,00000	0,00000	0,00000	0,65588	17,00000	0,00000	0,00000
0,66825	19,00000	0,00000	0,00000	0,66825	19,00000	0,00000	0,00000
0,68063	19,00000	0,00000	0,00000	0,68063	16,00000	0,00000	0,00000
0,69300	19,00000	0,00000	0,00000	0,69300	17,00000	0,00000	0,00000
0,70538	19,00000	0,00000	0,00000	0,70538	19,00000	0,00000	0,00000
0,71775	17,00000	0,00000	0,00000	0,71775	18,00000	0,00000	0,00000
0,73013	17,00000	0,00000	0,00000	0,73013	18,00000	0,00000	0,00000
0,74250	17,00000	0,00000	0,00000	0,74250	17,00000	0,00000	0,00000
0,75488	19,00000	0,00000	0,00000	0,75488	18,00000	0,00000	0,00000
0,76725	19,00000	0,00000	0,00000	0,76725	17,00000	0,00000	0,00000
0,77963	17,00000	0,00000	0,00000	0,77963	18,00000	0,00000	0,00000
0,79200	17,00000	0,00000	0,00000	0,79200	18,00000	0,00000	0,00000
0,80438	18,00000	0,00000	0,00000	0,80438	17,00000	0,00000	0,00000
0,81675	18,00000	0,00000	0,00000	0,81675	16,00000	0,00000	0,00000
0,82913	18,00000	0,00000	0,00000	0,82913	15,00000	0,00000	0,00000
0,84150	18,00000	0,00000	0,00000	0,84150	16,00000	0,00000	0,00000
0,85388	16,00000	0,00000	0,00000	0,85388	16,00000	0,00000	0,00000
0,86625	18,00000	0,00000	0,00000	0,86625	18,00000	0,00000	0,00000
0,87862	18,00000	0,00000	0,00000	0,87863	16,00000	0,00000	0,00000
0,89100	16,00000	0,00000	0,00000	0,89100	16,00000	0,00000	0,00000
0,90338	16,00000	0,00000	0,00000	0,90338	16,00000	0,00000	0,00000
0,91575	16,00000	0,00000	0,00000	0,91575	19,00000	0,00000	0,00000
0,92813	18,00000	0,00000	0,00000	0,92813	15,00000	0,00000	0,00000
0,94050	19,00000	0,00000	0,00000	0,94050	15,00000	0,00000	0,00000
0,95288	19,00000	0,00000	0,00000	0,95288	18,00000	0,00000	0,00000
0,96525	17,00000	0,00000	0,00000	0,96525	18,00000	0,00000	0,00000
0,97763	18,00000	0,00000	0,00000	0,97763	18,00000	0,00000	0,00000
0,99000	16,00000	0,00000	0,00000	0,99000	16,00000	0,00000	0,00000
1,00238	16,00000	0,00000	0,00000	1,00238	16,00000	0,00000	0,00000
1,01475	16,00000	0,00000	0,00000	1,01475	18,00000	0,00000	0,00000
1,02713	18,00000	0,00000	0,00000	1,02713	16,00000	0,00000	0,00000
1,03950	16,00000	0,00000	0,00000	1,03950	17,00000	0,00000	0,00000
1,05188	16,00000	0,00000	0,00000	1,05188	18,00000	0,00000	0,00000
1,06425	16,00000	0,00000	0,00000	1,06425	18,00000	0,00000	0,00000
1,07662	18,00000	0,00000	0,00000	1,07663	17,00000	0,00000	0,00000
1,08900	18,00000	0,00000	0,00000	1,08900	16,00000	0,00000	0,00000
1,10137	16,00000	0,00000	0,00000	1,10138	18,00000	0,00000	0,00000
1,11375	16,00000	0,00000	0,00000	1,11375	18,00000	0,00000	0,00000
1,12613	16,00000	0,00000	0,00000	1,12613	16,00000	0,00000	0,00000
1,13850	16,00000	0,00000	0,00000	1,13850	18,00000	0,00000	0,00000
1,15088	18,00000	0,00000	0,00000	1,15088	17,00000	0,00000	0,00000
1,16325	18,00000	0,00000	0,00000	1,16325	19,00000	0,00000	0,00000
1,17563	18,00000	0,00000	0,00000	1,17563	18,00000	0,00000	0,00000
1,18800	18,00000	0,00000	0,00000	1,18800	18,00000	0,00000	0,00000
1,20037	18,00000	0,00000	0,00000	1,20038	17,00000	0,00000	0,00000
1,21275	18,00000	0,00000	0,00000	1,21275	16,00000	0,00000	0,00000
1,22513	16,00000	0,00000	0,00000	1,22513	18,00000	0,00000	0,00000
1,23750	16,00000	0,00000	0,00000	1,23750	16,00000	0,00000	0,00000
1,24988	17,00000	0,00000	0,00000	1,24988	18,00000	0,00000	0,00000
1,26225	16,00000	0,00000	0,00000	1,26225	16,00000	0,00000	0,00000
1,27463	16,00000	0,00000	0,00000	1,27463	18,00000	0,00000	0,00000
1,28700	18,00000	0,00000	0,00000	1,28700	15,00000	0,00000	0,00000
1,29938	17,00000	0,00000	0,00000	1,29938	15,00000	0,00000	0,00000
1,31175	19,00000	0,00000	0,00000	1,31175	15,00000	0,00000	0,00000
1,32412	19,00000	0,00000	0,00000	1,32413	16,00000	0,00000	0,00000
1,33650	18,00000	0,00000	0,00000	1,33650	15,00000	0,00000	0,00000
1,34888	16,00000	0,00000	0,00000	1,34888	19,00000	0,00000	0,00000
1,36125	16,00000	0,00000	0,00000	1,36125	16,00000	0,00000	0,00000
1,37363	18,00000	0,00000	0,00000	1,37363	17,00000	0,00000	0,00000
1,38600	19,00000	0,00000	0,00000	1,38600	16,00000	0,00000	0,00000
1,39838	19,00000	0,00000	0,00000	1,39838	17,00000	0,00000	0,00000
1,41075	17,00000	0,00000	0,00000	1,41075	18,00000	0,00000	0,00000
1,42312	17,00000	0,00000	0,00000	1,42313	16,00000	0,00000	0,00000
1,43550	17,00000	0,00000	0,00000	1,43550	15,00000	0,00000	0,00000
1,44788	19,00000	0,00000	0,00000	1,44788	16,00000	0,00000	0,00000
1,46025	19,00000	0,00000	0,00000	1,46025	17,00000	0,00000	0,00000
1,47263	18,00000	0,00000	0,00000	1,47263	18,00000	0,00000	0,00000
1,48500	20,00000	0,00000	0,00000	1,48500	18,00000	0,00000	0,00000
1,49738	19,00000	0,00000	0,00000	1,49738	19,00000	0,00000	0,00000
1,50975	17,00000	0,00000	0,00000	1,50975	20,00000	0,00000	0,00000
1,52213	17,00000	0,00000	0,00000	1,52213	20,00000	0,00000	0,00000
1,53450	18,00000	0,00000	0,00000	1,53450	19,00000	0,00000	0,00000
1,54688	18,00000	0,00000	0,00000	1,54688	18,00000	0,00000	0,00000
1,55925	18,00000	0,00000	0,00000	1,55925	18,00000	0,00000	0,00000
1,57163	18,00000	0,00000	0,00000	1,57163	16,00000	0,00000	0,00000
1,58400	18,00000	0,00000	0,00000	1,58400	18,00000	0,00000	0,00000
1,59638	18,00000	0,00000	0,00000	1,59638	16,00000	0,00000	0,00000
1,60875	16,00000	0,00000	0,00000	1,60875	17,00000	0,00000	0,00000
1,62113	16,00000	0,00000	0,00000	1,62113	16,00000	0,00000	0,00000
1,63350	18,00000	0,00000	0,00000	1,63350	17,00000	0,00000	0,00000
1,64587	18,00000	0,00000	0,00000	1,64588	17,00000	0,00000	0,00000
1,65825	17,00000	0,00000	0,00000	1,65825	16,00000	0,00000	0,00000
1,67063	19,00000	0,00000	0,00000	1,67063	18,00000	0,00000	0,00000
1,68300	19,00000	0,00000	0,00000	1,68300	18,00000	0,00000	0,00000
1,69538	17,00000	0,00000	0,00000	1,69538	18,00000	0,00000	0,00000
1,70775	17,00000	0,00000	0,00000	1,70775	17,00000	0,00000	0,00000
1,72013	18,00000	0,00000	0,00000	1,72013	18,00000	0,00000	0,00000
1,73250	18,00000	0,00000	0,00000	1,73250	15,00000	0,00000	0,00000
1,74488	16,00000	0,00000	0,00000	1,74488	19,00000	0,00000	0,00000
1,75725	16,00000	0,00000	0,00000	1,75725	16,00000	0,00000	0,00000
1,76963	16,00000	0,00000	0,00000	1,76963	18,00000	0,00000	0,00000
1,78200	18,00000	0,00000	0,00000	1,78200	19,00000	0,00000	0,00000
1,79438	18,00000	0,00000	0,00000	1,79438	17,00000	0,00000	0,00000
1,80675	16,00000	0,00000	0,00000	1,80675	18,00000	0,00000	0,00000
1,81913	16,00000	0,00000	0,00000	1,81913	18,00000	0,00000	0,00000
1,83150	18,00000	0,00000	0,00000	1,83150	19,00000	0,00000	0,00000
1,84388	18,00000	0,00000	0,00000	1,84388	17,00000	0,00000	0,00000
1,85625	18,00000	0,00000	0,00000	1,85625	18,00000	0,00000	0,00000
1,86862	18,00000	0,00000	0,00000	1,86863	16,00000	0,00000	0,00000
1,88100	18,00000	0,00000	0,00000	1,88100	17,00000	0,00000	0,00000
1,89338	17,00000	0,00000	0,00000	1,89338	17,00000	0,00000	0,00000
1,90575	17,00000	0,00000	0,00000	1,90575	17,00000	0,00000	0,00000
1,91813	19,00000	0,00000	0,00000	1,91813	18,00000	0,00000	0,00000
1,93050	19,00000	0,00000	0,00000	1,93050	19,00000	0,00000	0,00000
1,94288	17,00000	0,00000	0,00000	1,94288	19,00000	0,00000	0,00000
1,95525	18,00000	0,00000	0,00000	1,95525	18,00000	0,00000	0,00000
1,96763	18,00000	0,00000	0,00000	1,96763	15,00000	0,00000	0,00000
1,98000	16,00000	0,00000	0,00000	1,98000	18,00000	0,00000	0,00000
1,99238	16,00000	0,00000	0,00000	1,99238	19,00000	0,00000	0,00000
2,00475	18,00000	0,00000	0,00000	2,00475	20,00000	0,00000	0,00000
2,01713	18,00000	0,00000	0,00000	2,01713	19,00000	0,00000	0,00000
2,02950	18,00000	0,00000	0,00000	2,02950	19,00000	0,00000	0,00000
2,04188	18,00000	0,00000	0,00000	2,04188	17,00000	0,00000	0,00000
2,05425	17,00000	0,00000	0,00000	2,05425	18,00000	0,00000	0,00000
2,06663	17,00000	0,00000	0,00000	2,06663	17,00000	0,00000	0,00000
2,07900	19,00000	0,00000	0,00000	2,07900	19,00000	0,00000	0,00000
2,09138	19,00000	0,00000	0,00000	2,09138	18,00000	0,00000	0,00000
2,10375	19,00000	0,00000	0,00000	2,10375	22,00000	0,00000	0,00000
2,11613	19,00000	0,00000	0,00000	2,11613	22,00000	0,00000	0,00000
2,12850	17,00000	0,00000	0,00000	2,12850	20,00000	0,00000	0,00000
2,14088	17,00000	0,00000	0,00000	2,14088	23,00000	0,00000	0,00000
2,15325	19,00000	0,00000	0,00000	2,15325	24,00000	0,00000	0,00000
2,16562	19,00000	0,00000	0,00000	2,16563	25,00000	0,00000	0,00000
2,17800	19,00000	0,00000	0,00000	2,17800	23,00000	0,00000	0,00000
2,19037	19,00000	0,00000	0,00000	2,19038	24,00000	0,00000	0,00000
2,20275	19,00000	0,00000	0,00000	2,20275	22,00000	0,00000	0,00000
2,21513	17,00000	0,00000	0,00000	2,21513	17,00000	0,00000	0,00000
2,22750	19,00000	0,00000	0,00000	2,22750	16,00000	0,00000	0,00000
2,23988	17,00000	0,00000	0,00000	2,23988	16,00000	0,00000	0,00000
2,25225	17,00000	0,00000	0,00000	2,25225	20,00000	0,00000	0,00000
2,26463	18,00000	0,00000	0,00000	2,26463	19,00000	0,00000	0,00000
2,27700	17,00000	0,00000	0,00000	2,27700	23,00000	0,00000	0,00000
2,28938	17,00000	0,00000	0,00000	2,28938	26,00000	0,00000	0,00000
2,30175	19,00000	0,00000	0,00000	2,30175	27,00000	0,00000	0,00000
2,31413	20,00000	0,00000	0,00000	2,31413	29,00000	0,00000	0,00000
2,32650	20,00000	0,00000	0,00000	2,32650	23,00000	0,00000	0,00000
2,33888	18,00000	0,00000	0,00000	2,33888	22,00000	0,00000	0,00000
2,35125	17,00000	0,00000	0,00000	2,35125	23,00000	0,00000	0,00000
2,36363	19,00000	0,00000	0,00000	2,36363	30,00000	0,00000	0,00000
2,37600	20,00000	0,00000	0,00000	2,37600	33,00000	0,00000	0,00000
2,38837	18,00000	0,00000	0,00000	2,38838	33,00000	0,00000	0,00000
2,40075	18,00000	0,00000	0,00000	2,40075	37,00000	0,00000	0,00000
2,41312	19,00000	0,00000	0,00000	2,41313	37,00000	0,00000	0,00000
2,42550	19,00000	0,00000	0,00000	2,42550	34,00000	0,00000	0,00000
2,43788	19,00000	0,00000	0,00000	2,43788	32,00000	0,00000	0,00000
2,45025	19,00000	0,00000	0,00000	2,45025	31,00000	0,00000	0,00000
2,46263	19,00000	0,00000	0,00000	2,46263	30,00000	0,00000	0,00000
2,47500	17,00000	0,00000	0,00000	2,47500	33,00000	0,00000	0,00000
2,48738	17,00000	0,00000	0,00000	2,48738	32,00000	0,00000	0,00000
2,49975	17,00000	0,00000	0,00000	2,49975	37,00000	0,00000	0,00000
2,51213	18,00000	0,00000	0,00000	2,51213	41,00000	0,00000	0,00000
2,52450	22,00000	0,00000	0,00000	2,52450	45,00000	0,00000	0,00000
2,53688	22,00000	0,00000	0,00000	2,53688	48,00000	0,00000	0,00000
2,54925	22,00000	0,00000	0,00000	2,54925	44,00000	0,00000	0,00000
2,56163	22,00000	0,00000	0,00000	2,56163	44,00000	0,00000	0,00000
2,57400	18,00000	0,00000	0,00000	2,57400	40,00000	0,00000	0,00000
2,58638	18,00000	0,00000	0,00000	2,58638	39,00000	0,00000	0,00000
2,59875	20,00000	0,00000	0,00000	2,59875	32,00000	0,00000	0,00000
2,61112	19,00000	0,00000	0,00000	2,61113	34,00000	0,00000	0,00000
2,62350	15,00000	0,00000	0,00000	2,62350	37,00000	0,00000	0,00000
2,63587	15,00000	0,00000	0,00000	2,63588	43,00000	0,00000	0,00000
2,64825	16,00000	0,00000	0,00000	2,64825	48,00000	0,00000	0,00000
2,66063	19,00000	0,00000	0,00000	2,66063	51,00000	0,00000	0,00000
2,67300	20,00000	0,00000	0,00000	2,67300	55,00000	0,00000	0,00000
2,68538	20,00000	0,00000	0,00000	2,68538	53,00000	0,00000	0,00000
2,69775	18,00000	0,00000	0,00000	2,69775	55,00000	0,00000	0,00000
2,71013	18,00000	0,00000	0,00000	2,71013	54,00000	0,00000	0,00000
2,72250	20,00000	0,00000	0,00000	2,72250	55,00000	0,00000	0,00000
2,73488	17,00000	0,00000	0,00000	2,73488	57,00000	0,00000	0,00000
2,74725	17,00000	0,00000	0,00000	2,74725	62,00000	0,00000	0,00000
2,75963	17,00000	0,00000	0,00000	2,75963	66,00000	0,00000	0,00000
2,77200	19,00000	0,00000	0,00000	2,77200	75,00000	0,00000	0,00000
2,78438	20,00000	0,00000	0,00000	2,78438	84,00000	0,00000	0,00000
2,79675	18,00000	0,00000	0,00000	2,79675	93,00000	0,00000	0,00000
2,80913	18,00000	0,00000	0,00000	2,80913	108,00000	0,00000	0,00000
2,82150	18,00000	0,00000	0,00000	2,82150	112,00000	0,00000	0,00000
2,83387	19,00000	0,00000	0,00000	2,83388	121,00000	0,00000	0,00000
2,84625	23,00000	0,00000	0,00000	2,84625	118,00000	0,00000	0,00000
2,85862	24,00000	0,00000	0,00000	2,85863	115,00000	0,00000	0,00000
2,87100	23,00000	0,00000	0,00000	2,87100	103,00000	0,00000	0,00000
2,88338	22,00000	0,00000	0,00000	2,88338	97,00000	0,00000	0,00000
2,89575	17,00000	0,00000	0,00000	2,89575	94,00000	0,00000	0,00000
2,90813	17,00000	0,00000	0,00000	2,90813	94,00000	0,00000	0,00000
2,92050	18,00000	0,00000	0,00000	2,92050	96,00000	0,00000	0,00000
2,93288	22,00000	0,00000	0,00000	2,93288	100,00000	0,00000	0,00000
2,94525	23,00000	0,00000	0,00000	2,94525	103,00000	0,00000	0,00000
2,95763	24,00000	0,00000	0,00000	2,95763	109,00000	0,00000	0,00000
2,97000	22,00000	0,00000	0,00000	2,97000	116,00000	0,00000	0,00000
2,98238	23,00000	0,00000	0,00000	2,98238	126,00000	0,00000	0,00000
2,99475	23,00000	0,00000	0,00000	2,99475	121,00000	0,00000	0,00000
3,00713	22,00000	0,00000	0,00000	3,00713	126,00000	0,00000	0,00000
3,01950	19,00000	0,00000	0,00000	3,01950	121,00000	0,00000	0,00000
3,03188	19,00000	0,00000	0,00000	3,03188	123,00000	0,00000	0,00000
3,04425	22,00000	0,00000	0,00000	3,04425	118,00000	0,00000	0,00000
3,05662	20,00000	0,00000	0,00000	3,05663	112,00000	0,00000	0,00000
3,06900	23,00000	0,00000	0,00000	3,06900	114,00000	0,00000	0,00000
3,08137	23,00000	0,00000	0,00000	3,08138	123,00000	0,00000	0,00000
3,09375	22,00000	0,00000	0,00000	3,09375	129,00000	0,00000	0,00000
3,10613	17,00000	0,00000	0,00000	3,10613	128,00000	0,00000	0,00000
3,11850	19,00000	0,00000	0,00000	3,11850	136,00000	0,00000	0,00000
3,13088	22,00000	0,00000	0,00000	3,13088	143,00000	0,00000	0,00000
3,14325	29,00000	0,00000	0,00000	3,14325	151,00000	0,00000	0,00000
3,15563	29,00000	0,00000	0,00000	3,15563	151,00000	0,00000	0,00000
3,16800	29,00000	0,00000	0,00000	3,16800	155,00000	0,00000	0,00000
3,18038	26,00000	0,00000	0,00000	3,18038	157,00000	0,00000	0,00000
3,19275	26,00000	0,00000	0,00000	3,19275	148,00000	0,00000	0,00000
3,20513	26,00000	0,00000	0,00000	3,20513	140,00000	0,00000	0,00000
3,21750	31,00000	0,00000	0,00000	3,21750	139,00000	0,00000	0,00000
3,22988	39,00000	0,00000	0,00000	3,22988	148,00000	0,00000	0,00000
3,24225	43,00000	0,00000	0,00000	3,24225	140,00000	0,00000	0,00000
3,25463	40,00000	0,00000	0,00000	3,25463	151,00000	0,00000	0,00000
3,26700	37,00000	0,00000	0,00000	3,26700	164,00000	0,00000	0,00000
3,27938	34,00000	0,00000	0,00000	3,27938	172,00000	0,00000	0,00000
3,29175	36,00000	0,00000	0,00000	3,29175	187,00000	0,00000	0,00000
3,30412	41,00000	0,00000	0,00000	3,30413	201,00000	0,00000	0,00000
3,31650	50,00000	0,00000	0,00000	3,31650	216,00000	0,00000	0,00000
3,32888	53,00000	0,00000	0,00000	3,32888	228,00000	0,00000	0,00000
3,34125	51,00000	0,00000	0,00000	3,34125	237,00000	0,00000	0,00000
3,35363	41,00000	0,00000	0,00000	3,35363	243,00000	0,00000	0,00000
3,36600	32,00000	0,00000	0,00000	3,36600	244,00000	0,00000	0,00000
3,37838	26,00000	0,00000	0,00000	3,37838	253,00000	0,00000	0,00000
3,39075	26,00000	0,00000	0,00000	3,39075	244,00000	0,00000	0,00000
3,40313	37,00000	0,00000	0,00000	3,40313	240,00000	0,00000	0,00000
3,41550	52,00000	0,00000	0,00000	3,41550	232,00000	0,00000	0,00000
3,42788	60,00000	0,00000	0,00000	3,42788	215,00000	0,00000	0,00000
3,44025	62,00000	0,00000	0,00000	3,44025	203,00000	0,00000	0,00000
3,45263	57,00000	0,00000	0,00000	3,45263	183,00000	0,00000	0,00000
3,46500	52,00000	0,00000	0,00000	3,46500	180,00000	0,00000	0,00000
3,47738	48,00000	0,00000	0,00000	3,47738	173,00000	0,00000	0,00000
3,48975	46,00000	0,00000	0,00000	3,48975	172,00000	0,00000	0,00000
3,50213	47,00000	0,00000	0,00000	3,50213	165,00000	0,00000	0,00000
3,51450	46,00000	0,00000	0,00000	3,51450	175,00000	0,00000	0,00000
3,52687	45,00000	0,00000	0,00000	3,52688	168,00000	0,00000	0,00000
3,53925	41,00000	0,00000	0,00000	3,53925	182,00000	0,00000	0,00000
3,55163	34,00000	0,00000	0,00000	3,55163	180,00000	0,00000	0,00000
3,56400	34,00000	0,00000	0,00000	3,56400	178,00000	0,00000	0,00000
3,57638	38,00000	0,00000	0,00000	3,57638	180,00000	0,00000	0,00000
3,58875	39,00000	0,00000	0,00000	3,58875	179,00000	0,00000	0,00000
3,60113	46,00000	0,00000	0,00000	3,60113	183,00000	0,00000	0,00000
3,61350	53,00000	0,00000	0,00000	3,61350	182,00000	0,00000	0,00000
3,62588	60,00000	0,00000	0,00000	3,62588	182,00000	0,00000	0,00000
3,63825	64,00000	0,00000	0,00000	3,63825	179,00000	0,00000	0,00000
3,65063	61,00000	0,00000	0,00000	3,65063	183,00000	0,00000	0,00000
3,66300	60,00000	0,00000	0,00000	3,66300	188,00000	0,00000	0,00000
3,67538	57,00000	0,00000	0,00000	3,67538	187,00000	0,00000	0,00000
3,68775	55,00000	0,00000	0,00000	3,68775	181,00000	0,00000	0,00000
3,70013	52,00000	0,00000	0,00000	3,70013	178,00000	0,00000	0,00000
3,71250	54,00000	0,00000	0,00000	3,71250	166,00000	0,00000	0,00000
3,72488	59,00000	0,00000	0,00000	3,72488	172,00000	0,00000	0,00000
3,73725	72,00000	0,00000	0,00000	3,73725	150,00000	0,00000	0,00000
3,74962	80,00000	0,00000	0,00000	3,74963	143,00000	0,00000	0,00000
3,76200	89,00000	0,00000	0,00000	3,76200	132,00000	0,00000	0,00000
3,77438	95,00000	0,00000	0,00000	3,77438	129,00000	0,00000	0,00000
3,78675	103,00000	0,00000	0,00000	3,78675	129,00000	0,00000	0,00000
3,79913	114,00000	0,00000	0,00000	3,79913	131,00000	0,00000	0,00000
3,81150	123,00000	0,00000	0,00000	3,81150	132,00000	0,00000	0,00000
3,82388	128,00000	0,00000	0,00000	3,82388	139,00000	0,00000	0,00000
3,83625	131,00000	0,00000	0,00000	3,83625	143,00000	0,00000	0,00000
3,84863	138,00000	0,00000	0,00000	3,84863	139,00000	0,00000	0,00000
3,86100	144,00000	0,00000	0,00000	3,86100	131,00000	0,00000	0,00000
3,87338	148,00000	0,00000	0,00000	3,87338	131,00000	0,00000	0,00000
3,88575	153,00000	0,00000	0,00000	3,88575	124,00000	0,00000	0,00000
3,89813	159,00000	0,00000	0,00000	3,89813	124,00000	0,00000	0,00000
3,91050	161,00000	0,00000	0,00000	3,91050	121,00000	0,00000	0,00000
3,92288	154,00000	0,00000	0,00000	3,92288	126,00000	0,00000	0,00000
3,93525	145,00000	0,00000	0,00000	3,93525	123,00000	0,00000	0,00000
3,94763	137,00000	0,00000	0,00000	3,94763	128,00000	0,00000	0,00000
3,96000	133,00000	0,00000	0,00000	3,96000	126,00000	0,00000	0,00000
3,97237	133,00000	0,00000	0,00000	3,97238	129,00000	0,00000	0,00000
3,98475	132,00000	0,00000	0,00000	3,98475	112,00000	0,00000	0,00000
3,99713	136,00000	0,00000	0,00000	3,99713	104,00000	0,00000	0,00000
4,00950	140,00000	0,00000	0,00000	4,00950	108,00000	0,00000	0,00000
4,02188	155,00000	0,00000	0,00000	4,02188	109,00000	0,00000	0,00000
4,03425	171,00000	0,00000	0,00000	4,03425	118,00000	0,00000	0,00000
4,04663	183,00000	0,00000	0,00000	4,04663	117,00000	0,00000	0,00000
4,05900	195,00000	0,00000	0,00000	4,05900	122,00000	0,00000	0,00000
4,07138	208,00000	0,00000	0,00000	4,07138	118,00000	0,00000	0,00000
4,08375	218,00000	0,00000	0,00000	4,08375	110,00000	0,00000	0,00000
4,09612	222,00000	0,00000	0,00000	4,09613	107,00000	0,00000	0,00000
4,10850	216,00000	0,00000	0,00000	4,10850	91,00000	0,00000	0,00000
4,12087	195,00000	0,00000	0,00000	4,12088	80,00000	0,00000	0,00000
4,13325	173,00000	0,00000	0,00000	4,13325	69,00000	0,00000	0,00000
4,14562	158,00000	0,00000	0,00000	4,14563	69,00000	0,00000	0,00000
4,15800	145,00000	0,00000	0,00000	4,15800	67,00000	0,00000	0,00000
4,17037	136,00000	0,00000	0,00000	4,17038	72,00000	0,00000	0,00000
4,18275	137,00000	0,00000	0,00000	4,18275	76,00000	0,00000	0,00000
4,19512	144,00000	0,00000	0,00000	4,19513	73,00000	0,00000	0,00000
4,20750	145,00000	0,00000	0,00000	4,20750	67,00000	0,00000	0,00000
4,21988	136,00000	0,00000	0,00000	4,21988	71,00000	0,00000	0,00000
4,23225	133,00000	0,00000	0,00000	4,23225	60,00000	0,00000	0,00000
4,24463	143,00000	0,00000	0,00000	4,24463	55,00000	0,00000	0,00000
4,25700	155,00000	0,00000	0,00000	4,25700	48,00000	0,00000	0,00000
4,26938	166,00000	0,00000	0,00000	4,26938	45,00000	0,00000	0,00000
4,28175	171,00000	0,00000	0,00000	4,28175	45,00000	0,00000	0,00000
4,29413	171,00000	0,00000	0,00000	4,29413	46,00000	0,00000	0,00000
4,30650	173,00000	0,00000	0,00000	4,30650	51,00000	0,00000	0,00000
4,31888	181,00000	0,00000	0,00000	4,31888	54,00000	0,00000	0,00000
4,33125	196,00000	0,00000	0,00000	4,33125	50,00000	0,00000	0,00000
4,34363	207,00000	0,00000	0,00000	4,34363	39,00000	0,00000	0,00000
4,35600	210,00000	0,00000	0,00000	4,35600	38,00000	0,00000	0,00000
4,36838	208,00000	0,00000	0,00000	4,36838	40,00000	0,00000	0,00000
4,38075	203,00000	0,00000	0,00000	4,38075	41,00000	0,00000	0,00000
4,39313	200,00000	0,00000	0,00000	4,39313	41,00000	0,00000	0,00000
4,40550	194,00000	0,00000	0,00000	4,40550	40,00000	0,00000	0,00000
4,41788	189,00000	0,00000	0,00000	4,41788	39,00000	0,00000	0,00000
4,43025	182,00000	0,00000	0,00000	4,43025	43,00000	0,00000	0,00000
4,44263	179,00000	0,00000	0,00000	4,44263	40,00000	0,00000	0,00000
4,45500	172,00000	0,00000	0,00000	4,45500	46,00000	0,00000	0,00000
4,46738	166,00000	0,00000	0,00000	4,46738	44,00000	0,00000	0,00000
4,47975	164,00000	0,00000	0,00000	4,47975	39,00000	0,00000	0,00000
4,49213	171,00000	0,00000	0,00000	4,49213	34,00000	0,00000	0,00000
4,50450	176,00000	0,00000	0,00000	4,50450	32,00000	0,00000	0,00000
4,51688	179,00000	0,00000	0,00000	4,51688	32,00000	0,00000	0,00000
4,52925	175,00000	0,00000	0,00000	4,52925	34,00000	0,00000	0,00000
4,54162	172,00000	0,00000	0,00000	4,54163	34,00000	0,00000	0,00000
4,55400	172,00000	0,00000	0,00000	4,55400	29,00000	0,00000	0,00000
4,56637	173,00000	0,00000	0,00000	4,56638	24,00000	0,00000	0,00000
4,57875	174,00000	0,00000	0,00000	4,57875	22,00000	0,00000	0,00000
4,59112	178,00000	0,00000	0,00000	4,59113	20,00000	0,00000	0,00000
4,60350	178,00000	0,00000	0,00000	4,60350	20,00000	0,00000	0,00000
4,61587	180,00000	0,00000	0,00000	4,61588	24,00000	0,00000	0,00000
4,62825	174,00000	0,00000	0,00000	4,62825	25,00000	0,00000	0,00000
4,64063	164,00000	0,00000	0,00000	4,64063	25,00000	0,00000	0,00000
4,65300	146,00000	0,00000	0,00000	4,65300	24,00000	0,00000	0,00000
4,66538	130,00000	0,00000	0,00000	4,66538	20,00000	0,00000	0,00000
4,67775	112,00000	0,00000	0,00000	4,67775	23,00000	0,00000	0,00000
4,69013	100,00000	0,00000	0,00000	4,69013	20,00000	0,00000	0,00000
4,70250	100,00000	0,00000	0,00000	4,70250	20,00000	0,00000	0,00000
4,71488	108,00000	0,00000	0,00000	4,71488	23,00000	0,00000	0,00000
4,72725	118,00000	0,00000	0,00000	4,72725	22,00000	0,00000	0,00000
4,73963	129,00000	0,00000	0,00000	4,73963	22,00000	0,00000	0,00000
4,75200	139,00000	0,00000	0,00000	4,75200	24,00000	0,00000	0,00000
4,76438	146,00000	0,00000	0,00000	4,76438	23,00000	0,00000	0,00000
4,77675	146,00000	0,00000	0,00000	4,77675	20,00000	0,00000	0,00000
4,78913	139,00000	0,00000	0,00000	4,78913	17,00000	0,00000	0,00000
4,80150	132,00000	0,00000	0,00000	4,80150	20,00000	0,00000	0,00000
4,81388	122,00000	0,00000	0,00000	4,81388	19,00000	0,00000	0,00000
4,82625	105,00000	0,00000	0,00000	4,82625	20,00000	0,00000	0,00000
4,83863	90,00000	0,00000	0,00000	4,83863	18,00000	0,00000	0,00000
4,85100	81,00000	0,00000	0,00000	4,85100	17,00000	0,00000	0,00000
4,86338	76,00000	0,00000	0,00000	4,86338	20,00000	0,00000	0,00000
4,87575	71,00000	0,00000	0,00000	4,87575	17,00000	0,00000	0,00000
4,88813	68,00000	0,00000	0,00000	4,88813	17,00000	0,00000	0,00000
4,90050	64,00000	0,00000	0,00000	4,90050	17,00000	0,00000	0,00000
4,91288	65,00000	0,00000	0,00000	4,91288	18,00000	0,00000	0,00000
4,92525	67,00000	0,00000	0,00000	4,92525	17,00000	0,00000	0,00000
4,93763	65,00000	0,00000	0,00000	4,93763	16,00000	0,00000	0,00000
4,95000	65,00000	0,00000	0,00000	4,95000	17,00000	0,00000	0,00000
4,96238	72,00000	0,00000	0,00000	4,96238	17,00000	0,00000	0,00000
4,97475	80,00000	0,00000	0,00000	4,97475	17,00000	0,00000	0,00000
4,98712	89,00000	0,00000	0,00000	4,98713	18,00000	0,00000	0,00000
4,99950	91,00000	0,00000	0,00000	4,99950	17,00000	0,00000	0,00000
5,01187	89,00000	0,00000	0,00000	5,01188	17,00000	0,00000	0,00000
5,02425	80,00000	0,00000	0,00000	5,02425	18,00000	0,00000	0,00000
5,03662	71,00000	0,00000	0,00000	5,03663	16,00000	0,00000	0,00000
5,04900	68,00000	0,00000	0,00000	5,04900	15,00000	0,00000	0,00000
5,06137	66,00000	0,00000	0,00000	5,06138	18,00000	0,00000	0,00000
5,07375	66,00000	0,00000	0,00000	5,07375	17,00000	0,00000	0,00000
5,08613	64,00000	0,00000	0,00000	5,08613	17,00000	0,00000	0,00000
5,09850	60,00000	0,00000	0,00000	5,09850	18,00000	0,00000	0,00000
5,11088	58,00000	0,00000	0,00000	5,11088	15,00000	0,00000	0,00000
5,12325	57,00000	0,00000	0,00000	5,12325	15,00000	0,00000	0,00000
5,13563	55,00000	0,00000	0,00000	5,13563	18,00000	0,00000	0,00000
5,14800	57,00000	0,00000	0,00000	5,14800	17,00000	0,00000	0,00000
5,16038	55,00000	0,00000	0,00000	5,16038	19,00000	0,00000	0,00000
5,17275	54,00000	0,00000	0,00000	5,17275	16,00000	0,00000	0,00000
5,18513	50,00000	0,00000	0,00000	5,18513	17,00000	0,00000	0,00000
5,19750	50,00000	0,00000	0,00000	5,19750	13,00000	0,00000	0,00000
5,20988	51,00000	0,00000	0,00000	5,20988	15,00000	0,00000	0,00000
5,22225	52,00000	0,00000	0,00000	5,22225	18,00000	0,00000	0,00000
5,23463	47,00000	0,00000	0,00000	5,23463	16,00000	0,00000	0,00000
5,24700	44,00000	0,00000	0,00000	5,24700	18,00000	0,00000	0,00000
5,25938	39,00000	0,00000	0,00000	5,25938	16,00000	0,00000	0,00000
5,27175	36,00000	0,00000	0,00000	5,27175	19,00000	0,00000	0,00000
5,28413	34,00000	0,00000	0,00000	5,28413	17,00000	0,00000	0,00000
5,29650	32,00000	0,00000	0,00000	5,29650	17,00000	0,00000	0,00000
5,30888	32,00000	0,00000	0,00000	5,30888	15,00000	0,00000	0,00000
5,32125	30,00000	0,00000	0,00000	5,32125	18,00000	0,00000	0,00000
5,33363	33,00000	0,00000	0,00000	5,33363	17,00000	0,00000	0,00000
5,34600	38,00000	0,00000	0,00000	5,34600	18,00000	0,00000	0,00000
5,35838	40,00000	0,00000	0,00000	5,35838	17,00000	0,00000	0,00000
5,37075	41,00000	0,00000	0,00000	5,37075	15,00000	0,00000	0,00000
5,38313	43,00000	0,00000	0,00000	5,38313	18,00000	0,00000	0,00000
5,39550	41,00000	0,00000	0,00000	5,39550	17,00000	0,00000	0,00000
5,40788	39,00000	0,00000	0,00000	5,40788	18,00000	0,00000	0,00000
5,42025	37,00000	0,00000	0,00000	5,42025	17,00000	0,00000	0,00000
5,43262	32,00000	0,00000	0,00000	5,43263	15,00000	0,00000	0,00000
5,44500	26,00000	0,00000	0,00000	5,44500	18,00000	0,00000	0,00000
5,45737	23,00000	0,00000	0,00000	5,45738	17,00000	0,00000	0,00000
5,46975	20,00000	0,00000	0,00000	5,46975	16,00000	0,00000	0,00000
5,48212	19,00000	0,00000	0,00000	5,48213	17,00000	0,00000	0,00000
5,49450	18,00000	0,00000	0,00000	5,49450	17,00000	0,00000	0,00000
5,50687	17,00000	0,00000	0,00000	5,50688	18,00000	0,00000	0,00000
5,51925	22,00000	0,00000	0,00000	5,51925	17,00000	0,00000	0,00000
5,53163	25,00000	0,00000	0,00000	5,53163	15,00000	0,00000	0,00000
5,54400	30,00000	0,00000	0,00000	5,54400	17,00000	0,00000	0,00000
5,55638	30,00000	0,00000	0,00000	5,55638	17,00000	0,00000	0,00000
5,56875	26,00000	0,00000	0,00000	5,56875	16,00000	0,00000	0,00000
5,58113	19,00000	0,00000	0,00000	5,58113	16,00000	0,00000	0,00000
5,59350	20,00000	0,00000	0,00000	5,59350	15,00000	0,00000	0,00000
5,60588	23,00000	0,00000	0,00000	5,60588	15,00000	0,00000	0,00000
5,61825	23,00000	0,00000	0,00000	5,61825	17,00000	0,00000	0,00000
5,63063	22,00000	0,00000	0,00000	5,63063	17,00000	0,00000	0,00000
5,64300	18,00000	0,00000	0,00000	5,64300	15,00000	0,00000	0,00000
5,65538	18,00000	0,00000	0,00000	5,65538	17,00000	0,00000	0,00000
5,66775	20,00000	0,00000	0,00000	5,66775	16,00000	0,00000	0,00000
5,68013	20,00000	0,00000	0,00000	5,68013	17,00000	0,00000	0,00000
5,69250	20,00000	0,00000	0,00000	5,69250	16,00000	0,00000	0,00000
5,70488	19,00000	0,00000	0,00000	5,70488	16,00000	0,00000	0,00000
5,71725	17,00000	0,00000	0,00000	5,71725	15,00000	0,00000	0,00000
5,72963	17,00000	0,00000	0,00000	5,72963	17,00000	0,00000	0,00000
5,74200	20,00000	0,00000	0,00000	5,74200	15,00000	0,00000	0,00000
5,75438	19,00000	0,00000	0,00000	5,75438	17,00000	0,00000	0,00000
5,76675	17,00000	0,00000	0,00000	5,76675	17,00000	0,00000	0,00000
5,77913	17,00000	0,00000	0,00000	5,77913	17,00000	0,00000	0,00000
5,79150	19,00000	0,00000	0,00000	5,79150	17,00000	0,00000	0,00000
5,80388	20,00000	0,00000	0,00000	5,80388	17,00000	0,00000	0,00000
5,81625	20,00000	0,00000	0,00000	5,81625	15,00000	0,00000	0,00000
5,82863	20,00000	0,00000	0,00000	5,82863	15,00000	0,00000	0,00000
5,84100	19,00000	0,00000	0,00000	5,84100	17,00000	0,00000	0,00000
5,85338	17,00000	0,00000	0,00000	5,85338	18,00000	0,00000	0,00000
5,86575	16,00000	0,00000	0,00000	5,86575	16,00000	0,00000	0,00000
5,87813	17,00000	0,00000	0,00000	5,87813	17,00000	0,00000	0,00000
5,89050	19,00000	0,00000	0,00000	5,89050	16,00000	0,00000	0,00000
5,90287	19,00000	0,00000	0,00000	5,90288	16,00000	0,00000	0,00000
5,91525	19,00000	0,00000	0,00000	0,00000	15,00000	0,00000	0,00000
5,92762	17,00000	0,00000	0,00000	0,00000	9,00000	0,00000	0,00000
5,94000	17,00000	0,00000	0,00000	0,00000	0,00000	0,00000	0,00000
5,95237	19,00000	0,00000	0,00000	0,00000	0,00000	0,00000	0,00000
5,96475	17,00000	0,00000	0,00000	0,00000	0,00000	0,00000	0,00000
5,97713	17,00000	0,00000	0,00000	0,00000	0,00000	0,00000	0,00000
5,98950	18,00000	0,00000	0,00000	0,00000	0,00000	0,00000	0,00000
6,00188	18,00000	0,00000	0,00000	0,00000	0,00000	0,00000	0,00000
6,01425	17,00000	0,00000	0,00000	0,00000	0,00000	0,00000	0,00000
6,02663	15,00000	0,00000	0,00000	0,00000	0,00000	0,00000	0,00000
6,03900	15,00000	0,00000	0,00000	0,00000	0,00000	0,00000	0,00000
6,05138	16,00000	0,00000	0,00000	0,00000	0,00000	0,00000	0,00000
6,06375	20,00000	0,00000	0,00000	0,00000	0,00000	0,00000	0,00000
6,07613	24,00000	0,00000	0,00000	0,00000	0,00000	0,00000	0,00000
6,08850	20,00000	0,00000	0,00000	0,00000	0,00000	0,00000	0,00000
6,10088	18,00000	0,00000	0,00000	0,00000	0,00000	0,00000	0,00000
6,11325	17,00000	0,00000	0,00000	0,00000	0,00000	0,00000	0,00000
6,12563	19,00000	0,00000	0,00000	0,00000	0,00000	0,00000	0,00000
6,13800	17,00000	0,00000	0,00000	0,00000	0,00000	0,00000	0,00000
6,15038	17,00000	0,00000	0,00000	0,00000	0,00000	0,00000	0,00000
6,16275	19,00000	0,00000	0,00000	0,00000	0,00000	0,00000	0,00000
6,17513	20,00000	0,00000	0,00000	0,00000	0,00000	0,00000	0,00000
6,18750	18,00000	0,00000	0,00000	0,00000	0,00000	0,00000	0,00000
6,19988	18,00000	0,00000	0,00000	0,00000	0,00000	0,00000	0,00000
6,21225	18,00000	0,00000	0,00000	0,00000	0,00000	0,00000	0,00000
6,22463	18,00000	0,00000	0,00000	0,00000	0,00000	0,00000	0,00000
6,23700	20,00000	0,00000	0,00000	0,00000	0,00000	0,00000	0,00000
6,24938	22,00000	0,00000	0,00000	0,00000	0,00000	0,00000	0,00000
6,26175	20,00000	0,00000	0,00000	0,00000	0,00000	0,00000	0,00000
6,27413	18,00000	0,00000	0,00000	0,00000	0,00000	0,00000	0,00000
6,28650	19,00000	0,00000	0,00000	0,00000	0,00000	0,00000	0,00000
6,29888	19,00000	0,00000	0,00000	0,00000	0,00000	0,00000	0,00000
6,31125	18,00000	0,00000	0,00000	0,00000	0,00000	0,00000	0,00000
6,32363	16,00000	0,00000	0,00000	0,00000	0,00000	0,00000	0,00000
6,33600	17,00000	0,00000	0,00000	0,00000	0,00000	0,00000	0,00000
6,34837	15,00000	0,00000	0,00000	0,00000	0,00000	0,00000	0,00000
6,36075	15,00000	0,00000	0,00000	0,00000	0,00000	0,00000	0,00000
6,37312	17,00000	0,00000	0,00000	0,00000	0,00000	0,00000	0,00000
6,38550	17,00000	0,00000	0,00000	0,00000	0,00000	0,00000	0,00000
6,39787	17,00000	0,00000	0,00000	0,00000	0,00000	0,00000	0,00000
6,41025	17,00000	0,00000	0,00000	0,00000	0,00000	0,00000	0,00000
6,42263	17,00000	0,00000	0,00000	0,00000	0,00000	0,00000	0,00000
6,43500	15,00000	0,00000	0,00000	0,00000	0,00000	0,00000	0,00000
6,44738	15,00000	0,00000	0,00000	0,00000	0,00000	0,00000	0,00000
6,45975	17,00000	0,00000	0,00000	0,00000	0,00000	0,00000	0,00000
6,47213	18,00000	0,00000	0,00000	0,00000	0,00000	0,00000	0,00000
6,48450	18,00000	0,00000	0,00000	0,00000	0,00000	0,00000	0,00000
6,49688	18,00000	0,00000	0,00000	0,00000	0,00000	0,00000	0,00000
6,50925	18,00000	0,00000	0,00000	0,00000	0,00000	0,00000	0,00000
6,52163	16,00000	0,00000	0,00000	0,00000	0,00000	0,00000	0,00000
6,53400	16,00000	0,00000	0,00000	0,00000	0,00000	0,00000	0,00000
6,54638	16,00000	0,00000	0,00000	0,00000	0,00000	0,00000	0,00000
6,55875	18,00000	0,00000	0,00000	0,00000	0,00000	0,00000	0,00000
6,57113	18,00000	0,00000	0,00000	0,00000	0,00000	0,00000	0,00000
6,58350	18,00000	0,00000	0,00000	0,00000	0,00000	0,00000	0,00000
6,59588	18,00000	0,00000	0,00000	0,00000	0,00000	0,00000	0,00000
6,60825	18,00000	0,00000	0,00000	0,00000	0,00000	0,00000	0,00000
6,62063	18,00000	0,00000	0,00000	0,00000	0,00000	0,00000	0,00000
6,63300	18,00000	0,00000	0,00000	0,00000	0,00000	0,00000	0,00000
6,64538	18,00000	0,00000	0,00000	0,00000	0,00000	0,00000	0,00000
6,65775	18,00000	0,00000	0,00000	0,00000	0,00000	0,00000	0,00000
6,67013	18,00000	0,00000	0,00000	0,00000	0,00000	0,00000	0,00000
6,68250	18,00000	0,00000	0,00000	0,00000	0,00000	0,00000	0,00000
6,69488	18,00000	0,00000	0,00000	0,00000	0,00000	0,00000	0,00000
6,70725	16,00000	0,00000	0,00000	0,00000	0,00000	0,00000	0,00000
6,71963	16,00000	0,00000	0,00000	0,00000	0,00000	0,00000	0,00000
6,73200	18,00000	0,00000	0,00000	0,00000	0,00000	0,00000	0,00000
6,74438	18,00000	0,00000	0,00000	0,00000	0,00000	0,00000	0,00000
6,75675	18,00000	0,00000	0,00000	0,00000	0,00000	0,00000	0,00000
6,76913	18,00000	0,00000	0,00000	0,00000	0,00000	0,00000	0,00000
6,78150	18,00000	0,00000	0,00000	0,00000	0,00000	0,00000	0,00000
6,79387	18,00000	0,00000	0,00000	0,00000	0,00000	0,00000	0,00000
6,80625	16,00000	0,00000	0,00000	0,00000	0,00000	0,00000	0,00000
6,81862	16,00000	0,00000	0,00000	0,00000	0,00000	0,00000	0,00000
6,83100	17,00000	0,00000	0,00000	0,00000	0,00000	0,00000	0,00000
6,84337	17,00000	0,00000	0,00000	0,00000	0,00000	0,00000	0,00000
6,85575	17,00000	0,00000	0,00000	0,00000	0,00000	0,00000	0,00000
6,86813	17,00000	0,00000	0,00000	0,00000	0,00000	0,00000	0,00000
6,88050	17,00000	0,00000	0,00000	0,00000	0,00000	0,00000	0,00000
6,89288	15,00000	0,00000	0,00000	0,00000	0,00000	0,00000	0,00000
6,90525	15,00000	0,00000	0,00000	0,00000	0,00000	0,00000	0,00000
6,91763	17,00000	0,00000	0,00000	0,00000	0,00000	0,00000	0,00000
6,93000	17,00000	0,00000	0,00000	0,00000	0,00000	0,00000	0,00000
6,94238	15,00000	0,00000	0,00000	0,00000	0,00000	0,00000	0,00000
6,95475	17,00000	0,00000	0,00000	0,00000	0,00000	0,00000	0,00000
6,96713	17,00000	0,00000	0,00000	0,00000	0,00000	0,00000	0,00000
6,97950	17,00000	0,00000	0,00000	0,00000	0,00000	0,00000	0,00000
6,99188	17,00000	0,00000	0,00000	0,00000	0,00000	0,00000	0,00000
7,00425	15,00000	0,00000	0,00000	0,00000	0,00000	0,00000	0,00000
7,01663	15,00000	0,00000	0,00000	0,00000	0,00000	0,00000	0,00000
7,02900	17,00000	0,00000	0,00000	0,00000	0,00000	0,00000	0,00000
7,04138	17,00000	0,00000	0,00000	0,00000	0,00000	0,00000	0,00000
7,05375	17,00000	0,00000	0,00000	0,00000	0,00000	0,00000	0,00000
7,06613	17,00000	0,00000	0,00000	0,00000	0,00000	0,00000	0,00000
7,07850	16,00000	0,00000	0,00000	0,00000	0,00000	0,00000	0,00000
7,09088	16,00000	0,00000	0,00000	0,00000	0,00000	0,00000	0,00000
7,10325	18,00000	0,00000	0,00000	0,00000	0,00000	0,00000	0,00000
7,11563	19,00000	0,00000	0,00000	0,00000	0,00000	0,00000	0,00000
7,12800	19,00000	0,00000	0,00000	0,00000	0,00000	0,00000	0,00000
7,14038	19,00000	0,00000	0,00000	0,00000	0,00000	0,00000	0,00000
7,15275	18,00000	0,00000	0,00000	0,00000	0,00000	0,00000	0,00000
7,16513	16,00000	0,00000	0,00000	0,00000	0,00000	0,00000	0,00000
7,17750	16,00000	0,00000	0,00000	0,00000	0,00000	0,00000	0,00000
7,18988	18,00000	0,00000	0,00000	0,00000	0,00000	0,00000	0,00000
7,20225	16,00000	0,00000	0,00000	0,00000	0,00000	0,00000	0,00000
7,21463	16,00000	0,00000	0,00000	0,00000	0,00000	0,00000	0,00000
7,22700	18,00000	0,00000	0,00000	0,00000	0,00000	0,00000	0,00000
7,23938	17,00000	0,00000	0,00000	0,00000	0,00000	0,00000	0,00000
7,25175	15,00000	0,00000	0,00000	0,00000	0,00000	0,00000	0,00000
7,26412	15,00000	0,00000	0,00000	0,00000	0,00000	0,00000	0,00000
7,27650	17,00000	0,00000	0,00000	0,00000	0,00000	0,00000	0,00000
7,28887	17,00000	0,00000	0,00000	0,00000	0,00000	0,00000	0,00000
7,30125	17,00000	0,00000	0,00000	0,00000	0,00000	0,00000	0,00000
7,31363	17,00000	0,00000	0,00000	0,00000	0,00000	0,00000	0,00000
7,32600	17,00000	0,00000	0,00000	0,00000	0,00000	0,00000	0,00000
7,33838	17,00000	0,00000	0,00000	0,00000	0,00000	0,00000	0,00000
7,35075	16,00000	0,00000	0,00000	0,00000	0,00000	0,00000	0,00000
7,36313	16,00000	0,00000	0,00000	0,00000	0,00000	0,00000	0,00000
7,37550	18,00000	0,00000	0,00000	0,00000	0,00000	0,00000	0,00000
7,38788	18,00000	0,00000	0,00000	0,00000	0,00000	0,00000	0,00000
7,40025	16,00000	0,00000	0,00000	0,00000	0,00000	0,00000	0,00000
7,41263	16,00000	0,00000	0,00000	0,00000	0,00000	0,00000	0,00000
7,42500	17,00000	0,00000	0,00000	0,00000	0,00000	0,00000	0,00000
7,43738	17,00000	0,00000	0,00000	0,00000	0,00000	0,00000	0,00000
7,44975	17,00000	0,00000	0,00000	0,00000	0,00000	0,00000	0,00000
7,46213	17,00000	0,00000	0,00000	0,00000	0,00000	0,00000	0,00000
7,47450	17,00000	0,00000	0,00000	0,00000	0,00000	0,00000	0,00000
7,48688	17,00000	0,00000	0,00000	0,00000	0,00000	0,00000	0,00000
7,49925	17,00000	0,00000	0,00000	0,00000	0,00000	0,00000	0,00000
7,51163	17,00000	0,00000	0,00000	0,00000	0,00000	0,00000	0,00000
7,52400	15,00000	0,00000	0,00000	0,00000	0,00000	0,00000	0,00000
7,53638	15,00000	0,00000	0,00000	0,00000	0,00000	0,00000	0,00000
7,54875	17,00000	0,00000	0,00000	0,00000	0,00000	0,00000	0,00000
7,56113	17,00000	0,00000	0,00000	0,00000	0,00000	0,00000	0,00000
7,57350	16,00000	0,00000	0,00000	0,00000	0,00000	0,00000	0,00000
7,58588	18,00000	0,00000	0,00000	0,00000	0,00000	0,00000	0,00000
7,59825	18,00000	0,00000	0,00000	0,00000	0,00000	0,00000	0,00000
7,61063	18,00000	0,00000	0,00000	0,00000	0,00000	0,00000	0,00000
7,62300	17,00000	0,00000	0,00000	0,00000	0,00000	0,00000	0,00000
7,63538	15,00000	0,00000	0,00000	0,00000	0,00000	0,00000	0,00000
7,64775	15,00000	0,00000	0,00000	0,00000	0,00000	0,00000	0,00000
7,66013	17,00000	0,00000	0,00000	0,00000	0,00000	0,00000	0,00000
7,67250	16,00000	0,00000	0,00000	0,00000	0,00000	0,00000	0,00000
7,68488	18,00000	0,00000	0,00000	0,00000	0,00000	0,00000	0,00000
7,69725	18,00000	0,00000	0,00000	0,00000	0,00000	0,00000	0,00000
7,70962	18,00000	0,00000	0,00000	0,00000	0,00000	0,00000	0,00000
7,72200	18,00000	0,00000	0,00000	0,00000	0,00000	0,00000	0,00000
7,73438	16,00000	0,00000	0,00000	0,00000	0,00000	0,00000	0,00000
7,74675	16,00000	0,00000	0,00000	0,00000	0,00000	0,00000	0,00000
7,75913	17,00000	0,00000	0,00000	0,00000	0,00000	0,00000	0,00000
7,77150	17,00000	0,00000	0,00000	0,00000	0,00000	0,00000	0,00000
7,78388	17,00000	0,00000	0,00000	0,00000	0,00000	0,00000	0,00000
7,79625	17,00000	0,00000	0,00000	0,00000	0,00000	0,00000	0,00000
7,80863	17,00000	0,00000	0,00000	0,00000	0,00000	0,00000	0,00000
7,82100	17,00000	0,00000	0,00000	0,00000	0,00000	0,00000	0,00000
7,83338	15,00000	0,00000	0,00000	0,00000	0,00000	0,00000	0,00000
7,84575	15,00000	0,00000	0,00000	0,00000	0,00000	0,00000	0,00000
7,85813	17,00000	0,00000	0,00000	0,00000	0,00000	0,00000	0,00000
7,87050	19,00000	0,00000	0,00000	0,00000	0,00000	0,00000	0,00000
7,88288	16,00000	0,00000	0,00000	0,00000	0,00000	0,00000	0,00000
0,00000	11,00000	0,00000	0,00000	0,00000	0,00000	0,00000	0,00000
0,00000	9,00000	0,00000	0,00000	0,00000	0,00000	0,00000	0,00000
