GRUPPE3_Greyline02.dat
04.10.2021
14:59:26
GRUPPE3

Gauss coefficients notation:
Amplitude
FWHM
Std.Abw.
[Fehler]
offset
BEAMCUT  LINES:

X H  in mm	Y H rel	Gauss fit H	H Gauss Coefficients	X V in mm	Y V rel	Gauss fit V	V Gauss Coefficientes
0,00000	22,00000	0,00000	0,00000	0,00000	23,00000	0,00000	0,00000
0,01238	22,00000	0,00000	0,00000	0,01238	23,00000	0,00000	0,00000
0,02475	22,00000	0,00000	0,00000	0,02475	23,00000	0,00000	0,00000
0,03713	22,00000	0,00000	0,00000	0,03713	20,00000	0,00000	0,00000
0,04950	22,00000	0,00000	0,00000	0,04950	23,00000	0,00000	0,00000
0,06187	22,00000	0,00000	0,00000	0,06188	20,00000	0,00000	0,00000
0,07425	22,00000	0,00000	0,00000	0,07425	23,00000	0,00000	0,00000
0,08663	22,00000	0,00000	0,00000	0,08663	20,00000	0,00000	0,00000
0,09900	18,00000	0,00000	0,00000	0,09900	22,00000	0,00000	0,00000
0,11138	18,00000	0,00000	0,00000	0,11138	20,00000	0,00000	0,00000
0,12375	22,00000	0,00000	0,00000	0,12375	24,00000	0,00000	0,00000
0,13612	22,00000	0,00000	0,00000	0,13613	20,00000	0,00000	0,00000
0,14850	22,00000	0,00000	0,00000	0,14850	23,00000	0,00000	0,00000
0,16088	22,00000	0,00000	0,00000	0,16088	20,00000	0,00000	0,00000
0,17325	22,00000	0,00000	0,00000	0,17325	20,00000	0,00000	0,00000
0,18563	22,00000	0,00000	0,00000	0,18563	23,00000	0,00000	0,00000
0,19800	20,00000	0,00000	0,00000	0,19800	20,00000	0,00000	0,00000
0,21038	20,00000	0,00000	0,00000	0,21038	23,00000	0,00000	0,00000
0,22275	23,00000	0,00000	0,00000	0,22275	23,00000	0,00000	0,00000
0,23513	20,00000	0,00000	0,00000	0,23513	20,00000	0,00000	0,00000
0,24750	23,00000	0,00000	0,00000	0,24750	23,00000	0,00000	0,00000
0,25988	22,00000	0,00000	0,00000	0,25988	20,00000	0,00000	0,00000
0,27225	19,00000	0,00000	0,00000	0,27225	23,00000	0,00000	0,00000
0,28463	19,00000	0,00000	0,00000	0,28463	20,00000	0,00000	0,00000
0,29700	22,00000	0,00000	0,00000	0,29700	24,00000	0,00000	0,00000
0,30938	22,00000	0,00000	0,00000	0,30938	23,00000	0,00000	0,00000
0,32175	20,00000	0,00000	0,00000	0,32175	20,00000	0,00000	0,00000
0,33413	23,00000	0,00000	0,00000	0,33413	23,00000	0,00000	0,00000
0,34650	23,00000	0,00000	0,00000	0,34650	20,00000	0,00000	0,00000
0,35887	23,00000	0,00000	0,00000	0,35888	23,00000	0,00000	0,00000
0,37125	20,00000	0,00000	0,00000	0,37125	20,00000	0,00000	0,00000
0,38362	23,00000	0,00000	0,00000	0,38363	23,00000	0,00000	0,00000
0,39600	23,00000	0,00000	0,00000	0,39600	23,00000	0,00000	0,00000
0,40838	20,00000	0,00000	0,00000	0,40838	22,00000	0,00000	0,00000
0,42075	20,00000	0,00000	0,00000	0,42075	22,00000	0,00000	0,00000
0,43313	22,00000	0,00000	0,00000	0,43313	20,00000	0,00000	0,00000
0,44550	22,00000	0,00000	0,00000	0,44550	23,00000	0,00000	0,00000
0,45788	20,00000	0,00000	0,00000	0,45788	20,00000	0,00000	0,00000
0,47025	20,00000	0,00000	0,00000	0,47025	24,00000	0,00000	0,00000
0,48263	23,00000	0,00000	0,00000	0,48263	23,00000	0,00000	0,00000
0,49500	23,00000	0,00000	0,00000	0,49500	20,00000	0,00000	0,00000
0,50738	23,00000	0,00000	0,00000	0,50738	23,00000	0,00000	0,00000
0,51975	23,00000	0,00000	0,00000	0,51975	23,00000	0,00000	0,00000
0,53213	23,00000	0,00000	0,00000	0,53213	20,00000	0,00000	0,00000
0,54450	20,00000	0,00000	0,00000	0,54450	23,00000	0,00000	0,00000
0,55688	19,00000	0,00000	0,00000	0,55688	19,00000	0,00000	0,00000
0,56925	22,00000	0,00000	0,00000	0,56925	23,00000	0,00000	0,00000
0,58163	22,00000	0,00000	0,00000	0,58163	19,00000	0,00000	0,00000
0,59400	20,00000	0,00000	0,00000	0,59400	23,00000	0,00000	0,00000
0,60637	20,00000	0,00000	0,00000	0,60638	20,00000	0,00000	0,00000
0,61875	23,00000	0,00000	0,00000	0,61875	23,00000	0,00000	0,00000
0,63113	20,00000	0,00000	0,00000	0,63113	23,00000	0,00000	0,00000
0,64350	20,00000	0,00000	0,00000	0,64350	23,00000	0,00000	0,00000
0,65587	23,00000	0,00000	0,00000	0,65588	20,00000	0,00000	0,00000
0,66825	23,00000	0,00000	0,00000	0,66825	23,00000	0,00000	0,00000
0,68063	22,00000	0,00000	0,00000	0,68063	22,00000	0,00000	0,00000
0,69300	19,00000	0,00000	0,00000	0,69300	20,00000	0,00000	0,00000
0,70538	19,00000	0,00000	0,00000	0,70538	23,00000	0,00000	0,00000
0,71775	22,00000	0,00000	0,00000	0,71775	22,00000	0,00000	0,00000
0,73013	20,00000	0,00000	0,00000	0,73013	23,00000	0,00000	0,00000
0,74250	23,00000	0,00000	0,00000	0,74250	23,00000	0,00000	0,00000
0,75488	23,00000	0,00000	0,00000	0,75488	23,00000	0,00000	0,00000
0,76725	23,00000	0,00000	0,00000	0,76725	20,00000	0,00000	0,00000
0,77963	20,00000	0,00000	0,00000	0,77963	23,00000	0,00000	0,00000
0,79200	20,00000	0,00000	0,00000	0,79200	20,00000	0,00000	0,00000
0,80438	20,00000	0,00000	0,00000	0,80438	23,00000	0,00000	0,00000
0,81675	23,00000	0,00000	0,00000	0,81675	23,00000	0,00000	0,00000
0,82913	23,00000	0,00000	0,00000	0,82913	23,00000	0,00000	0,00000
0,84150	23,00000	0,00000	0,00000	0,84150	23,00000	0,00000	0,00000
0,85388	20,00000	0,00000	0,00000	0,85388	23,00000	0,00000	0,00000
0,86625	20,00000	0,00000	0,00000	0,86625	23,00000	0,00000	0,00000
0,87862	23,00000	0,00000	0,00000	0,87863	23,00000	0,00000	0,00000
0,89100	20,00000	0,00000	0,00000	0,89100	22,00000	0,00000	0,00000
0,90338	20,00000	0,00000	0,00000	0,90338	23,00000	0,00000	0,00000
0,91575	22,00000	0,00000	0,00000	0,91575	22,00000	0,00000	0,00000
0,92813	22,00000	0,00000	0,00000	0,92813	23,00000	0,00000	0,00000
0,94050	22,00000	0,00000	0,00000	0,94050	23,00000	0,00000	0,00000
0,95288	20,00000	0,00000	0,00000	0,95288	23,00000	0,00000	0,00000
0,96525	20,00000	0,00000	0,00000	0,96525	23,00000	0,00000	0,00000
0,97763	23,00000	0,00000	0,00000	0,97763	20,00000	0,00000	0,00000
0,99000	20,00000	0,00000	0,00000	0,99000	23,00000	0,00000	0,00000
1,00238	23,00000	0,00000	0,00000	1,00238	23,00000	0,00000	0,00000
1,01475	23,00000	0,00000	0,00000	1,01475	23,00000	0,00000	0,00000
1,02713	23,00000	0,00000	0,00000	1,02713	23,00000	0,00000	0,00000
1,03950	23,00000	0,00000	0,00000	1,03950	23,00000	0,00000	0,00000
1,05188	23,00000	0,00000	0,00000	1,05188	23,00000	0,00000	0,00000
1,06425	20,00000	0,00000	0,00000	1,06425	23,00000	0,00000	0,00000
1,07662	20,00000	0,00000	0,00000	1,07663	23,00000	0,00000	0,00000
1,08900	23,00000	0,00000	0,00000	1,08900	23,00000	0,00000	0,00000
1,10137	20,00000	0,00000	0,00000	1,10138	23,00000	0,00000	0,00000
1,11375	20,00000	0,00000	0,00000	1,11375	20,00000	0,00000	0,00000
1,12613	22,00000	0,00000	0,00000	1,12613	23,00000	0,00000	0,00000
1,13850	20,00000	0,00000	0,00000	1,13850	22,00000	0,00000	0,00000
1,15088	20,00000	0,00000	0,00000	1,15088	23,00000	0,00000	0,00000
1,16325	23,00000	0,00000	0,00000	1,16325	20,00000	0,00000	0,00000
1,17563	20,00000	0,00000	0,00000	1,17563	23,00000	0,00000	0,00000
1,18800	20,00000	0,00000	0,00000	1,18800	22,00000	0,00000	0,00000
1,20037	22,00000	0,00000	0,00000	1,20038	23,00000	0,00000	0,00000
1,21275	22,00000	0,00000	0,00000	1,21275	20,00000	0,00000	0,00000
1,22513	22,00000	0,00000	0,00000	1,22513	22,00000	0,00000	0,00000
1,23750	22,00000	0,00000	0,00000	1,23750	23,00000	0,00000	0,00000
1,24988	22,00000	0,00000	0,00000	1,24988	23,00000	0,00000	0,00000
1,26225	20,00000	0,00000	0,00000	1,26225	23,00000	0,00000	0,00000
1,27463	20,00000	0,00000	0,00000	1,27463	23,00000	0,00000	0,00000
1,28700	23,00000	0,00000	0,00000	1,28700	22,00000	0,00000	0,00000
1,29938	23,00000	0,00000	0,00000	1,29938	23,00000	0,00000	0,00000
1,31175	20,00000	0,00000	0,00000	1,31175	22,00000	0,00000	0,00000
1,32412	20,00000	0,00000	0,00000	1,32413	23,00000	0,00000	0,00000
1,33650	22,00000	0,00000	0,00000	1,33650	22,00000	0,00000	0,00000
1,34888	22,00000	0,00000	0,00000	1,34888	23,00000	0,00000	0,00000
1,36125	22,00000	0,00000	0,00000	1,36125	22,00000	0,00000	0,00000
1,37363	22,00000	0,00000	0,00000	1,37363	20,00000	0,00000	0,00000
1,38600	19,00000	0,00000	0,00000	1,38600	20,00000	0,00000	0,00000
1,39838	19,00000	0,00000	0,00000	1,39838	20,00000	0,00000	0,00000
1,41075	22,00000	0,00000	0,00000	1,41075	20,00000	0,00000	0,00000
1,42312	22,00000	0,00000	0,00000	1,42313	22,00000	0,00000	0,00000
1,43550	22,00000	0,00000	0,00000	1,43550	23,00000	0,00000	0,00000
1,44788	22,00000	0,00000	0,00000	1,44788	20,00000	0,00000	0,00000
1,46025	22,00000	0,00000	0,00000	1,46025	19,00000	0,00000	0,00000
1,47263	22,00000	0,00000	0,00000	1,47263	22,00000	0,00000	0,00000
1,48500	19,00000	0,00000	0,00000	1,48500	22,00000	0,00000	0,00000
1,49738	19,00000	0,00000	0,00000	1,49738	22,00000	0,00000	0,00000
1,50975	22,00000	0,00000	0,00000	1,50975	22,00000	0,00000	0,00000
1,52213	22,00000	0,00000	0,00000	1,52213	23,00000	0,00000	0,00000
1,53450	22,00000	0,00000	0,00000	1,53450	22,00000	0,00000	0,00000
1,54688	22,00000	0,00000	0,00000	1,54688	23,00000	0,00000	0,00000
1,55925	22,00000	0,00000	0,00000	1,55925	19,00000	0,00000	0,00000
1,57163	22,00000	0,00000	0,00000	1,57163	23,00000	0,00000	0,00000
1,58400	22,00000	0,00000	0,00000	1,58400	22,00000	0,00000	0,00000
1,59638	22,00000	0,00000	0,00000	1,59638	22,00000	0,00000	0,00000
1,60875	22,00000	0,00000	0,00000	1,60875	22,00000	0,00000	0,00000
1,62113	20,00000	0,00000	0,00000	1,62113	20,00000	0,00000	0,00000
1,63350	20,00000	0,00000	0,00000	1,63350	22,00000	0,00000	0,00000
1,64587	23,00000	0,00000	0,00000	1,64588	20,00000	0,00000	0,00000
1,65825	20,00000	0,00000	0,00000	1,65825	22,00000	0,00000	0,00000
1,67063	20,00000	0,00000	0,00000	1,67063	23,00000	0,00000	0,00000
1,68300	20,00000	0,00000	0,00000	1,68300	23,00000	0,00000	0,00000
1,69538	23,00000	0,00000	0,00000	1,69538	22,00000	0,00000	0,00000
1,70775	20,00000	0,00000	0,00000	1,70775	20,00000	0,00000	0,00000
1,72013	20,00000	0,00000	0,00000	1,72013	22,00000	0,00000	0,00000
1,73250	23,00000	0,00000	0,00000	1,73250	22,00000	0,00000	0,00000
1,74488	23,00000	0,00000	0,00000	1,74488	23,00000	0,00000	0,00000
1,75725	23,00000	0,00000	0,00000	1,75725	23,00000	0,00000	0,00000
1,76963	20,00000	0,00000	0,00000	1,76963	22,00000	0,00000	0,00000
1,78200	20,00000	0,00000	0,00000	1,78200	22,00000	0,00000	0,00000
1,79438	22,00000	0,00000	0,00000	1,79438	22,00000	0,00000	0,00000
1,80675	22,00000	0,00000	0,00000	1,80675	22,00000	0,00000	0,00000
1,81913	22,00000	0,00000	0,00000	1,81913	22,00000	0,00000	0,00000
1,83150	22,00000	0,00000	0,00000	1,83150	23,00000	0,00000	0,00000
1,84388	22,00000	0,00000	0,00000	1,84388	20,00000	0,00000	0,00000
1,85625	22,00000	0,00000	0,00000	1,85625	22,00000	0,00000	0,00000
1,86862	22,00000	0,00000	0,00000	1,86863	19,00000	0,00000	0,00000
1,88100	22,00000	0,00000	0,00000	1,88100	22,00000	0,00000	0,00000
1,89338	22,00000	0,00000	0,00000	1,89338	23,00000	0,00000	0,00000
1,90575	22,00000	0,00000	0,00000	1,90575	22,00000	0,00000	0,00000
1,91813	20,00000	0,00000	0,00000	1,91813	23,00000	0,00000	0,00000
1,93050	20,00000	0,00000	0,00000	1,93050	22,00000	0,00000	0,00000
1,94288	23,00000	0,00000	0,00000	1,94288	23,00000	0,00000	0,00000
1,95525	20,00000	0,00000	0,00000	1,95525	22,00000	0,00000	0,00000
1,96763	20,00000	0,00000	0,00000	1,96763	22,00000	0,00000	0,00000
1,98000	23,00000	0,00000	0,00000	1,98000	22,00000	0,00000	0,00000
1,99238	23,00000	0,00000	0,00000	1,99238	23,00000	0,00000	0,00000
2,00475	23,00000	0,00000	0,00000	2,00475	22,00000	0,00000	0,00000
2,01713	23,00000	0,00000	0,00000	2,01713	22,00000	0,00000	0,00000
2,02950	20,00000	0,00000	0,00000	2,02950	23,00000	0,00000	0,00000
2,04188	20,00000	0,00000	0,00000	2,04188	22,00000	0,00000	0,00000
2,05425	20,00000	0,00000	0,00000	2,05425	23,00000	0,00000	0,00000
2,06663	23,00000	0,00000	0,00000	2,06663	20,00000	0,00000	0,00000
2,07900	20,00000	0,00000	0,00000	2,07900	22,00000	0,00000	0,00000
2,09138	20,00000	0,00000	0,00000	2,09138	20,00000	0,00000	0,00000
2,10375	22,00000	0,00000	0,00000	2,10375	23,00000	0,00000	0,00000
2,11613	22,00000	0,00000	0,00000	2,11613	22,00000	0,00000	0,00000
2,12850	22,00000	0,00000	0,00000	2,12850	23,00000	0,00000	0,00000
2,14088	22,00000	0,00000	0,00000	2,14088	20,00000	0,00000	0,00000
2,15325	22,00000	0,00000	0,00000	2,15325	22,00000	0,00000	0,00000
2,16562	22,00000	0,00000	0,00000	2,16563	20,00000	0,00000	0,00000
2,17800	20,00000	0,00000	0,00000	2,17800	22,00000	0,00000	0,00000
2,19037	20,00000	0,00000	0,00000	2,19038	23,00000	0,00000	0,00000
2,20275	23,00000	0,00000	0,00000	2,20275	22,00000	0,00000	0,00000
2,21513	22,00000	0,00000	0,00000	2,21513	23,00000	0,00000	0,00000
2,22750	19,00000	0,00000	0,00000	2,22750	22,00000	0,00000	0,00000
2,23988	22,00000	0,00000	0,00000	2,23988	23,00000	0,00000	0,00000
2,25225	22,00000	0,00000	0,00000	2,25225	22,00000	0,00000	0,00000
2,26463	22,00000	0,00000	0,00000	2,26463	20,00000	0,00000	0,00000
2,27700	22,00000	0,00000	0,00000	2,27700	22,00000	0,00000	0,00000
2,28938	22,00000	0,00000	0,00000	2,28938	20,00000	0,00000	0,00000
2,30175	19,00000	0,00000	0,00000	2,30175	23,00000	0,00000	0,00000
2,31413	19,00000	0,00000	0,00000	2,31413	19,00000	0,00000	0,00000
2,32650	22,00000	0,00000	0,00000	2,32650	23,00000	0,00000	0,00000
2,33888	20,00000	0,00000	0,00000	2,33888	20,00000	0,00000	0,00000
2,35125	23,00000	0,00000	0,00000	2,35125	22,00000	0,00000	0,00000
2,36363	23,00000	0,00000	0,00000	2,36363	23,00000	0,00000	0,00000
2,37600	23,00000	0,00000	0,00000	2,37600	22,00000	0,00000	0,00000
2,38837	20,00000	0,00000	0,00000	2,38838	23,00000	0,00000	0,00000
2,40075	20,00000	0,00000	0,00000	2,40075	23,00000	0,00000	0,00000
2,41312	22,00000	0,00000	0,00000	2,41313	23,00000	0,00000	0,00000
2,42550	22,00000	0,00000	0,00000	2,42550	25,00000	0,00000	0,00000
2,43788	20,00000	0,00000	0,00000	2,43788	32,00000	0,00000	0,00000
2,45025	20,00000	0,00000	0,00000	2,45025	46,00000	0,00000	0,00000
2,46263	23,00000	0,00000	0,00000	2,46263	73,00000	0,00000	0,00000
2,47500	20,00000	0,00000	0,00000	2,47500	111,00000	0,00000	0,00000
2,48738	20,00000	0,00000	0,00000	2,48738	137,00000	0,00000	0,00000
2,49975	22,00000	0,00000	0,00000	2,49975	153,00000	0,00000	0,00000
2,51213	22,00000	0,00000	0,00000	2,51213	155,00000	0,00000	0,00000
2,52450	19,00000	0,00000	0,00000	2,52450	126,00000	0,00000	0,00000
2,53688	19,00000	0,00000	0,00000	2,53688	98,00000	0,00000	0,00000
2,54925	22,00000	0,00000	0,00000	2,54925	60,00000	0,00000	0,00000
2,56163	22,00000	0,00000	0,00000	2,56163	44,00000	0,00000	0,00000
2,57400	22,00000	0,00000	0,00000	2,57400	29,00000	0,00000	0,00000
2,58638	22,00000	0,00000	0,00000	2,58638	24,00000	0,00000	0,00000
2,59875	19,00000	0,00000	0,00000	2,59875	20,00000	0,00000	0,00000
2,61112	19,00000	0,00000	0,00000	2,61113	23,00000	0,00000	0,00000
2,62350	19,00000	0,00000	0,00000	2,62350	22,00000	0,00000	0,00000
2,63587	23,00000	0,00000	0,00000	2,63588	20,00000	0,00000	0,00000
2,64825	23,00000	0,00000	0,00000	2,64825	20,00000	0,00000	0,00000
2,66063	20,00000	0,00000	0,00000	2,66063	22,00000	0,00000	0,00000
2,67300	20,00000	0,00000	0,00000	2,67300	20,00000	0,00000	0,00000
2,68538	22,00000	0,00000	0,00000	2,68538	22,00000	0,00000	0,00000
2,69775	22,00000	0,00000	0,00000	2,69775	22,00000	0,00000	0,00000
2,71013	19,00000	0,00000	0,00000	2,71013	19,00000	0,00000	0,00000
2,72250	22,00000	0,00000	0,00000	2,72250	22,00000	0,00000	0,00000
2,73488	23,00000	0,00000	0,00000	2,73488	22,00000	0,00000	0,00000
2,74725	22,00000	0,00000	0,00000	2,74725	22,00000	0,00000	0,00000
2,75963	19,00000	0,00000	0,00000	2,75963	23,00000	0,00000	0,00000
2,77200	19,00000	0,00000	0,00000	2,77200	22,00000	0,00000	0,00000
2,78438	22,00000	0,00000	0,00000	2,78438	22,00000	0,00000	0,00000
2,79675	22,00000	0,00000	0,00000	2,79675	22,00000	0,00000	0,00000
2,80913	20,00000	0,00000	0,00000	2,80913	22,00000	0,00000	0,00000
2,82150	23,00000	0,00000	0,00000	2,82150	22,00000	0,00000	0,00000
2,83387	20,00000	0,00000	0,00000	2,83388	23,00000	0,00000	0,00000
2,84625	23,00000	0,00000	0,00000	2,84625	23,00000	0,00000	0,00000
2,85862	23,00000	0,00000	0,00000	2,85863	22,00000	0,00000	0,00000
2,87100	22,00000	0,00000	0,00000	2,87100	22,00000	0,00000	0,00000
2,88338	18,00000	0,00000	0,00000	2,88338	22,00000	0,00000	0,00000
2,89575	18,00000	0,00000	0,00000	2,89575	22,00000	0,00000	0,00000
2,90813	22,00000	0,00000	0,00000	2,90813	22,00000	0,00000	0,00000
2,92050	23,00000	0,00000	0,00000	2,92050	23,00000	0,00000	0,00000
2,93288	20,00000	0,00000	0,00000	2,93288	22,00000	0,00000	0,00000
2,94525	20,00000	0,00000	0,00000	2,94525	19,00000	0,00000	0,00000
2,95763	22,00000	0,00000	0,00000	2,95763	22,00000	0,00000	0,00000
2,97000	22,00000	0,00000	0,00000	2,97000	22,00000	0,00000	0,00000
2,98238	22,00000	0,00000	0,00000	2,98238	20,00000	0,00000	0,00000
2,99475	22,00000	0,00000	0,00000	2,99475	22,00000	0,00000	0,00000
3,00713	22,00000	0,00000	0,00000	3,00713	20,00000	0,00000	0,00000
3,01950	22,00000	0,00000	0,00000	3,01950	23,00000	0,00000	0,00000
3,03188	19,00000	0,00000	0,00000	3,03188	22,00000	0,00000	0,00000
3,04425	19,00000	0,00000	0,00000	3,04425	22,00000	0,00000	0,00000
3,05662	22,00000	0,00000	0,00000	3,05663	22,00000	0,00000	0,00000
3,06900	22,00000	0,00000	0,00000	3,06900	18,00000	0,00000	0,00000
3,08137	20,00000	0,00000	0,00000	3,08138	22,00000	0,00000	0,00000
3,09375	23,00000	0,00000	0,00000	3,09375	22,00000	0,00000	0,00000
3,10613	20,00000	0,00000	0,00000	3,10613	22,00000	0,00000	0,00000
3,11850	20,00000	0,00000	0,00000	3,11850	20,00000	0,00000	0,00000
3,13088	22,00000	0,00000	0,00000	3,13088	22,00000	0,00000	0,00000
3,14325	22,00000	0,00000	0,00000	3,14325	22,00000	0,00000	0,00000
3,15563	22,00000	0,00000	0,00000	3,15563	22,00000	0,00000	0,00000
3,16800	22,00000	0,00000	0,00000	3,16800	22,00000	0,00000	0,00000
3,18038	22,00000	0,00000	0,00000	3,18038	20,00000	0,00000	0,00000
3,19275	20,00000	0,00000	0,00000	3,19275	20,00000	0,00000	0,00000
3,20513	20,00000	0,00000	0,00000	3,20513	22,00000	0,00000	0,00000
3,21750	23,00000	0,00000	0,00000	3,21750	22,00000	0,00000	0,00000
3,22988	20,00000	0,00000	0,00000	3,22988	22,00000	0,00000	0,00000
3,24225	20,00000	0,00000	0,00000	3,24225	22,00000	0,00000	0,00000
3,25463	22,00000	0,00000	0,00000	3,25463	22,00000	0,00000	0,00000
3,26700	22,00000	0,00000	0,00000	3,26700	22,00000	0,00000	0,00000
3,27938	22,00000	0,00000	0,00000	3,27938	19,00000	0,00000	0,00000
3,29175	22,00000	0,00000	0,00000	3,29175	23,00000	0,00000	0,00000
3,30412	22,00000	0,00000	0,00000	3,30413	23,00000	0,00000	0,00000
3,31650	22,00000	0,00000	0,00000	3,31650	22,00000	0,00000	0,00000
3,32888	22,00000	0,00000	0,00000	3,32888	20,00000	0,00000	0,00000
3,34125	18,00000	0,00000	0,00000	3,34125	23,00000	0,00000	0,00000
3,35363	19,00000	0,00000	0,00000	3,35363	22,00000	0,00000	0,00000
3,36600	22,00000	0,00000	0,00000	3,36600	20,00000	0,00000	0,00000
3,37838	23,00000	0,00000	0,00000	3,37838	19,00000	0,00000	0,00000
3,39075	23,00000	0,00000	0,00000	3,39075	22,00000	0,00000	0,00000
3,40313	22,00000	0,00000	0,00000	3,40313	20,00000	0,00000	0,00000
3,41550	19,00000	0,00000	0,00000	3,41550	23,00000	0,00000	0,00000
3,42788	19,00000	0,00000	0,00000	3,42788	20,00000	0,00000	0,00000
3,44025	20,00000	0,00000	0,00000	3,44025	22,00000	0,00000	0,00000
3,45263	19,00000	0,00000	0,00000	3,45263	22,00000	0,00000	0,00000
3,46500	19,00000	0,00000	0,00000	3,46500	19,00000	0,00000	0,00000
3,47738	22,00000	0,00000	0,00000	3,47738	22,00000	0,00000	0,00000
3,48975	23,00000	0,00000	0,00000	3,48975	19,00000	0,00000	0,00000
3,50213	23,00000	0,00000	0,00000	3,50213	22,00000	0,00000	0,00000
3,51450	23,00000	0,00000	0,00000	3,51450	22,00000	0,00000	0,00000
3,52687	23,00000	0,00000	0,00000	3,52688	22,00000	0,00000	0,00000
3,53925	20,00000	0,00000	0,00000	3,53925	22,00000	0,00000	0,00000
3,55163	20,00000	0,00000	0,00000	3,55163	20,00000	0,00000	0,00000
3,56400	22,00000	0,00000	0,00000	3,56400	22,00000	0,00000	0,00000
3,57638	22,00000	0,00000	0,00000	3,57638	22,00000	0,00000	0,00000
3,58875	22,00000	0,00000	0,00000	3,58875	23,00000	0,00000	0,00000
3,60113	22,00000	0,00000	0,00000	3,60113	22,00000	0,00000	0,00000
3,61350	22,00000	0,00000	0,00000	3,61350	23,00000	0,00000	0,00000
3,62588	22,00000	0,00000	0,00000	3,62588	22,00000	0,00000	0,00000
3,63825	22,00000	0,00000	0,00000	3,63825	20,00000	0,00000	0,00000
3,65063	22,00000	0,00000	0,00000	3,65063	22,00000	0,00000	0,00000
3,66300	22,00000	0,00000	0,00000	3,66300	23,00000	0,00000	0,00000
3,67538	19,00000	0,00000	0,00000	3,67538	22,00000	0,00000	0,00000
3,68775	18,00000	0,00000	0,00000	3,68775	23,00000	0,00000	0,00000
3,70013	20,00000	0,00000	0,00000	3,70013	23,00000	0,00000	0,00000
3,71250	19,00000	0,00000	0,00000	3,71250	19,00000	0,00000	0,00000
3,72488	22,00000	0,00000	0,00000	3,72488	20,00000	0,00000	0,00000
3,73725	22,00000	0,00000	0,00000	3,73725	23,00000	0,00000	0,00000
3,74962	22,00000	0,00000	0,00000	3,74963	22,00000	0,00000	0,00000
3,76200	22,00000	0,00000	0,00000	3,76200	23,00000	0,00000	0,00000
3,77438	22,00000	0,00000	0,00000	3,77438	22,00000	0,00000	0,00000
3,78675	22,00000	0,00000	0,00000	3,78675	23,00000	0,00000	0,00000
3,79913	19,00000	0,00000	0,00000	3,79913	18,00000	0,00000	0,00000
3,81150	19,00000	0,00000	0,00000	3,81150	20,00000	0,00000	0,00000
3,82388	22,00000	0,00000	0,00000	3,82388	19,00000	0,00000	0,00000
3,83625	22,00000	0,00000	0,00000	3,83625	22,00000	0,00000	0,00000
3,84863	22,00000	0,00000	0,00000	3,84863	22,00000	0,00000	0,00000
3,86100	22,00000	0,00000	0,00000	3,86100	22,00000	0,00000	0,00000
3,87338	22,00000	0,00000	0,00000	3,87338	22,00000	0,00000	0,00000
3,88575	22,00000	0,00000	0,00000	3,88575	22,00000	0,00000	0,00000
3,89813	22,00000	0,00000	0,00000	3,89813	22,00000	0,00000	0,00000
3,91050	22,00000	0,00000	0,00000	3,91050	22,00000	0,00000	0,00000
3,92288	22,00000	0,00000	0,00000	3,92288	22,00000	0,00000	0,00000
3,93525	22,00000	0,00000	0,00000	3,93525	19,00000	0,00000	0,00000
3,94763	22,00000	0,00000	0,00000	3,94763	19,00000	0,00000	0,00000
3,96000	20,00000	0,00000	0,00000	3,96000	18,00000	0,00000	0,00000
3,97237	20,00000	0,00000	0,00000	3,97238	23,00000	0,00000	0,00000
3,98475	23,00000	0,00000	0,00000	3,98475	22,00000	0,00000	0,00000
3,99713	20,00000	0,00000	0,00000	3,99713	22,00000	0,00000	0,00000
4,00950	20,00000	0,00000	0,00000	4,00950	22,00000	0,00000	0,00000
4,02188	22,00000	0,00000	0,00000	4,02188	22,00000	0,00000	0,00000
4,03425	22,00000	0,00000	0,00000	4,03425	19,00000	0,00000	0,00000
4,04663	22,00000	0,00000	0,00000	4,04663	20,00000	0,00000	0,00000
4,05900	22,00000	0,00000	0,00000	4,05900	19,00000	0,00000	0,00000
4,07138	22,00000	0,00000	0,00000	4,07138	18,00000	0,00000	0,00000
4,08375	22,00000	0,00000	0,00000	4,08375	22,00000	0,00000	0,00000
4,09612	22,00000	0,00000	0,00000	4,09613	23,00000	0,00000	0,00000
4,10850	22,00000	0,00000	0,00000	4,10850	19,00000	0,00000	0,00000
4,12087	22,00000	0,00000	0,00000	4,12088	23,00000	0,00000	0,00000
4,13325	20,00000	0,00000	0,00000	4,13325	20,00000	0,00000	0,00000
4,14562	20,00000	0,00000	0,00000	4,14563	22,00000	0,00000	0,00000
4,15800	23,00000	0,00000	0,00000	4,15800	20,00000	0,00000	0,00000
4,17037	20,00000	0,00000	0,00000	4,17038	22,00000	0,00000	0,00000
4,18275	20,00000	0,00000	0,00000	4,18275	22,00000	0,00000	0,00000
4,19512	22,00000	0,00000	0,00000	4,19513	22,00000	0,00000	0,00000
4,20750	22,00000	0,00000	0,00000	4,20750	22,00000	0,00000	0,00000
4,21988	22,00000	0,00000	0,00000	4,21988	22,00000	0,00000	0,00000
4,23225	20,00000	0,00000	0,00000	4,23225	23,00000	0,00000	0,00000
4,24463	20,00000	0,00000	0,00000	4,24463	23,00000	0,00000	0,00000
4,25700	23,00000	0,00000	0,00000	4,25700	22,00000	0,00000	0,00000
4,26938	23,00000	0,00000	0,00000	4,26938	22,00000	0,00000	0,00000
4,28175	20,00000	0,00000	0,00000	4,28175	20,00000	0,00000	0,00000
4,29413	20,00000	0,00000	0,00000	4,29413	22,00000	0,00000	0,00000
4,30650	20,00000	0,00000	0,00000	4,30650	19,00000	0,00000	0,00000
4,31888	20,00000	0,00000	0,00000	4,31888	22,00000	0,00000	0,00000
4,33125	22,00000	0,00000	0,00000	4,33125	22,00000	0,00000	0,00000
4,34363	23,00000	0,00000	0,00000	4,34363	22,00000	0,00000	0,00000
4,35600	26,00000	0,00000	0,00000	4,35600	19,00000	0,00000	0,00000
4,36838	34,00000	0,00000	0,00000	4,36838	22,00000	0,00000	0,00000
4,38075	54,00000	0,00000	0,00000	4,38075	20,00000	0,00000	0,00000
4,39313	83,00000	0,00000	0,00000	4,39313	22,00000	0,00000	0,00000
4,40550	117,00000	0,00000	0,00000	4,40550	22,00000	0,00000	0,00000
4,41788	146,00000	0,00000	0,00000	4,41788	19,00000	0,00000	0,00000
4,43025	160,00000	0,00000	0,00000	4,43025	22,00000	0,00000	0,00000
4,44263	153,00000	0,00000	0,00000	4,44263	20,00000	0,00000	0,00000
4,45500	131,00000	0,00000	0,00000	4,45500	20,00000	0,00000	0,00000
4,46738	97,00000	0,00000	0,00000	4,46738	22,00000	0,00000	0,00000
4,47975	66,00000	0,00000	0,00000	4,47975	20,00000	0,00000	0,00000
4,49213	41,00000	0,00000	0,00000	4,49213	22,00000	0,00000	0,00000
4,50450	29,00000	0,00000	0,00000	4,50450	20,00000	0,00000	0,00000
4,51688	25,00000	0,00000	0,00000	4,51688	23,00000	0,00000	0,00000
4,52925	22,00000	0,00000	0,00000	4,52925	18,00000	0,00000	0,00000
4,54162	22,00000	0,00000	0,00000	4,54163	23,00000	0,00000	0,00000
4,55400	23,00000	0,00000	0,00000	4,55400	20,00000	0,00000	0,00000
4,56637	23,00000	0,00000	0,00000	4,56638	18,00000	0,00000	0,00000
4,57875	20,00000	0,00000	0,00000	4,57875	22,00000	0,00000	0,00000
4,59112	20,00000	0,00000	0,00000	4,59113	22,00000	0,00000	0,00000
4,60350	20,00000	0,00000	0,00000	4,60350	20,00000	0,00000	0,00000
4,61587	23,00000	0,00000	0,00000	4,61588	20,00000	0,00000	0,00000
4,62825	23,00000	0,00000	0,00000	4,62825	19,00000	0,00000	0,00000
4,64063	20,00000	0,00000	0,00000	4,64063	23,00000	0,00000	0,00000
4,65300	19,00000	0,00000	0,00000	4,65300	22,00000	0,00000	0,00000
4,66538	22,00000	0,00000	0,00000	4,66538	23,00000	0,00000	0,00000
4,67775	22,00000	0,00000	0,00000	4,67775	20,00000	0,00000	0,00000
4,69013	22,00000	0,00000	0,00000	4,69013	23,00000	0,00000	0,00000
4,70250	22,00000	0,00000	0,00000	4,70250	22,00000	0,00000	0,00000
4,71488	20,00000	0,00000	0,00000	4,71488	22,00000	0,00000	0,00000
4,72725	20,00000	0,00000	0,00000	4,72725	20,00000	0,00000	0,00000
4,73963	23,00000	0,00000	0,00000	4,73963	22,00000	0,00000	0,00000
4,75200	20,00000	0,00000	0,00000	4,75200	22,00000	0,00000	0,00000
4,76438	20,00000	0,00000	0,00000	4,76438	22,00000	0,00000	0,00000
4,77675	22,00000	0,00000	0,00000	4,77675	22,00000	0,00000	0,00000
4,78913	22,00000	0,00000	0,00000	4,78913	20,00000	0,00000	0,00000
4,80150	22,00000	0,00000	0,00000	4,80150	19,00000	0,00000	0,00000
4,81388	22,00000	0,00000	0,00000	4,81388	20,00000	0,00000	0,00000
4,82625	19,00000	0,00000	0,00000	4,82625	19,00000	0,00000	0,00000
4,83863	19,00000	0,00000	0,00000	4,83863	22,00000	0,00000	0,00000
4,85100	20,00000	0,00000	0,00000	4,85100	22,00000	0,00000	0,00000
4,86338	19,00000	0,00000	0,00000	4,86338	22,00000	0,00000	0,00000
4,87575	19,00000	0,00000	0,00000	4,87575	22,00000	0,00000	0,00000
4,88813	23,00000	0,00000	0,00000	4,88813	22,00000	0,00000	0,00000
4,90050	23,00000	0,00000	0,00000	4,90050	22,00000	0,00000	0,00000
4,91288	22,00000	0,00000	0,00000	4,91288	22,00000	0,00000	0,00000
4,92525	19,00000	0,00000	0,00000	4,92525	23,00000	0,00000	0,00000
4,93763	20,00000	0,00000	0,00000	4,93763	22,00000	0,00000	0,00000
4,95000	20,00000	0,00000	0,00000	4,95000	22,00000	0,00000	0,00000
4,96238	18,00000	0,00000	0,00000	4,96238	22,00000	0,00000	0,00000
4,97475	22,00000	0,00000	0,00000	4,97475	23,00000	0,00000	0,00000
4,98712	22,00000	0,00000	0,00000	4,98713	22,00000	0,00000	0,00000
4,99950	22,00000	0,00000	0,00000	4,99950	23,00000	0,00000	0,00000
5,01187	22,00000	0,00000	0,00000	5,01188	22,00000	0,00000	0,00000
5,02425	22,00000	0,00000	0,00000	5,02425	22,00000	0,00000	0,00000
5,03662	22,00000	0,00000	0,00000	5,03663	22,00000	0,00000	0,00000
5,04900	22,00000	0,00000	0,00000	5,04900	22,00000	0,00000	0,00000
5,06137	22,00000	0,00000	0,00000	5,06138	22,00000	0,00000	0,00000
5,07375	19,00000	0,00000	0,00000	5,07375	19,00000	0,00000	0,00000
5,08613	19,00000	0,00000	0,00000	5,08613	23,00000	0,00000	0,00000
5,09850	22,00000	0,00000	0,00000	5,09850	22,00000	0,00000	0,00000
5,11088	22,00000	0,00000	0,00000	5,11088	23,00000	0,00000	0,00000
5,12325	22,00000	0,00000	0,00000	5,12325	22,00000	0,00000	0,00000
5,13563	22,00000	0,00000	0,00000	5,13563	23,00000	0,00000	0,00000
5,14800	22,00000	0,00000	0,00000	5,14800	20,00000	0,00000	0,00000
5,16038	22,00000	0,00000	0,00000	5,16038	19,00000	0,00000	0,00000
5,17275	22,00000	0,00000	0,00000	5,17275	19,00000	0,00000	0,00000
5,18513	19,00000	0,00000	0,00000	5,18513	22,00000	0,00000	0,00000
5,19750	19,00000	0,00000	0,00000	5,19750	20,00000	0,00000	0,00000
5,20988	19,00000	0,00000	0,00000	5,20988	20,00000	0,00000	0,00000
5,22225	22,00000	0,00000	0,00000	5,22225	20,00000	0,00000	0,00000
5,23463	22,00000	0,00000	0,00000	5,23463	20,00000	0,00000	0,00000
5,24700	22,00000	0,00000	0,00000	5,24700	22,00000	0,00000	0,00000
5,25938	22,00000	0,00000	0,00000	5,25938	22,00000	0,00000	0,00000
5,27175	20,00000	0,00000	0,00000	5,27175	22,00000	0,00000	0,00000
5,28413	20,00000	0,00000	0,00000	5,28413	22,00000	0,00000	0,00000
5,29650	23,00000	0,00000	0,00000	5,29650	20,00000	0,00000	0,00000
5,30888	23,00000	0,00000	0,00000	5,30888	22,00000	0,00000	0,00000
5,32125	19,00000	0,00000	0,00000	5,32125	20,00000	0,00000	0,00000
5,33363	19,00000	0,00000	0,00000	5,33363	22,00000	0,00000	0,00000
5,34600	22,00000	0,00000	0,00000	5,34600	22,00000	0,00000	0,00000
5,35838	22,00000	0,00000	0,00000	5,35838	22,00000	0,00000	0,00000
5,37075	22,00000	0,00000	0,00000	5,37075	22,00000	0,00000	0,00000
5,38313	20,00000	0,00000	0,00000	5,38313	19,00000	0,00000	0,00000
5,39550	20,00000	0,00000	0,00000	5,39550	22,00000	0,00000	0,00000
5,40788	23,00000	0,00000	0,00000	5,40788	18,00000	0,00000	0,00000
5,42025	23,00000	0,00000	0,00000	5,42025	22,00000	0,00000	0,00000
5,43262	20,00000	0,00000	0,00000	5,43263	20,00000	0,00000	0,00000
5,44500	20,00000	0,00000	0,00000	5,44500	18,00000	0,00000	0,00000
5,45737	23,00000	0,00000	0,00000	5,45738	22,00000	0,00000	0,00000
5,46975	22,00000	0,00000	0,00000	5,46975	22,00000	0,00000	0,00000
5,48212	22,00000	0,00000	0,00000	5,48213	17,00000	0,00000	0,00000
5,49450	19,00000	0,00000	0,00000	5,49450	22,00000	0,00000	0,00000
5,50687	18,00000	0,00000	0,00000	5,50688	23,00000	0,00000	0,00000
5,51925	19,00000	0,00000	0,00000	5,51925	22,00000	0,00000	0,00000
5,53163	22,00000	0,00000	0,00000	5,53163	22,00000	0,00000	0,00000
5,54400	22,00000	0,00000	0,00000	5,54400	22,00000	0,00000	0,00000
5,55638	20,00000	0,00000	0,00000	5,55638	22,00000	0,00000	0,00000
5,56875	20,00000	0,00000	0,00000	5,56875	23,00000	0,00000	0,00000
5,58113	23,00000	0,00000	0,00000	5,58113	22,00000	0,00000	0,00000
5,59350	20,00000	0,00000	0,00000	5,59350	22,00000	0,00000	0,00000
5,60588	20,00000	0,00000	0,00000	5,60588	22,00000	0,00000	0,00000
5,61825	23,00000	0,00000	0,00000	5,61825	22,00000	0,00000	0,00000
5,63063	20,00000	0,00000	0,00000	5,63063	22,00000	0,00000	0,00000
5,64300	20,00000	0,00000	0,00000	5,64300	22,00000	0,00000	0,00000
5,65538	22,00000	0,00000	0,00000	5,65538	22,00000	0,00000	0,00000
5,66775	22,00000	0,00000	0,00000	5,66775	22,00000	0,00000	0,00000
5,68013	19,00000	0,00000	0,00000	5,68013	22,00000	0,00000	0,00000
5,69250	22,00000	0,00000	0,00000	5,69250	22,00000	0,00000	0,00000
5,70488	23,00000	0,00000	0,00000	5,70488	20,00000	0,00000	0,00000
5,71725	20,00000	0,00000	0,00000	5,71725	22,00000	0,00000	0,00000
5,72963	20,00000	0,00000	0,00000	5,72963	18,00000	0,00000	0,00000
5,74200	22,00000	0,00000	0,00000	5,74200	22,00000	0,00000	0,00000
5,75438	22,00000	0,00000	0,00000	5,75438	22,00000	0,00000	0,00000
5,76675	18,00000	0,00000	0,00000	5,76675	22,00000	0,00000	0,00000
5,77913	18,00000	0,00000	0,00000	5,77913	22,00000	0,00000	0,00000
5,79150	20,00000	0,00000	0,00000	5,79150	22,00000	0,00000	0,00000
5,80388	20,00000	0,00000	0,00000	5,80388	19,00000	0,00000	0,00000
5,81625	19,00000	0,00000	0,00000	5,81625	22,00000	0,00000	0,00000
5,82863	22,00000	0,00000	0,00000	5,82863	19,00000	0,00000	0,00000
5,84100	22,00000	0,00000	0,00000	5,84100	22,00000	0,00000	0,00000
5,85338	20,00000	0,00000	0,00000	5,85338	20,00000	0,00000	0,00000
5,86575	20,00000	0,00000	0,00000	5,86575	22,00000	0,00000	0,00000
5,87813	23,00000	0,00000	0,00000	5,87813	22,00000	0,00000	0,00000
5,89050	20,00000	0,00000	0,00000	5,89050	22,00000	0,00000	0,00000
5,90287	20,00000	0,00000	0,00000	5,90288	18,00000	0,00000	0,00000
5,91525	22,00000	0,00000	0,00000	0,00000	22,00000	0,00000	0,00000
5,92762	22,00000	0,00000	0,00000	0,00000	9,00000	0,00000	0,00000
5,94000	19,00000	0,00000	0,00000	0,00000	0,00000	0,00000	0,00000
5,95237	19,00000	0,00000	0,00000	0,00000	0,00000	0,00000	0,00000
5,96475	22,00000	0,00000	0,00000	0,00000	0,00000	0,00000	0,00000
5,97713	19,00000	0,00000	0,00000	0,00000	0,00000	0,00000	0,00000
5,98950	19,00000	0,00000	0,00000	0,00000	0,00000	0,00000	0,00000
6,00188	22,00000	0,00000	0,00000	0,00000	0,00000	0,00000	0,00000
6,01425	22,00000	0,00000	0,00000	0,00000	0,00000	0,00000	0,00000
6,02663	22,00000	0,00000	0,00000	0,00000	0,00000	0,00000	0,00000
6,03900	22,00000	0,00000	0,00000	0,00000	0,00000	0,00000	0,00000
6,05138	20,00000	0,00000	0,00000	0,00000	0,00000	0,00000	0,00000
6,06375	20,00000	0,00000	0,00000	0,00000	0,00000	0,00000	0,00000
6,07613	23,00000	0,00000	0,00000	0,00000	0,00000	0,00000	0,00000
6,08850	20,00000	0,00000	0,00000	0,00000	0,00000	0,00000	0,00000
6,10088	20,00000	0,00000	0,00000	0,00000	0,00000	0,00000	0,00000
6,11325	22,00000	0,00000	0,00000	0,00000	0,00000	0,00000	0,00000
6,12563	22,00000	0,00000	0,00000	0,00000	0,00000	0,00000	0,00000
6,13800	22,00000	0,00000	0,00000	0,00000	0,00000	0,00000	0,00000
6,15038	22,00000	0,00000	0,00000	0,00000	0,00000	0,00000	0,00000
6,16275	22,00000	0,00000	0,00000	0,00000	0,00000	0,00000	0,00000
6,17513	19,00000	0,00000	0,00000	0,00000	0,00000	0,00000	0,00000
6,18750	19,00000	0,00000	0,00000	0,00000	0,00000	0,00000	0,00000
6,19988	22,00000	0,00000	0,00000	0,00000	0,00000	0,00000	0,00000
6,21225	22,00000	0,00000	0,00000	0,00000	0,00000	0,00000	0,00000
6,22463	20,00000	0,00000	0,00000	0,00000	0,00000	0,00000	0,00000
6,23700	23,00000	0,00000	0,00000	0,00000	0,00000	0,00000	0,00000
6,24938	20,00000	0,00000	0,00000	0,00000	0,00000	0,00000	0,00000
6,26175	20,00000	0,00000	0,00000	0,00000	0,00000	0,00000	0,00000
6,27413	22,00000	0,00000	0,00000	0,00000	0,00000	0,00000	0,00000
6,28650	22,00000	0,00000	0,00000	0,00000	0,00000	0,00000	0,00000
6,29888	19,00000	0,00000	0,00000	0,00000	0,00000	0,00000	0,00000
6,31125	19,00000	0,00000	0,00000	0,00000	0,00000	0,00000	0,00000
6,32363	22,00000	0,00000	0,00000	0,00000	0,00000	0,00000	0,00000
6,33600	22,00000	0,00000	0,00000	0,00000	0,00000	0,00000	0,00000
6,34837	19,00000	0,00000	0,00000	0,00000	0,00000	0,00000	0,00000
6,36075	19,00000	0,00000	0,00000	0,00000	0,00000	0,00000	0,00000
6,37312	19,00000	0,00000	0,00000	0,00000	0,00000	0,00000	0,00000
6,38550	19,00000	0,00000	0,00000	0,00000	0,00000	0,00000	0,00000
6,39787	22,00000	0,00000	0,00000	0,00000	0,00000	0,00000	0,00000
6,41025	22,00000	0,00000	0,00000	0,00000	0,00000	0,00000	0,00000
6,42263	22,00000	0,00000	0,00000	0,00000	0,00000	0,00000	0,00000
6,43500	22,00000	0,00000	0,00000	0,00000	0,00000	0,00000	0,00000
6,44738	22,00000	0,00000	0,00000	0,00000	0,00000	0,00000	0,00000
6,45975	22,00000	0,00000	0,00000	0,00000	0,00000	0,00000	0,00000
6,47213	22,00000	0,00000	0,00000	0,00000	0,00000	0,00000	0,00000
6,48450	19,00000	0,00000	0,00000	0,00000	0,00000	0,00000	0,00000
6,49688	19,00000	0,00000	0,00000	0,00000	0,00000	0,00000	0,00000
6,50925	22,00000	0,00000	0,00000	0,00000	0,00000	0,00000	0,00000
6,52163	22,00000	0,00000	0,00000	0,00000	0,00000	0,00000	0,00000
6,53400	20,00000	0,00000	0,00000	0,00000	0,00000	0,00000	0,00000
6,54638	20,00000	0,00000	0,00000	0,00000	0,00000	0,00000	0,00000
6,55875	23,00000	0,00000	0,00000	0,00000	0,00000	0,00000	0,00000
6,57113	23,00000	0,00000	0,00000	0,00000	0,00000	0,00000	0,00000
6,58350	20,00000	0,00000	0,00000	0,00000	0,00000	0,00000	0,00000
6,59588	23,00000	0,00000	0,00000	0,00000	0,00000	0,00000	0,00000
6,60825	23,00000	0,00000	0,00000	0,00000	0,00000	0,00000	0,00000
6,62063	22,00000	0,00000	0,00000	0,00000	0,00000	0,00000	0,00000
6,63300	19,00000	0,00000	0,00000	0,00000	0,00000	0,00000	0,00000
6,64538	19,00000	0,00000	0,00000	0,00000	0,00000	0,00000	0,00000
6,65775	22,00000	0,00000	0,00000	0,00000	0,00000	0,00000	0,00000
6,67013	23,00000	0,00000	0,00000	0,00000	0,00000	0,00000	0,00000
6,68250	23,00000	0,00000	0,00000	0,00000	0,00000	0,00000	0,00000
6,69488	20,00000	0,00000	0,00000	0,00000	0,00000	0,00000	0,00000
6,70725	20,00000	0,00000	0,00000	0,00000	0,00000	0,00000	0,00000
6,71963	22,00000	0,00000	0,00000	0,00000	0,00000	0,00000	0,00000
6,73200	22,00000	0,00000	0,00000	0,00000	0,00000	0,00000	0,00000
6,74438	22,00000	0,00000	0,00000	0,00000	0,00000	0,00000	0,00000
6,75675	22,00000	0,00000	0,00000	0,00000	0,00000	0,00000	0,00000
6,76913	22,00000	0,00000	0,00000	0,00000	0,00000	0,00000	0,00000
6,78150	22,00000	0,00000	0,00000	0,00000	0,00000	0,00000	0,00000
6,79387	22,00000	0,00000	0,00000	0,00000	0,00000	0,00000	0,00000
6,80625	22,00000	0,00000	0,00000	0,00000	0,00000	0,00000	0,00000
6,81862	22,00000	0,00000	0,00000	0,00000	0,00000	0,00000	0,00000
6,83100	19,00000	0,00000	0,00000	0,00000	0,00000	0,00000	0,00000
6,84337	19,00000	0,00000	0,00000	0,00000	0,00000	0,00000	0,00000
6,85575	19,00000	0,00000	0,00000	0,00000	0,00000	0,00000	0,00000
6,86813	19,00000	0,00000	0,00000	0,00000	0,00000	0,00000	0,00000
6,88050	22,00000	0,00000	0,00000	0,00000	0,00000	0,00000	0,00000
6,89288	19,00000	0,00000	0,00000	0,00000	0,00000	0,00000	0,00000
6,90525	19,00000	0,00000	0,00000	0,00000	0,00000	0,00000	0,00000
6,91763	22,00000	0,00000	0,00000	0,00000	0,00000	0,00000	0,00000
6,93000	23,00000	0,00000	0,00000	0,00000	0,00000	0,00000	0,00000
6,94238	20,00000	0,00000	0,00000	0,00000	0,00000	0,00000	0,00000
6,95475	20,00000	0,00000	0,00000	0,00000	0,00000	0,00000	0,00000
6,96713	23,00000	0,00000	0,00000	0,00000	0,00000	0,00000	0,00000
6,97950	22,00000	0,00000	0,00000	0,00000	0,00000	0,00000	0,00000
6,99188	19,00000	0,00000	0,00000	0,00000	0,00000	0,00000	0,00000
7,00425	22,00000	0,00000	0,00000	0,00000	0,00000	0,00000	0,00000
7,01663	22,00000	0,00000	0,00000	0,00000	0,00000	0,00000	0,00000
7,02900	22,00000	0,00000	0,00000	0,00000	0,00000	0,00000	0,00000
7,04138	20,00000	0,00000	0,00000	0,00000	0,00000	0,00000	0,00000
7,05375	20,00000	0,00000	0,00000	0,00000	0,00000	0,00000	0,00000
7,06613	23,00000	0,00000	0,00000	0,00000	0,00000	0,00000	0,00000
7,07850	20,00000	0,00000	0,00000	0,00000	0,00000	0,00000	0,00000
7,09088	20,00000	0,00000	0,00000	0,00000	0,00000	0,00000	0,00000
7,10325	23,00000	0,00000	0,00000	0,00000	0,00000	0,00000	0,00000
7,11563	20,00000	0,00000	0,00000	0,00000	0,00000	0,00000	0,00000
7,12800	20,00000	0,00000	0,00000	0,00000	0,00000	0,00000	0,00000
7,14038	22,00000	0,00000	0,00000	0,00000	0,00000	0,00000	0,00000
7,15275	22,00000	0,00000	0,00000	0,00000	0,00000	0,00000	0,00000
7,16513	22,00000	0,00000	0,00000	0,00000	0,00000	0,00000	0,00000
7,17750	22,00000	0,00000	0,00000	0,00000	0,00000	0,00000	0,00000
7,18988	22,00000	0,00000	0,00000	0,00000	0,00000	0,00000	0,00000
7,20225	22,00000	0,00000	0,00000	0,00000	0,00000	0,00000	0,00000
7,21463	20,00000	0,00000	0,00000	0,00000	0,00000	0,00000	0,00000
7,22700	20,00000	0,00000	0,00000	0,00000	0,00000	0,00000	0,00000
7,23938	23,00000	0,00000	0,00000	0,00000	0,00000	0,00000	0,00000
7,25175	20,00000	0,00000	0,00000	0,00000	0,00000	0,00000	0,00000
7,26412	20,00000	0,00000	0,00000	0,00000	0,00000	0,00000	0,00000
7,27650	20,00000	0,00000	0,00000	0,00000	0,00000	0,00000	0,00000
7,28887	20,00000	0,00000	0,00000	0,00000	0,00000	0,00000	0,00000
7,30125	23,00000	0,00000	0,00000	0,00000	0,00000	0,00000	0,00000
7,31363	20,00000	0,00000	0,00000	0,00000	0,00000	0,00000	0,00000
7,32600	20,00000	0,00000	0,00000	0,00000	0,00000	0,00000	0,00000
7,33838	22,00000	0,00000	0,00000	0,00000	0,00000	0,00000	0,00000
7,35075	22,00000	0,00000	0,00000	0,00000	0,00000	0,00000	0,00000
7,36313	22,00000	0,00000	0,00000	0,00000	0,00000	0,00000	0,00000
7,37550	22,00000	0,00000	0,00000	0,00000	0,00000	0,00000	0,00000
7,38788	20,00000	0,00000	0,00000	0,00000	0,00000	0,00000	0,00000
7,40025	20,00000	0,00000	0,00000	0,00000	0,00000	0,00000	0,00000
7,41263	23,00000	0,00000	0,00000	0,00000	0,00000	0,00000	0,00000
7,42500	22,00000	0,00000	0,00000	0,00000	0,00000	0,00000	0,00000
7,43738	19,00000	0,00000	0,00000	0,00000	0,00000	0,00000	0,00000
7,44975	19,00000	0,00000	0,00000	0,00000	0,00000	0,00000	0,00000
7,46213	20,00000	0,00000	0,00000	0,00000	0,00000	0,00000	0,00000
7,47450	19,00000	0,00000	0,00000	0,00000	0,00000	0,00000	0,00000
7,48688	19,00000	0,00000	0,00000	0,00000	0,00000	0,00000	0,00000
7,49925	22,00000	0,00000	0,00000	0,00000	0,00000	0,00000	0,00000
7,51163	19,00000	0,00000	0,00000	0,00000	0,00000	0,00000	0,00000
7,52400	19,00000	0,00000	0,00000	0,00000	0,00000	0,00000	0,00000
7,53638	22,00000	0,00000	0,00000	0,00000	0,00000	0,00000	0,00000
7,54875	22,00000	0,00000	0,00000	0,00000	0,00000	0,00000	0,00000
7,56113	22,00000	0,00000	0,00000	0,00000	0,00000	0,00000	0,00000
7,57350	19,00000	0,00000	0,00000	0,00000	0,00000	0,00000	0,00000
7,58588	22,00000	0,00000	0,00000	0,00000	0,00000	0,00000	0,00000
7,59825	23,00000	0,00000	0,00000	0,00000	0,00000	0,00000	0,00000
7,61063	22,00000	0,00000	0,00000	0,00000	0,00000	0,00000	0,00000
7,62300	19,00000	0,00000	0,00000	0,00000	0,00000	0,00000	0,00000
7,63538	22,00000	0,00000	0,00000	0,00000	0,00000	0,00000	0,00000
7,64775	22,00000	0,00000	0,00000	0,00000	0,00000	0,00000	0,00000
7,66013	22,00000	0,00000	0,00000	0,00000	0,00000	0,00000	0,00000
7,67250	22,00000	0,00000	0,00000	0,00000	0,00000	0,00000	0,00000
7,68488	22,00000	0,00000	0,00000	0,00000	0,00000	0,00000	0,00000
7,69725	19,00000	0,00000	0,00000	0,00000	0,00000	0,00000	0,00000
7,70962	19,00000	0,00000	0,00000	0,00000	0,00000	0,00000	0,00000
7,72200	19,00000	0,00000	0,00000	0,00000	0,00000	0,00000	0,00000
7,73438	19,00000	0,00000	0,00000	0,00000	0,00000	0,00000	0,00000
7,74675	22,00000	0,00000	0,00000	0,00000	0,00000	0,00000	0,00000
7,75913	22,00000	0,00000	0,00000	0,00000	0,00000	0,00000	0,00000
7,77150	22,00000	0,00000	0,00000	0,00000	0,00000	0,00000	0,00000
7,78388	22,00000	0,00000	0,00000	0,00000	0,00000	0,00000	0,00000
7,79625	22,00000	0,00000	0,00000	0,00000	0,00000	0,00000	0,00000
7,80863	22,00000	0,00000	0,00000	0,00000	0,00000	0,00000	0,00000
7,82100	19,00000	0,00000	0,00000	0,00000	0,00000	0,00000	0,00000
7,83338	19,00000	0,00000	0,00000	0,00000	0,00000	0,00000	0,00000
7,84575	19,00000	0,00000	0,00000	0,00000	0,00000	0,00000	0,00000
7,85813	22,00000	0,00000	0,00000	0,00000	0,00000	0,00000	0,00000
7,87050	25,00000	0,00000	0,00000	0,00000	0,00000	0,00000	0,00000
7,88288	18,00000	0,00000	0,00000	0,00000	0,00000	0,00000	0,00000
0,00000	12,00000	0,00000	0,00000	0,00000	0,00000	0,00000	0,00000
0,00000	9,00000	0,00000	0,00000	0,00000	0,00000	0,00000	0,00000
