GRUPPE3_Greyline09.dat
04.10.2021
15:13:47
GRUPPE3

Gauss coefficients notation:
Amplitude
FWHM
Std.Abw.
[Fehler]
offset
BEAMCUT  LINES:

X H  in mm	Y H rel	Gauss fit H	H Gauss Coefficients	X V in mm	Y V rel	Gauss fit V	V Gauss Coefficientes
0,00000	16,00000	0,00000	0,00000	0,00000	17,00000	0,00000	0,00000
0,01238	16,00000	0,00000	0,00000	0,01238	17,00000	0,00000	0,00000
0,02475	16,00000	0,00000	0,00000	0,02475	17,00000	0,00000	0,00000
0,03713	19,00000	0,00000	0,00000	0,03713	18,00000	0,00000	0,00000
0,04950	18,00000	0,00000	0,00000	0,04950	17,00000	0,00000	0,00000
0,06187	17,00000	0,00000	0,00000	0,06188	18,00000	0,00000	0,00000
0,07425	18,00000	0,00000	0,00000	0,07425	17,00000	0,00000	0,00000
0,08663	18,00000	0,00000	0,00000	0,08663	18,00000	0,00000	0,00000
0,09900	18,00000	0,00000	0,00000	0,09900	17,00000	0,00000	0,00000
0,11138	18,00000	0,00000	0,00000	0,11138	17,00000	0,00000	0,00000
0,12375	18,00000	0,00000	0,00000	0,12375	16,00000	0,00000	0,00000
0,13612	18,00000	0,00000	0,00000	0,13613	16,00000	0,00000	0,00000
0,14850	18,00000	0,00000	0,00000	0,14850	18,00000	0,00000	0,00000
0,16088	18,00000	0,00000	0,00000	0,16088	16,00000	0,00000	0,00000
0,17325	18,00000	0,00000	0,00000	0,17325	16,00000	0,00000	0,00000
0,18563	15,00000	0,00000	0,00000	0,18563	15,00000	0,00000	0,00000
0,19800	16,00000	0,00000	0,00000	0,19800	18,00000	0,00000	0,00000
0,21038	18,00000	0,00000	0,00000	0,21038	16,00000	0,00000	0,00000
0,22275	18,00000	0,00000	0,00000	0,22275	17,00000	0,00000	0,00000
0,23513	15,00000	0,00000	0,00000	0,23513	18,00000	0,00000	0,00000
0,24750	15,00000	0,00000	0,00000	0,24750	17,00000	0,00000	0,00000
0,25988	17,00000	0,00000	0,00000	0,25988	17,00000	0,00000	0,00000
0,27225	18,00000	0,00000	0,00000	0,27225	17,00000	0,00000	0,00000
0,28463	18,00000	0,00000	0,00000	0,28463	17,00000	0,00000	0,00000
0,29700	18,00000	0,00000	0,00000	0,29700	16,00000	0,00000	0,00000
0,30938	18,00000	0,00000	0,00000	0,30938	17,00000	0,00000	0,00000
0,32175	18,00000	0,00000	0,00000	0,32175	18,00000	0,00000	0,00000
0,33413	18,00000	0,00000	0,00000	0,33413	16,00000	0,00000	0,00000
0,34650	18,00000	0,00000	0,00000	0,34650	18,00000	0,00000	0,00000
0,35887	18,00000	0,00000	0,00000	0,35888	17,00000	0,00000	0,00000
0,37125	16,00000	0,00000	0,00000	0,37125	18,00000	0,00000	0,00000
0,38362	18,00000	0,00000	0,00000	0,38363	19,00000	0,00000	0,00000
0,39600	18,00000	0,00000	0,00000	0,39600	18,00000	0,00000	0,00000
0,40838	18,00000	0,00000	0,00000	0,40838	18,00000	0,00000	0,00000
0,42075	18,00000	0,00000	0,00000	0,42075	17,00000	0,00000	0,00000
0,43313	18,00000	0,00000	0,00000	0,43313	17,00000	0,00000	0,00000
0,44550	16,00000	0,00000	0,00000	0,44550	16,00000	0,00000	0,00000
0,45788	16,00000	0,00000	0,00000	0,45788	15,00000	0,00000	0,00000
0,47025	18,00000	0,00000	0,00000	0,47025	18,00000	0,00000	0,00000
0,48263	18,00000	0,00000	0,00000	0,48263	15,00000	0,00000	0,00000
0,49500	15,00000	0,00000	0,00000	0,49500	17,00000	0,00000	0,00000
0,50738	15,00000	0,00000	0,00000	0,50738	18,00000	0,00000	0,00000
0,51975	18,00000	0,00000	0,00000	0,51975	16,00000	0,00000	0,00000
0,53213	18,00000	0,00000	0,00000	0,53213	16,00000	0,00000	0,00000
0,54450	16,00000	0,00000	0,00000	0,54450	15,00000	0,00000	0,00000
0,55688	16,00000	0,00000	0,00000	0,55688	18,00000	0,00000	0,00000
0,56925	18,00000	0,00000	0,00000	0,56925	15,00000	0,00000	0,00000
0,58163	18,00000	0,00000	0,00000	0,58163	18,00000	0,00000	0,00000
0,59400	18,00000	0,00000	0,00000	0,59400	16,00000	0,00000	0,00000
0,60637	16,00000	0,00000	0,00000	0,60638	15,00000	0,00000	0,00000
0,61875	18,00000	0,00000	0,00000	0,61875	18,00000	0,00000	0,00000
0,63113	16,00000	0,00000	0,00000	0,63113	18,00000	0,00000	0,00000
0,64350	16,00000	0,00000	0,00000	0,64350	18,00000	0,00000	0,00000
0,65587	18,00000	0,00000	0,00000	0,65588	16,00000	0,00000	0,00000
0,66825	19,00000	0,00000	0,00000	0,66825	17,00000	0,00000	0,00000
0,68063	19,00000	0,00000	0,00000	0,68063	16,00000	0,00000	0,00000
0,69300	18,00000	0,00000	0,00000	0,69300	16,00000	0,00000	0,00000
0,70538	16,00000	0,00000	0,00000	0,70538	18,00000	0,00000	0,00000
0,71775	17,00000	0,00000	0,00000	0,71775	17,00000	0,00000	0,00000
0,73013	15,00000	0,00000	0,00000	0,73013	15,00000	0,00000	0,00000
0,74250	17,00000	0,00000	0,00000	0,74250	17,00000	0,00000	0,00000
0,75488	17,00000	0,00000	0,00000	0,75488	16,00000	0,00000	0,00000
0,76725	17,00000	0,00000	0,00000	0,76725	16,00000	0,00000	0,00000
0,77963	17,00000	0,00000	0,00000	0,77963	18,00000	0,00000	0,00000
0,79200	15,00000	0,00000	0,00000	0,79200	18,00000	0,00000	0,00000
0,80438	15,00000	0,00000	0,00000	0,80438	16,00000	0,00000	0,00000
0,81675	17,00000	0,00000	0,00000	0,81675	18,00000	0,00000	0,00000
0,82913	17,00000	0,00000	0,00000	0,82913	16,00000	0,00000	0,00000
0,84150	16,00000	0,00000	0,00000	0,84150	18,00000	0,00000	0,00000
0,85388	18,00000	0,00000	0,00000	0,85388	19,00000	0,00000	0,00000
0,86625	18,00000	0,00000	0,00000	0,86625	19,00000	0,00000	0,00000
0,87862	17,00000	0,00000	0,00000	0,87863	16,00000	0,00000	0,00000
0,89100	19,00000	0,00000	0,00000	0,89100	16,00000	0,00000	0,00000
0,90338	19,00000	0,00000	0,00000	0,90338	15,00000	0,00000	0,00000
0,91575	19,00000	0,00000	0,00000	0,91575	16,00000	0,00000	0,00000
0,92813	17,00000	0,00000	0,00000	0,92813	18,00000	0,00000	0,00000
0,94050	18,00000	0,00000	0,00000	0,94050	18,00000	0,00000	0,00000
0,95288	16,00000	0,00000	0,00000	0,95288	18,00000	0,00000	0,00000
0,96525	16,00000	0,00000	0,00000	0,96525	18,00000	0,00000	0,00000
0,97763	17,00000	0,00000	0,00000	0,97763	17,00000	0,00000	0,00000
0,99000	17,00000	0,00000	0,00000	0,99000	15,00000	0,00000	0,00000
1,00238	17,00000	0,00000	0,00000	1,00238	18,00000	0,00000	0,00000
1,01475	17,00000	0,00000	0,00000	1,01475	17,00000	0,00000	0,00000
1,02713	17,00000	0,00000	0,00000	1,02713	16,00000	0,00000	0,00000
1,03950	17,00000	0,00000	0,00000	1,03950	18,00000	0,00000	0,00000
1,05188	16,00000	0,00000	0,00000	1,05188	17,00000	0,00000	0,00000
1,06425	16,00000	0,00000	0,00000	1,06425	18,00000	0,00000	0,00000
1,07662	18,00000	0,00000	0,00000	1,07663	17,00000	0,00000	0,00000
1,08900	16,00000	0,00000	0,00000	1,08900	16,00000	0,00000	0,00000
1,10137	17,00000	0,00000	0,00000	1,10138	16,00000	0,00000	0,00000
1,11375	22,00000	0,00000	0,00000	1,11375	17,00000	0,00000	0,00000
1,12613	19,00000	0,00000	0,00000	1,12613	18,00000	0,00000	0,00000
1,13850	17,00000	0,00000	0,00000	1,13850	16,00000	0,00000	0,00000
1,15088	16,00000	0,00000	0,00000	1,15088	17,00000	0,00000	0,00000
1,16325	16,00000	0,00000	0,00000	1,16325	16,00000	0,00000	0,00000
1,17563	16,00000	0,00000	0,00000	1,17563	18,00000	0,00000	0,00000
1,18800	18,00000	0,00000	0,00000	1,18800	16,00000	0,00000	0,00000
1,20037	18,00000	0,00000	0,00000	1,20038	16,00000	0,00000	0,00000
1,21275	18,00000	0,00000	0,00000	1,21275	16,00000	0,00000	0,00000
1,22513	18,00000	0,00000	0,00000	1,22513	16,00000	0,00000	0,00000
1,23750	18,00000	0,00000	0,00000	1,23750	17,00000	0,00000	0,00000
1,24988	18,00000	0,00000	0,00000	1,24988	16,00000	0,00000	0,00000
1,26225	16,00000	0,00000	0,00000	1,26225	18,00000	0,00000	0,00000
1,27463	16,00000	0,00000	0,00000	1,27463	18,00000	0,00000	0,00000
1,28700	18,00000	0,00000	0,00000	1,28700	18,00000	0,00000	0,00000
1,29938	18,00000	0,00000	0,00000	1,29938	18,00000	0,00000	0,00000
1,31175	18,00000	0,00000	0,00000	1,31175	18,00000	0,00000	0,00000
1,32412	18,00000	0,00000	0,00000	1,32413	19,00000	0,00000	0,00000
1,33650	18,00000	0,00000	0,00000	1,33650	16,00000	0,00000	0,00000
1,34888	18,00000	0,00000	0,00000	1,34888	16,00000	0,00000	0,00000
1,36125	16,00000	0,00000	0,00000	1,36125	16,00000	0,00000	0,00000
1,37363	16,00000	0,00000	0,00000	1,37363	18,00000	0,00000	0,00000
1,38600	18,00000	0,00000	0,00000	1,38600	16,00000	0,00000	0,00000
1,39838	18,00000	0,00000	0,00000	1,39838	16,00000	0,00000	0,00000
1,41075	17,00000	0,00000	0,00000	1,41075	16,00000	0,00000	0,00000
1,42312	15,00000	0,00000	0,00000	1,42313	16,00000	0,00000	0,00000
1,43550	15,00000	0,00000	0,00000	1,43550	16,00000	0,00000	0,00000
1,44788	16,00000	0,00000	0,00000	1,44788	16,00000	0,00000	0,00000
1,46025	15,00000	0,00000	0,00000	1,46025	16,00000	0,00000	0,00000
1,47263	15,00000	0,00000	0,00000	1,47263	16,00000	0,00000	0,00000
1,48500	17,00000	0,00000	0,00000	1,48500	16,00000	0,00000	0,00000
1,49738	18,00000	0,00000	0,00000	1,49738	17,00000	0,00000	0,00000
1,50975	18,00000	0,00000	0,00000	1,50975	17,00000	0,00000	0,00000
1,52213	16,00000	0,00000	0,00000	1,52213	17,00000	0,00000	0,00000
1,53450	16,00000	0,00000	0,00000	1,53450	16,00000	0,00000	0,00000
1,54688	16,00000	0,00000	0,00000	1,54688	18,00000	0,00000	0,00000
1,55925	18,00000	0,00000	0,00000	1,55925	18,00000	0,00000	0,00000
1,57163	19,00000	0,00000	0,00000	1,57163	18,00000	0,00000	0,00000
1,58400	16,00000	0,00000	0,00000	1,58400	17,00000	0,00000	0,00000
1,59638	16,00000	0,00000	0,00000	1,59638	17,00000	0,00000	0,00000
1,60875	17,00000	0,00000	0,00000	1,60875	16,00000	0,00000	0,00000
1,62113	17,00000	0,00000	0,00000	1,62113	17,00000	0,00000	0,00000
1,63350	16,00000	0,00000	0,00000	1,63350	16,00000	0,00000	0,00000
1,64587	16,00000	0,00000	0,00000	1,64588	16,00000	0,00000	0,00000
1,65825	18,00000	0,00000	0,00000	1,65825	16,00000	0,00000	0,00000
1,67063	16,00000	0,00000	0,00000	1,67063	17,00000	0,00000	0,00000
1,68300	16,00000	0,00000	0,00000	1,68300	16,00000	0,00000	0,00000
1,69538	18,00000	0,00000	0,00000	1,69538	17,00000	0,00000	0,00000
1,70775	18,00000	0,00000	0,00000	1,70775	16,00000	0,00000	0,00000
1,72013	18,00000	0,00000	0,00000	1,72013	16,00000	0,00000	0,00000
1,73250	18,00000	0,00000	0,00000	1,73250	17,00000	0,00000	0,00000
1,74488	16,00000	0,00000	0,00000	1,74488	19,00000	0,00000	0,00000
1,75725	16,00000	0,00000	0,00000	1,75725	15,00000	0,00000	0,00000
1,76963	16,00000	0,00000	0,00000	1,76963	17,00000	0,00000	0,00000
1,78200	18,00000	0,00000	0,00000	1,78200	16,00000	0,00000	0,00000
1,79438	18,00000	0,00000	0,00000	1,79438	18,00000	0,00000	0,00000
1,80675	16,00000	0,00000	0,00000	1,80675	18,00000	0,00000	0,00000
1,81913	16,00000	0,00000	0,00000	1,81913	16,00000	0,00000	0,00000
1,83150	18,00000	0,00000	0,00000	1,83150	16,00000	0,00000	0,00000
1,84388	18,00000	0,00000	0,00000	1,84388	18,00000	0,00000	0,00000
1,85625	18,00000	0,00000	0,00000	1,85625	18,00000	0,00000	0,00000
1,86862	18,00000	0,00000	0,00000	1,86863	16,00000	0,00000	0,00000
1,88100	18,00000	0,00000	0,00000	1,88100	18,00000	0,00000	0,00000
1,89338	18,00000	0,00000	0,00000	1,89338	17,00000	0,00000	0,00000
1,90575	18,00000	0,00000	0,00000	1,90575	16,00000	0,00000	0,00000
1,91813	18,00000	0,00000	0,00000	1,91813	17,00000	0,00000	0,00000
1,93050	18,00000	0,00000	0,00000	1,93050	18,00000	0,00000	0,00000
1,94288	18,00000	0,00000	0,00000	1,94288	19,00000	0,00000	0,00000
1,95525	18,00000	0,00000	0,00000	1,95525	18,00000	0,00000	0,00000
1,96763	18,00000	0,00000	0,00000	1,96763	15,00000	0,00000	0,00000
1,98000	16,00000	0,00000	0,00000	1,98000	18,00000	0,00000	0,00000
1,99238	16,00000	0,00000	0,00000	1,99238	15,00000	0,00000	0,00000
2,00475	19,00000	0,00000	0,00000	2,00475	17,00000	0,00000	0,00000
2,01713	18,00000	0,00000	0,00000	2,01713	17,00000	0,00000	0,00000
2,02950	16,00000	0,00000	0,00000	2,02950	17,00000	0,00000	0,00000
2,04188	16,00000	0,00000	0,00000	2,04188	17,00000	0,00000	0,00000
2,05425	17,00000	0,00000	0,00000	2,05425	15,00000	0,00000	0,00000
2,06663	17,00000	0,00000	0,00000	2,06663	18,00000	0,00000	0,00000
2,07900	15,00000	0,00000	0,00000	2,07900	16,00000	0,00000	0,00000
2,09138	15,00000	0,00000	0,00000	2,09138	16,00000	0,00000	0,00000
2,10375	17,00000	0,00000	0,00000	2,10375	16,00000	0,00000	0,00000
2,11613	18,00000	0,00000	0,00000	2,11613	16,00000	0,00000	0,00000
2,12850	18,00000	0,00000	0,00000	2,12850	16,00000	0,00000	0,00000
2,14088	18,00000	0,00000	0,00000	2,14088	16,00000	0,00000	0,00000
2,15325	17,00000	0,00000	0,00000	2,15325	16,00000	0,00000	0,00000
2,16562	17,00000	0,00000	0,00000	2,16563	16,00000	0,00000	0,00000
2,17800	19,00000	0,00000	0,00000	2,17800	17,00000	0,00000	0,00000
2,19037	18,00000	0,00000	0,00000	2,19038	15,00000	0,00000	0,00000
2,20275	16,00000	0,00000	0,00000	2,20275	16,00000	0,00000	0,00000
2,21513	15,00000	0,00000	0,00000	2,21513	16,00000	0,00000	0,00000
2,22750	15,00000	0,00000	0,00000	2,22750	18,00000	0,00000	0,00000
2,23988	17,00000	0,00000	0,00000	2,23988	18,00000	0,00000	0,00000
2,25225	18,00000	0,00000	0,00000	2,25225	18,00000	0,00000	0,00000
2,26463	16,00000	0,00000	0,00000	2,26463	18,00000	0,00000	0,00000
2,27700	16,00000	0,00000	0,00000	2,27700	16,00000	0,00000	0,00000
2,28938	16,00000	0,00000	0,00000	2,28938	17,00000	0,00000	0,00000
2,30175	18,00000	0,00000	0,00000	2,30175	15,00000	0,00000	0,00000
2,31413	18,00000	0,00000	0,00000	2,31413	16,00000	0,00000	0,00000
2,32650	15,00000	0,00000	0,00000	2,32650	15,00000	0,00000	0,00000
2,33888	15,00000	0,00000	0,00000	2,33888	16,00000	0,00000	0,00000
2,35125	17,00000	0,00000	0,00000	2,35125	18,00000	0,00000	0,00000
2,36363	18,00000	0,00000	0,00000	2,36363	19,00000	0,00000	0,00000
2,37600	18,00000	0,00000	0,00000	2,37600	20,00000	0,00000	0,00000
2,38837	17,00000	0,00000	0,00000	2,38838	19,00000	0,00000	0,00000
2,40075	15,00000	0,00000	0,00000	2,40075	19,00000	0,00000	0,00000
2,41312	13,00000	0,00000	0,00000	2,41313	22,00000	0,00000	0,00000
2,42550	15,00000	0,00000	0,00000	2,42550	23,00000	0,00000	0,00000
2,43788	17,00000	0,00000	0,00000	2,43788	23,00000	0,00000	0,00000
2,45025	17,00000	0,00000	0,00000	2,45025	25,00000	0,00000	0,00000
2,46263	17,00000	0,00000	0,00000	2,46263	26,00000	0,00000	0,00000
2,47500	15,00000	0,00000	0,00000	2,47500	25,00000	0,00000	0,00000
2,48738	15,00000	0,00000	0,00000	2,48738	29,00000	0,00000	0,00000
2,49975	17,00000	0,00000	0,00000	2,49975	29,00000	0,00000	0,00000
2,51213	15,00000	0,00000	0,00000	2,51213	32,00000	0,00000	0,00000
2,52450	15,00000	0,00000	0,00000	2,52450	36,00000	0,00000	0,00000
2,53688	15,00000	0,00000	0,00000	2,53688	39,00000	0,00000	0,00000
2,54925	17,00000	0,00000	0,00000	2,54925	39,00000	0,00000	0,00000
2,56163	17,00000	0,00000	0,00000	2,56163	43,00000	0,00000	0,00000
2,57400	15,00000	0,00000	0,00000	2,57400	53,00000	0,00000	0,00000
2,58638	15,00000	0,00000	0,00000	2,58638	51,00000	0,00000	0,00000
2,59875	17,00000	0,00000	0,00000	2,59875	54,00000	0,00000	0,00000
2,61112	18,00000	0,00000	0,00000	2,61113	52,00000	0,00000	0,00000
2,62350	18,00000	0,00000	0,00000	2,62350	61,00000	0,00000	0,00000
2,63587	18,00000	0,00000	0,00000	2,63588	62,00000	0,00000	0,00000
2,64825	17,00000	0,00000	0,00000	2,64825	65,00000	0,00000	0,00000
2,66063	15,00000	0,00000	0,00000	2,66063	67,00000	0,00000	0,00000
2,67300	15,00000	0,00000	0,00000	2,67300	73,00000	0,00000	0,00000
2,68538	17,00000	0,00000	0,00000	2,68538	82,00000	0,00000	0,00000
2,69775	16,00000	0,00000	0,00000	2,69775	94,00000	0,00000	0,00000
2,71013	18,00000	0,00000	0,00000	2,71013	102,00000	0,00000	0,00000
2,72250	18,00000	0,00000	0,00000	2,72250	111,00000	0,00000	0,00000
2,73488	15,00000	0,00000	0,00000	2,73488	125,00000	0,00000	0,00000
2,74725	15,00000	0,00000	0,00000	2,74725	132,00000	0,00000	0,00000
2,75963	15,00000	0,00000	0,00000	2,75963	137,00000	0,00000	0,00000
2,77200	17,00000	0,00000	0,00000	2,77200	139,00000	0,00000	0,00000
2,78438	17,00000	0,00000	0,00000	2,78438	143,00000	0,00000	0,00000
2,79675	15,00000	0,00000	0,00000	2,79675	144,00000	0,00000	0,00000
2,80913	15,00000	0,00000	0,00000	2,80913	143,00000	0,00000	0,00000
2,82150	15,00000	0,00000	0,00000	2,82150	151,00000	0,00000	0,00000
2,83387	17,00000	0,00000	0,00000	2,83388	150,00000	0,00000	0,00000
2,84625	15,00000	0,00000	0,00000	2,84625	158,00000	0,00000	0,00000
2,85862	15,00000	0,00000	0,00000	2,85863	157,00000	0,00000	0,00000
2,87100	17,00000	0,00000	0,00000	2,87100	154,00000	0,00000	0,00000
2,88338	15,00000	0,00000	0,00000	2,88338	157,00000	0,00000	0,00000
2,89575	15,00000	0,00000	0,00000	2,89575	157,00000	0,00000	0,00000
2,90813	17,00000	0,00000	0,00000	2,90813	152,00000	0,00000	0,00000
2,92050	15,00000	0,00000	0,00000	2,92050	151,00000	0,00000	0,00000
2,93288	15,00000	0,00000	0,00000	2,93288	143,00000	0,00000	0,00000
2,94525	17,00000	0,00000	0,00000	2,94525	133,00000	0,00000	0,00000
2,95763	17,00000	0,00000	0,00000	2,95763	128,00000	0,00000	0,00000
2,97000	17,00000	0,00000	0,00000	2,97000	117,00000	0,00000	0,00000
2,98238	17,00000	0,00000	0,00000	2,98238	110,00000	0,00000	0,00000
2,99475	17,00000	0,00000	0,00000	2,99475	109,00000	0,00000	0,00000
3,00713	17,00000	0,00000	0,00000	3,00713	104,00000	0,00000	0,00000
3,01950	17,00000	0,00000	0,00000	3,01950	96,00000	0,00000	0,00000
3,03188	17,00000	0,00000	0,00000	3,03188	91,00000	0,00000	0,00000
3,04425	17,00000	0,00000	0,00000	3,04425	83,00000	0,00000	0,00000
3,05662	17,00000	0,00000	0,00000	3,05663	75,00000	0,00000	0,00000
3,06900	16,00000	0,00000	0,00000	3,06900	74,00000	0,00000	0,00000
3,08137	16,00000	0,00000	0,00000	3,08138	73,00000	0,00000	0,00000
3,09375	18,00000	0,00000	0,00000	3,09375	69,00000	0,00000	0,00000
3,10613	16,00000	0,00000	0,00000	3,10613	66,00000	0,00000	0,00000
3,11850	16,00000	0,00000	0,00000	3,11850	58,00000	0,00000	0,00000
3,13088	17,00000	0,00000	0,00000	3,13088	52,00000	0,00000	0,00000
3,14325	17,00000	0,00000	0,00000	3,14325	44,00000	0,00000	0,00000
3,15563	16,00000	0,00000	0,00000	3,15563	40,00000	0,00000	0,00000
3,16800	16,00000	0,00000	0,00000	3,16800	32,00000	0,00000	0,00000
3,18038	18,00000	0,00000	0,00000	3,18038	31,00000	0,00000	0,00000
3,19275	18,00000	0,00000	0,00000	3,19275	30,00000	0,00000	0,00000
3,20513	16,00000	0,00000	0,00000	3,20513	29,00000	0,00000	0,00000
3,21750	16,00000	0,00000	0,00000	3,21750	29,00000	0,00000	0,00000
3,22988	17,00000	0,00000	0,00000	3,22988	27,00000	0,00000	0,00000
3,24225	17,00000	0,00000	0,00000	3,24225	29,00000	0,00000	0,00000
3,25463	15,00000	0,00000	0,00000	3,25463	27,00000	0,00000	0,00000
3,26700	16,00000	0,00000	0,00000	3,26700	25,00000	0,00000	0,00000
3,27938	13,00000	0,00000	0,00000	3,27938	23,00000	0,00000	0,00000
3,29175	13,00000	0,00000	0,00000	3,29175	19,00000	0,00000	0,00000
3,30412	16,00000	0,00000	0,00000	3,30413	19,00000	0,00000	0,00000
3,31650	17,00000	0,00000	0,00000	3,31650	19,00000	0,00000	0,00000
3,32888	17,00000	0,00000	0,00000	3,32888	16,00000	0,00000	0,00000
3,34125	15,00000	0,00000	0,00000	3,34125	18,00000	0,00000	0,00000
3,35363	15,00000	0,00000	0,00000	3,35363	18,00000	0,00000	0,00000
3,36600	18,00000	0,00000	0,00000	3,36600	18,00000	0,00000	0,00000
3,37838	18,00000	0,00000	0,00000	3,37838	18,00000	0,00000	0,00000
3,39075	18,00000	0,00000	0,00000	3,39075	17,00000	0,00000	0,00000
3,40313	18,00000	0,00000	0,00000	3,40313	16,00000	0,00000	0,00000
3,41550	18,00000	0,00000	0,00000	3,41550	17,00000	0,00000	0,00000
3,42788	18,00000	0,00000	0,00000	3,42788	18,00000	0,00000	0,00000
3,44025	18,00000	0,00000	0,00000	3,44025	18,00000	0,00000	0,00000
3,45263	16,00000	0,00000	0,00000	3,45263	15,00000	0,00000	0,00000
3,46500	17,00000	0,00000	0,00000	3,46500	17,00000	0,00000	0,00000
3,47738	17,00000	0,00000	0,00000	3,47738	18,00000	0,00000	0,00000
3,48975	15,00000	0,00000	0,00000	3,48975	17,00000	0,00000	0,00000
3,50213	15,00000	0,00000	0,00000	3,50213	18,00000	0,00000	0,00000
3,51450	15,00000	0,00000	0,00000	3,51450	17,00000	0,00000	0,00000
3,52687	17,00000	0,00000	0,00000	3,52688	17,00000	0,00000	0,00000
3,53925	17,00000	0,00000	0,00000	3,53925	17,00000	0,00000	0,00000
3,55163	16,00000	0,00000	0,00000	3,55163	17,00000	0,00000	0,00000
3,56400	18,00000	0,00000	0,00000	3,56400	16,00000	0,00000	0,00000
3,57638	18,00000	0,00000	0,00000	3,57638	16,00000	0,00000	0,00000
3,58875	19,00000	0,00000	0,00000	3,58875	13,00000	0,00000	0,00000
3,60113	18,00000	0,00000	0,00000	3,60113	16,00000	0,00000	0,00000
3,61350	16,00000	0,00000	0,00000	3,61350	17,00000	0,00000	0,00000
3,62588	16,00000	0,00000	0,00000	3,62588	15,00000	0,00000	0,00000
3,63825	17,00000	0,00000	0,00000	3,63825	15,00000	0,00000	0,00000
3,65063	17,00000	0,00000	0,00000	3,65063	15,00000	0,00000	0,00000
3,66300	17,00000	0,00000	0,00000	3,66300	17,00000	0,00000	0,00000
3,67538	15,00000	0,00000	0,00000	3,67538	17,00000	0,00000	0,00000
3,68775	15,00000	0,00000	0,00000	3,68775	18,00000	0,00000	0,00000
3,70013	17,00000	0,00000	0,00000	3,70013	17,00000	0,00000	0,00000
3,71250	16,00000	0,00000	0,00000	3,71250	15,00000	0,00000	0,00000
3,72488	18,00000	0,00000	0,00000	3,72488	16,00000	0,00000	0,00000
3,73725	18,00000	0,00000	0,00000	3,73725	16,00000	0,00000	0,00000
3,74962	18,00000	0,00000	0,00000	3,74963	17,00000	0,00000	0,00000
3,76200	18,00000	0,00000	0,00000	3,76200	16,00000	0,00000	0,00000
3,77438	16,00000	0,00000	0,00000	3,77438	16,00000	0,00000	0,00000
3,78675	16,00000	0,00000	0,00000	3,78675	15,00000	0,00000	0,00000
3,79913	16,00000	0,00000	0,00000	3,79913	15,00000	0,00000	0,00000
3,81150	18,00000	0,00000	0,00000	3,81150	15,00000	0,00000	0,00000
3,82388	18,00000	0,00000	0,00000	3,82388	15,00000	0,00000	0,00000
3,83625	15,00000	0,00000	0,00000	3,83625	16,00000	0,00000	0,00000
3,84863	13,00000	0,00000	0,00000	3,84863	15,00000	0,00000	0,00000
3,86100	12,00000	0,00000	0,00000	3,86100	16,00000	0,00000	0,00000
3,87338	16,00000	0,00000	0,00000	3,87338	16,00000	0,00000	0,00000
3,88575	16,00000	0,00000	0,00000	3,88575	16,00000	0,00000	0,00000
3,89813	17,00000	0,00000	0,00000	3,89813	15,00000	0,00000	0,00000
3,91050	17,00000	0,00000	0,00000	3,91050	15,00000	0,00000	0,00000
3,92288	17,00000	0,00000	0,00000	3,92288	15,00000	0,00000	0,00000
3,93525	17,00000	0,00000	0,00000	3,93525	17,00000	0,00000	0,00000
3,94763	17,00000	0,00000	0,00000	3,94763	15,00000	0,00000	0,00000
3,96000	15,00000	0,00000	0,00000	3,96000	15,00000	0,00000	0,00000
3,97237	15,00000	0,00000	0,00000	3,97238	15,00000	0,00000	0,00000
3,98475	17,00000	0,00000	0,00000	3,98475	15,00000	0,00000	0,00000
3,99713	17,00000	0,00000	0,00000	3,99713	17,00000	0,00000	0,00000
4,00950	15,00000	0,00000	0,00000	4,00950	15,00000	0,00000	0,00000
4,02188	15,00000	0,00000	0,00000	4,02188	15,00000	0,00000	0,00000
4,03425	15,00000	0,00000	0,00000	4,03425	15,00000	0,00000	0,00000
4,04663	17,00000	0,00000	0,00000	4,04663	15,00000	0,00000	0,00000
4,05900	17,00000	0,00000	0,00000	4,05900	13,00000	0,00000	0,00000
4,07138	16,00000	0,00000	0,00000	4,07138	15,00000	0,00000	0,00000
4,08375	18,00000	0,00000	0,00000	4,08375	15,00000	0,00000	0,00000
4,09612	18,00000	0,00000	0,00000	4,09613	18,00000	0,00000	0,00000
4,10850	16,00000	0,00000	0,00000	4,10850	15,00000	0,00000	0,00000
4,12087	18,00000	0,00000	0,00000	4,12088	17,00000	0,00000	0,00000
4,13325	18,00000	0,00000	0,00000	4,13325	15,00000	0,00000	0,00000
4,14562	17,00000	0,00000	0,00000	4,14563	15,00000	0,00000	0,00000
4,15800	17,00000	0,00000	0,00000	4,15800	15,00000	0,00000	0,00000
4,17037	19,00000	0,00000	0,00000	4,17038	15,00000	0,00000	0,00000
4,18275	17,00000	0,00000	0,00000	4,18275	15,00000	0,00000	0,00000
4,19512	17,00000	0,00000	0,00000	4,19513	15,00000	0,00000	0,00000
4,20750	17,00000	0,00000	0,00000	4,20750	16,00000	0,00000	0,00000
4,21988	19,00000	0,00000	0,00000	4,21988	15,00000	0,00000	0,00000
4,23225	17,00000	0,00000	0,00000	4,23225	16,00000	0,00000	0,00000
4,24463	17,00000	0,00000	0,00000	4,24463	16,00000	0,00000	0,00000
4,25700	19,00000	0,00000	0,00000	4,25700	15,00000	0,00000	0,00000
4,26938	20,00000	0,00000	0,00000	4,26938	15,00000	0,00000	0,00000
4,28175	19,00000	0,00000	0,00000	4,28175	15,00000	0,00000	0,00000
4,29413	20,00000	0,00000	0,00000	4,29413	15,00000	0,00000	0,00000
4,30650	23,00000	0,00000	0,00000	4,30650	17,00000	0,00000	0,00000
4,31888	27,00000	0,00000	0,00000	4,31888	17,00000	0,00000	0,00000
4,33125	27,00000	0,00000	0,00000	4,33125	15,00000	0,00000	0,00000
4,34363	30,00000	0,00000	0,00000	4,34363	18,00000	0,00000	0,00000
4,35600	33,00000	0,00000	0,00000	4,35600	15,00000	0,00000	0,00000
4,36838	40,00000	0,00000	0,00000	4,36838	16,00000	0,00000	0,00000
4,38075	44,00000	0,00000	0,00000	4,38075	15,00000	0,00000	0,00000
4,39313	46,00000	0,00000	0,00000	4,39313	15,00000	0,00000	0,00000
4,40550	45,00000	0,00000	0,00000	4,40550	16,00000	0,00000	0,00000
4,41788	46,00000	0,00000	0,00000	4,41788	15,00000	0,00000	0,00000
4,43025	48,00000	0,00000	0,00000	4,43025	16,00000	0,00000	0,00000
4,44263	52,00000	0,00000	0,00000	4,44263	17,00000	0,00000	0,00000
4,45500	57,00000	0,00000	0,00000	4,45500	15,00000	0,00000	0,00000
4,46738	62,00000	0,00000	0,00000	4,46738	17,00000	0,00000	0,00000
4,47975	68,00000	0,00000	0,00000	4,47975	17,00000	0,00000	0,00000
4,49213	74,00000	0,00000	0,00000	4,49213	15,00000	0,00000	0,00000
4,50450	82,00000	0,00000	0,00000	4,50450	17,00000	0,00000	0,00000
4,51688	86,00000	0,00000	0,00000	4,51688	15,00000	0,00000	0,00000
4,52925	91,00000	0,00000	0,00000	4,52925	15,00000	0,00000	0,00000
4,54162	100,00000	0,00000	0,00000	4,54163	15,00000	0,00000	0,00000
4,55400	107,00000	0,00000	0,00000	4,55400	15,00000	0,00000	0,00000
4,56637	108,00000	0,00000	0,00000	4,56638	15,00000	0,00000	0,00000
4,57875	107,00000	0,00000	0,00000	4,57875	17,00000	0,00000	0,00000
4,59112	111,00000	0,00000	0,00000	4,59113	15,00000	0,00000	0,00000
4,60350	118,00000	0,00000	0,00000	4,60350	17,00000	0,00000	0,00000
4,61587	131,00000	0,00000	0,00000	4,61588	17,00000	0,00000	0,00000
4,62825	140,00000	0,00000	0,00000	4,62825	17,00000	0,00000	0,00000
4,64063	144,00000	0,00000	0,00000	4,64063	17,00000	0,00000	0,00000
4,65300	147,00000	0,00000	0,00000	4,65300	15,00000	0,00000	0,00000
4,66538	148,00000	0,00000	0,00000	4,66538	15,00000	0,00000	0,00000
4,67775	152,00000	0,00000	0,00000	4,67775	15,00000	0,00000	0,00000
4,69013	158,00000	0,00000	0,00000	4,69013	17,00000	0,00000	0,00000
4,70250	164,00000	0,00000	0,00000	4,70250	13,00000	0,00000	0,00000
4,71488	164,00000	0,00000	0,00000	4,71488	17,00000	0,00000	0,00000
4,72725	159,00000	0,00000	0,00000	4,72725	17,00000	0,00000	0,00000
4,73963	157,00000	0,00000	0,00000	4,73963	15,00000	0,00000	0,00000
4,75200	153,00000	0,00000	0,00000	4,75200	16,00000	0,00000	0,00000
4,76438	150,00000	0,00000	0,00000	4,76438	15,00000	0,00000	0,00000
4,77675	142,00000	0,00000	0,00000	4,77675	17,00000	0,00000	0,00000
4,78913	133,00000	0,00000	0,00000	4,78913	17,00000	0,00000	0,00000
4,80150	123,00000	0,00000	0,00000	4,80150	17,00000	0,00000	0,00000
4,81388	115,00000	0,00000	0,00000	4,81388	17,00000	0,00000	0,00000
4,82625	111,00000	0,00000	0,00000	4,82625	17,00000	0,00000	0,00000
4,83863	110,00000	0,00000	0,00000	4,83863	16,00000	0,00000	0,00000
4,85100	102,00000	0,00000	0,00000	4,85100	18,00000	0,00000	0,00000
4,86338	94,00000	0,00000	0,00000	4,86338	17,00000	0,00000	0,00000
4,87575	88,00000	0,00000	0,00000	4,87575	16,00000	0,00000	0,00000
4,88813	84,00000	0,00000	0,00000	4,88813	17,00000	0,00000	0,00000
4,90050	77,00000	0,00000	0,00000	4,90050	17,00000	0,00000	0,00000
4,91288	75,00000	0,00000	0,00000	4,91288	15,00000	0,00000	0,00000
4,92525	71,00000	0,00000	0,00000	4,92525	17,00000	0,00000	0,00000
4,93763	66,00000	0,00000	0,00000	4,93763	15,00000	0,00000	0,00000
4,95000	61,00000	0,00000	0,00000	4,95000	17,00000	0,00000	0,00000
4,96238	53,00000	0,00000	0,00000	4,96238	16,00000	0,00000	0,00000
4,97475	50,00000	0,00000	0,00000	4,97475	18,00000	0,00000	0,00000
4,98712	45,00000	0,00000	0,00000	4,98713	17,00000	0,00000	0,00000
4,99950	41,00000	0,00000	0,00000	4,99950	17,00000	0,00000	0,00000
5,01187	39,00000	0,00000	0,00000	5,01188	13,00000	0,00000	0,00000
5,02425	36,00000	0,00000	0,00000	5,02425	17,00000	0,00000	0,00000
5,03662	31,00000	0,00000	0,00000	5,03663	17,00000	0,00000	0,00000
5,04900	27,00000	0,00000	0,00000	5,04900	17,00000	0,00000	0,00000
5,06137	25,00000	0,00000	0,00000	5,06138	17,00000	0,00000	0,00000
5,07375	24,00000	0,00000	0,00000	5,07375	18,00000	0,00000	0,00000
5,08613	25,00000	0,00000	0,00000	5,08613	15,00000	0,00000	0,00000
5,09850	25,00000	0,00000	0,00000	5,09850	18,00000	0,00000	0,00000
5,11088	24,00000	0,00000	0,00000	5,11088	15,00000	0,00000	0,00000
5,12325	20,00000	0,00000	0,00000	5,12325	17,00000	0,00000	0,00000
5,13563	20,00000	0,00000	0,00000	5,13563	15,00000	0,00000	0,00000
5,14800	17,00000	0,00000	0,00000	5,14800	15,00000	0,00000	0,00000
5,16038	17,00000	0,00000	0,00000	5,16038	17,00000	0,00000	0,00000
5,17275	17,00000	0,00000	0,00000	5,17275	15,00000	0,00000	0,00000
5,18513	17,00000	0,00000	0,00000	5,18513	17,00000	0,00000	0,00000
5,19750	19,00000	0,00000	0,00000	5,19750	16,00000	0,00000	0,00000
5,20988	17,00000	0,00000	0,00000	5,20988	17,00000	0,00000	0,00000
5,22225	17,00000	0,00000	0,00000	5,22225	15,00000	0,00000	0,00000
5,23463	17,00000	0,00000	0,00000	5,23463	15,00000	0,00000	0,00000
5,24700	19,00000	0,00000	0,00000	5,24700	13,00000	0,00000	0,00000
5,25938	17,00000	0,00000	0,00000	5,25938	15,00000	0,00000	0,00000
5,27175	18,00000	0,00000	0,00000	5,27175	17,00000	0,00000	0,00000
5,28413	18,00000	0,00000	0,00000	5,28413	17,00000	0,00000	0,00000
5,29650	17,00000	0,00000	0,00000	5,29650	17,00000	0,00000	0,00000
5,30888	15,00000	0,00000	0,00000	5,30888	15,00000	0,00000	0,00000
5,32125	15,00000	0,00000	0,00000	5,32125	17,00000	0,00000	0,00000
5,33363	17,00000	0,00000	0,00000	5,33363	17,00000	0,00000	0,00000
5,34600	17,00000	0,00000	0,00000	5,34600	17,00000	0,00000	0,00000
5,35838	17,00000	0,00000	0,00000	5,35838	17,00000	0,00000	0,00000
5,37075	17,00000	0,00000	0,00000	5,37075	16,00000	0,00000	0,00000
5,38313	16,00000	0,00000	0,00000	5,38313	16,00000	0,00000	0,00000
5,39550	16,00000	0,00000	0,00000	5,39550	15,00000	0,00000	0,00000
5,40788	18,00000	0,00000	0,00000	5,40788	15,00000	0,00000	0,00000
5,42025	18,00000	0,00000	0,00000	5,42025	13,00000	0,00000	0,00000
5,43262	15,00000	0,00000	0,00000	5,43263	17,00000	0,00000	0,00000
5,44500	15,00000	0,00000	0,00000	5,44500	17,00000	0,00000	0,00000
5,45737	13,00000	0,00000	0,00000	5,45738	17,00000	0,00000	0,00000
5,46975	16,00000	0,00000	0,00000	5,46975	17,00000	0,00000	0,00000
5,48212	16,00000	0,00000	0,00000	5,48213	17,00000	0,00000	0,00000
5,49450	15,00000	0,00000	0,00000	5,49450	17,00000	0,00000	0,00000
5,50687	15,00000	0,00000	0,00000	5,50688	15,00000	0,00000	0,00000
5,51925	17,00000	0,00000	0,00000	5,51925	15,00000	0,00000	0,00000
5,53163	17,00000	0,00000	0,00000	5,53163	15,00000	0,00000	0,00000
5,54400	16,00000	0,00000	0,00000	5,54400	12,00000	0,00000	0,00000
5,55638	16,00000	0,00000	0,00000	5,55638	15,00000	0,00000	0,00000
5,56875	18,00000	0,00000	0,00000	5,56875	16,00000	0,00000	0,00000
5,58113	16,00000	0,00000	0,00000	5,58113	15,00000	0,00000	0,00000
5,59350	16,00000	0,00000	0,00000	5,59350	15,00000	0,00000	0,00000
5,60588	17,00000	0,00000	0,00000	5,60588	17,00000	0,00000	0,00000
5,61825	17,00000	0,00000	0,00000	5,61825	13,00000	0,00000	0,00000
5,63063	17,00000	0,00000	0,00000	5,63063	16,00000	0,00000	0,00000
5,64300	17,00000	0,00000	0,00000	5,64300	17,00000	0,00000	0,00000
5,65538	17,00000	0,00000	0,00000	5,65538	16,00000	0,00000	0,00000
5,66775	17,00000	0,00000	0,00000	5,66775	17,00000	0,00000	0,00000
5,68013	17,00000	0,00000	0,00000	5,68013	17,00000	0,00000	0,00000
5,69250	17,00000	0,00000	0,00000	5,69250	17,00000	0,00000	0,00000
5,70488	17,00000	0,00000	0,00000	5,70488	17,00000	0,00000	0,00000
5,71725	15,00000	0,00000	0,00000	5,71725	15,00000	0,00000	0,00000
5,72963	15,00000	0,00000	0,00000	5,72963	13,00000	0,00000	0,00000
5,74200	16,00000	0,00000	0,00000	5,74200	17,00000	0,00000	0,00000
5,75438	16,00000	0,00000	0,00000	5,75438	15,00000	0,00000	0,00000
5,76675	16,00000	0,00000	0,00000	5,76675	15,00000	0,00000	0,00000
5,77913	15,00000	0,00000	0,00000	5,77913	16,00000	0,00000	0,00000
5,79150	15,00000	0,00000	0,00000	5,79150	16,00000	0,00000	0,00000
5,80388	17,00000	0,00000	0,00000	5,80388	17,00000	0,00000	0,00000
5,81625	17,00000	0,00000	0,00000	5,81625	17,00000	0,00000	0,00000
5,82863	17,00000	0,00000	0,00000	5,82863	15,00000	0,00000	0,00000
5,84100	15,00000	0,00000	0,00000	5,84100	15,00000	0,00000	0,00000
5,85338	15,00000	0,00000	0,00000	5,85338	15,00000	0,00000	0,00000
5,86575	15,00000	0,00000	0,00000	5,86575	13,00000	0,00000	0,00000
5,87813	17,00000	0,00000	0,00000	5,87813	15,00000	0,00000	0,00000
5,89050	18,00000	0,00000	0,00000	5,89050	13,00000	0,00000	0,00000
5,90287	16,00000	0,00000	0,00000	5,90288	15,00000	0,00000	0,00000
5,91525	16,00000	0,00000	0,00000	0,00000	16,00000	0,00000	0,00000
5,92762	17,00000	0,00000	0,00000	0,00000	9,00000	0,00000	0,00000
5,94000	17,00000	0,00000	0,00000	0,00000	0,00000	0,00000	0,00000
5,95237	15,00000	0,00000	0,00000	0,00000	0,00000	0,00000	0,00000
5,96475	17,00000	0,00000	0,00000	0,00000	0,00000	0,00000	0,00000
5,97713	17,00000	0,00000	0,00000	0,00000	0,00000	0,00000	0,00000
5,98950	17,00000	0,00000	0,00000	0,00000	0,00000	0,00000	0,00000
6,00188	17,00000	0,00000	0,00000	0,00000	0,00000	0,00000	0,00000
6,01425	17,00000	0,00000	0,00000	0,00000	0,00000	0,00000	0,00000
6,02663	17,00000	0,00000	0,00000	0,00000	0,00000	0,00000	0,00000
6,03900	15,00000	0,00000	0,00000	0,00000	0,00000	0,00000	0,00000
6,05138	15,00000	0,00000	0,00000	0,00000	0,00000	0,00000	0,00000
6,06375	15,00000	0,00000	0,00000	0,00000	0,00000	0,00000	0,00000
6,07613	17,00000	0,00000	0,00000	0,00000	0,00000	0,00000	0,00000
6,08850	15,00000	0,00000	0,00000	0,00000	0,00000	0,00000	0,00000
6,10088	15,00000	0,00000	0,00000	0,00000	0,00000	0,00000	0,00000
6,11325	17,00000	0,00000	0,00000	0,00000	0,00000	0,00000	0,00000
6,12563	15,00000	0,00000	0,00000	0,00000	0,00000	0,00000	0,00000
6,13800	15,00000	0,00000	0,00000	0,00000	0,00000	0,00000	0,00000
6,15038	16,00000	0,00000	0,00000	0,00000	0,00000	0,00000	0,00000
6,16275	16,00000	0,00000	0,00000	0,00000	0,00000	0,00000	0,00000
6,17513	15,00000	0,00000	0,00000	0,00000	0,00000	0,00000	0,00000
6,18750	15,00000	0,00000	0,00000	0,00000	0,00000	0,00000	0,00000
6,19988	17,00000	0,00000	0,00000	0,00000	0,00000	0,00000	0,00000
6,21225	17,00000	0,00000	0,00000	0,00000	0,00000	0,00000	0,00000
6,22463	17,00000	0,00000	0,00000	0,00000	0,00000	0,00000	0,00000
6,23700	17,00000	0,00000	0,00000	0,00000	0,00000	0,00000	0,00000
6,24938	17,00000	0,00000	0,00000	0,00000	0,00000	0,00000	0,00000
6,26175	15,00000	0,00000	0,00000	0,00000	0,00000	0,00000	0,00000
6,27413	15,00000	0,00000	0,00000	0,00000	0,00000	0,00000	0,00000
6,28650	17,00000	0,00000	0,00000	0,00000	0,00000	0,00000	0,00000
6,29888	17,00000	0,00000	0,00000	0,00000	0,00000	0,00000	0,00000
6,31125	15,00000	0,00000	0,00000	0,00000	0,00000	0,00000	0,00000
6,32363	17,00000	0,00000	0,00000	0,00000	0,00000	0,00000	0,00000
6,33600	18,00000	0,00000	0,00000	0,00000	0,00000	0,00000	0,00000
6,34837	16,00000	0,00000	0,00000	0,00000	0,00000	0,00000	0,00000
6,36075	17,00000	0,00000	0,00000	0,00000	0,00000	0,00000	0,00000
6,37312	17,00000	0,00000	0,00000	0,00000	0,00000	0,00000	0,00000
6,38550	16,00000	0,00000	0,00000	0,00000	0,00000	0,00000	0,00000
6,39787	13,00000	0,00000	0,00000	0,00000	0,00000	0,00000	0,00000
6,41025	13,00000	0,00000	0,00000	0,00000	0,00000	0,00000	0,00000
6,42263	16,00000	0,00000	0,00000	0,00000	0,00000	0,00000	0,00000
6,43500	17,00000	0,00000	0,00000	0,00000	0,00000	0,00000	0,00000
6,44738	17,00000	0,00000	0,00000	0,00000	0,00000	0,00000	0,00000
6,45975	16,00000	0,00000	0,00000	0,00000	0,00000	0,00000	0,00000
6,47213	18,00000	0,00000	0,00000	0,00000	0,00000	0,00000	0,00000
6,48450	17,00000	0,00000	0,00000	0,00000	0,00000	0,00000	0,00000
6,49688	13,00000	0,00000	0,00000	0,00000	0,00000	0,00000	0,00000
6,50925	13,00000	0,00000	0,00000	0,00000	0,00000	0,00000	0,00000
6,52163	13,00000	0,00000	0,00000	0,00000	0,00000	0,00000	0,00000
6,53400	16,00000	0,00000	0,00000	0,00000	0,00000	0,00000	0,00000
6,54638	16,00000	0,00000	0,00000	0,00000	0,00000	0,00000	0,00000
6,55875	16,00000	0,00000	0,00000	0,00000	0,00000	0,00000	0,00000
6,57113	15,00000	0,00000	0,00000	0,00000	0,00000	0,00000	0,00000
6,58350	15,00000	0,00000	0,00000	0,00000	0,00000	0,00000	0,00000
6,59588	17,00000	0,00000	0,00000	0,00000	0,00000	0,00000	0,00000
6,60825	17,00000	0,00000	0,00000	0,00000	0,00000	0,00000	0,00000
6,62063	17,00000	0,00000	0,00000	0,00000	0,00000	0,00000	0,00000
6,63300	17,00000	0,00000	0,00000	0,00000	0,00000	0,00000	0,00000
6,64538	17,00000	0,00000	0,00000	0,00000	0,00000	0,00000	0,00000
6,65775	17,00000	0,00000	0,00000	0,00000	0,00000	0,00000	0,00000
6,67013	16,00000	0,00000	0,00000	0,00000	0,00000	0,00000	0,00000
6,68250	16,00000	0,00000	0,00000	0,00000	0,00000	0,00000	0,00000
6,69488	18,00000	0,00000	0,00000	0,00000	0,00000	0,00000	0,00000
6,70725	16,00000	0,00000	0,00000	0,00000	0,00000	0,00000	0,00000
6,71963	16,00000	0,00000	0,00000	0,00000	0,00000	0,00000	0,00000
6,73200	17,00000	0,00000	0,00000	0,00000	0,00000	0,00000	0,00000
6,74438	17,00000	0,00000	0,00000	0,00000	0,00000	0,00000	0,00000
6,75675	16,00000	0,00000	0,00000	0,00000	0,00000	0,00000	0,00000
6,76913	13,00000	0,00000	0,00000	0,00000	0,00000	0,00000	0,00000
6,78150	13,00000	0,00000	0,00000	0,00000	0,00000	0,00000	0,00000
6,79387	16,00000	0,00000	0,00000	0,00000	0,00000	0,00000	0,00000
6,80625	16,00000	0,00000	0,00000	0,00000	0,00000	0,00000	0,00000
6,81862	16,00000	0,00000	0,00000	0,00000	0,00000	0,00000	0,00000
6,83100	16,00000	0,00000	0,00000	0,00000	0,00000	0,00000	0,00000
6,84337	16,00000	0,00000	0,00000	0,00000	0,00000	0,00000	0,00000
6,85575	16,00000	0,00000	0,00000	0,00000	0,00000	0,00000	0,00000
6,86813	16,00000	0,00000	0,00000	0,00000	0,00000	0,00000	0,00000
6,88050	16,00000	0,00000	0,00000	0,00000	0,00000	0,00000	0,00000
6,89288	16,00000	0,00000	0,00000	0,00000	0,00000	0,00000	0,00000
6,90525	16,00000	0,00000	0,00000	0,00000	0,00000	0,00000	0,00000
6,91763	15,00000	0,00000	0,00000	0,00000	0,00000	0,00000	0,00000
6,93000	15,00000	0,00000	0,00000	0,00000	0,00000	0,00000	0,00000
6,94238	17,00000	0,00000	0,00000	0,00000	0,00000	0,00000	0,00000
6,95475	18,00000	0,00000	0,00000	0,00000	0,00000	0,00000	0,00000
6,96713	17,00000	0,00000	0,00000	0,00000	0,00000	0,00000	0,00000
6,97950	13,00000	0,00000	0,00000	0,00000	0,00000	0,00000	0,00000
6,99188	13,00000	0,00000	0,00000	0,00000	0,00000	0,00000	0,00000
7,00425	15,00000	0,00000	0,00000	0,00000	0,00000	0,00000	0,00000
7,01663	15,00000	0,00000	0,00000	0,00000	0,00000	0,00000	0,00000
7,02900	13,00000	0,00000	0,00000	0,00000	0,00000	0,00000	0,00000
7,04138	13,00000	0,00000	0,00000	0,00000	0,00000	0,00000	0,00000
7,05375	16,00000	0,00000	0,00000	0,00000	0,00000	0,00000	0,00000
7,06613	17,00000	0,00000	0,00000	0,00000	0,00000	0,00000	0,00000
7,07850	15,00000	0,00000	0,00000	0,00000	0,00000	0,00000	0,00000
7,09088	17,00000	0,00000	0,00000	0,00000	0,00000	0,00000	0,00000
7,10325	17,00000	0,00000	0,00000	0,00000	0,00000	0,00000	0,00000
7,11563	17,00000	0,00000	0,00000	0,00000	0,00000	0,00000	0,00000
7,12800	17,00000	0,00000	0,00000	0,00000	0,00000	0,00000	0,00000
7,14038	17,00000	0,00000	0,00000	0,00000	0,00000	0,00000	0,00000
7,15275	15,00000	0,00000	0,00000	0,00000	0,00000	0,00000	0,00000
7,16513	15,00000	0,00000	0,00000	0,00000	0,00000	0,00000	0,00000
7,17750	15,00000	0,00000	0,00000	0,00000	0,00000	0,00000	0,00000
7,18988	17,00000	0,00000	0,00000	0,00000	0,00000	0,00000	0,00000
7,20225	16,00000	0,00000	0,00000	0,00000	0,00000	0,00000	0,00000
7,21463	13,00000	0,00000	0,00000	0,00000	0,00000	0,00000	0,00000
7,22700	13,00000	0,00000	0,00000	0,00000	0,00000	0,00000	0,00000
7,23938	16,00000	0,00000	0,00000	0,00000	0,00000	0,00000	0,00000
7,25175	17,00000	0,00000	0,00000	0,00000	0,00000	0,00000	0,00000
7,26412	15,00000	0,00000	0,00000	0,00000	0,00000	0,00000	0,00000
7,27650	15,00000	0,00000	0,00000	0,00000	0,00000	0,00000	0,00000
7,28887	16,00000	0,00000	0,00000	0,00000	0,00000	0,00000	0,00000
7,30125	16,00000	0,00000	0,00000	0,00000	0,00000	0,00000	0,00000
7,31363	16,00000	0,00000	0,00000	0,00000	0,00000	0,00000	0,00000
7,32600	16,00000	0,00000	0,00000	0,00000	0,00000	0,00000	0,00000
7,33838	15,00000	0,00000	0,00000	0,00000	0,00000	0,00000	0,00000
7,35075	15,00000	0,00000	0,00000	0,00000	0,00000	0,00000	0,00000
7,36313	17,00000	0,00000	0,00000	0,00000	0,00000	0,00000	0,00000
7,37550	17,00000	0,00000	0,00000	0,00000	0,00000	0,00000	0,00000
7,38788	15,00000	0,00000	0,00000	0,00000	0,00000	0,00000	0,00000
7,40025	15,00000	0,00000	0,00000	0,00000	0,00000	0,00000	0,00000
7,41263	17,00000	0,00000	0,00000	0,00000	0,00000	0,00000	0,00000
7,42500	15,00000	0,00000	0,00000	0,00000	0,00000	0,00000	0,00000
7,43738	15,00000	0,00000	0,00000	0,00000	0,00000	0,00000	0,00000
7,44975	17,00000	0,00000	0,00000	0,00000	0,00000	0,00000	0,00000
7,46213	17,00000	0,00000	0,00000	0,00000	0,00000	0,00000	0,00000
7,47450	15,00000	0,00000	0,00000	0,00000	0,00000	0,00000	0,00000
7,48688	15,00000	0,00000	0,00000	0,00000	0,00000	0,00000	0,00000
7,49925	15,00000	0,00000	0,00000	0,00000	0,00000	0,00000	0,00000
7,51163	17,00000	0,00000	0,00000	0,00000	0,00000	0,00000	0,00000
7,52400	17,00000	0,00000	0,00000	0,00000	0,00000	0,00000	0,00000
7,53638	18,00000	0,00000	0,00000	0,00000	0,00000	0,00000	0,00000
7,54875	17,00000	0,00000	0,00000	0,00000	0,00000	0,00000	0,00000
7,56113	17,00000	0,00000	0,00000	0,00000	0,00000	0,00000	0,00000
7,57350	15,00000	0,00000	0,00000	0,00000	0,00000	0,00000	0,00000
7,58588	15,00000	0,00000	0,00000	0,00000	0,00000	0,00000	0,00000
7,59825	17,00000	0,00000	0,00000	0,00000	0,00000	0,00000	0,00000
7,61063	17,00000	0,00000	0,00000	0,00000	0,00000	0,00000	0,00000
7,62300	15,00000	0,00000	0,00000	0,00000	0,00000	0,00000	0,00000
7,63538	15,00000	0,00000	0,00000	0,00000	0,00000	0,00000	0,00000
7,64775	15,00000	0,00000	0,00000	0,00000	0,00000	0,00000	0,00000
7,66013	15,00000	0,00000	0,00000	0,00000	0,00000	0,00000	0,00000
7,67250	17,00000	0,00000	0,00000	0,00000	0,00000	0,00000	0,00000
7,68488	17,00000	0,00000	0,00000	0,00000	0,00000	0,00000	0,00000
7,69725	15,00000	0,00000	0,00000	0,00000	0,00000	0,00000	0,00000
7,70962	15,00000	0,00000	0,00000	0,00000	0,00000	0,00000	0,00000
7,72200	15,00000	0,00000	0,00000	0,00000	0,00000	0,00000	0,00000
7,73438	17,00000	0,00000	0,00000	0,00000	0,00000	0,00000	0,00000
7,74675	15,00000	0,00000	0,00000	0,00000	0,00000	0,00000	0,00000
7,75913	15,00000	0,00000	0,00000	0,00000	0,00000	0,00000	0,00000
7,77150	16,00000	0,00000	0,00000	0,00000	0,00000	0,00000	0,00000
7,78388	17,00000	0,00000	0,00000	0,00000	0,00000	0,00000	0,00000
7,79625	13,00000	0,00000	0,00000	0,00000	0,00000	0,00000	0,00000
7,80863	13,00000	0,00000	0,00000	0,00000	0,00000	0,00000	0,00000
7,82100	16,00000	0,00000	0,00000	0,00000	0,00000	0,00000	0,00000
7,83338	16,00000	0,00000	0,00000	0,00000	0,00000	0,00000	0,00000
7,84575	15,00000	0,00000	0,00000	0,00000	0,00000	0,00000	0,00000
7,85813	16,00000	0,00000	0,00000	0,00000	0,00000	0,00000	0,00000
7,87050	18,00000	0,00000	0,00000	0,00000	0,00000	0,00000	0,00000
7,88288	15,00000	0,00000	0,00000	0,00000	0,00000	0,00000	0,00000
0,00000	11,00000	0,00000	0,00000	0,00000	0,00000	0,00000	0,00000
0,00000	9,00000	0,00000	0,00000	0,00000	0,00000	0,00000	0,00000
