GRUPPE3_Greyline11.dat
04.10.2021
15:16:35
GRUPPE3

Gauss coefficients notation:
Amplitude
FWHM
Std.Abw.
[Fehler]
offset
BEAMCUT  LINES:

X H  in mm	Y H rel	Gauss fit H	H Gauss Coefficients	X V in mm	Y V rel	Gauss fit V	V Gauss Coefficientes
0,00000	16,00000	0,00000	0,00000	0,00000	20,00000	0,00000	0,00000
0,01238	15,00000	0,00000	0,00000	0,01238	18,00000	0,00000	0,00000
0,02475	15,00000	0,00000	0,00000	0,02475	16,00000	0,00000	0,00000
0,03713	17,00000	0,00000	0,00000	0,03713	18,00000	0,00000	0,00000
0,04950	18,00000	0,00000	0,00000	0,04950	16,00000	0,00000	0,00000
0,06187	19,00000	0,00000	0,00000	0,06188	18,00000	0,00000	0,00000
0,07425	18,00000	0,00000	0,00000	0,07425	18,00000	0,00000	0,00000
0,08663	16,00000	0,00000	0,00000	0,08663	16,00000	0,00000	0,00000
0,09900	16,00000	0,00000	0,00000	0,09900	18,00000	0,00000	0,00000
0,11138	16,00000	0,00000	0,00000	0,11138	18,00000	0,00000	0,00000
0,12375	18,00000	0,00000	0,00000	0,12375	16,00000	0,00000	0,00000
0,13612	19,00000	0,00000	0,00000	0,13613	15,00000	0,00000	0,00000
0,14850	18,00000	0,00000	0,00000	0,14850	16,00000	0,00000	0,00000
0,16088	16,00000	0,00000	0,00000	0,16088	18,00000	0,00000	0,00000
0,17325	16,00000	0,00000	0,00000	0,17325	16,00000	0,00000	0,00000
0,18563	18,00000	0,00000	0,00000	0,18563	16,00000	0,00000	0,00000
0,19800	18,00000	0,00000	0,00000	0,19800	18,00000	0,00000	0,00000
0,21038	18,00000	0,00000	0,00000	0,21038	16,00000	0,00000	0,00000
0,22275	18,00000	0,00000	0,00000	0,22275	18,00000	0,00000	0,00000
0,23513	18,00000	0,00000	0,00000	0,23513	16,00000	0,00000	0,00000
0,24750	18,00000	0,00000	0,00000	0,24750	18,00000	0,00000	0,00000
0,25988	18,00000	0,00000	0,00000	0,25988	18,00000	0,00000	0,00000
0,27225	18,00000	0,00000	0,00000	0,27225	16,00000	0,00000	0,00000
0,28463	16,00000	0,00000	0,00000	0,28463	19,00000	0,00000	0,00000
0,29700	16,00000	0,00000	0,00000	0,29700	18,00000	0,00000	0,00000
0,30938	18,00000	0,00000	0,00000	0,30938	19,00000	0,00000	0,00000
0,32175	18,00000	0,00000	0,00000	0,32175	16,00000	0,00000	0,00000
0,33413	16,00000	0,00000	0,00000	0,33413	18,00000	0,00000	0,00000
0,34650	16,00000	0,00000	0,00000	0,34650	18,00000	0,00000	0,00000
0,35887	18,00000	0,00000	0,00000	0,35888	15,00000	0,00000	0,00000
0,37125	18,00000	0,00000	0,00000	0,37125	18,00000	0,00000	0,00000
0,38362	18,00000	0,00000	0,00000	0,38363	18,00000	0,00000	0,00000
0,39600	18,00000	0,00000	0,00000	0,39600	18,00000	0,00000	0,00000
0,40838	18,00000	0,00000	0,00000	0,40838	19,00000	0,00000	0,00000
0,42075	18,00000	0,00000	0,00000	0,42075	17,00000	0,00000	0,00000
0,43313	16,00000	0,00000	0,00000	0,43313	18,00000	0,00000	0,00000
0,44550	16,00000	0,00000	0,00000	0,44550	18,00000	0,00000	0,00000
0,45788	16,00000	0,00000	0,00000	0,45788	17,00000	0,00000	0,00000
0,47025	16,00000	0,00000	0,00000	0,47025	17,00000	0,00000	0,00000
0,48263	18,00000	0,00000	0,00000	0,48263	18,00000	0,00000	0,00000
0,49500	18,00000	0,00000	0,00000	0,49500	18,00000	0,00000	0,00000
0,50738	17,00000	0,00000	0,00000	0,50738	16,00000	0,00000	0,00000
0,51975	19,00000	0,00000	0,00000	0,51975	16,00000	0,00000	0,00000
0,53213	19,00000	0,00000	0,00000	0,53213	16,00000	0,00000	0,00000
0,54450	19,00000	0,00000	0,00000	0,54450	16,00000	0,00000	0,00000
0,55688	19,00000	0,00000	0,00000	0,55688	18,00000	0,00000	0,00000
0,56925	17,00000	0,00000	0,00000	0,56925	17,00000	0,00000	0,00000
0,58163	17,00000	0,00000	0,00000	0,58163	18,00000	0,00000	0,00000
0,59400	18,00000	0,00000	0,00000	0,59400	19,00000	0,00000	0,00000
0,60637	18,00000	0,00000	0,00000	0,60638	16,00000	0,00000	0,00000
0,61875	18,00000	0,00000	0,00000	0,61875	17,00000	0,00000	0,00000
0,63113	16,00000	0,00000	0,00000	0,63113	19,00000	0,00000	0,00000
0,64350	16,00000	0,00000	0,00000	0,64350	19,00000	0,00000	0,00000
0,65587	17,00000	0,00000	0,00000	0,65588	18,00000	0,00000	0,00000
0,66825	17,00000	0,00000	0,00000	0,66825	19,00000	0,00000	0,00000
0,68063	17,00000	0,00000	0,00000	0,68063	18,00000	0,00000	0,00000
0,69300	16,00000	0,00000	0,00000	0,69300	16,00000	0,00000	0,00000
0,70538	16,00000	0,00000	0,00000	0,70538	18,00000	0,00000	0,00000
0,71775	18,00000	0,00000	0,00000	0,71775	18,00000	0,00000	0,00000
0,73013	18,00000	0,00000	0,00000	0,73013	18,00000	0,00000	0,00000
0,74250	16,00000	0,00000	0,00000	0,74250	16,00000	0,00000	0,00000
0,75488	16,00000	0,00000	0,00000	0,75488	16,00000	0,00000	0,00000
0,76725	16,00000	0,00000	0,00000	0,76725	18,00000	0,00000	0,00000
0,77963	18,00000	0,00000	0,00000	0,77963	19,00000	0,00000	0,00000
0,79200	17,00000	0,00000	0,00000	0,79200	18,00000	0,00000	0,00000
0,80438	15,00000	0,00000	0,00000	0,80438	16,00000	0,00000	0,00000
0,81675	17,00000	0,00000	0,00000	0,81675	16,00000	0,00000	0,00000
0,82913	16,00000	0,00000	0,00000	0,82913	18,00000	0,00000	0,00000
0,84150	18,00000	0,00000	0,00000	0,84150	17,00000	0,00000	0,00000
0,85388	19,00000	0,00000	0,00000	0,85388	15,00000	0,00000	0,00000
0,86625	17,00000	0,00000	0,00000	0,86625	19,00000	0,00000	0,00000
0,87862	18,00000	0,00000	0,00000	0,87863	18,00000	0,00000	0,00000
0,89100	18,00000	0,00000	0,00000	0,89100	19,00000	0,00000	0,00000
0,90338	16,00000	0,00000	0,00000	0,90338	18,00000	0,00000	0,00000
0,91575	16,00000	0,00000	0,00000	0,91575	18,00000	0,00000	0,00000
0,92813	16,00000	0,00000	0,00000	0,92813	16,00000	0,00000	0,00000
0,94050	18,00000	0,00000	0,00000	0,94050	18,00000	0,00000	0,00000
0,95288	16,00000	0,00000	0,00000	0,95288	19,00000	0,00000	0,00000
0,96525	16,00000	0,00000	0,00000	0,96525	18,00000	0,00000	0,00000
0,97763	16,00000	0,00000	0,00000	0,97763	18,00000	0,00000	0,00000
0,99000	18,00000	0,00000	0,00000	0,99000	16,00000	0,00000	0,00000
1,00238	19,00000	0,00000	0,00000	1,00238	18,00000	0,00000	0,00000
1,01475	19,00000	0,00000	0,00000	1,01475	16,00000	0,00000	0,00000
1,02713	17,00000	0,00000	0,00000	1,02713	18,00000	0,00000	0,00000
1,03950	17,00000	0,00000	0,00000	1,03950	18,00000	0,00000	0,00000
1,05188	18,00000	0,00000	0,00000	1,05188	15,00000	0,00000	0,00000
1,06425	18,00000	0,00000	0,00000	1,06425	18,00000	0,00000	0,00000
1,07662	18,00000	0,00000	0,00000	1,07663	18,00000	0,00000	0,00000
1,08900	18,00000	0,00000	0,00000	1,08900	18,00000	0,00000	0,00000
1,10137	18,00000	0,00000	0,00000	1,10138	18,00000	0,00000	0,00000
1,11375	16,00000	0,00000	0,00000	1,11375	16,00000	0,00000	0,00000
1,12613	16,00000	0,00000	0,00000	1,12613	16,00000	0,00000	0,00000
1,13850	16,00000	0,00000	0,00000	1,13850	16,00000	0,00000	0,00000
1,15088	18,00000	0,00000	0,00000	1,15088	17,00000	0,00000	0,00000
1,16325	18,00000	0,00000	0,00000	1,16325	18,00000	0,00000	0,00000
1,17563	18,00000	0,00000	0,00000	1,17563	18,00000	0,00000	0,00000
1,18800	18,00000	0,00000	0,00000	1,18800	18,00000	0,00000	0,00000
1,20037	17,00000	0,00000	0,00000	1,20038	19,00000	0,00000	0,00000
1,21275	18,00000	0,00000	0,00000	1,21275	18,00000	0,00000	0,00000
1,22513	19,00000	0,00000	0,00000	1,22513	16,00000	0,00000	0,00000
1,23750	16,00000	0,00000	0,00000	1,23750	16,00000	0,00000	0,00000
1,24988	16,00000	0,00000	0,00000	1,24988	16,00000	0,00000	0,00000
1,26225	18,00000	0,00000	0,00000	1,26225	16,00000	0,00000	0,00000
1,27463	18,00000	0,00000	0,00000	1,27463	17,00000	0,00000	0,00000
1,28700	18,00000	0,00000	0,00000	1,28700	16,00000	0,00000	0,00000
1,29938	18,00000	0,00000	0,00000	1,29938	18,00000	0,00000	0,00000
1,31175	16,00000	0,00000	0,00000	1,31175	18,00000	0,00000	0,00000
1,32412	16,00000	0,00000	0,00000	1,32413	16,00000	0,00000	0,00000
1,33650	17,00000	0,00000	0,00000	1,33650	18,00000	0,00000	0,00000
1,34888	17,00000	0,00000	0,00000	1,34888	17,00000	0,00000	0,00000
1,36125	15,00000	0,00000	0,00000	1,36125	17,00000	0,00000	0,00000
1,37363	16,00000	0,00000	0,00000	1,37363	15,00000	0,00000	0,00000
1,38600	18,00000	0,00000	0,00000	1,38600	16,00000	0,00000	0,00000
1,39838	18,00000	0,00000	0,00000	1,39838	16,00000	0,00000	0,00000
1,41075	18,00000	0,00000	0,00000	1,41075	17,00000	0,00000	0,00000
1,42312	18,00000	0,00000	0,00000	1,42313	16,00000	0,00000	0,00000
1,43550	18,00000	0,00000	0,00000	1,43550	17,00000	0,00000	0,00000
1,44788	16,00000	0,00000	0,00000	1,44788	16,00000	0,00000	0,00000
1,46025	16,00000	0,00000	0,00000	1,46025	15,00000	0,00000	0,00000
1,47263	18,00000	0,00000	0,00000	1,47263	17,00000	0,00000	0,00000
1,48500	18,00000	0,00000	0,00000	1,48500	15,00000	0,00000	0,00000
1,49738	18,00000	0,00000	0,00000	1,49738	17,00000	0,00000	0,00000
1,50975	18,00000	0,00000	0,00000	1,50975	16,00000	0,00000	0,00000
1,52213	18,00000	0,00000	0,00000	1,52213	17,00000	0,00000	0,00000
1,53450	16,00000	0,00000	0,00000	1,53450	18,00000	0,00000	0,00000
1,54688	16,00000	0,00000	0,00000	1,54688	18,00000	0,00000	0,00000
1,55925	17,00000	0,00000	0,00000	1,55925	16,00000	0,00000	0,00000
1,57163	17,00000	0,00000	0,00000	1,57163	18,00000	0,00000	0,00000
1,58400	17,00000	0,00000	0,00000	1,58400	17,00000	0,00000	0,00000
1,59638	16,00000	0,00000	0,00000	1,59638	18,00000	0,00000	0,00000
1,60875	16,00000	0,00000	0,00000	1,60875	18,00000	0,00000	0,00000
1,62113	18,00000	0,00000	0,00000	1,62113	18,00000	0,00000	0,00000
1,63350	18,00000	0,00000	0,00000	1,63350	17,00000	0,00000	0,00000
1,64587	18,00000	0,00000	0,00000	1,64588	18,00000	0,00000	0,00000
1,65825	18,00000	0,00000	0,00000	1,65825	18,00000	0,00000	0,00000
1,67063	16,00000	0,00000	0,00000	1,67063	18,00000	0,00000	0,00000
1,68300	17,00000	0,00000	0,00000	1,68300	18,00000	0,00000	0,00000
1,69538	15,00000	0,00000	0,00000	1,69538	17,00000	0,00000	0,00000
1,70775	16,00000	0,00000	0,00000	1,70775	18,00000	0,00000	0,00000
1,72013	16,00000	0,00000	0,00000	1,72013	17,00000	0,00000	0,00000
1,73250	19,00000	0,00000	0,00000	1,73250	18,00000	0,00000	0,00000
1,74488	19,00000	0,00000	0,00000	1,74488	16,00000	0,00000	0,00000
1,75725	18,00000	0,00000	0,00000	1,75725	17,00000	0,00000	0,00000
1,76963	16,00000	0,00000	0,00000	1,76963	18,00000	0,00000	0,00000
1,78200	15,00000	0,00000	0,00000	1,78200	17,00000	0,00000	0,00000
1,79438	15,00000	0,00000	0,00000	1,79438	16,00000	0,00000	0,00000
1,80675	17,00000	0,00000	0,00000	1,80675	18,00000	0,00000	0,00000
1,81913	17,00000	0,00000	0,00000	1,81913	13,00000	0,00000	0,00000
1,83150	16,00000	0,00000	0,00000	1,83150	18,00000	0,00000	0,00000
1,84388	16,00000	0,00000	0,00000	1,84388	15,00000	0,00000	0,00000
1,85625	18,00000	0,00000	0,00000	1,85625	16,00000	0,00000	0,00000
1,86862	18,00000	0,00000	0,00000	1,86863	15,00000	0,00000	0,00000
1,88100	18,00000	0,00000	0,00000	1,88100	18,00000	0,00000	0,00000
1,89338	16,00000	0,00000	0,00000	1,89338	18,00000	0,00000	0,00000
1,90575	16,00000	0,00000	0,00000	1,90575	17,00000	0,00000	0,00000
1,91813	18,00000	0,00000	0,00000	1,91813	16,00000	0,00000	0,00000
1,93050	18,00000	0,00000	0,00000	1,93050	18,00000	0,00000	0,00000
1,94288	18,00000	0,00000	0,00000	1,94288	16,00000	0,00000	0,00000
1,95525	18,00000	0,00000	0,00000	1,95525	17,00000	0,00000	0,00000
1,96763	18,00000	0,00000	0,00000	1,96763	17,00000	0,00000	0,00000
1,98000	16,00000	0,00000	0,00000	1,98000	18,00000	0,00000	0,00000
1,99238	16,00000	0,00000	0,00000	1,99238	16,00000	0,00000	0,00000
2,00475	16,00000	0,00000	0,00000	2,00475	16,00000	0,00000	0,00000
2,01713	18,00000	0,00000	0,00000	2,01713	16,00000	0,00000	0,00000
2,02950	16,00000	0,00000	0,00000	2,02950	16,00000	0,00000	0,00000
2,04188	16,00000	0,00000	0,00000	2,04188	18,00000	0,00000	0,00000
2,05425	18,00000	0,00000	0,00000	2,05425	15,00000	0,00000	0,00000
2,06663	18,00000	0,00000	0,00000	2,06663	16,00000	0,00000	0,00000
2,07900	18,00000	0,00000	0,00000	2,07900	17,00000	0,00000	0,00000
2,09138	18,00000	0,00000	0,00000	2,09138	16,00000	0,00000	0,00000
2,10375	18,00000	0,00000	0,00000	2,10375	18,00000	0,00000	0,00000
2,11613	18,00000	0,00000	0,00000	2,11613	18,00000	0,00000	0,00000
2,12850	18,00000	0,00000	0,00000	2,12850	17,00000	0,00000	0,00000
2,14088	18,00000	0,00000	0,00000	2,14088	17,00000	0,00000	0,00000
2,15325	18,00000	0,00000	0,00000	2,15325	17,00000	0,00000	0,00000
2,16562	16,00000	0,00000	0,00000	2,16563	20,00000	0,00000	0,00000
2,17800	16,00000	0,00000	0,00000	2,17800	19,00000	0,00000	0,00000
2,19037	18,00000	0,00000	0,00000	2,19038	22,00000	0,00000	0,00000
2,20275	18,00000	0,00000	0,00000	2,20275	19,00000	0,00000	0,00000
2,21513	16,00000	0,00000	0,00000	2,21513	17,00000	0,00000	0,00000
2,22750	16,00000	0,00000	0,00000	2,22750	22,00000	0,00000	0,00000
2,23988	17,00000	0,00000	0,00000	2,23988	18,00000	0,00000	0,00000
2,25225	17,00000	0,00000	0,00000	2,25225	18,00000	0,00000	0,00000
2,26463	16,00000	0,00000	0,00000	2,26463	22,00000	0,00000	0,00000
2,27700	16,00000	0,00000	0,00000	2,27700	23,00000	0,00000	0,00000
2,28938	18,00000	0,00000	0,00000	2,28938	23,00000	0,00000	0,00000
2,30175	18,00000	0,00000	0,00000	2,30175	26,00000	0,00000	0,00000
2,31413	18,00000	0,00000	0,00000	2,31413	24,00000	0,00000	0,00000
2,32650	18,00000	0,00000	0,00000	2,32650	27,00000	0,00000	0,00000
2,33888	18,00000	0,00000	0,00000	2,33888	26,00000	0,00000	0,00000
2,35125	16,00000	0,00000	0,00000	2,35125	23,00000	0,00000	0,00000
2,36363	17,00000	0,00000	0,00000	2,36363	29,00000	0,00000	0,00000
2,37600	17,00000	0,00000	0,00000	2,37600	29,00000	0,00000	0,00000
2,38837	15,00000	0,00000	0,00000	2,38838	27,00000	0,00000	0,00000
2,40075	15,00000	0,00000	0,00000	2,40075	31,00000	0,00000	0,00000
2,41312	15,00000	0,00000	0,00000	2,41313	32,00000	0,00000	0,00000
2,42550	17,00000	0,00000	0,00000	2,42550	33,00000	0,00000	0,00000
2,43788	18,00000	0,00000	0,00000	2,43788	31,00000	0,00000	0,00000
2,45025	18,00000	0,00000	0,00000	2,45025	31,00000	0,00000	0,00000
2,46263	17,00000	0,00000	0,00000	2,46263	34,00000	0,00000	0,00000
2,47500	19,00000	0,00000	0,00000	2,47500	37,00000	0,00000	0,00000
2,48738	17,00000	0,00000	0,00000	2,48738	37,00000	0,00000	0,00000
2,49975	17,00000	0,00000	0,00000	2,49975	43,00000	0,00000	0,00000
2,51213	17,00000	0,00000	0,00000	2,51213	45,00000	0,00000	0,00000
2,52450	19,00000	0,00000	0,00000	2,52450	50,00000	0,00000	0,00000
2,53688	19,00000	0,00000	0,00000	2,53688	50,00000	0,00000	0,00000
2,54925	19,00000	0,00000	0,00000	2,54925	47,00000	0,00000	0,00000
2,56163	19,00000	0,00000	0,00000	2,56163	50,00000	0,00000	0,00000
2,57400	17,00000	0,00000	0,00000	2,57400	51,00000	0,00000	0,00000
2,58638	16,00000	0,00000	0,00000	2,58638	54,00000	0,00000	0,00000
2,59875	18,00000	0,00000	0,00000	2,59875	55,00000	0,00000	0,00000
2,61112	18,00000	0,00000	0,00000	2,61113	58,00000	0,00000	0,00000
2,62350	16,00000	0,00000	0,00000	2,62350	60,00000	0,00000	0,00000
2,63587	16,00000	0,00000	0,00000	2,63588	58,00000	0,00000	0,00000
2,64825	18,00000	0,00000	0,00000	2,64825	66,00000	0,00000	0,00000
2,66063	16,00000	0,00000	0,00000	2,66063	67,00000	0,00000	0,00000
2,67300	16,00000	0,00000	0,00000	2,67300	72,00000	0,00000	0,00000
2,68538	17,00000	0,00000	0,00000	2,68538	76,00000	0,00000	0,00000
2,69775	17,00000	0,00000	0,00000	2,69775	80,00000	0,00000	0,00000
2,71013	16,00000	0,00000	0,00000	2,71013	88,00000	0,00000	0,00000
2,72250	16,00000	0,00000	0,00000	2,72250	89,00000	0,00000	0,00000
2,73488	18,00000	0,00000	0,00000	2,73488	97,00000	0,00000	0,00000
2,74725	18,00000	0,00000	0,00000	2,74725	100,00000	0,00000	0,00000
2,75963	18,00000	0,00000	0,00000	2,75963	98,00000	0,00000	0,00000
2,77200	16,00000	0,00000	0,00000	2,77200	100,00000	0,00000	0,00000
2,78438	16,00000	0,00000	0,00000	2,78438	100,00000	0,00000	0,00000
2,79675	17,00000	0,00000	0,00000	2,79675	107,00000	0,00000	0,00000
2,80913	17,00000	0,00000	0,00000	2,80913	112,00000	0,00000	0,00000
2,82150	17,00000	0,00000	0,00000	2,82150	117,00000	0,00000	0,00000
2,83387	16,00000	0,00000	0,00000	2,83388	119,00000	0,00000	0,00000
2,84625	16,00000	0,00000	0,00000	2,84625	122,00000	0,00000	0,00000
2,85862	18,00000	0,00000	0,00000	2,85863	122,00000	0,00000	0,00000
2,87100	18,00000	0,00000	0,00000	2,87100	131,00000	0,00000	0,00000
2,88338	16,00000	0,00000	0,00000	2,88338	133,00000	0,00000	0,00000
2,89575	16,00000	0,00000	0,00000	2,89575	137,00000	0,00000	0,00000
2,90813	19,00000	0,00000	0,00000	2,90813	144,00000	0,00000	0,00000
2,92050	19,00000	0,00000	0,00000	2,92050	150,00000	0,00000	0,00000
2,93288	18,00000	0,00000	0,00000	2,93288	158,00000	0,00000	0,00000
2,94525	16,00000	0,00000	0,00000	2,94525	161,00000	0,00000	0,00000
2,95763	16,00000	0,00000	0,00000	2,95763	175,00000	0,00000	0,00000
2,97000	18,00000	0,00000	0,00000	2,97000	173,00000	0,00000	0,00000
2,98238	16,00000	0,00000	0,00000	2,98238	178,00000	0,00000	0,00000
2,99475	16,00000	0,00000	0,00000	2,99475	175,00000	0,00000	0,00000
3,00713	18,00000	0,00000	0,00000	3,00713	179,00000	0,00000	0,00000
3,01950	16,00000	0,00000	0,00000	3,01950	182,00000	0,00000	0,00000
3,03188	16,00000	0,00000	0,00000	3,03188	189,00000	0,00000	0,00000
3,04425	17,00000	0,00000	0,00000	3,04425	201,00000	0,00000	0,00000
3,05662	17,00000	0,00000	0,00000	3,05663	202,00000	0,00000	0,00000
3,06900	15,00000	0,00000	0,00000	3,06900	186,00000	0,00000	0,00000
3,08137	16,00000	0,00000	0,00000	3,08138	190,00000	0,00000	0,00000
3,09375	18,00000	0,00000	0,00000	3,09375	197,00000	0,00000	0,00000
3,10613	18,00000	0,00000	0,00000	3,10613	199,00000	0,00000	0,00000
3,11850	17,00000	0,00000	0,00000	3,11850	188,00000	0,00000	0,00000
3,13088	15,00000	0,00000	0,00000	3,13088	187,00000	0,00000	0,00000
3,14325	15,00000	0,00000	0,00000	3,14325	189,00000	0,00000	0,00000
3,15563	15,00000	0,00000	0,00000	3,15563	183,00000	0,00000	0,00000
3,16800	15,00000	0,00000	0,00000	3,16800	180,00000	0,00000	0,00000
3,18038	17,00000	0,00000	0,00000	3,18038	180,00000	0,00000	0,00000
3,19275	18,00000	0,00000	0,00000	3,19275	174,00000	0,00000	0,00000
3,20513	16,00000	0,00000	0,00000	3,20513	174,00000	0,00000	0,00000
3,21750	16,00000	0,00000	0,00000	3,21750	179,00000	0,00000	0,00000
3,22988	16,00000	0,00000	0,00000	3,22988	174,00000	0,00000	0,00000
3,24225	18,00000	0,00000	0,00000	3,24225	166,00000	0,00000	0,00000
3,25463	18,00000	0,00000	0,00000	3,25463	166,00000	0,00000	0,00000
3,26700	16,00000	0,00000	0,00000	3,26700	162,00000	0,00000	0,00000
3,27938	16,00000	0,00000	0,00000	3,27938	152,00000	0,00000	0,00000
3,29175	16,00000	0,00000	0,00000	3,29175	150,00000	0,00000	0,00000
3,30412	18,00000	0,00000	0,00000	3,30413	145,00000	0,00000	0,00000
3,31650	18,00000	0,00000	0,00000	3,31650	132,00000	0,00000	0,00000
3,32888	18,00000	0,00000	0,00000	3,32888	136,00000	0,00000	0,00000
3,34125	18,00000	0,00000	0,00000	3,34125	125,00000	0,00000	0,00000
3,35363	18,00000	0,00000	0,00000	3,35363	123,00000	0,00000	0,00000
3,36600	17,00000	0,00000	0,00000	3,36600	118,00000	0,00000	0,00000
3,37838	17,00000	0,00000	0,00000	3,37838	111,00000	0,00000	0,00000
3,39075	19,00000	0,00000	0,00000	3,39075	107,00000	0,00000	0,00000
3,40313	19,00000	0,00000	0,00000	3,40313	97,00000	0,00000	0,00000
3,41550	19,00000	0,00000	0,00000	3,41550	96,00000	0,00000	0,00000
3,42788	19,00000	0,00000	0,00000	3,42788	88,00000	0,00000	0,00000
3,44025	17,00000	0,00000	0,00000	3,44025	88,00000	0,00000	0,00000
3,45263	17,00000	0,00000	0,00000	3,45263	82,00000	0,00000	0,00000
3,46500	19,00000	0,00000	0,00000	3,46500	84,00000	0,00000	0,00000
3,47738	20,00000	0,00000	0,00000	3,47738	83,00000	0,00000	0,00000
3,48975	19,00000	0,00000	0,00000	3,48975	81,00000	0,00000	0,00000
3,50213	19,00000	0,00000	0,00000	3,50213	80,00000	0,00000	0,00000
3,51450	17,00000	0,00000	0,00000	3,51450	75,00000	0,00000	0,00000
3,52687	17,00000	0,00000	0,00000	3,52688	74,00000	0,00000	0,00000
3,53925	17,00000	0,00000	0,00000	3,53925	68,00000	0,00000	0,00000
3,55163	19,00000	0,00000	0,00000	3,55163	65,00000	0,00000	0,00000
3,56400	20,00000	0,00000	0,00000	3,56400	58,00000	0,00000	0,00000
3,57638	19,00000	0,00000	0,00000	3,57638	53,00000	0,00000	0,00000
3,58875	22,00000	0,00000	0,00000	3,58875	50,00000	0,00000	0,00000
3,60113	22,00000	0,00000	0,00000	3,60113	45,00000	0,00000	0,00000
3,61350	22,00000	0,00000	0,00000	3,61350	41,00000	0,00000	0,00000
3,62588	22,00000	0,00000	0,00000	3,62588	38,00000	0,00000	0,00000
3,63825	22,00000	0,00000	0,00000	3,63825	37,00000	0,00000	0,00000
3,65063	20,00000	0,00000	0,00000	3,65063	38,00000	0,00000	0,00000
3,66300	20,00000	0,00000	0,00000	3,66300	34,00000	0,00000	0,00000
3,67538	23,00000	0,00000	0,00000	3,67538	37,00000	0,00000	0,00000
3,68775	22,00000	0,00000	0,00000	3,68775	33,00000	0,00000	0,00000
3,70013	25,00000	0,00000	0,00000	3,70013	33,00000	0,00000	0,00000
3,71250	26,00000	0,00000	0,00000	3,71250	30,00000	0,00000	0,00000
3,72488	27,00000	0,00000	0,00000	3,72488	27,00000	0,00000	0,00000
3,73725	27,00000	0,00000	0,00000	3,73725	30,00000	0,00000	0,00000
3,74962	27,00000	0,00000	0,00000	3,74963	30,00000	0,00000	0,00000
3,76200	27,00000	0,00000	0,00000	3,76200	30,00000	0,00000	0,00000
3,77438	26,00000	0,00000	0,00000	3,77438	30,00000	0,00000	0,00000
3,78675	26,00000	0,00000	0,00000	3,78675	30,00000	0,00000	0,00000
3,79913	27,00000	0,00000	0,00000	3,79913	29,00000	0,00000	0,00000
3,81150	29,00000	0,00000	0,00000	3,81150	26,00000	0,00000	0,00000
3,82388	33,00000	0,00000	0,00000	3,82388	26,00000	0,00000	0,00000
3,83625	33,00000	0,00000	0,00000	3,83625	26,00000	0,00000	0,00000
3,84863	41,00000	0,00000	0,00000	3,84863	24,00000	0,00000	0,00000
3,86100	41,00000	0,00000	0,00000	3,86100	24,00000	0,00000	0,00000
3,87338	41,00000	0,00000	0,00000	3,87338	20,00000	0,00000	0,00000
3,88575	41,00000	0,00000	0,00000	3,88575	22,00000	0,00000	0,00000
3,89813	41,00000	0,00000	0,00000	3,89813	23,00000	0,00000	0,00000
3,91050	39,00000	0,00000	0,00000	3,91050	22,00000	0,00000	0,00000
3,92288	38,00000	0,00000	0,00000	3,92288	20,00000	0,00000	0,00000
3,93525	39,00000	0,00000	0,00000	3,93525	22,00000	0,00000	0,00000
3,94763	40,00000	0,00000	0,00000	3,94763	19,00000	0,00000	0,00000
3,96000	48,00000	0,00000	0,00000	3,96000	19,00000	0,00000	0,00000
3,97237	53,00000	0,00000	0,00000	3,97238	19,00000	0,00000	0,00000
3,98475	59,00000	0,00000	0,00000	3,98475	19,00000	0,00000	0,00000
3,99713	60,00000	0,00000	0,00000	3,99713	20,00000	0,00000	0,00000
4,00950	58,00000	0,00000	0,00000	4,00950	18,00000	0,00000	0,00000
4,02188	53,00000	0,00000	0,00000	4,02188	22,00000	0,00000	0,00000
4,03425	54,00000	0,00000	0,00000	4,03425	18,00000	0,00000	0,00000
4,04663	61,00000	0,00000	0,00000	4,04663	18,00000	0,00000	0,00000
4,05900	71,00000	0,00000	0,00000	4,05900	17,00000	0,00000	0,00000
4,07138	74,00000	0,00000	0,00000	4,07138	15,00000	0,00000	0,00000
4,08375	73,00000	0,00000	0,00000	4,08375	18,00000	0,00000	0,00000
4,09612	75,00000	0,00000	0,00000	4,09613	18,00000	0,00000	0,00000
4,10850	79,00000	0,00000	0,00000	4,10850	18,00000	0,00000	0,00000
4,12087	83,00000	0,00000	0,00000	4,12088	17,00000	0,00000	0,00000
4,13325	89,00000	0,00000	0,00000	4,13325	16,00000	0,00000	0,00000
4,14562	94,00000	0,00000	0,00000	4,14563	17,00000	0,00000	0,00000
4,15800	98,00000	0,00000	0,00000	4,15800	15,00000	0,00000	0,00000
4,17037	98,00000	0,00000	0,00000	4,17038	18,00000	0,00000	0,00000
4,18275	103,00000	0,00000	0,00000	4,18275	17,00000	0,00000	0,00000
4,19512	110,00000	0,00000	0,00000	4,19513	17,00000	0,00000	0,00000
4,20750	116,00000	0,00000	0,00000	4,20750	18,00000	0,00000	0,00000
4,21988	115,00000	0,00000	0,00000	4,21988	16,00000	0,00000	0,00000
4,23225	114,00000	0,00000	0,00000	4,23225	16,00000	0,00000	0,00000
4,24463	126,00000	0,00000	0,00000	4,24463	18,00000	0,00000	0,00000
4,25700	146,00000	0,00000	0,00000	4,25700	17,00000	0,00000	0,00000
4,26938	154,00000	0,00000	0,00000	4,26938	18,00000	0,00000	0,00000
4,28175	153,00000	0,00000	0,00000	4,28175	16,00000	0,00000	0,00000
4,29413	154,00000	0,00000	0,00000	4,29413	17,00000	0,00000	0,00000
4,30650	171,00000	0,00000	0,00000	4,30650	18,00000	0,00000	0,00000
4,31888	190,00000	0,00000	0,00000	4,31888	18,00000	0,00000	0,00000
4,33125	195,00000	0,00000	0,00000	4,33125	17,00000	0,00000	0,00000
4,34363	196,00000	0,00000	0,00000	4,34363	15,00000	0,00000	0,00000
4,35600	193,00000	0,00000	0,00000	4,35600	13,00000	0,00000	0,00000
4,36838	190,00000	0,00000	0,00000	4,36838	15,00000	0,00000	0,00000
4,38075	190,00000	0,00000	0,00000	4,38075	17,00000	0,00000	0,00000
4,39313	190,00000	0,00000	0,00000	4,39313	16,00000	0,00000	0,00000
4,40550	194,00000	0,00000	0,00000	4,40550	15,00000	0,00000	0,00000
4,41788	197,00000	0,00000	0,00000	4,41788	17,00000	0,00000	0,00000
4,43025	197,00000	0,00000	0,00000	4,43025	15,00000	0,00000	0,00000
4,44263	188,00000	0,00000	0,00000	4,44263	17,00000	0,00000	0,00000
4,45500	176,00000	0,00000	0,00000	4,45500	15,00000	0,00000	0,00000
4,46738	165,00000	0,00000	0,00000	4,46738	15,00000	0,00000	0,00000
4,47975	165,00000	0,00000	0,00000	4,47975	15,00000	0,00000	0,00000
4,49213	165,00000	0,00000	0,00000	4,49213	17,00000	0,00000	0,00000
4,50450	162,00000	0,00000	0,00000	4,50450	15,00000	0,00000	0,00000
4,51688	157,00000	0,00000	0,00000	4,51688	17,00000	0,00000	0,00000
4,52925	152,00000	0,00000	0,00000	4,52925	18,00000	0,00000	0,00000
4,54162	151,00000	0,00000	0,00000	4,54163	15,00000	0,00000	0,00000
4,55400	155,00000	0,00000	0,00000	4,55400	18,00000	0,00000	0,00000
4,56637	159,00000	0,00000	0,00000	4,56638	15,00000	0,00000	0,00000
4,57875	164,00000	0,00000	0,00000	4,57875	17,00000	0,00000	0,00000
4,59112	162,00000	0,00000	0,00000	4,59113	16,00000	0,00000	0,00000
4,60350	160,00000	0,00000	0,00000	4,60350	16,00000	0,00000	0,00000
4,61587	160,00000	0,00000	0,00000	4,61588	17,00000	0,00000	0,00000
4,62825	161,00000	0,00000	0,00000	4,62825	17,00000	0,00000	0,00000
4,64063	164,00000	0,00000	0,00000	4,64063	17,00000	0,00000	0,00000
4,65300	160,00000	0,00000	0,00000	4,65300	17,00000	0,00000	0,00000
4,66538	155,00000	0,00000	0,00000	4,66538	15,00000	0,00000	0,00000
4,67775	153,00000	0,00000	0,00000	4,67775	17,00000	0,00000	0,00000
4,69013	152,00000	0,00000	0,00000	4,69013	17,00000	0,00000	0,00000
4,70250	153,00000	0,00000	0,00000	4,70250	15,00000	0,00000	0,00000
4,71488	151,00000	0,00000	0,00000	4,71488	13,00000	0,00000	0,00000
4,72725	147,00000	0,00000	0,00000	4,72725	18,00000	0,00000	0,00000
4,73963	145,00000	0,00000	0,00000	4,73963	15,00000	0,00000	0,00000
4,75200	139,00000	0,00000	0,00000	4,75200	17,00000	0,00000	0,00000
4,76438	135,00000	0,00000	0,00000	4,76438	16,00000	0,00000	0,00000
4,77675	129,00000	0,00000	0,00000	4,77675	17,00000	0,00000	0,00000
4,78913	122,00000	0,00000	0,00000	4,78913	17,00000	0,00000	0,00000
4,80150	118,00000	0,00000	0,00000	4,80150	16,00000	0,00000	0,00000
4,81388	111,00000	0,00000	0,00000	4,81388	17,00000	0,00000	0,00000
4,82625	108,00000	0,00000	0,00000	4,82625	16,00000	0,00000	0,00000
4,83863	108,00000	0,00000	0,00000	4,83863	15,00000	0,00000	0,00000
4,85100	107,00000	0,00000	0,00000	4,85100	15,00000	0,00000	0,00000
4,86338	102,00000	0,00000	0,00000	4,86338	15,00000	0,00000	0,00000
4,87575	94,00000	0,00000	0,00000	4,87575	15,00000	0,00000	0,00000
4,88813	84,00000	0,00000	0,00000	4,88813	16,00000	0,00000	0,00000
4,90050	77,00000	0,00000	0,00000	4,90050	16,00000	0,00000	0,00000
4,91288	71,00000	0,00000	0,00000	4,91288	17,00000	0,00000	0,00000
4,92525	62,00000	0,00000	0,00000	4,92525	16,00000	0,00000	0,00000
4,93763	58,00000	0,00000	0,00000	4,93763	16,00000	0,00000	0,00000
4,95000	59,00000	0,00000	0,00000	4,95000	17,00000	0,00000	0,00000
4,96238	58,00000	0,00000	0,00000	4,96238	17,00000	0,00000	0,00000
4,97475	59,00000	0,00000	0,00000	4,97475	15,00000	0,00000	0,00000
4,98712	60,00000	0,00000	0,00000	4,98713	17,00000	0,00000	0,00000
4,99950	57,00000	0,00000	0,00000	4,99950	13,00000	0,00000	0,00000
5,01187	48,00000	0,00000	0,00000	5,01188	17,00000	0,00000	0,00000
5,02425	43,00000	0,00000	0,00000	5,02425	15,00000	0,00000	0,00000
5,03662	44,00000	0,00000	0,00000	5,03663	17,00000	0,00000	0,00000
5,04900	45,00000	0,00000	0,00000	5,04900	17,00000	0,00000	0,00000
5,06137	41,00000	0,00000	0,00000	5,06138	17,00000	0,00000	0,00000
5,07375	41,00000	0,00000	0,00000	5,07375	17,00000	0,00000	0,00000
5,08613	43,00000	0,00000	0,00000	5,08613	15,00000	0,00000	0,00000
5,09850	41,00000	0,00000	0,00000	5,09850	15,00000	0,00000	0,00000
5,11088	39,00000	0,00000	0,00000	5,11088	15,00000	0,00000	0,00000
5,12325	33,00000	0,00000	0,00000	5,12325	15,00000	0,00000	0,00000
5,13563	31,00000	0,00000	0,00000	5,13563	17,00000	0,00000	0,00000
5,14800	30,00000	0,00000	0,00000	5,14800	15,00000	0,00000	0,00000
5,16038	26,00000	0,00000	0,00000	5,16038	18,00000	0,00000	0,00000
5,17275	24,00000	0,00000	0,00000	5,17275	13,00000	0,00000	0,00000
5,18513	23,00000	0,00000	0,00000	5,18513	17,00000	0,00000	0,00000
5,19750	23,00000	0,00000	0,00000	5,19750	15,00000	0,00000	0,00000
5,20988	25,00000	0,00000	0,00000	5,20988	17,00000	0,00000	0,00000
5,22225	25,00000	0,00000	0,00000	5,22225	15,00000	0,00000	0,00000
5,23463	24,00000	0,00000	0,00000	5,23463	17,00000	0,00000	0,00000
5,24700	22,00000	0,00000	0,00000	5,24700	15,00000	0,00000	0,00000
5,25938	20,00000	0,00000	0,00000	5,25938	15,00000	0,00000	0,00000
5,27175	22,00000	0,00000	0,00000	5,27175	17,00000	0,00000	0,00000
5,28413	22,00000	0,00000	0,00000	5,28413	15,00000	0,00000	0,00000
5,29650	19,00000	0,00000	0,00000	5,29650	13,00000	0,00000	0,00000
5,30888	19,00000	0,00000	0,00000	5,30888	17,00000	0,00000	0,00000
5,32125	18,00000	0,00000	0,00000	5,32125	17,00000	0,00000	0,00000
5,33363	22,00000	0,00000	0,00000	5,33363	15,00000	0,00000	0,00000
5,34600	22,00000	0,00000	0,00000	5,34600	13,00000	0,00000	0,00000
5,35838	19,00000	0,00000	0,00000	5,35838	17,00000	0,00000	0,00000
5,37075	20,00000	0,00000	0,00000	5,37075	13,00000	0,00000	0,00000
5,38313	19,00000	0,00000	0,00000	5,38313	15,00000	0,00000	0,00000
5,39550	17,00000	0,00000	0,00000	5,39550	17,00000	0,00000	0,00000
5,40788	17,00000	0,00000	0,00000	5,40788	17,00000	0,00000	0,00000
5,42025	17,00000	0,00000	0,00000	5,42025	13,00000	0,00000	0,00000
5,43262	19,00000	0,00000	0,00000	5,43263	17,00000	0,00000	0,00000
5,44500	19,00000	0,00000	0,00000	5,44500	15,00000	0,00000	0,00000
5,45737	17,00000	0,00000	0,00000	5,45738	15,00000	0,00000	0,00000
5,46975	17,00000	0,00000	0,00000	5,46975	15,00000	0,00000	0,00000
5,48212	18,00000	0,00000	0,00000	5,48213	17,00000	0,00000	0,00000
5,49450	18,00000	0,00000	0,00000	5,49450	17,00000	0,00000	0,00000
5,50687	16,00000	0,00000	0,00000	5,50688	15,00000	0,00000	0,00000
5,51925	16,00000	0,00000	0,00000	5,51925	16,00000	0,00000	0,00000
5,53163	17,00000	0,00000	0,00000	5,53163	17,00000	0,00000	0,00000
5,54400	17,00000	0,00000	0,00000	5,54400	15,00000	0,00000	0,00000
5,55638	17,00000	0,00000	0,00000	5,55638	16,00000	0,00000	0,00000
5,56875	17,00000	0,00000	0,00000	5,56875	17,00000	0,00000	0,00000
5,58113	15,00000	0,00000	0,00000	5,58113	17,00000	0,00000	0,00000
5,59350	15,00000	0,00000	0,00000	5,59350	17,00000	0,00000	0,00000
5,60588	17,00000	0,00000	0,00000	5,60588	17,00000	0,00000	0,00000
5,61825	18,00000	0,00000	0,00000	5,61825	17,00000	0,00000	0,00000
5,63063	18,00000	0,00000	0,00000	5,63063	17,00000	0,00000	0,00000
5,64300	17,00000	0,00000	0,00000	5,64300	15,00000	0,00000	0,00000
5,65538	15,00000	0,00000	0,00000	5,65538	17,00000	0,00000	0,00000
5,66775	15,00000	0,00000	0,00000	5,66775	15,00000	0,00000	0,00000
5,68013	15,00000	0,00000	0,00000	5,68013	17,00000	0,00000	0,00000
5,69250	15,00000	0,00000	0,00000	5,69250	13,00000	0,00000	0,00000
5,70488	18,00000	0,00000	0,00000	5,70488	15,00000	0,00000	0,00000
5,71725	18,00000	0,00000	0,00000	5,71725	17,00000	0,00000	0,00000
5,72963	18,00000	0,00000	0,00000	5,72963	15,00000	0,00000	0,00000
5,74200	16,00000	0,00000	0,00000	5,74200	16,00000	0,00000	0,00000
5,75438	16,00000	0,00000	0,00000	5,75438	15,00000	0,00000	0,00000
5,76675	17,00000	0,00000	0,00000	5,76675	15,00000	0,00000	0,00000
5,77913	17,00000	0,00000	0,00000	5,77913	17,00000	0,00000	0,00000
5,79150	17,00000	0,00000	0,00000	5,79150	13,00000	0,00000	0,00000
5,80388	17,00000	0,00000	0,00000	5,80388	17,00000	0,00000	0,00000
5,81625	17,00000	0,00000	0,00000	5,81625	15,00000	0,00000	0,00000
5,82863	17,00000	0,00000	0,00000	5,82863	17,00000	0,00000	0,00000
5,84100	15,00000	0,00000	0,00000	5,84100	15,00000	0,00000	0,00000
5,85338	15,00000	0,00000	0,00000	5,85338	16,00000	0,00000	0,00000
5,86575	15,00000	0,00000	0,00000	5,86575	17,00000	0,00000	0,00000
5,87813	17,00000	0,00000	0,00000	5,87813	17,00000	0,00000	0,00000
5,89050	17,00000	0,00000	0,00000	5,89050	18,00000	0,00000	0,00000
5,90287	17,00000	0,00000	0,00000	5,90288	18,00000	0,00000	0,00000
5,91525	17,00000	0,00000	0,00000	0,00000	15,00000	0,00000	0,00000
5,92762	17,00000	0,00000	0,00000	0,00000	9,00000	0,00000	0,00000
5,94000	16,00000	0,00000	0,00000	0,00000	0,00000	0,00000	0,00000
5,95237	16,00000	0,00000	0,00000	0,00000	0,00000	0,00000	0,00000
5,96475	18,00000	0,00000	0,00000	0,00000	0,00000	0,00000	0,00000
5,97713	19,00000	0,00000	0,00000	0,00000	0,00000	0,00000	0,00000
5,98950	19,00000	0,00000	0,00000	0,00000	0,00000	0,00000	0,00000
6,00188	17,00000	0,00000	0,00000	0,00000	0,00000	0,00000	0,00000
6,01425	18,00000	0,00000	0,00000	0,00000	0,00000	0,00000	0,00000
6,02663	16,00000	0,00000	0,00000	0,00000	0,00000	0,00000	0,00000
6,03900	17,00000	0,00000	0,00000	0,00000	0,00000	0,00000	0,00000
6,05138	15,00000	0,00000	0,00000	0,00000	0,00000	0,00000	0,00000
6,06375	15,00000	0,00000	0,00000	0,00000	0,00000	0,00000	0,00000
6,07613	15,00000	0,00000	0,00000	0,00000	0,00000	0,00000	0,00000
6,08850	18,00000	0,00000	0,00000	0,00000	0,00000	0,00000	0,00000
6,10088	18,00000	0,00000	0,00000	0,00000	0,00000	0,00000	0,00000
6,11325	18,00000	0,00000	0,00000	0,00000	0,00000	0,00000	0,00000
6,12563	16,00000	0,00000	0,00000	0,00000	0,00000	0,00000	0,00000
6,13800	16,00000	0,00000	0,00000	0,00000	0,00000	0,00000	0,00000
6,15038	17,00000	0,00000	0,00000	0,00000	0,00000	0,00000	0,00000
6,16275	17,00000	0,00000	0,00000	0,00000	0,00000	0,00000	0,00000
6,17513	17,00000	0,00000	0,00000	0,00000	0,00000	0,00000	0,00000
6,18750	17,00000	0,00000	0,00000	0,00000	0,00000	0,00000	0,00000
6,19988	17,00000	0,00000	0,00000	0,00000	0,00000	0,00000	0,00000
6,21225	17,00000	0,00000	0,00000	0,00000	0,00000	0,00000	0,00000
6,22463	17,00000	0,00000	0,00000	0,00000	0,00000	0,00000	0,00000
6,23700	17,00000	0,00000	0,00000	0,00000	0,00000	0,00000	0,00000
6,24938	15,00000	0,00000	0,00000	0,00000	0,00000	0,00000	0,00000
6,26175	15,00000	0,00000	0,00000	0,00000	0,00000	0,00000	0,00000
6,27413	16,00000	0,00000	0,00000	0,00000	0,00000	0,00000	0,00000
6,28650	16,00000	0,00000	0,00000	0,00000	0,00000	0,00000	0,00000
6,29888	15,00000	0,00000	0,00000	0,00000	0,00000	0,00000	0,00000
6,31125	15,00000	0,00000	0,00000	0,00000	0,00000	0,00000	0,00000
6,32363	17,00000	0,00000	0,00000	0,00000	0,00000	0,00000	0,00000
6,33600	17,00000	0,00000	0,00000	0,00000	0,00000	0,00000	0,00000
6,34837	17,00000	0,00000	0,00000	0,00000	0,00000	0,00000	0,00000
6,36075	17,00000	0,00000	0,00000	0,00000	0,00000	0,00000	0,00000
6,37312	15,00000	0,00000	0,00000	0,00000	0,00000	0,00000	0,00000
6,38550	15,00000	0,00000	0,00000	0,00000	0,00000	0,00000	0,00000
6,39787	17,00000	0,00000	0,00000	0,00000	0,00000	0,00000	0,00000
6,41025	17,00000	0,00000	0,00000	0,00000	0,00000	0,00000	0,00000
6,42263	17,00000	0,00000	0,00000	0,00000	0,00000	0,00000	0,00000
6,43500	17,00000	0,00000	0,00000	0,00000	0,00000	0,00000	0,00000
6,44738	17,00000	0,00000	0,00000	0,00000	0,00000	0,00000	0,00000
6,45975	17,00000	0,00000	0,00000	0,00000	0,00000	0,00000	0,00000
6,47213	17,00000	0,00000	0,00000	0,00000	0,00000	0,00000	0,00000
6,48450	17,00000	0,00000	0,00000	0,00000	0,00000	0,00000	0,00000
6,49688	17,00000	0,00000	0,00000	0,00000	0,00000	0,00000	0,00000
6,50925	17,00000	0,00000	0,00000	0,00000	0,00000	0,00000	0,00000
6,52163	17,00000	0,00000	0,00000	0,00000	0,00000	0,00000	0,00000
6,53400	17,00000	0,00000	0,00000	0,00000	0,00000	0,00000	0,00000
6,54638	15,00000	0,00000	0,00000	0,00000	0,00000	0,00000	0,00000
6,55875	15,00000	0,00000	0,00000	0,00000	0,00000	0,00000	0,00000
6,57113	15,00000	0,00000	0,00000	0,00000	0,00000	0,00000	0,00000
6,58350	16,00000	0,00000	0,00000	0,00000	0,00000	0,00000	0,00000
6,59588	18,00000	0,00000	0,00000	0,00000	0,00000	0,00000	0,00000
6,60825	19,00000	0,00000	0,00000	0,00000	0,00000	0,00000	0,00000
6,62063	18,00000	0,00000	0,00000	0,00000	0,00000	0,00000	0,00000
6,63300	16,00000	0,00000	0,00000	0,00000	0,00000	0,00000	0,00000
6,64538	17,00000	0,00000	0,00000	0,00000	0,00000	0,00000	0,00000
6,65775	17,00000	0,00000	0,00000	0,00000	0,00000	0,00000	0,00000
6,67013	15,00000	0,00000	0,00000	0,00000	0,00000	0,00000	0,00000
6,68250	15,00000	0,00000	0,00000	0,00000	0,00000	0,00000	0,00000
6,69488	15,00000	0,00000	0,00000	0,00000	0,00000	0,00000	0,00000
6,70725	17,00000	0,00000	0,00000	0,00000	0,00000	0,00000	0,00000
6,71963	17,00000	0,00000	0,00000	0,00000	0,00000	0,00000	0,00000
6,73200	17,00000	0,00000	0,00000	0,00000	0,00000	0,00000	0,00000
6,74438	17,00000	0,00000	0,00000	0,00000	0,00000	0,00000	0,00000
6,75675	15,00000	0,00000	0,00000	0,00000	0,00000	0,00000	0,00000
6,76913	15,00000	0,00000	0,00000	0,00000	0,00000	0,00000	0,00000
6,78150	15,00000	0,00000	0,00000	0,00000	0,00000	0,00000	0,00000
6,79387	17,00000	0,00000	0,00000	0,00000	0,00000	0,00000	0,00000
6,80625	17,00000	0,00000	0,00000	0,00000	0,00000	0,00000	0,00000
6,81862	17,00000	0,00000	0,00000	0,00000	0,00000	0,00000	0,00000
6,83100	15,00000	0,00000	0,00000	0,00000	0,00000	0,00000	0,00000
6,84337	15,00000	0,00000	0,00000	0,00000	0,00000	0,00000	0,00000
6,85575	15,00000	0,00000	0,00000	0,00000	0,00000	0,00000	0,00000
6,86813	17,00000	0,00000	0,00000	0,00000	0,00000	0,00000	0,00000
6,88050	17,00000	0,00000	0,00000	0,00000	0,00000	0,00000	0,00000
6,89288	17,00000	0,00000	0,00000	0,00000	0,00000	0,00000	0,00000
6,90525	17,00000	0,00000	0,00000	0,00000	0,00000	0,00000	0,00000
6,91763	13,00000	0,00000	0,00000	0,00000	0,00000	0,00000	0,00000
6,93000	13,00000	0,00000	0,00000	0,00000	0,00000	0,00000	0,00000
6,94238	15,00000	0,00000	0,00000	0,00000	0,00000	0,00000	0,00000
6,95475	18,00000	0,00000	0,00000	0,00000	0,00000	0,00000	0,00000
6,96713	17,00000	0,00000	0,00000	0,00000	0,00000	0,00000	0,00000
6,97950	16,00000	0,00000	0,00000	0,00000	0,00000	0,00000	0,00000
6,99188	17,00000	0,00000	0,00000	0,00000	0,00000	0,00000	0,00000
7,00425	17,00000	0,00000	0,00000	0,00000	0,00000	0,00000	0,00000
7,01663	17,00000	0,00000	0,00000	0,00000	0,00000	0,00000	0,00000
7,02900	15,00000	0,00000	0,00000	0,00000	0,00000	0,00000	0,00000
7,04138	15,00000	0,00000	0,00000	0,00000	0,00000	0,00000	0,00000
7,05375	17,00000	0,00000	0,00000	0,00000	0,00000	0,00000	0,00000
7,06613	17,00000	0,00000	0,00000	0,00000	0,00000	0,00000	0,00000
7,07850	15,00000	0,00000	0,00000	0,00000	0,00000	0,00000	0,00000
7,09088	15,00000	0,00000	0,00000	0,00000	0,00000	0,00000	0,00000
7,10325	17,00000	0,00000	0,00000	0,00000	0,00000	0,00000	0,00000
7,11563	17,00000	0,00000	0,00000	0,00000	0,00000	0,00000	0,00000
7,12800	17,00000	0,00000	0,00000	0,00000	0,00000	0,00000	0,00000
7,14038	18,00000	0,00000	0,00000	0,00000	0,00000	0,00000	0,00000
7,15275	15,00000	0,00000	0,00000	0,00000	0,00000	0,00000	0,00000
7,16513	15,00000	0,00000	0,00000	0,00000	0,00000	0,00000	0,00000
7,17750	16,00000	0,00000	0,00000	0,00000	0,00000	0,00000	0,00000
7,18988	16,00000	0,00000	0,00000	0,00000	0,00000	0,00000	0,00000
7,20225	16,00000	0,00000	0,00000	0,00000	0,00000	0,00000	0,00000
7,21463	16,00000	0,00000	0,00000	0,00000	0,00000	0,00000	0,00000
7,22700	16,00000	0,00000	0,00000	0,00000	0,00000	0,00000	0,00000
7,23938	16,00000	0,00000	0,00000	0,00000	0,00000	0,00000	0,00000
7,25175	16,00000	0,00000	0,00000	0,00000	0,00000	0,00000	0,00000
7,26412	16,00000	0,00000	0,00000	0,00000	0,00000	0,00000	0,00000
7,27650	13,00000	0,00000	0,00000	0,00000	0,00000	0,00000	0,00000
7,28887	13,00000	0,00000	0,00000	0,00000	0,00000	0,00000	0,00000
7,30125	16,00000	0,00000	0,00000	0,00000	0,00000	0,00000	0,00000
7,31363	17,00000	0,00000	0,00000	0,00000	0,00000	0,00000	0,00000
7,32600	17,00000	0,00000	0,00000	0,00000	0,00000	0,00000	0,00000
7,33838	15,00000	0,00000	0,00000	0,00000	0,00000	0,00000	0,00000
7,35075	15,00000	0,00000	0,00000	0,00000	0,00000	0,00000	0,00000
7,36313	15,00000	0,00000	0,00000	0,00000	0,00000	0,00000	0,00000
7,37550	15,00000	0,00000	0,00000	0,00000	0,00000	0,00000	0,00000
7,38788	17,00000	0,00000	0,00000	0,00000	0,00000	0,00000	0,00000
7,40025	17,00000	0,00000	0,00000	0,00000	0,00000	0,00000	0,00000
7,41263	16,00000	0,00000	0,00000	0,00000	0,00000	0,00000	0,00000
7,42500	18,00000	0,00000	0,00000	0,00000	0,00000	0,00000	0,00000
7,43738	16,00000	0,00000	0,00000	0,00000	0,00000	0,00000	0,00000
7,44975	16,00000	0,00000	0,00000	0,00000	0,00000	0,00000	0,00000
7,46213	17,00000	0,00000	0,00000	0,00000	0,00000	0,00000	0,00000
7,47450	17,00000	0,00000	0,00000	0,00000	0,00000	0,00000	0,00000
7,48688	17,00000	0,00000	0,00000	0,00000	0,00000	0,00000	0,00000
7,49925	17,00000	0,00000	0,00000	0,00000	0,00000	0,00000	0,00000
7,51163	17,00000	0,00000	0,00000	0,00000	0,00000	0,00000	0,00000
7,52400	15,00000	0,00000	0,00000	0,00000	0,00000	0,00000	0,00000
7,53638	15,00000	0,00000	0,00000	0,00000	0,00000	0,00000	0,00000
7,54875	16,00000	0,00000	0,00000	0,00000	0,00000	0,00000	0,00000
7,56113	15,00000	0,00000	0,00000	0,00000	0,00000	0,00000	0,00000
7,57350	15,00000	0,00000	0,00000	0,00000	0,00000	0,00000	0,00000
7,58588	17,00000	0,00000	0,00000	0,00000	0,00000	0,00000	0,00000
7,59825	17,00000	0,00000	0,00000	0,00000	0,00000	0,00000	0,00000
7,61063	16,00000	0,00000	0,00000	0,00000	0,00000	0,00000	0,00000
7,62300	16,00000	0,00000	0,00000	0,00000	0,00000	0,00000	0,00000
7,63538	18,00000	0,00000	0,00000	0,00000	0,00000	0,00000	0,00000
7,64775	16,00000	0,00000	0,00000	0,00000	0,00000	0,00000	0,00000
7,66013	16,00000	0,00000	0,00000	0,00000	0,00000	0,00000	0,00000
7,67250	16,00000	0,00000	0,00000	0,00000	0,00000	0,00000	0,00000
7,68488	18,00000	0,00000	0,00000	0,00000	0,00000	0,00000	0,00000
7,69725	17,00000	0,00000	0,00000	0,00000	0,00000	0,00000	0,00000
7,70962	15,00000	0,00000	0,00000	0,00000	0,00000	0,00000	0,00000
7,72200	16,00000	0,00000	0,00000	0,00000	0,00000	0,00000	0,00000
7,73438	16,00000	0,00000	0,00000	0,00000	0,00000	0,00000	0,00000
7,74675	13,00000	0,00000	0,00000	0,00000	0,00000	0,00000	0,00000
7,75913	15,00000	0,00000	0,00000	0,00000	0,00000	0,00000	0,00000
7,77150	12,00000	0,00000	0,00000	0,00000	0,00000	0,00000	0,00000
7,78388	13,00000	0,00000	0,00000	0,00000	0,00000	0,00000	0,00000
7,79625	16,00000	0,00000	0,00000	0,00000	0,00000	0,00000	0,00000
7,80863	17,00000	0,00000	0,00000	0,00000	0,00000	0,00000	0,00000
7,82100	15,00000	0,00000	0,00000	0,00000	0,00000	0,00000	0,00000
7,83338	17,00000	0,00000	0,00000	0,00000	0,00000	0,00000	0,00000
7,84575	17,00000	0,00000	0,00000	0,00000	0,00000	0,00000	0,00000
7,85813	17,00000	0,00000	0,00000	0,00000	0,00000	0,00000	0,00000
7,87050	16,00000	0,00000	0,00000	0,00000	0,00000	0,00000	0,00000
7,88288	13,00000	0,00000	0,00000	0,00000	0,00000	0,00000	0,00000
0,00000	10,00000	0,00000	0,00000	0,00000	0,00000	0,00000	0,00000
0,00000	9,00000	0,00000	0,00000	0,00000	0,00000	0,00000	0,00000
