GRUPPE3_Greyline03.dat
04.10.2021
15:01:54
GRUPPE3

Gauss coefficients notation:
Amplitude
FWHM
Std.Abw.
[Fehler]
offset
BEAMCUT  LINES:

X H  in mm	Y H rel	Gauss fit H	H Gauss Coefficients	X V in mm	Y V rel	Gauss fit V	V Gauss Coefficientes
0,00000	20,00000	0,00000	0,00000	0,00000	20,00000	0,00000	0,00000
0,01238	20,00000	0,00000	0,00000	0,01238	20,00000	0,00000	0,00000
0,02475	22,00000	0,00000	0,00000	0,02475	22,00000	0,00000	0,00000
0,03713	22,00000	0,00000	0,00000	0,03713	22,00000	0,00000	0,00000
0,04950	19,00000	0,00000	0,00000	0,04950	20,00000	0,00000	0,00000
0,06187	20,00000	0,00000	0,00000	0,06188	20,00000	0,00000	0,00000
0,07425	18,00000	0,00000	0,00000	0,07425	20,00000	0,00000	0,00000
0,08663	19,00000	0,00000	0,00000	0,08663	22,00000	0,00000	0,00000
0,09900	22,00000	0,00000	0,00000	0,09900	22,00000	0,00000	0,00000
0,11138	23,00000	0,00000	0,00000	0,11138	20,00000	0,00000	0,00000
0,12375	20,00000	0,00000	0,00000	0,12375	20,00000	0,00000	0,00000
0,13612	20,00000	0,00000	0,00000	0,13613	22,00000	0,00000	0,00000
0,14850	20,00000	0,00000	0,00000	0,14850	20,00000	0,00000	0,00000
0,16088	23,00000	0,00000	0,00000	0,16088	23,00000	0,00000	0,00000
0,17325	20,00000	0,00000	0,00000	0,17325	22,00000	0,00000	0,00000
0,18563	20,00000	0,00000	0,00000	0,18563	20,00000	0,00000	0,00000
0,19800	20,00000	0,00000	0,00000	0,19800	20,00000	0,00000	0,00000
0,21038	20,00000	0,00000	0,00000	0,21038	20,00000	0,00000	0,00000
0,22275	23,00000	0,00000	0,00000	0,22275	20,00000	0,00000	0,00000
0,23513	20,00000	0,00000	0,00000	0,23513	23,00000	0,00000	0,00000
0,24750	20,00000	0,00000	0,00000	0,24750	23,00000	0,00000	0,00000
0,25988	22,00000	0,00000	0,00000	0,25988	23,00000	0,00000	0,00000
0,27225	20,00000	0,00000	0,00000	0,27225	23,00000	0,00000	0,00000
0,28463	20,00000	0,00000	0,00000	0,28463	23,00000	0,00000	0,00000
0,29700	23,00000	0,00000	0,00000	0,29700	19,00000	0,00000	0,00000
0,30938	23,00000	0,00000	0,00000	0,30938	22,00000	0,00000	0,00000
0,32175	20,00000	0,00000	0,00000	0,32175	22,00000	0,00000	0,00000
0,33413	20,00000	0,00000	0,00000	0,33413	23,00000	0,00000	0,00000
0,34650	22,00000	0,00000	0,00000	0,34650	22,00000	0,00000	0,00000
0,35887	22,00000	0,00000	0,00000	0,35888	23,00000	0,00000	0,00000
0,37125	22,00000	0,00000	0,00000	0,37125	20,00000	0,00000	0,00000
0,38362	22,00000	0,00000	0,00000	0,38363	23,00000	0,00000	0,00000
0,39600	22,00000	0,00000	0,00000	0,39600	22,00000	0,00000	0,00000
0,40838	22,00000	0,00000	0,00000	0,40838	23,00000	0,00000	0,00000
0,42075	22,00000	0,00000	0,00000	0,42075	20,00000	0,00000	0,00000
0,43313	19,00000	0,00000	0,00000	0,43313	23,00000	0,00000	0,00000
0,44550	19,00000	0,00000	0,00000	0,44550	20,00000	0,00000	0,00000
0,45788	22,00000	0,00000	0,00000	0,45788	23,00000	0,00000	0,00000
0,47025	22,00000	0,00000	0,00000	0,47025	20,00000	0,00000	0,00000
0,48263	22,00000	0,00000	0,00000	0,48263	20,00000	0,00000	0,00000
0,49500	19,00000	0,00000	0,00000	0,49500	23,00000	0,00000	0,00000
0,50738	22,00000	0,00000	0,00000	0,50738	23,00000	0,00000	0,00000
0,51975	22,00000	0,00000	0,00000	0,51975	20,00000	0,00000	0,00000
0,53213	22,00000	0,00000	0,00000	0,53213	23,00000	0,00000	0,00000
0,54450	19,00000	0,00000	0,00000	0,54450	20,00000	0,00000	0,00000
0,55688	18,00000	0,00000	0,00000	0,55688	23,00000	0,00000	0,00000
0,56925	19,00000	0,00000	0,00000	0,56925	19,00000	0,00000	0,00000
0,58163	22,00000	0,00000	0,00000	0,58163	20,00000	0,00000	0,00000
0,59400	22,00000	0,00000	0,00000	0,59400	23,00000	0,00000	0,00000
0,60637	19,00000	0,00000	0,00000	0,60638	20,00000	0,00000	0,00000
0,61875	19,00000	0,00000	0,00000	0,61875	23,00000	0,00000	0,00000
0,63113	22,00000	0,00000	0,00000	0,63113	19,00000	0,00000	0,00000
0,64350	22,00000	0,00000	0,00000	0,64350	23,00000	0,00000	0,00000
0,65587	23,00000	0,00000	0,00000	0,65588	20,00000	0,00000	0,00000
0,66825	20,00000	0,00000	0,00000	0,66825	20,00000	0,00000	0,00000
0,68063	20,00000	0,00000	0,00000	0,68063	22,00000	0,00000	0,00000
0,69300	20,00000	0,00000	0,00000	0,69300	20,00000	0,00000	0,00000
0,70538	23,00000	0,00000	0,00000	0,70538	20,00000	0,00000	0,00000
0,71775	22,00000	0,00000	0,00000	0,71775	20,00000	0,00000	0,00000
0,73013	19,00000	0,00000	0,00000	0,73013	22,00000	0,00000	0,00000
0,74250	22,00000	0,00000	0,00000	0,74250	20,00000	0,00000	0,00000
0,75488	23,00000	0,00000	0,00000	0,75488	23,00000	0,00000	0,00000
0,76725	20,00000	0,00000	0,00000	0,76725	20,00000	0,00000	0,00000
0,77963	20,00000	0,00000	0,00000	0,77963	20,00000	0,00000	0,00000
0,79200	20,00000	0,00000	0,00000	0,79200	23,00000	0,00000	0,00000
0,80438	23,00000	0,00000	0,00000	0,80438	20,00000	0,00000	0,00000
0,81675	20,00000	0,00000	0,00000	0,81675	20,00000	0,00000	0,00000
0,82913	20,00000	0,00000	0,00000	0,82913	20,00000	0,00000	0,00000
0,84150	22,00000	0,00000	0,00000	0,84150	22,00000	0,00000	0,00000
0,85388	22,00000	0,00000	0,00000	0,85388	23,00000	0,00000	0,00000
0,86625	22,00000	0,00000	0,00000	0,86625	23,00000	0,00000	0,00000
0,87862	22,00000	0,00000	0,00000	0,87863	23,00000	0,00000	0,00000
0,89100	22,00000	0,00000	0,00000	0,89100	22,00000	0,00000	0,00000
0,90338	19,00000	0,00000	0,00000	0,90338	19,00000	0,00000	0,00000
0,91575	19,00000	0,00000	0,00000	0,91575	22,00000	0,00000	0,00000
0,92813	22,00000	0,00000	0,00000	0,92813	22,00000	0,00000	0,00000
0,94050	22,00000	0,00000	0,00000	0,94050	22,00000	0,00000	0,00000
0,95288	19,00000	0,00000	0,00000	0,95288	23,00000	0,00000	0,00000
0,96525	19,00000	0,00000	0,00000	0,96525	22,00000	0,00000	0,00000
0,97763	22,00000	0,00000	0,00000	0,97763	20,00000	0,00000	0,00000
0,99000	23,00000	0,00000	0,00000	0,99000	20,00000	0,00000	0,00000
1,00238	23,00000	0,00000	0,00000	1,00238	20,00000	0,00000	0,00000
1,01475	23,00000	0,00000	0,00000	1,01475	22,00000	0,00000	0,00000
1,02713	23,00000	0,00000	0,00000	1,02713	20,00000	0,00000	0,00000
1,03950	23,00000	0,00000	0,00000	1,03950	22,00000	0,00000	0,00000
1,05188	23,00000	0,00000	0,00000	1,05188	22,00000	0,00000	0,00000
1,06425	20,00000	0,00000	0,00000	1,06425	22,00000	0,00000	0,00000
1,07662	20,00000	0,00000	0,00000	1,07663	22,00000	0,00000	0,00000
1,08900	22,00000	0,00000	0,00000	1,08900	20,00000	0,00000	0,00000
1,10137	22,00000	0,00000	0,00000	1,10138	22,00000	0,00000	0,00000
1,11375	22,00000	0,00000	0,00000	1,11375	20,00000	0,00000	0,00000
1,12613	19,00000	0,00000	0,00000	1,12613	20,00000	0,00000	0,00000
1,13850	19,00000	0,00000	0,00000	1,13850	20,00000	0,00000	0,00000
1,15088	22,00000	0,00000	0,00000	1,15088	22,00000	0,00000	0,00000
1,16325	22,00000	0,00000	0,00000	1,16325	22,00000	0,00000	0,00000
1,17563	22,00000	0,00000	0,00000	1,17563	20,00000	0,00000	0,00000
1,18800	20,00000	0,00000	0,00000	1,18800	22,00000	0,00000	0,00000
1,20037	20,00000	0,00000	0,00000	1,20038	20,00000	0,00000	0,00000
1,21275	23,00000	0,00000	0,00000	1,21275	20,00000	0,00000	0,00000
1,22513	23,00000	0,00000	0,00000	1,22513	20,00000	0,00000	0,00000
1,23750	20,00000	0,00000	0,00000	1,23750	19,00000	0,00000	0,00000
1,24988	20,00000	0,00000	0,00000	1,24988	22,00000	0,00000	0,00000
1,26225	20,00000	0,00000	0,00000	1,26225	19,00000	0,00000	0,00000
1,27463	23,00000	0,00000	0,00000	1,27463	22,00000	0,00000	0,00000
1,28700	23,00000	0,00000	0,00000	1,28700	22,00000	0,00000	0,00000
1,29938	23,00000	0,00000	0,00000	1,29938	20,00000	0,00000	0,00000
1,31175	23,00000	0,00000	0,00000	1,31175	22,00000	0,00000	0,00000
1,32412	23,00000	0,00000	0,00000	1,32413	20,00000	0,00000	0,00000
1,33650	20,00000	0,00000	0,00000	1,33650	22,00000	0,00000	0,00000
1,34888	22,00000	0,00000	0,00000	1,34888	20,00000	0,00000	0,00000
1,36125	19,00000	0,00000	0,00000	1,36125	20,00000	0,00000	0,00000
1,37363	22,00000	0,00000	0,00000	1,37363	20,00000	0,00000	0,00000
1,38600	22,00000	0,00000	0,00000	1,38600	22,00000	0,00000	0,00000
1,39838	20,00000	0,00000	0,00000	1,39838	22,00000	0,00000	0,00000
1,41075	20,00000	0,00000	0,00000	1,41075	19,00000	0,00000	0,00000
1,42312	23,00000	0,00000	0,00000	1,42313	20,00000	0,00000	0,00000
1,43550	23,00000	0,00000	0,00000	1,43550	22,00000	0,00000	0,00000
1,44788	20,00000	0,00000	0,00000	1,44788	20,00000	0,00000	0,00000
1,46025	20,00000	0,00000	0,00000	1,46025	22,00000	0,00000	0,00000
1,47263	20,00000	0,00000	0,00000	1,47263	20,00000	0,00000	0,00000
1,48500	20,00000	0,00000	0,00000	1,48500	22,00000	0,00000	0,00000
1,49738	23,00000	0,00000	0,00000	1,49738	20,00000	0,00000	0,00000
1,50975	23,00000	0,00000	0,00000	1,50975	22,00000	0,00000	0,00000
1,52213	20,00000	0,00000	0,00000	1,52213	19,00000	0,00000	0,00000
1,53450	20,00000	0,00000	0,00000	1,53450	20,00000	0,00000	0,00000
1,54688	23,00000	0,00000	0,00000	1,54688	20,00000	0,00000	0,00000
1,55925	23,00000	0,00000	0,00000	1,55925	22,00000	0,00000	0,00000
1,57163	20,00000	0,00000	0,00000	1,57163	20,00000	0,00000	0,00000
1,58400	20,00000	0,00000	0,00000	1,58400	19,00000	0,00000	0,00000
1,59638	22,00000	0,00000	0,00000	1,59638	22,00000	0,00000	0,00000
1,60875	22,00000	0,00000	0,00000	1,60875	20,00000	0,00000	0,00000
1,62113	20,00000	0,00000	0,00000	1,62113	20,00000	0,00000	0,00000
1,63350	20,00000	0,00000	0,00000	1,63350	20,00000	0,00000	0,00000
1,64587	23,00000	0,00000	0,00000	1,64588	22,00000	0,00000	0,00000
1,65825	23,00000	0,00000	0,00000	1,65825	22,00000	0,00000	0,00000
1,67063	20,00000	0,00000	0,00000	1,67063	20,00000	0,00000	0,00000
1,68300	20,00000	0,00000	0,00000	1,68300	23,00000	0,00000	0,00000
1,69538	22,00000	0,00000	0,00000	1,69538	20,00000	0,00000	0,00000
1,70775	22,00000	0,00000	0,00000	1,70775	19,00000	0,00000	0,00000
1,72013	19,00000	0,00000	0,00000	1,72013	22,00000	0,00000	0,00000
1,73250	22,00000	0,00000	0,00000	1,73250	19,00000	0,00000	0,00000
1,74488	23,00000	0,00000	0,00000	1,74488	18,00000	0,00000	0,00000
1,75725	20,00000	0,00000	0,00000	1,75725	19,00000	0,00000	0,00000
1,76963	20,00000	0,00000	0,00000	1,76963	19,00000	0,00000	0,00000
1,78200	22,00000	0,00000	0,00000	1,78200	22,00000	0,00000	0,00000
1,79438	22,00000	0,00000	0,00000	1,79438	20,00000	0,00000	0,00000
1,80675	22,00000	0,00000	0,00000	1,80675	22,00000	0,00000	0,00000
1,81913	22,00000	0,00000	0,00000	1,81913	20,00000	0,00000	0,00000
1,83150	22,00000	0,00000	0,00000	1,83150	22,00000	0,00000	0,00000
1,84388	22,00000	0,00000	0,00000	1,84388	22,00000	0,00000	0,00000
1,85625	22,00000	0,00000	0,00000	1,85625	20,00000	0,00000	0,00000
1,86862	22,00000	0,00000	0,00000	1,86863	22,00000	0,00000	0,00000
1,88100	22,00000	0,00000	0,00000	1,88100	20,00000	0,00000	0,00000
1,89338	19,00000	0,00000	0,00000	1,89338	19,00000	0,00000	0,00000
1,90575	19,00000	0,00000	0,00000	1,90575	20,00000	0,00000	0,00000
1,91813	22,00000	0,00000	0,00000	1,91813	20,00000	0,00000	0,00000
1,93050	23,00000	0,00000	0,00000	1,93050	20,00000	0,00000	0,00000
1,94288	23,00000	0,00000	0,00000	1,94288	20,00000	0,00000	0,00000
1,95525	20,00000	0,00000	0,00000	1,95525	23,00000	0,00000	0,00000
1,96763	19,00000	0,00000	0,00000	1,96763	23,00000	0,00000	0,00000
1,98000	22,00000	0,00000	0,00000	1,98000	20,00000	0,00000	0,00000
1,99238	20,00000	0,00000	0,00000	1,99238	20,00000	0,00000	0,00000
2,00475	23,00000	0,00000	0,00000	2,00475	19,00000	0,00000	0,00000
2,01713	23,00000	0,00000	0,00000	2,01713	20,00000	0,00000	0,00000
2,02950	20,00000	0,00000	0,00000	2,02950	20,00000	0,00000	0,00000
2,04188	20,00000	0,00000	0,00000	2,04188	20,00000	0,00000	0,00000
2,05425	20,00000	0,00000	0,00000	2,05425	22,00000	0,00000	0,00000
2,06663	23,00000	0,00000	0,00000	2,06663	20,00000	0,00000	0,00000
2,07900	20,00000	0,00000	0,00000	2,07900	19,00000	0,00000	0,00000
2,09138	20,00000	0,00000	0,00000	2,09138	20,00000	0,00000	0,00000
2,10375	22,00000	0,00000	0,00000	2,10375	20,00000	0,00000	0,00000
2,11613	22,00000	0,00000	0,00000	2,11613	20,00000	0,00000	0,00000
2,12850	22,00000	0,00000	0,00000	2,12850	23,00000	0,00000	0,00000
2,14088	22,00000	0,00000	0,00000	2,14088	20,00000	0,00000	0,00000
2,15325	19,00000	0,00000	0,00000	2,15325	19,00000	0,00000	0,00000
2,16562	22,00000	0,00000	0,00000	2,16563	23,00000	0,00000	0,00000
2,17800	22,00000	0,00000	0,00000	2,17800	19,00000	0,00000	0,00000
2,19037	22,00000	0,00000	0,00000	2,19038	20,00000	0,00000	0,00000
2,20275	19,00000	0,00000	0,00000	2,20275	22,00000	0,00000	0,00000
2,21513	19,00000	0,00000	0,00000	2,21513	20,00000	0,00000	0,00000
2,22750	22,00000	0,00000	0,00000	2,22750	19,00000	0,00000	0,00000
2,23988	22,00000	0,00000	0,00000	2,23988	20,00000	0,00000	0,00000
2,25225	22,00000	0,00000	0,00000	2,25225	19,00000	0,00000	0,00000
2,26463	22,00000	0,00000	0,00000	2,26463	22,00000	0,00000	0,00000
2,27700	22,00000	0,00000	0,00000	2,27700	22,00000	0,00000	0,00000
2,28938	20,00000	0,00000	0,00000	2,28938	23,00000	0,00000	0,00000
2,30175	20,00000	0,00000	0,00000	2,30175	23,00000	0,00000	0,00000
2,31413	23,00000	0,00000	0,00000	2,31413	22,00000	0,00000	0,00000
2,32650	23,00000	0,00000	0,00000	2,32650	22,00000	0,00000	0,00000
2,33888	20,00000	0,00000	0,00000	2,33888	22,00000	0,00000	0,00000
2,35125	20,00000	0,00000	0,00000	2,35125	22,00000	0,00000	0,00000
2,36363	23,00000	0,00000	0,00000	2,36363	22,00000	0,00000	0,00000
2,37600	23,00000	0,00000	0,00000	2,37600	20,00000	0,00000	0,00000
2,38837	23,00000	0,00000	0,00000	2,38838	20,00000	0,00000	0,00000
2,40075	23,00000	0,00000	0,00000	2,40075	20,00000	0,00000	0,00000
2,41312	23,00000	0,00000	0,00000	2,41313	20,00000	0,00000	0,00000
2,42550	20,00000	0,00000	0,00000	2,42550	20,00000	0,00000	0,00000
2,43788	20,00000	0,00000	0,00000	2,43788	23,00000	0,00000	0,00000
2,45025	22,00000	0,00000	0,00000	2,45025	24,00000	0,00000	0,00000
2,46263	22,00000	0,00000	0,00000	2,46263	27,00000	0,00000	0,00000
2,47500	22,00000	0,00000	0,00000	2,47500	38,00000	0,00000	0,00000
2,48738	22,00000	0,00000	0,00000	2,48738	52,00000	0,00000	0,00000
2,49975	22,00000	0,00000	0,00000	2,49975	73,00000	0,00000	0,00000
2,51213	22,00000	0,00000	0,00000	2,51213	90,00000	0,00000	0,00000
2,52450	22,00000	0,00000	0,00000	2,52450	109,00000	0,00000	0,00000
2,53688	22,00000	0,00000	0,00000	2,53688	112,00000	0,00000	0,00000
2,54925	19,00000	0,00000	0,00000	2,54925	112,00000	0,00000	0,00000
2,56163	19,00000	0,00000	0,00000	2,56163	103,00000	0,00000	0,00000
2,57400	19,00000	0,00000	0,00000	2,57400	83,00000	0,00000	0,00000
2,58638	22,00000	0,00000	0,00000	2,58638	69,00000	0,00000	0,00000
2,59875	22,00000	0,00000	0,00000	2,59875	48,00000	0,00000	0,00000
2,61112	22,00000	0,00000	0,00000	2,61113	37,00000	0,00000	0,00000
2,62350	22,00000	0,00000	0,00000	2,62350	27,00000	0,00000	0,00000
2,63587	20,00000	0,00000	0,00000	2,63588	25,00000	0,00000	0,00000
2,64825	20,00000	0,00000	0,00000	2,64825	22,00000	0,00000	0,00000
2,66063	23,00000	0,00000	0,00000	2,66063	20,00000	0,00000	0,00000
2,67300	20,00000	0,00000	0,00000	2,67300	22,00000	0,00000	0,00000
2,68538	20,00000	0,00000	0,00000	2,68538	20,00000	0,00000	0,00000
2,69775	20,00000	0,00000	0,00000	2,69775	19,00000	0,00000	0,00000
2,71013	20,00000	0,00000	0,00000	2,71013	22,00000	0,00000	0,00000
2,72250	23,00000	0,00000	0,00000	2,72250	22,00000	0,00000	0,00000
2,73488	20,00000	0,00000	0,00000	2,73488	20,00000	0,00000	0,00000
2,74725	20,00000	0,00000	0,00000	2,74725	22,00000	0,00000	0,00000
2,75963	22,00000	0,00000	0,00000	2,75963	20,00000	0,00000	0,00000
2,77200	22,00000	0,00000	0,00000	2,77200	22,00000	0,00000	0,00000
2,78438	22,00000	0,00000	0,00000	2,78438	20,00000	0,00000	0,00000
2,79675	22,00000	0,00000	0,00000	2,79675	22,00000	0,00000	0,00000
2,80913	22,00000	0,00000	0,00000	2,80913	20,00000	0,00000	0,00000
2,82150	22,00000	0,00000	0,00000	2,82150	19,00000	0,00000	0,00000
2,83387	22,00000	0,00000	0,00000	2,83388	22,00000	0,00000	0,00000
2,84625	19,00000	0,00000	0,00000	2,84625	22,00000	0,00000	0,00000
2,85862	19,00000	0,00000	0,00000	2,85863	19,00000	0,00000	0,00000
2,87100	19,00000	0,00000	0,00000	2,87100	20,00000	0,00000	0,00000
2,88338	22,00000	0,00000	0,00000	2,88338	18,00000	0,00000	0,00000
2,89575	22,00000	0,00000	0,00000	2,89575	22,00000	0,00000	0,00000
2,90813	22,00000	0,00000	0,00000	2,90813	20,00000	0,00000	0,00000
2,92050	22,00000	0,00000	0,00000	2,92050	20,00000	0,00000	0,00000
2,93288	22,00000	0,00000	0,00000	2,93288	22,00000	0,00000	0,00000
2,94525	22,00000	0,00000	0,00000	2,94525	23,00000	0,00000	0,00000
2,95763	22,00000	0,00000	0,00000	2,95763	22,00000	0,00000	0,00000
2,97000	22,00000	0,00000	0,00000	2,97000	22,00000	0,00000	0,00000
2,98238	19,00000	0,00000	0,00000	2,98238	19,00000	0,00000	0,00000
2,99475	19,00000	0,00000	0,00000	2,99475	20,00000	0,00000	0,00000
3,00713	22,00000	0,00000	0,00000	3,00713	19,00000	0,00000	0,00000
3,01950	22,00000	0,00000	0,00000	3,01950	22,00000	0,00000	0,00000
3,03188	22,00000	0,00000	0,00000	3,03188	22,00000	0,00000	0,00000
3,04425	18,00000	0,00000	0,00000	3,04425	20,00000	0,00000	0,00000
3,05662	18,00000	0,00000	0,00000	3,05663	22,00000	0,00000	0,00000
3,06900	18,00000	0,00000	0,00000	3,06900	20,00000	0,00000	0,00000
3,08137	20,00000	0,00000	0,00000	3,08138	22,00000	0,00000	0,00000
3,09375	22,00000	0,00000	0,00000	3,09375	20,00000	0,00000	0,00000
3,10613	22,00000	0,00000	0,00000	3,10613	19,00000	0,00000	0,00000
3,11850	20,00000	0,00000	0,00000	3,11850	20,00000	0,00000	0,00000
3,13088	23,00000	0,00000	0,00000	3,13088	18,00000	0,00000	0,00000
3,14325	20,00000	0,00000	0,00000	3,14325	20,00000	0,00000	0,00000
3,15563	20,00000	0,00000	0,00000	3,15563	20,00000	0,00000	0,00000
3,16800	22,00000	0,00000	0,00000	3,16800	22,00000	0,00000	0,00000
3,18038	22,00000	0,00000	0,00000	3,18038	23,00000	0,00000	0,00000
3,19275	22,00000	0,00000	0,00000	3,19275	22,00000	0,00000	0,00000
3,20513	22,00000	0,00000	0,00000	3,20513	19,00000	0,00000	0,00000
3,21750	22,00000	0,00000	0,00000	3,21750	22,00000	0,00000	0,00000
3,22988	22,00000	0,00000	0,00000	3,22988	22,00000	0,00000	0,00000
3,24225	22,00000	0,00000	0,00000	3,24225	19,00000	0,00000	0,00000
3,25463	22,00000	0,00000	0,00000	3,25463	22,00000	0,00000	0,00000
3,26700	22,00000	0,00000	0,00000	3,26700	19,00000	0,00000	0,00000
3,27938	22,00000	0,00000	0,00000	3,27938	22,00000	0,00000	0,00000
3,29175	19,00000	0,00000	0,00000	3,29175	22,00000	0,00000	0,00000
3,30412	19,00000	0,00000	0,00000	3,30413	22,00000	0,00000	0,00000
3,31650	22,00000	0,00000	0,00000	3,31650	22,00000	0,00000	0,00000
3,32888	22,00000	0,00000	0,00000	3,32888	19,00000	0,00000	0,00000
3,34125	18,00000	0,00000	0,00000	3,34125	20,00000	0,00000	0,00000
3,35363	19,00000	0,00000	0,00000	3,35363	19,00000	0,00000	0,00000
3,36600	22,00000	0,00000	0,00000	3,36600	22,00000	0,00000	0,00000
3,37838	22,00000	0,00000	0,00000	3,37838	20,00000	0,00000	0,00000
3,39075	19,00000	0,00000	0,00000	3,39075	20,00000	0,00000	0,00000
3,40313	19,00000	0,00000	0,00000	3,40313	22,00000	0,00000	0,00000
3,41550	20,00000	0,00000	0,00000	3,41550	19,00000	0,00000	0,00000
3,42788	19,00000	0,00000	0,00000	3,42788	22,00000	0,00000	0,00000
3,44025	19,00000	0,00000	0,00000	3,44025	19,00000	0,00000	0,00000
3,45263	22,00000	0,00000	0,00000	3,45263	19,00000	0,00000	0,00000
3,46500	22,00000	0,00000	0,00000	3,46500	19,00000	0,00000	0,00000
3,47738	23,00000	0,00000	0,00000	3,47738	19,00000	0,00000	0,00000
3,48975	22,00000	0,00000	0,00000	3,48975	19,00000	0,00000	0,00000
3,50213	22,00000	0,00000	0,00000	3,50213	19,00000	0,00000	0,00000
3,51450	19,00000	0,00000	0,00000	3,51450	20,00000	0,00000	0,00000
3,52687	19,00000	0,00000	0,00000	3,52688	19,00000	0,00000	0,00000
3,53925	22,00000	0,00000	0,00000	3,53925	20,00000	0,00000	0,00000
3,55163	22,00000	0,00000	0,00000	3,55163	19,00000	0,00000	0,00000
3,56400	19,00000	0,00000	0,00000	3,56400	19,00000	0,00000	0,00000
3,57638	19,00000	0,00000	0,00000	3,57638	20,00000	0,00000	0,00000
3,58875	20,00000	0,00000	0,00000	3,58875	19,00000	0,00000	0,00000
3,60113	19,00000	0,00000	0,00000	3,60113	20,00000	0,00000	0,00000
3,61350	19,00000	0,00000	0,00000	3,61350	19,00000	0,00000	0,00000
3,62588	22,00000	0,00000	0,00000	3,62588	19,00000	0,00000	0,00000
3,63825	22,00000	0,00000	0,00000	3,63825	20,00000	0,00000	0,00000
3,65063	22,00000	0,00000	0,00000	3,65063	18,00000	0,00000	0,00000
3,66300	22,00000	0,00000	0,00000	3,66300	20,00000	0,00000	0,00000
3,67538	22,00000	0,00000	0,00000	3,67538	18,00000	0,00000	0,00000
3,68775	22,00000	0,00000	0,00000	3,68775	22,00000	0,00000	0,00000
3,70013	19,00000	0,00000	0,00000	3,70013	19,00000	0,00000	0,00000
3,71250	19,00000	0,00000	0,00000	3,71250	22,00000	0,00000	0,00000
3,72488	22,00000	0,00000	0,00000	3,72488	22,00000	0,00000	0,00000
3,73725	22,00000	0,00000	0,00000	3,73725	20,00000	0,00000	0,00000
3,74962	22,00000	0,00000	0,00000	3,74963	22,00000	0,00000	0,00000
3,76200	22,00000	0,00000	0,00000	3,76200	19,00000	0,00000	0,00000
3,77438	22,00000	0,00000	0,00000	3,77438	22,00000	0,00000	0,00000
3,78675	22,00000	0,00000	0,00000	3,78675	19,00000	0,00000	0,00000
3,79913	20,00000	0,00000	0,00000	3,79913	19,00000	0,00000	0,00000
3,81150	20,00000	0,00000	0,00000	3,81150	19,00000	0,00000	0,00000
3,82388	23,00000	0,00000	0,00000	3,82388	19,00000	0,00000	0,00000
3,83625	20,00000	0,00000	0,00000	3,83625	18,00000	0,00000	0,00000
3,84863	23,00000	0,00000	0,00000	3,84863	22,00000	0,00000	0,00000
3,86100	23,00000	0,00000	0,00000	3,86100	19,00000	0,00000	0,00000
3,87338	20,00000	0,00000	0,00000	3,87338	18,00000	0,00000	0,00000
3,88575	20,00000	0,00000	0,00000	3,88575	20,00000	0,00000	0,00000
3,89813	20,00000	0,00000	0,00000	3,89813	18,00000	0,00000	0,00000
3,91050	23,00000	0,00000	0,00000	3,91050	22,00000	0,00000	0,00000
3,92288	20,00000	0,00000	0,00000	3,92288	22,00000	0,00000	0,00000
3,93525	20,00000	0,00000	0,00000	3,93525	22,00000	0,00000	0,00000
3,94763	23,00000	0,00000	0,00000	3,94763	20,00000	0,00000	0,00000
3,96000	23,00000	0,00000	0,00000	3,96000	19,00000	0,00000	0,00000
3,97237	20,00000	0,00000	0,00000	3,97238	22,00000	0,00000	0,00000
3,98475	22,00000	0,00000	0,00000	3,98475	19,00000	0,00000	0,00000
3,99713	19,00000	0,00000	0,00000	3,99713	22,00000	0,00000	0,00000
4,00950	19,00000	0,00000	0,00000	4,00950	22,00000	0,00000	0,00000
4,02188	22,00000	0,00000	0,00000	4,02188	19,00000	0,00000	0,00000
4,03425	22,00000	0,00000	0,00000	4,03425	19,00000	0,00000	0,00000
4,04663	22,00000	0,00000	0,00000	4,04663	22,00000	0,00000	0,00000
4,05900	22,00000	0,00000	0,00000	4,05900	19,00000	0,00000	0,00000
4,07138	22,00000	0,00000	0,00000	4,07138	22,00000	0,00000	0,00000
4,08375	22,00000	0,00000	0,00000	4,08375	22,00000	0,00000	0,00000
4,09612	22,00000	0,00000	0,00000	4,09613	19,00000	0,00000	0,00000
4,10850	22,00000	0,00000	0,00000	4,10850	20,00000	0,00000	0,00000
4,12087	22,00000	0,00000	0,00000	4,12088	22,00000	0,00000	0,00000
4,13325	22,00000	0,00000	0,00000	4,13325	20,00000	0,00000	0,00000
4,14562	22,00000	0,00000	0,00000	4,14563	19,00000	0,00000	0,00000
4,15800	20,00000	0,00000	0,00000	4,15800	22,00000	0,00000	0,00000
4,17037	20,00000	0,00000	0,00000	4,17038	22,00000	0,00000	0,00000
4,18275	23,00000	0,00000	0,00000	4,18275	22,00000	0,00000	0,00000
4,19512	22,00000	0,00000	0,00000	4,19513	19,00000	0,00000	0,00000
4,20750	18,00000	0,00000	0,00000	4,20750	20,00000	0,00000	0,00000
4,21988	19,00000	0,00000	0,00000	4,21988	20,00000	0,00000	0,00000
4,23225	22,00000	0,00000	0,00000	4,23225	22,00000	0,00000	0,00000
4,24463	22,00000	0,00000	0,00000	4,24463	20,00000	0,00000	0,00000
4,25700	22,00000	0,00000	0,00000	4,25700	20,00000	0,00000	0,00000
4,26938	22,00000	0,00000	0,00000	4,26938	19,00000	0,00000	0,00000
4,28175	22,00000	0,00000	0,00000	4,28175	22,00000	0,00000	0,00000
4,29413	20,00000	0,00000	0,00000	4,29413	18,00000	0,00000	0,00000
4,30650	20,00000	0,00000	0,00000	4,30650	22,00000	0,00000	0,00000
4,31888	22,00000	0,00000	0,00000	4,31888	22,00000	0,00000	0,00000
4,33125	23,00000	0,00000	0,00000	4,33125	18,00000	0,00000	0,00000
4,34363	30,00000	0,00000	0,00000	4,34363	22,00000	0,00000	0,00000
4,35600	38,00000	0,00000	0,00000	4,35600	19,00000	0,00000	0,00000
4,36838	55,00000	0,00000	0,00000	4,36838	22,00000	0,00000	0,00000
4,38075	72,00000	0,00000	0,00000	4,38075	20,00000	0,00000	0,00000
4,39313	88,00000	0,00000	0,00000	4,39313	22,00000	0,00000	0,00000
4,40550	102,00000	0,00000	0,00000	4,40550	23,00000	0,00000	0,00000
4,41788	110,00000	0,00000	0,00000	4,41788	20,00000	0,00000	0,00000
4,43025	112,00000	0,00000	0,00000	4,43025	20,00000	0,00000	0,00000
4,44263	102,00000	0,00000	0,00000	4,44263	19,00000	0,00000	0,00000
4,45500	88,00000	0,00000	0,00000	4,45500	22,00000	0,00000	0,00000
4,46738	72,00000	0,00000	0,00000	4,46738	19,00000	0,00000	0,00000
4,47975	55,00000	0,00000	0,00000	4,47975	22,00000	0,00000	0,00000
4,49213	41,00000	0,00000	0,00000	4,49213	20,00000	0,00000	0,00000
4,50450	31,00000	0,00000	0,00000	4,50450	20,00000	0,00000	0,00000
4,51688	25,00000	0,00000	0,00000	4,51688	19,00000	0,00000	0,00000
4,52925	23,00000	0,00000	0,00000	4,52925	19,00000	0,00000	0,00000
4,54162	22,00000	0,00000	0,00000	4,54163	19,00000	0,00000	0,00000
4,55400	20,00000	0,00000	0,00000	4,55400	19,00000	0,00000	0,00000
4,56637	20,00000	0,00000	0,00000	4,56638	20,00000	0,00000	0,00000
4,57875	22,00000	0,00000	0,00000	4,57875	22,00000	0,00000	0,00000
4,59112	22,00000	0,00000	0,00000	4,59113	22,00000	0,00000	0,00000
4,60350	22,00000	0,00000	0,00000	4,60350	19,00000	0,00000	0,00000
4,61587	22,00000	0,00000	0,00000	4,61588	22,00000	0,00000	0,00000
4,62825	22,00000	0,00000	0,00000	4,62825	18,00000	0,00000	0,00000
4,64063	22,00000	0,00000	0,00000	4,64063	19,00000	0,00000	0,00000
4,65300	22,00000	0,00000	0,00000	4,65300	20,00000	0,00000	0,00000
4,66538	22,00000	0,00000	0,00000	4,66538	20,00000	0,00000	0,00000
4,67775	22,00000	0,00000	0,00000	4,67775	22,00000	0,00000	0,00000
4,69013	22,00000	0,00000	0,00000	4,69013	19,00000	0,00000	0,00000
4,70250	22,00000	0,00000	0,00000	4,70250	19,00000	0,00000	0,00000
4,71488	22,00000	0,00000	0,00000	4,71488	19,00000	0,00000	0,00000
4,72725	22,00000	0,00000	0,00000	4,72725	19,00000	0,00000	0,00000
4,73963	20,00000	0,00000	0,00000	4,73963	18,00000	0,00000	0,00000
4,75200	20,00000	0,00000	0,00000	4,75200	22,00000	0,00000	0,00000
4,76438	23,00000	0,00000	0,00000	4,76438	19,00000	0,00000	0,00000
4,77675	20,00000	0,00000	0,00000	4,77675	19,00000	0,00000	0,00000
4,78913	20,00000	0,00000	0,00000	4,78913	20,00000	0,00000	0,00000
4,80150	22,00000	0,00000	0,00000	4,80150	19,00000	0,00000	0,00000
4,81388	22,00000	0,00000	0,00000	4,81388	20,00000	0,00000	0,00000
4,82625	22,00000	0,00000	0,00000	4,82625	20,00000	0,00000	0,00000
4,83863	22,00000	0,00000	0,00000	4,83863	19,00000	0,00000	0,00000
4,85100	22,00000	0,00000	0,00000	4,85100	22,00000	0,00000	0,00000
4,86338	22,00000	0,00000	0,00000	4,86338	22,00000	0,00000	0,00000
4,87575	22,00000	0,00000	0,00000	4,87575	22,00000	0,00000	0,00000
4,88813	22,00000	0,00000	0,00000	4,88813	19,00000	0,00000	0,00000
4,90050	22,00000	0,00000	0,00000	4,90050	19,00000	0,00000	0,00000
4,91288	22,00000	0,00000	0,00000	4,91288	20,00000	0,00000	0,00000
4,92525	19,00000	0,00000	0,00000	4,92525	22,00000	0,00000	0,00000
4,93763	19,00000	0,00000	0,00000	4,93763	22,00000	0,00000	0,00000
4,95000	22,00000	0,00000	0,00000	4,95000	22,00000	0,00000	0,00000
4,96238	22,00000	0,00000	0,00000	4,96238	22,00000	0,00000	0,00000
4,97475	20,00000	0,00000	0,00000	4,97475	22,00000	0,00000	0,00000
4,98712	20,00000	0,00000	0,00000	4,98713	22,00000	0,00000	0,00000
4,99950	23,00000	0,00000	0,00000	4,99950	22,00000	0,00000	0,00000
5,01187	23,00000	0,00000	0,00000	5,01188	19,00000	0,00000	0,00000
5,02425	22,00000	0,00000	0,00000	5,02425	20,00000	0,00000	0,00000
5,03662	19,00000	0,00000	0,00000	5,03663	18,00000	0,00000	0,00000
5,04900	19,00000	0,00000	0,00000	5,04900	22,00000	0,00000	0,00000
5,06137	19,00000	0,00000	0,00000	5,06138	22,00000	0,00000	0,00000
5,07375	19,00000	0,00000	0,00000	5,07375	20,00000	0,00000	0,00000
5,08613	22,00000	0,00000	0,00000	5,08613	22,00000	0,00000	0,00000
5,09850	19,00000	0,00000	0,00000	5,09850	19,00000	0,00000	0,00000
5,11088	19,00000	0,00000	0,00000	5,11088	19,00000	0,00000	0,00000
5,12325	20,00000	0,00000	0,00000	5,12325	20,00000	0,00000	0,00000
5,13563	19,00000	0,00000	0,00000	5,13563	19,00000	0,00000	0,00000
5,14800	19,00000	0,00000	0,00000	5,14800	19,00000	0,00000	0,00000
5,16038	22,00000	0,00000	0,00000	5,16038	20,00000	0,00000	0,00000
5,17275	23,00000	0,00000	0,00000	5,17275	19,00000	0,00000	0,00000
5,18513	20,00000	0,00000	0,00000	5,18513	18,00000	0,00000	0,00000
5,19750	22,00000	0,00000	0,00000	5,19750	20,00000	0,00000	0,00000
5,20988	22,00000	0,00000	0,00000	5,20988	19,00000	0,00000	0,00000
5,22225	19,00000	0,00000	0,00000	5,22225	19,00000	0,00000	0,00000
5,23463	19,00000	0,00000	0,00000	5,23463	20,00000	0,00000	0,00000
5,24700	19,00000	0,00000	0,00000	5,24700	20,00000	0,00000	0,00000
5,25938	22,00000	0,00000	0,00000	5,25938	20,00000	0,00000	0,00000
5,27175	22,00000	0,00000	0,00000	5,27175	22,00000	0,00000	0,00000
5,28413	19,00000	0,00000	0,00000	5,28413	18,00000	0,00000	0,00000
5,29650	18,00000	0,00000	0,00000	5,29650	22,00000	0,00000	0,00000
5,30888	19,00000	0,00000	0,00000	5,30888	20,00000	0,00000	0,00000
5,32125	22,00000	0,00000	0,00000	5,32125	22,00000	0,00000	0,00000
5,33363	22,00000	0,00000	0,00000	5,33363	19,00000	0,00000	0,00000
5,34600	22,00000	0,00000	0,00000	5,34600	22,00000	0,00000	0,00000
5,35838	22,00000	0,00000	0,00000	5,35838	19,00000	0,00000	0,00000
5,37075	22,00000	0,00000	0,00000	5,37075	19,00000	0,00000	0,00000
5,38313	22,00000	0,00000	0,00000	5,38313	18,00000	0,00000	0,00000
5,39550	19,00000	0,00000	0,00000	5,39550	19,00000	0,00000	0,00000
5,40788	19,00000	0,00000	0,00000	5,40788	20,00000	0,00000	0,00000
5,42025	22,00000	0,00000	0,00000	5,42025	19,00000	0,00000	0,00000
5,43262	22,00000	0,00000	0,00000	5,43263	20,00000	0,00000	0,00000
5,44500	22,00000	0,00000	0,00000	5,44500	19,00000	0,00000	0,00000
5,45737	19,00000	0,00000	0,00000	5,45738	19,00000	0,00000	0,00000
5,46975	19,00000	0,00000	0,00000	5,46975	22,00000	0,00000	0,00000
5,48212	19,00000	0,00000	0,00000	5,48213	18,00000	0,00000	0,00000
5,49450	19,00000	0,00000	0,00000	5,49450	23,00000	0,00000	0,00000
5,50687	22,00000	0,00000	0,00000	5,50688	18,00000	0,00000	0,00000
5,51925	22,00000	0,00000	0,00000	5,51925	22,00000	0,00000	0,00000
5,53163	22,00000	0,00000	0,00000	5,53163	20,00000	0,00000	0,00000
5,54400	18,00000	0,00000	0,00000	5,54400	20,00000	0,00000	0,00000
5,55638	18,00000	0,00000	0,00000	5,55638	19,00000	0,00000	0,00000
5,56875	20,00000	0,00000	0,00000	5,56875	20,00000	0,00000	0,00000
5,58113	20,00000	0,00000	0,00000	5,58113	22,00000	0,00000	0,00000
5,59350	19,00000	0,00000	0,00000	5,59350	20,00000	0,00000	0,00000
5,60588	19,00000	0,00000	0,00000	5,60588	22,00000	0,00000	0,00000
5,61825	22,00000	0,00000	0,00000	5,61825	20,00000	0,00000	0,00000
5,63063	22,00000	0,00000	0,00000	5,63063	22,00000	0,00000	0,00000
5,64300	19,00000	0,00000	0,00000	5,64300	22,00000	0,00000	0,00000
5,65538	19,00000	0,00000	0,00000	5,65538	19,00000	0,00000	0,00000
5,66775	22,00000	0,00000	0,00000	5,66775	20,00000	0,00000	0,00000
5,68013	22,00000	0,00000	0,00000	5,68013	19,00000	0,00000	0,00000
5,69250	22,00000	0,00000	0,00000	5,69250	19,00000	0,00000	0,00000
5,70488	22,00000	0,00000	0,00000	5,70488	22,00000	0,00000	0,00000
5,71725	19,00000	0,00000	0,00000	5,71725	18,00000	0,00000	0,00000
5,72963	20,00000	0,00000	0,00000	5,72963	19,00000	0,00000	0,00000
5,74200	20,00000	0,00000	0,00000	5,74200	19,00000	0,00000	0,00000
5,75438	18,00000	0,00000	0,00000	5,75438	18,00000	0,00000	0,00000
5,76675	20,00000	0,00000	0,00000	5,76675	22,00000	0,00000	0,00000
5,77913	20,00000	0,00000	0,00000	5,77913	19,00000	0,00000	0,00000
5,79150	22,00000	0,00000	0,00000	5,79150	23,00000	0,00000	0,00000
5,80388	19,00000	0,00000	0,00000	5,80388	22,00000	0,00000	0,00000
5,81625	19,00000	0,00000	0,00000	5,81625	22,00000	0,00000	0,00000
5,82863	20,00000	0,00000	0,00000	5,82863	20,00000	0,00000	0,00000
5,84100	20,00000	0,00000	0,00000	5,84100	20,00000	0,00000	0,00000
5,85338	19,00000	0,00000	0,00000	5,85338	18,00000	0,00000	0,00000
5,86575	19,00000	0,00000	0,00000	5,86575	20,00000	0,00000	0,00000
5,87813	22,00000	0,00000	0,00000	5,87813	20,00000	0,00000	0,00000
5,89050	23,00000	0,00000	0,00000	5,89050	19,00000	0,00000	0,00000
5,90287	23,00000	0,00000	0,00000	5,90288	20,00000	0,00000	0,00000
5,91525	20,00000	0,00000	0,00000	0,00000	19,00000	0,00000	0,00000
5,92762	20,00000	0,00000	0,00000	0,00000	9,00000	0,00000	0,00000
5,94000	22,00000	0,00000	0,00000	0,00000	0,00000	0,00000	0,00000
5,95237	22,00000	0,00000	0,00000	0,00000	0,00000	0,00000	0,00000
5,96475	22,00000	0,00000	0,00000	0,00000	0,00000	0,00000	0,00000
5,97713	22,00000	0,00000	0,00000	0,00000	0,00000	0,00000	0,00000
5,98950	19,00000	0,00000	0,00000	0,00000	0,00000	0,00000	0,00000
6,00188	19,00000	0,00000	0,00000	0,00000	0,00000	0,00000	0,00000
6,01425	20,00000	0,00000	0,00000	0,00000	0,00000	0,00000	0,00000
6,02663	20,00000	0,00000	0,00000	0,00000	0,00000	0,00000	0,00000
6,03900	19,00000	0,00000	0,00000	0,00000	0,00000	0,00000	0,00000
6,05138	19,00000	0,00000	0,00000	0,00000	0,00000	0,00000	0,00000
6,06375	22,00000	0,00000	0,00000	0,00000	0,00000	0,00000	0,00000
6,07613	22,00000	0,00000	0,00000	0,00000	0,00000	0,00000	0,00000
6,08850	22,00000	0,00000	0,00000	0,00000	0,00000	0,00000	0,00000
6,10088	20,00000	0,00000	0,00000	0,00000	0,00000	0,00000	0,00000
6,11325	18,00000	0,00000	0,00000	0,00000	0,00000	0,00000	0,00000
6,12563	18,00000	0,00000	0,00000	0,00000	0,00000	0,00000	0,00000
6,13800	20,00000	0,00000	0,00000	0,00000	0,00000	0,00000	0,00000
6,15038	22,00000	0,00000	0,00000	0,00000	0,00000	0,00000	0,00000
6,16275	22,00000	0,00000	0,00000	0,00000	0,00000	0,00000	0,00000
6,17513	22,00000	0,00000	0,00000	0,00000	0,00000	0,00000	0,00000
6,18750	19,00000	0,00000	0,00000	0,00000	0,00000	0,00000	0,00000
6,19988	18,00000	0,00000	0,00000	0,00000	0,00000	0,00000	0,00000
6,21225	22,00000	0,00000	0,00000	0,00000	0,00000	0,00000	0,00000
6,22463	22,00000	0,00000	0,00000	0,00000	0,00000	0,00000	0,00000
6,23700	23,00000	0,00000	0,00000	0,00000	0,00000	0,00000	0,00000
6,24938	23,00000	0,00000	0,00000	0,00000	0,00000	0,00000	0,00000
6,26175	23,00000	0,00000	0,00000	0,00000	0,00000	0,00000	0,00000
6,27413	20,00000	0,00000	0,00000	0,00000	0,00000	0,00000	0,00000
6,28650	20,00000	0,00000	0,00000	0,00000	0,00000	0,00000	0,00000
6,29888	22,00000	0,00000	0,00000	0,00000	0,00000	0,00000	0,00000
6,31125	22,00000	0,00000	0,00000	0,00000	0,00000	0,00000	0,00000
6,32363	22,00000	0,00000	0,00000	0,00000	0,00000	0,00000	0,00000
6,33600	22,00000	0,00000	0,00000	0,00000	0,00000	0,00000	0,00000
6,34837	22,00000	0,00000	0,00000	0,00000	0,00000	0,00000	0,00000
6,36075	22,00000	0,00000	0,00000	0,00000	0,00000	0,00000	0,00000
6,37312	22,00000	0,00000	0,00000	0,00000	0,00000	0,00000	0,00000
6,38550	22,00000	0,00000	0,00000	0,00000	0,00000	0,00000	0,00000
6,39787	22,00000	0,00000	0,00000	0,00000	0,00000	0,00000	0,00000
6,41025	22,00000	0,00000	0,00000	0,00000	0,00000	0,00000	0,00000
6,42263	22,00000	0,00000	0,00000	0,00000	0,00000	0,00000	0,00000
6,43500	22,00000	0,00000	0,00000	0,00000	0,00000	0,00000	0,00000
6,44738	19,00000	0,00000	0,00000	0,00000	0,00000	0,00000	0,00000
6,45975	20,00000	0,00000	0,00000	0,00000	0,00000	0,00000	0,00000
6,47213	20,00000	0,00000	0,00000	0,00000	0,00000	0,00000	0,00000
6,48450	18,00000	0,00000	0,00000	0,00000	0,00000	0,00000	0,00000
6,49688	18,00000	0,00000	0,00000	0,00000	0,00000	0,00000	0,00000
6,50925	20,00000	0,00000	0,00000	0,00000	0,00000	0,00000	0,00000
6,52163	22,00000	0,00000	0,00000	0,00000	0,00000	0,00000	0,00000
6,53400	18,00000	0,00000	0,00000	0,00000	0,00000	0,00000	0,00000
6,54638	19,00000	0,00000	0,00000	0,00000	0,00000	0,00000	0,00000
6,55875	22,00000	0,00000	0,00000	0,00000	0,00000	0,00000	0,00000
6,57113	22,00000	0,00000	0,00000	0,00000	0,00000	0,00000	0,00000
6,58350	19,00000	0,00000	0,00000	0,00000	0,00000	0,00000	0,00000
6,59588	19,00000	0,00000	0,00000	0,00000	0,00000	0,00000	0,00000
6,60825	22,00000	0,00000	0,00000	0,00000	0,00000	0,00000	0,00000
6,62063	22,00000	0,00000	0,00000	0,00000	0,00000	0,00000	0,00000
6,63300	22,00000	0,00000	0,00000	0,00000	0,00000	0,00000	0,00000
6,64538	22,00000	0,00000	0,00000	0,00000	0,00000	0,00000	0,00000
6,65775	22,00000	0,00000	0,00000	0,00000	0,00000	0,00000	0,00000
6,67013	22,00000	0,00000	0,00000	0,00000	0,00000	0,00000	0,00000
6,68250	22,00000	0,00000	0,00000	0,00000	0,00000	0,00000	0,00000
6,69488	22,00000	0,00000	0,00000	0,00000	0,00000	0,00000	0,00000
6,70725	22,00000	0,00000	0,00000	0,00000	0,00000	0,00000	0,00000
6,71963	22,00000	0,00000	0,00000	0,00000	0,00000	0,00000	0,00000
6,73200	22,00000	0,00000	0,00000	0,00000	0,00000	0,00000	0,00000
6,74438	22,00000	0,00000	0,00000	0,00000	0,00000	0,00000	0,00000
6,75675	19,00000	0,00000	0,00000	0,00000	0,00000	0,00000	0,00000
6,76913	22,00000	0,00000	0,00000	0,00000	0,00000	0,00000	0,00000
6,78150	22,00000	0,00000	0,00000	0,00000	0,00000	0,00000	0,00000
6,79387	22,00000	0,00000	0,00000	0,00000	0,00000	0,00000	0,00000
6,80625	22,00000	0,00000	0,00000	0,00000	0,00000	0,00000	0,00000
6,81862	22,00000	0,00000	0,00000	0,00000	0,00000	0,00000	0,00000
6,83100	19,00000	0,00000	0,00000	0,00000	0,00000	0,00000	0,00000
6,84337	19,00000	0,00000	0,00000	0,00000	0,00000	0,00000	0,00000
6,85575	22,00000	0,00000	0,00000	0,00000	0,00000	0,00000	0,00000
6,86813	19,00000	0,00000	0,00000	0,00000	0,00000	0,00000	0,00000
6,88050	19,00000	0,00000	0,00000	0,00000	0,00000	0,00000	0,00000
6,89288	19,00000	0,00000	0,00000	0,00000	0,00000	0,00000	0,00000
6,90525	22,00000	0,00000	0,00000	0,00000	0,00000	0,00000	0,00000
6,91763	22,00000	0,00000	0,00000	0,00000	0,00000	0,00000	0,00000
6,93000	22,00000	0,00000	0,00000	0,00000	0,00000	0,00000	0,00000
6,94238	22,00000	0,00000	0,00000	0,00000	0,00000	0,00000	0,00000
6,95475	22,00000	0,00000	0,00000	0,00000	0,00000	0,00000	0,00000
6,96713	19,00000	0,00000	0,00000	0,00000	0,00000	0,00000	0,00000
6,97950	19,00000	0,00000	0,00000	0,00000	0,00000	0,00000	0,00000
6,99188	19,00000	0,00000	0,00000	0,00000	0,00000	0,00000	0,00000
7,00425	19,00000	0,00000	0,00000	0,00000	0,00000	0,00000	0,00000
7,01663	22,00000	0,00000	0,00000	0,00000	0,00000	0,00000	0,00000
7,02900	22,00000	0,00000	0,00000	0,00000	0,00000	0,00000	0,00000
7,04138	22,00000	0,00000	0,00000	0,00000	0,00000	0,00000	0,00000
7,05375	22,00000	0,00000	0,00000	0,00000	0,00000	0,00000	0,00000
7,06613	22,00000	0,00000	0,00000	0,00000	0,00000	0,00000	0,00000
7,07850	22,00000	0,00000	0,00000	0,00000	0,00000	0,00000	0,00000
7,09088	22,00000	0,00000	0,00000	0,00000	0,00000	0,00000	0,00000
7,10325	19,00000	0,00000	0,00000	0,00000	0,00000	0,00000	0,00000
7,11563	19,00000	0,00000	0,00000	0,00000	0,00000	0,00000	0,00000
7,12800	20,00000	0,00000	0,00000	0,00000	0,00000	0,00000	0,00000
7,14038	20,00000	0,00000	0,00000	0,00000	0,00000	0,00000	0,00000
7,15275	20,00000	0,00000	0,00000	0,00000	0,00000	0,00000	0,00000
7,16513	20,00000	0,00000	0,00000	0,00000	0,00000	0,00000	0,00000
7,17750	19,00000	0,00000	0,00000	0,00000	0,00000	0,00000	0,00000
7,18988	19,00000	0,00000	0,00000	0,00000	0,00000	0,00000	0,00000
7,20225	22,00000	0,00000	0,00000	0,00000	0,00000	0,00000	0,00000
7,21463	22,00000	0,00000	0,00000	0,00000	0,00000	0,00000	0,00000
7,22700	19,00000	0,00000	0,00000	0,00000	0,00000	0,00000	0,00000
7,23938	19,00000	0,00000	0,00000	0,00000	0,00000	0,00000	0,00000
7,25175	22,00000	0,00000	0,00000	0,00000	0,00000	0,00000	0,00000
7,26412	22,00000	0,00000	0,00000	0,00000	0,00000	0,00000	0,00000
7,27650	22,00000	0,00000	0,00000	0,00000	0,00000	0,00000	0,00000
7,28887	22,00000	0,00000	0,00000	0,00000	0,00000	0,00000	0,00000
7,30125	19,00000	0,00000	0,00000	0,00000	0,00000	0,00000	0,00000
7,31363	19,00000	0,00000	0,00000	0,00000	0,00000	0,00000	0,00000
7,32600	22,00000	0,00000	0,00000	0,00000	0,00000	0,00000	0,00000
7,33838	19,00000	0,00000	0,00000	0,00000	0,00000	0,00000	0,00000
7,35075	19,00000	0,00000	0,00000	0,00000	0,00000	0,00000	0,00000
7,36313	22,00000	0,00000	0,00000	0,00000	0,00000	0,00000	0,00000
7,37550	22,00000	0,00000	0,00000	0,00000	0,00000	0,00000	0,00000
7,38788	19,00000	0,00000	0,00000	0,00000	0,00000	0,00000	0,00000
7,40025	19,00000	0,00000	0,00000	0,00000	0,00000	0,00000	0,00000
7,41263	22,00000	0,00000	0,00000	0,00000	0,00000	0,00000	0,00000
7,42500	22,00000	0,00000	0,00000	0,00000	0,00000	0,00000	0,00000
7,43738	18,00000	0,00000	0,00000	0,00000	0,00000	0,00000	0,00000
7,44975	22,00000	0,00000	0,00000	0,00000	0,00000	0,00000	0,00000
7,46213	22,00000	0,00000	0,00000	0,00000	0,00000	0,00000	0,00000
7,47450	19,00000	0,00000	0,00000	0,00000	0,00000	0,00000	0,00000
7,48688	19,00000	0,00000	0,00000	0,00000	0,00000	0,00000	0,00000
7,49925	19,00000	0,00000	0,00000	0,00000	0,00000	0,00000	0,00000
7,51163	22,00000	0,00000	0,00000	0,00000	0,00000	0,00000	0,00000
7,52400	19,00000	0,00000	0,00000	0,00000	0,00000	0,00000	0,00000
7,53638	19,00000	0,00000	0,00000	0,00000	0,00000	0,00000	0,00000
7,54875	22,00000	0,00000	0,00000	0,00000	0,00000	0,00000	0,00000
7,56113	22,00000	0,00000	0,00000	0,00000	0,00000	0,00000	0,00000
7,57350	19,00000	0,00000	0,00000	0,00000	0,00000	0,00000	0,00000
7,58588	22,00000	0,00000	0,00000	0,00000	0,00000	0,00000	0,00000
7,59825	22,00000	0,00000	0,00000	0,00000	0,00000	0,00000	0,00000
7,61063	22,00000	0,00000	0,00000	0,00000	0,00000	0,00000	0,00000
7,62300	22,00000	0,00000	0,00000	0,00000	0,00000	0,00000	0,00000
7,63538	19,00000	0,00000	0,00000	0,00000	0,00000	0,00000	0,00000
7,64775	19,00000	0,00000	0,00000	0,00000	0,00000	0,00000	0,00000
7,66013	20,00000	0,00000	0,00000	0,00000	0,00000	0,00000	0,00000
7,67250	19,00000	0,00000	0,00000	0,00000	0,00000	0,00000	0,00000
7,68488	19,00000	0,00000	0,00000	0,00000	0,00000	0,00000	0,00000
7,69725	22,00000	0,00000	0,00000	0,00000	0,00000	0,00000	0,00000
7,70962	22,00000	0,00000	0,00000	0,00000	0,00000	0,00000	0,00000
7,72200	22,00000	0,00000	0,00000	0,00000	0,00000	0,00000	0,00000
7,73438	22,00000	0,00000	0,00000	0,00000	0,00000	0,00000	0,00000
7,74675	19,00000	0,00000	0,00000	0,00000	0,00000	0,00000	0,00000
7,75913	19,00000	0,00000	0,00000	0,00000	0,00000	0,00000	0,00000
7,77150	22,00000	0,00000	0,00000	0,00000	0,00000	0,00000	0,00000
7,78388	22,00000	0,00000	0,00000	0,00000	0,00000	0,00000	0,00000
7,79625	20,00000	0,00000	0,00000	0,00000	0,00000	0,00000	0,00000
7,80863	20,00000	0,00000	0,00000	0,00000	0,00000	0,00000	0,00000
7,82100	23,00000	0,00000	0,00000	0,00000	0,00000	0,00000	0,00000
7,83338	20,00000	0,00000	0,00000	0,00000	0,00000	0,00000	0,00000
7,84575	20,00000	0,00000	0,00000	0,00000	0,00000	0,00000	0,00000
7,85813	22,00000	0,00000	0,00000	0,00000	0,00000	0,00000	0,00000
7,87050	24,00000	0,00000	0,00000	0,00000	0,00000	0,00000	0,00000
7,88288	20,00000	0,00000	0,00000	0,00000	0,00000	0,00000	0,00000
0,00000	13,00000	0,00000	0,00000	0,00000	0,00000	0,00000	0,00000
0,00000	9,00000	0,00000	0,00000	0,00000	0,00000	0,00000	0,00000
