GRUPPE3_Greyline19.dat
04.10.2021
15:26:04
GRUPPE3

Gauss coefficients notation:
Amplitude
FWHM
Std.Abw.
[Fehler]
offset
BEAMCUT  LINES:

X H  in mm	Y H rel	Gauss fit H	H Gauss Coefficients	X V in mm	Y V rel	Gauss fit V	V Gauss Coefficientes
0,00000	17,00000	0,00000	0,00000	0,00000	22,00000	0,00000	0,00000
0,01238	17,00000	0,00000	0,00000	0,01238	18,00000	0,00000	0,00000
0,02475	18,00000	0,00000	0,00000	0,02475	22,00000	0,00000	0,00000
0,03713	19,00000	0,00000	0,00000	0,03713	18,00000	0,00000	0,00000
0,04950	17,00000	0,00000	0,00000	0,04950	22,00000	0,00000	0,00000
0,06187	18,00000	0,00000	0,00000	0,06188	19,00000	0,00000	0,00000
0,07425	20,00000	0,00000	0,00000	0,07425	22,00000	0,00000	0,00000
0,08663	20,00000	0,00000	0,00000	0,08663	20,00000	0,00000	0,00000
0,09900	20,00000	0,00000	0,00000	0,09900	19,00000	0,00000	0,00000
0,11138	18,00000	0,00000	0,00000	0,11138	22,00000	0,00000	0,00000
0,12375	18,00000	0,00000	0,00000	0,12375	19,00000	0,00000	0,00000
0,13612	19,00000	0,00000	0,00000	0,13613	20,00000	0,00000	0,00000
0,14850	19,00000	0,00000	0,00000	0,14850	19,00000	0,00000	0,00000
0,16088	19,00000	0,00000	0,00000	0,16088	20,00000	0,00000	0,00000
0,17325	19,00000	0,00000	0,00000	0,17325	19,00000	0,00000	0,00000
0,18563	17,00000	0,00000	0,00000	0,18563	23,00000	0,00000	0,00000
0,19800	17,00000	0,00000	0,00000	0,19800	19,00000	0,00000	0,00000
0,21038	17,00000	0,00000	0,00000	0,21038	22,00000	0,00000	0,00000
0,22275	19,00000	0,00000	0,00000	0,22275	18,00000	0,00000	0,00000
0,23513	19,00000	0,00000	0,00000	0,23513	22,00000	0,00000	0,00000
0,24750	18,00000	0,00000	0,00000	0,24750	19,00000	0,00000	0,00000
0,25988	18,00000	0,00000	0,00000	0,25988	18,00000	0,00000	0,00000
0,27225	20,00000	0,00000	0,00000	0,27225	20,00000	0,00000	0,00000
0,28463	18,00000	0,00000	0,00000	0,28463	22,00000	0,00000	0,00000
0,29700	20,00000	0,00000	0,00000	0,29700	20,00000	0,00000	0,00000
0,30938	18,00000	0,00000	0,00000	0,30938	18,00000	0,00000	0,00000
0,32175	18,00000	0,00000	0,00000	0,32175	20,00000	0,00000	0,00000
0,33413	19,00000	0,00000	0,00000	0,33413	19,00000	0,00000	0,00000
0,34650	19,00000	0,00000	0,00000	0,34650	18,00000	0,00000	0,00000
0,35887	19,00000	0,00000	0,00000	0,35888	22,00000	0,00000	0,00000
0,37125	19,00000	0,00000	0,00000	0,37125	19,00000	0,00000	0,00000
0,38362	18,00000	0,00000	0,00000	0,38363	20,00000	0,00000	0,00000
0,39600	18,00000	0,00000	0,00000	0,39600	19,00000	0,00000	0,00000
0,40838	20,00000	0,00000	0,00000	0,40838	20,00000	0,00000	0,00000
0,42075	20,00000	0,00000	0,00000	0,42075	20,00000	0,00000	0,00000
0,43313	18,00000	0,00000	0,00000	0,43313	20,00000	0,00000	0,00000
0,44550	18,00000	0,00000	0,00000	0,44550	19,00000	0,00000	0,00000
0,45788	18,00000	0,00000	0,00000	0,45788	20,00000	0,00000	0,00000
0,47025	20,00000	0,00000	0,00000	0,47025	22,00000	0,00000	0,00000
0,48263	22,00000	0,00000	0,00000	0,48263	20,00000	0,00000	0,00000
0,49500	22,00000	0,00000	0,00000	0,49500	18,00000	0,00000	0,00000
0,50738	22,00000	0,00000	0,00000	0,50738	22,00000	0,00000	0,00000
0,51975	20,00000	0,00000	0,00000	0,51975	20,00000	0,00000	0,00000
0,53213	17,00000	0,00000	0,00000	0,53213	22,00000	0,00000	0,00000
0,54450	17,00000	0,00000	0,00000	0,54450	18,00000	0,00000	0,00000
0,55688	18,00000	0,00000	0,00000	0,55688	18,00000	0,00000	0,00000
0,56925	20,00000	0,00000	0,00000	0,56925	20,00000	0,00000	0,00000
0,58163	22,00000	0,00000	0,00000	0,58163	18,00000	0,00000	0,00000
0,59400	19,00000	0,00000	0,00000	0,59400	20,00000	0,00000	0,00000
0,60637	20,00000	0,00000	0,00000	0,60638	20,00000	0,00000	0,00000
0,61875	20,00000	0,00000	0,00000	0,61875	17,00000	0,00000	0,00000
0,63113	18,00000	0,00000	0,00000	0,63113	16,00000	0,00000	0,00000
0,64350	18,00000	0,00000	0,00000	0,64350	18,00000	0,00000	0,00000
0,65587	18,00000	0,00000	0,00000	0,65588	19,00000	0,00000	0,00000
0,66825	20,00000	0,00000	0,00000	0,66825	19,00000	0,00000	0,00000
0,68063	18,00000	0,00000	0,00000	0,68063	20,00000	0,00000	0,00000
0,69300	18,00000	0,00000	0,00000	0,69300	20,00000	0,00000	0,00000
0,70538	20,00000	0,00000	0,00000	0,70538	20,00000	0,00000	0,00000
0,71775	20,00000	0,00000	0,00000	0,71775	18,00000	0,00000	0,00000
0,73013	18,00000	0,00000	0,00000	0,73013	20,00000	0,00000	0,00000
0,74250	18,00000	0,00000	0,00000	0,74250	20,00000	0,00000	0,00000
0,75488	20,00000	0,00000	0,00000	0,75488	18,00000	0,00000	0,00000
0,76725	18,00000	0,00000	0,00000	0,76725	19,00000	0,00000	0,00000
0,77963	19,00000	0,00000	0,00000	0,77963	20,00000	0,00000	0,00000
0,79200	19,00000	0,00000	0,00000	0,79200	18,00000	0,00000	0,00000
0,80438	17,00000	0,00000	0,00000	0,80438	19,00000	0,00000	0,00000
0,81675	17,00000	0,00000	0,00000	0,81675	18,00000	0,00000	0,00000
0,82913	17,00000	0,00000	0,00000	0,82913	17,00000	0,00000	0,00000
0,84150	19,00000	0,00000	0,00000	0,84150	18,00000	0,00000	0,00000
0,85388	20,00000	0,00000	0,00000	0,85388	20,00000	0,00000	0,00000
0,86625	20,00000	0,00000	0,00000	0,86625	20,00000	0,00000	0,00000
0,87862	18,00000	0,00000	0,00000	0,87863	18,00000	0,00000	0,00000
0,89100	18,00000	0,00000	0,00000	0,89100	20,00000	0,00000	0,00000
0,90338	18,00000	0,00000	0,00000	0,90338	18,00000	0,00000	0,00000
0,91575	20,00000	0,00000	0,00000	0,91575	19,00000	0,00000	0,00000
0,92813	22,00000	0,00000	0,00000	0,92813	20,00000	0,00000	0,00000
0,94050	18,00000	0,00000	0,00000	0,94050	19,00000	0,00000	0,00000
0,95288	18,00000	0,00000	0,00000	0,95288	22,00000	0,00000	0,00000
0,96525	20,00000	0,00000	0,00000	0,96525	19,00000	0,00000	0,00000
0,97763	19,00000	0,00000	0,00000	0,97763	18,00000	0,00000	0,00000
0,99000	22,00000	0,00000	0,00000	0,99000	20,00000	0,00000	0,00000
1,00238	22,00000	0,00000	0,00000	1,00238	18,00000	0,00000	0,00000
1,01475	20,00000	0,00000	0,00000	1,01475	20,00000	0,00000	0,00000
1,02713	18,00000	0,00000	0,00000	1,02713	18,00000	0,00000	0,00000
1,03950	18,00000	0,00000	0,00000	1,03950	18,00000	0,00000	0,00000
1,05188	19,00000	0,00000	0,00000	1,05188	20,00000	0,00000	0,00000
1,06425	19,00000	0,00000	0,00000	1,06425	18,00000	0,00000	0,00000
1,07662	18,00000	0,00000	0,00000	1,07663	17,00000	0,00000	0,00000
1,08900	18,00000	0,00000	0,00000	1,08900	18,00000	0,00000	0,00000
1,10137	20,00000	0,00000	0,00000	1,10138	17,00000	0,00000	0,00000
1,11375	22,00000	0,00000	0,00000	1,11375	20,00000	0,00000	0,00000
1,12613	22,00000	0,00000	0,00000	1,12613	22,00000	0,00000	0,00000
1,13850	22,00000	0,00000	0,00000	1,13850	22,00000	0,00000	0,00000
1,15088	20,00000	0,00000	0,00000	1,15088	20,00000	0,00000	0,00000
1,16325	18,00000	0,00000	0,00000	1,16325	18,00000	0,00000	0,00000
1,17563	17,00000	0,00000	0,00000	1,17563	19,00000	0,00000	0,00000
1,18800	17,00000	0,00000	0,00000	1,18800	17,00000	0,00000	0,00000
1,20037	19,00000	0,00000	0,00000	1,20038	18,00000	0,00000	0,00000
1,21275	20,00000	0,00000	0,00000	1,21275	18,00000	0,00000	0,00000
1,22513	20,00000	0,00000	0,00000	1,22513	20,00000	0,00000	0,00000
1,23750	18,00000	0,00000	0,00000	1,23750	22,00000	0,00000	0,00000
1,24988	18,00000	0,00000	0,00000	1,24988	19,00000	0,00000	0,00000
1,26225	20,00000	0,00000	0,00000	1,26225	22,00000	0,00000	0,00000
1,27463	18,00000	0,00000	0,00000	1,27463	18,00000	0,00000	0,00000
1,28700	18,00000	0,00000	0,00000	1,28700	19,00000	0,00000	0,00000
1,29938	18,00000	0,00000	0,00000	1,29938	18,00000	0,00000	0,00000
1,31175	20,00000	0,00000	0,00000	1,31175	18,00000	0,00000	0,00000
1,32412	20,00000	0,00000	0,00000	1,32413	19,00000	0,00000	0,00000
1,33650	18,00000	0,00000	0,00000	1,33650	20,00000	0,00000	0,00000
1,34888	18,00000	0,00000	0,00000	1,34888	19,00000	0,00000	0,00000
1,36125	20,00000	0,00000	0,00000	1,36125	20,00000	0,00000	0,00000
1,37363	22,00000	0,00000	0,00000	1,37363	18,00000	0,00000	0,00000
1,38600	22,00000	0,00000	0,00000	1,38600	20,00000	0,00000	0,00000
1,39838	20,00000	0,00000	0,00000	1,39838	20,00000	0,00000	0,00000
1,41075	18,00000	0,00000	0,00000	1,41075	17,00000	0,00000	0,00000
1,42312	18,00000	0,00000	0,00000	1,42313	19,00000	0,00000	0,00000
1,43550	18,00000	0,00000	0,00000	1,43550	19,00000	0,00000	0,00000
1,44788	20,00000	0,00000	0,00000	1,44788	19,00000	0,00000	0,00000
1,46025	20,00000	0,00000	0,00000	1,46025	22,00000	0,00000	0,00000
1,47263	20,00000	0,00000	0,00000	1,47263	22,00000	0,00000	0,00000
1,48500	18,00000	0,00000	0,00000	1,48500	19,00000	0,00000	0,00000
1,49738	18,00000	0,00000	0,00000	1,49738	20,00000	0,00000	0,00000
1,50975	20,00000	0,00000	0,00000	1,50975	18,00000	0,00000	0,00000
1,52213	20,00000	0,00000	0,00000	1,52213	18,00000	0,00000	0,00000
1,53450	18,00000	0,00000	0,00000	1,53450	20,00000	0,00000	0,00000
1,54688	18,00000	0,00000	0,00000	1,54688	19,00000	0,00000	0,00000
1,55925	18,00000	0,00000	0,00000	1,55925	19,00000	0,00000	0,00000
1,57163	20,00000	0,00000	0,00000	1,57163	18,00000	0,00000	0,00000
1,58400	20,00000	0,00000	0,00000	1,58400	20,00000	0,00000	0,00000
1,59638	18,00000	0,00000	0,00000	1,59638	19,00000	0,00000	0,00000
1,60875	18,00000	0,00000	0,00000	1,60875	20,00000	0,00000	0,00000
1,62113	20,00000	0,00000	0,00000	1,62113	20,00000	0,00000	0,00000
1,63350	20,00000	0,00000	0,00000	1,63350	22,00000	0,00000	0,00000
1,64587	20,00000	0,00000	0,00000	1,64588	19,00000	0,00000	0,00000
1,65825	18,00000	0,00000	0,00000	1,65825	19,00000	0,00000	0,00000
1,67063	18,00000	0,00000	0,00000	1,67063	19,00000	0,00000	0,00000
1,68300	18,00000	0,00000	0,00000	1,68300	22,00000	0,00000	0,00000
1,69538	20,00000	0,00000	0,00000	1,69538	22,00000	0,00000	0,00000
1,70775	20,00000	0,00000	0,00000	1,70775	20,00000	0,00000	0,00000
1,72013	22,00000	0,00000	0,00000	1,72013	22,00000	0,00000	0,00000
1,73250	18,00000	0,00000	0,00000	1,73250	23,00000	0,00000	0,00000
1,74488	18,00000	0,00000	0,00000	1,74488	22,00000	0,00000	0,00000
1,75725	20,00000	0,00000	0,00000	1,75725	24,00000	0,00000	0,00000
1,76963	20,00000	0,00000	0,00000	1,76963	24,00000	0,00000	0,00000
1,78200	18,00000	0,00000	0,00000	1,78200	27,00000	0,00000	0,00000
1,79438	18,00000	0,00000	0,00000	1,79438	26,00000	0,00000	0,00000
1,80675	18,00000	0,00000	0,00000	1,80675	31,00000	0,00000	0,00000
1,81913	18,00000	0,00000	0,00000	1,81913	30,00000	0,00000	0,00000
1,83150	20,00000	0,00000	0,00000	1,83150	31,00000	0,00000	0,00000
1,84388	20,00000	0,00000	0,00000	1,84388	32,00000	0,00000	0,00000
1,85625	17,00000	0,00000	0,00000	1,85625	39,00000	0,00000	0,00000
1,86862	17,00000	0,00000	0,00000	1,86863	40,00000	0,00000	0,00000
1,88100	19,00000	0,00000	0,00000	1,88100	45,00000	0,00000	0,00000
1,89338	19,00000	0,00000	0,00000	1,89338	47,00000	0,00000	0,00000
1,90575	18,00000	0,00000	0,00000	1,90575	52,00000	0,00000	0,00000
1,91813	18,00000	0,00000	0,00000	1,91813	58,00000	0,00000	0,00000
1,93050	20,00000	0,00000	0,00000	1,93050	67,00000	0,00000	0,00000
1,94288	22,00000	0,00000	0,00000	1,94288	72,00000	0,00000	0,00000
1,95525	20,00000	0,00000	0,00000	1,95525	76,00000	0,00000	0,00000
1,96763	17,00000	0,00000	0,00000	1,96763	87,00000	0,00000	0,00000
1,98000	18,00000	0,00000	0,00000	1,98000	95,00000	0,00000	0,00000
1,99238	18,00000	0,00000	0,00000	1,99238	107,00000	0,00000	0,00000
2,00475	20,00000	0,00000	0,00000	2,00475	105,00000	0,00000	0,00000
2,01713	22,00000	0,00000	0,00000	2,01713	118,00000	0,00000	0,00000
2,02950	22,00000	0,00000	0,00000	2,02950	117,00000	0,00000	0,00000
2,04188	22,00000	0,00000	0,00000	2,04188	122,00000	0,00000	0,00000
2,05425	22,00000	0,00000	0,00000	2,05425	122,00000	0,00000	0,00000
2,06663	18,00000	0,00000	0,00000	2,06663	123,00000	0,00000	0,00000
2,07900	18,00000	0,00000	0,00000	2,07900	135,00000	0,00000	0,00000
2,09138	19,00000	0,00000	0,00000	2,09138	136,00000	0,00000	0,00000
2,10375	19,00000	0,00000	0,00000	2,10375	142,00000	0,00000	0,00000
2,11613	18,00000	0,00000	0,00000	2,11613	145,00000	0,00000	0,00000
2,12850	18,00000	0,00000	0,00000	2,12850	151,00000	0,00000	0,00000
2,14088	23,00000	0,00000	0,00000	2,14088	154,00000	0,00000	0,00000
2,15325	20,00000	0,00000	0,00000	2,15325	161,00000	0,00000	0,00000
2,16562	17,00000	0,00000	0,00000	2,16563	171,00000	0,00000	0,00000
2,17800	17,00000	0,00000	0,00000	2,17800	169,00000	0,00000	0,00000
2,19037	19,00000	0,00000	0,00000	2,19038	166,00000	0,00000	0,00000
2,20275	20,00000	0,00000	0,00000	2,20275	176,00000	0,00000	0,00000
2,21513	17,00000	0,00000	0,00000	2,21513	166,00000	0,00000	0,00000
2,22750	18,00000	0,00000	0,00000	2,22750	172,00000	0,00000	0,00000
2,23988	20,00000	0,00000	0,00000	2,23988	164,00000	0,00000	0,00000
2,25225	18,00000	0,00000	0,00000	2,25225	150,00000	0,00000	0,00000
2,26463	18,00000	0,00000	0,00000	2,26463	146,00000	0,00000	0,00000
2,27700	20,00000	0,00000	0,00000	2,27700	136,00000	0,00000	0,00000
2,28938	23,00000	0,00000	0,00000	2,28938	137,00000	0,00000	0,00000
2,30175	18,00000	0,00000	0,00000	2,30175	125,00000	0,00000	0,00000
2,31413	17,00000	0,00000	0,00000	2,31413	121,00000	0,00000	0,00000
2,32650	17,00000	0,00000	0,00000	2,32650	117,00000	0,00000	0,00000
2,33888	19,00000	0,00000	0,00000	2,33888	114,00000	0,00000	0,00000
2,35125	19,00000	0,00000	0,00000	2,35125	110,00000	0,00000	0,00000
2,36363	18,00000	0,00000	0,00000	2,36363	107,00000	0,00000	0,00000
2,37600	20,00000	0,00000	0,00000	2,37600	100,00000	0,00000	0,00000
2,38837	19,00000	0,00000	0,00000	2,38838	97,00000	0,00000	0,00000
2,40075	17,00000	0,00000	0,00000	2,40075	89,00000	0,00000	0,00000
2,41312	19,00000	0,00000	0,00000	2,41313	86,00000	0,00000	0,00000
2,42550	20,00000	0,00000	0,00000	2,42550	77,00000	0,00000	0,00000
2,43788	18,00000	0,00000	0,00000	2,43788	71,00000	0,00000	0,00000
2,45025	18,00000	0,00000	0,00000	2,45025	61,00000	0,00000	0,00000
2,46263	19,00000	0,00000	0,00000	2,46263	59,00000	0,00000	0,00000
2,47500	19,00000	0,00000	0,00000	2,47500	53,00000	0,00000	0,00000
2,48738	19,00000	0,00000	0,00000	2,48738	45,00000	0,00000	0,00000
2,49975	18,00000	0,00000	0,00000	2,49975	44,00000	0,00000	0,00000
2,51213	18,00000	0,00000	0,00000	2,51213	38,00000	0,00000	0,00000
2,52450	20,00000	0,00000	0,00000	2,52450	37,00000	0,00000	0,00000
2,53688	20,00000	0,00000	0,00000	2,53688	34,00000	0,00000	0,00000
2,54925	20,00000	0,00000	0,00000	2,54925	33,00000	0,00000	0,00000
2,56163	20,00000	0,00000	0,00000	2,56163	31,00000	0,00000	0,00000
2,57400	20,00000	0,00000	0,00000	2,57400	30,00000	0,00000	0,00000
2,58638	20,00000	0,00000	0,00000	2,58638	30,00000	0,00000	0,00000
2,59875	17,00000	0,00000	0,00000	2,59875	25,00000	0,00000	0,00000
2,61112	16,00000	0,00000	0,00000	2,61113	23,00000	0,00000	0,00000
2,62350	16,00000	0,00000	0,00000	2,62350	24,00000	0,00000	0,00000
2,63587	17,00000	0,00000	0,00000	2,63588	23,00000	0,00000	0,00000
2,64825	19,00000	0,00000	0,00000	2,64825	20,00000	0,00000	0,00000
2,66063	20,00000	0,00000	0,00000	2,66063	19,00000	0,00000	0,00000
2,67300	20,00000	0,00000	0,00000	2,67300	20,00000	0,00000	0,00000
2,68538	20,00000	0,00000	0,00000	2,68538	22,00000	0,00000	0,00000
2,69775	20,00000	0,00000	0,00000	2,69775	22,00000	0,00000	0,00000
2,71013	18,00000	0,00000	0,00000	2,71013	22,00000	0,00000	0,00000
2,72250	20,00000	0,00000	0,00000	2,72250	18,00000	0,00000	0,00000
2,73488	20,00000	0,00000	0,00000	2,73488	18,00000	0,00000	0,00000
2,74725	20,00000	0,00000	0,00000	2,74725	17,00000	0,00000	0,00000
2,75963	18,00000	0,00000	0,00000	2,75963	19,00000	0,00000	0,00000
2,77200	18,00000	0,00000	0,00000	2,77200	17,00000	0,00000	0,00000
2,78438	19,00000	0,00000	0,00000	2,78438	17,00000	0,00000	0,00000
2,79675	18,00000	0,00000	0,00000	2,79675	17,00000	0,00000	0,00000
2,80913	18,00000	0,00000	0,00000	2,80913	17,00000	0,00000	0,00000
2,82150	20,00000	0,00000	0,00000	2,82150	17,00000	0,00000	0,00000
2,83387	22,00000	0,00000	0,00000	2,83388	17,00000	0,00000	0,00000
2,84625	19,00000	0,00000	0,00000	2,84625	19,00000	0,00000	0,00000
2,85862	22,00000	0,00000	0,00000	2,85863	18,00000	0,00000	0,00000
2,87100	22,00000	0,00000	0,00000	2,87100	20,00000	0,00000	0,00000
2,88338	19,00000	0,00000	0,00000	2,88338	19,00000	0,00000	0,00000
2,89575	20,00000	0,00000	0,00000	2,89575	19,00000	0,00000	0,00000
2,90813	18,00000	0,00000	0,00000	2,90813	20,00000	0,00000	0,00000
2,92050	18,00000	0,00000	0,00000	2,92050	19,00000	0,00000	0,00000
2,93288	19,00000	0,00000	0,00000	2,93288	18,00000	0,00000	0,00000
2,94525	19,00000	0,00000	0,00000	2,94525	20,00000	0,00000	0,00000
2,95763	19,00000	0,00000	0,00000	2,95763	18,00000	0,00000	0,00000
2,97000	18,00000	0,00000	0,00000	2,97000	18,00000	0,00000	0,00000
2,98238	18,00000	0,00000	0,00000	2,98238	19,00000	0,00000	0,00000
2,99475	22,00000	0,00000	0,00000	2,99475	18,00000	0,00000	0,00000
3,00713	20,00000	0,00000	0,00000	3,00713	16,00000	0,00000	0,00000
3,01950	18,00000	0,00000	0,00000	3,01950	20,00000	0,00000	0,00000
3,03188	18,00000	0,00000	0,00000	3,03188	17,00000	0,00000	0,00000
3,04425	20,00000	0,00000	0,00000	3,04425	19,00000	0,00000	0,00000
3,05662	22,00000	0,00000	0,00000	3,05663	20,00000	0,00000	0,00000
3,06900	22,00000	0,00000	0,00000	3,06900	20,00000	0,00000	0,00000
3,08137	22,00000	0,00000	0,00000	3,08138	22,00000	0,00000	0,00000
3,09375	22,00000	0,00000	0,00000	3,09375	20,00000	0,00000	0,00000
3,10613	18,00000	0,00000	0,00000	3,10613	19,00000	0,00000	0,00000
3,11850	18,00000	0,00000	0,00000	3,11850	19,00000	0,00000	0,00000
3,13088	18,00000	0,00000	0,00000	3,13088	19,00000	0,00000	0,00000
3,14325	20,00000	0,00000	0,00000	3,14325	19,00000	0,00000	0,00000
3,15563	20,00000	0,00000	0,00000	3,15563	17,00000	0,00000	0,00000
3,16800	18,00000	0,00000	0,00000	3,16800	18,00000	0,00000	0,00000
3,18038	20,00000	0,00000	0,00000	3,18038	19,00000	0,00000	0,00000
3,19275	20,00000	0,00000	0,00000	3,19275	19,00000	0,00000	0,00000
3,20513	17,00000	0,00000	0,00000	3,20513	19,00000	0,00000	0,00000
3,21750	17,00000	0,00000	0,00000	3,21750	18,00000	0,00000	0,00000
3,22988	19,00000	0,00000	0,00000	3,22988	20,00000	0,00000	0,00000
3,24225	20,00000	0,00000	0,00000	3,24225	19,00000	0,00000	0,00000
3,25463	20,00000	0,00000	0,00000	3,25463	19,00000	0,00000	0,00000
3,26700	18,00000	0,00000	0,00000	3,26700	20,00000	0,00000	0,00000
3,27938	18,00000	0,00000	0,00000	3,27938	19,00000	0,00000	0,00000
3,29175	20,00000	0,00000	0,00000	3,29175	18,00000	0,00000	0,00000
3,30412	20,00000	0,00000	0,00000	3,30413	19,00000	0,00000	0,00000
3,31650	20,00000	0,00000	0,00000	3,31650	19,00000	0,00000	0,00000
3,32888	20,00000	0,00000	0,00000	3,32888	19,00000	0,00000	0,00000
3,34125	19,00000	0,00000	0,00000	3,34125	20,00000	0,00000	0,00000
3,35363	19,00000	0,00000	0,00000	3,35363	20,00000	0,00000	0,00000
3,36600	22,00000	0,00000	0,00000	3,36600	20,00000	0,00000	0,00000
3,37838	20,00000	0,00000	0,00000	3,37838	17,00000	0,00000	0,00000
3,39075	18,00000	0,00000	0,00000	3,39075	18,00000	0,00000	0,00000
3,40313	18,00000	0,00000	0,00000	3,40313	18,00000	0,00000	0,00000
3,41550	20,00000	0,00000	0,00000	3,41550	19,00000	0,00000	0,00000
3,42788	22,00000	0,00000	0,00000	3,42788	18,00000	0,00000	0,00000
3,44025	20,00000	0,00000	0,00000	3,44025	18,00000	0,00000	0,00000
3,45263	20,00000	0,00000	0,00000	3,45263	18,00000	0,00000	0,00000
3,46500	18,00000	0,00000	0,00000	3,46500	19,00000	0,00000	0,00000
3,47738	18,00000	0,00000	0,00000	3,47738	19,00000	0,00000	0,00000
3,48975	18,00000	0,00000	0,00000	3,48975	20,00000	0,00000	0,00000
3,50213	18,00000	0,00000	0,00000	3,50213	19,00000	0,00000	0,00000
3,51450	20,00000	0,00000	0,00000	3,51450	19,00000	0,00000	0,00000
3,52687	20,00000	0,00000	0,00000	3,52688	17,00000	0,00000	0,00000
3,53925	19,00000	0,00000	0,00000	3,53925	20,00000	0,00000	0,00000
3,55163	22,00000	0,00000	0,00000	3,55163	18,00000	0,00000	0,00000
3,56400	22,00000	0,00000	0,00000	3,56400	22,00000	0,00000	0,00000
3,57638	22,00000	0,00000	0,00000	3,57638	20,00000	0,00000	0,00000
3,58875	22,00000	0,00000	0,00000	3,58875	18,00000	0,00000	0,00000
3,60113	20,00000	0,00000	0,00000	3,60113	17,00000	0,00000	0,00000
3,61350	17,00000	0,00000	0,00000	3,61350	19,00000	0,00000	0,00000
3,62588	18,00000	0,00000	0,00000	3,62588	17,00000	0,00000	0,00000
3,63825	20,00000	0,00000	0,00000	3,63825	18,00000	0,00000	0,00000
3,65063	18,00000	0,00000	0,00000	3,65063	17,00000	0,00000	0,00000
3,66300	18,00000	0,00000	0,00000	3,66300	17,00000	0,00000	0,00000
3,67538	19,00000	0,00000	0,00000	3,67538	18,00000	0,00000	0,00000
3,68775	19,00000	0,00000	0,00000	3,68775	19,00000	0,00000	0,00000
3,70013	18,00000	0,00000	0,00000	3,70013	16,00000	0,00000	0,00000
3,71250	18,00000	0,00000	0,00000	3,71250	17,00000	0,00000	0,00000
3,72488	20,00000	0,00000	0,00000	3,72488	19,00000	0,00000	0,00000
3,73725	22,00000	0,00000	0,00000	3,73725	19,00000	0,00000	0,00000
3,74962	20,00000	0,00000	0,00000	3,74963	19,00000	0,00000	0,00000
3,76200	18,00000	0,00000	0,00000	3,76200	17,00000	0,00000	0,00000
3,77438	18,00000	0,00000	0,00000	3,77438	18,00000	0,00000	0,00000
3,78675	20,00000	0,00000	0,00000	3,78675	17,00000	0,00000	0,00000
3,79913	20,00000	0,00000	0,00000	3,79913	17,00000	0,00000	0,00000
3,81150	19,00000	0,00000	0,00000	3,81150	19,00000	0,00000	0,00000
3,82388	22,00000	0,00000	0,00000	3,82388	17,00000	0,00000	0,00000
3,83625	19,00000	0,00000	0,00000	3,83625	17,00000	0,00000	0,00000
3,84863	20,00000	0,00000	0,00000	3,84863	18,00000	0,00000	0,00000
3,86100	20,00000	0,00000	0,00000	3,86100	19,00000	0,00000	0,00000
3,87338	18,00000	0,00000	0,00000	3,87338	17,00000	0,00000	0,00000
3,88575	17,00000	0,00000	0,00000	3,88575	19,00000	0,00000	0,00000
3,89813	18,00000	0,00000	0,00000	3,89813	17,00000	0,00000	0,00000
3,91050	22,00000	0,00000	0,00000	3,91050	18,00000	0,00000	0,00000
3,92288	22,00000	0,00000	0,00000	3,92288	20,00000	0,00000	0,00000
3,93525	22,00000	0,00000	0,00000	3,93525	19,00000	0,00000	0,00000
3,94763	22,00000	0,00000	0,00000	3,94763	18,00000	0,00000	0,00000
3,96000	19,00000	0,00000	0,00000	3,96000	17,00000	0,00000	0,00000
3,97237	19,00000	0,00000	0,00000	3,97238	15,00000	0,00000	0,00000
3,98475	22,00000	0,00000	0,00000	3,98475	17,00000	0,00000	0,00000
3,99713	22,00000	0,00000	0,00000	3,99713	20,00000	0,00000	0,00000
4,00950	22,00000	0,00000	0,00000	4,00950	17,00000	0,00000	0,00000
4,02188	22,00000	0,00000	0,00000	4,02188	17,00000	0,00000	0,00000
4,03425	19,00000	0,00000	0,00000	4,03425	16,00000	0,00000	0,00000
4,04663	20,00000	0,00000	0,00000	4,04663	18,00000	0,00000	0,00000
4,05900	18,00000	0,00000	0,00000	4,05900	20,00000	0,00000	0,00000
4,07138	19,00000	0,00000	0,00000	4,07138	20,00000	0,00000	0,00000
4,08375	22,00000	0,00000	0,00000	4,08375	20,00000	0,00000	0,00000
4,09612	22,00000	0,00000	0,00000	4,09613	22,00000	0,00000	0,00000
4,10850	22,00000	0,00000	0,00000	4,10850	19,00000	0,00000	0,00000
4,12087	22,00000	0,00000	0,00000	4,12088	22,00000	0,00000	0,00000
4,13325	22,00000	0,00000	0,00000	4,13325	19,00000	0,00000	0,00000
4,14562	20,00000	0,00000	0,00000	4,14563	18,00000	0,00000	0,00000
4,15800	20,00000	0,00000	0,00000	4,15800	17,00000	0,00000	0,00000
4,17037	23,00000	0,00000	0,00000	4,17038	19,00000	0,00000	0,00000
4,18275	26,00000	0,00000	0,00000	4,18275	18,00000	0,00000	0,00000
4,19512	27,00000	0,00000	0,00000	4,19513	17,00000	0,00000	0,00000
4,20750	26,00000	0,00000	0,00000	4,20750	18,00000	0,00000	0,00000
4,21988	27,00000	0,00000	0,00000	4,21988	17,00000	0,00000	0,00000
4,23225	29,00000	0,00000	0,00000	4,23225	17,00000	0,00000	0,00000
4,24463	32,00000	0,00000	0,00000	4,24463	18,00000	0,00000	0,00000
4,25700	36,00000	0,00000	0,00000	4,25700	17,00000	0,00000	0,00000
4,26938	41,00000	0,00000	0,00000	4,26938	18,00000	0,00000	0,00000
4,28175	45,00000	0,00000	0,00000	4,28175	19,00000	0,00000	0,00000
4,29413	47,00000	0,00000	0,00000	4,29413	19,00000	0,00000	0,00000
4,30650	48,00000	0,00000	0,00000	4,30650	20,00000	0,00000	0,00000
4,31888	48,00000	0,00000	0,00000	4,31888	18,00000	0,00000	0,00000
4,33125	50,00000	0,00000	0,00000	4,33125	18,00000	0,00000	0,00000
4,34363	59,00000	0,00000	0,00000	4,34363	19,00000	0,00000	0,00000
4,35600	62,00000	0,00000	0,00000	4,35600	17,00000	0,00000	0,00000
4,36838	67,00000	0,00000	0,00000	4,36838	19,00000	0,00000	0,00000
4,38075	79,00000	0,00000	0,00000	4,38075	17,00000	0,00000	0,00000
4,39313	91,00000	0,00000	0,00000	4,39313	22,00000	0,00000	0,00000
4,40550	102,00000	0,00000	0,00000	4,40550	20,00000	0,00000	0,00000
4,41788	111,00000	0,00000	0,00000	4,41788	19,00000	0,00000	0,00000
4,43025	119,00000	0,00000	0,00000	4,43025	19,00000	0,00000	0,00000
4,44263	129,00000	0,00000	0,00000	4,44263	19,00000	0,00000	0,00000
4,45500	132,00000	0,00000	0,00000	4,45500	16,00000	0,00000	0,00000
4,46738	136,00000	0,00000	0,00000	4,46738	20,00000	0,00000	0,00000
4,47975	138,00000	0,00000	0,00000	4,47975	16,00000	0,00000	0,00000
4,49213	148,00000	0,00000	0,00000	4,49213	17,00000	0,00000	0,00000
4,50450	158,00000	0,00000	0,00000	4,50450	18,00000	0,00000	0,00000
4,51688	161,00000	0,00000	0,00000	4,51688	19,00000	0,00000	0,00000
4,52925	161,00000	0,00000	0,00000	4,52925	18,00000	0,00000	0,00000
4,54162	161,00000	0,00000	0,00000	4,54163	17,00000	0,00000	0,00000
4,55400	165,00000	0,00000	0,00000	4,55400	17,00000	0,00000	0,00000
4,56637	166,00000	0,00000	0,00000	4,56638	16,00000	0,00000	0,00000
4,57875	165,00000	0,00000	0,00000	4,57875	18,00000	0,00000	0,00000
4,59112	169,00000	0,00000	0,00000	4,59113	17,00000	0,00000	0,00000
4,60350	169,00000	0,00000	0,00000	4,60350	17,00000	0,00000	0,00000
4,61587	158,00000	0,00000	0,00000	4,61588	17,00000	0,00000	0,00000
4,62825	152,00000	0,00000	0,00000	4,62825	17,00000	0,00000	0,00000
4,64063	147,00000	0,00000	0,00000	4,64063	17,00000	0,00000	0,00000
4,65300	147,00000	0,00000	0,00000	4,65300	18,00000	0,00000	0,00000
4,66538	142,00000	0,00000	0,00000	4,66538	18,00000	0,00000	0,00000
4,67775	132,00000	0,00000	0,00000	4,67775	19,00000	0,00000	0,00000
4,69013	123,00000	0,00000	0,00000	4,69013	17,00000	0,00000	0,00000
4,70250	118,00000	0,00000	0,00000	4,70250	20,00000	0,00000	0,00000
4,71488	111,00000	0,00000	0,00000	4,71488	18,00000	0,00000	0,00000
4,72725	105,00000	0,00000	0,00000	4,72725	18,00000	0,00000	0,00000
4,73963	96,00000	0,00000	0,00000	4,73963	18,00000	0,00000	0,00000
4,75200	90,00000	0,00000	0,00000	4,75200	19,00000	0,00000	0,00000
4,76438	84,00000	0,00000	0,00000	4,76438	18,00000	0,00000	0,00000
4,77675	79,00000	0,00000	0,00000	4,77675	20,00000	0,00000	0,00000
4,78913	76,00000	0,00000	0,00000	4,78913	17,00000	0,00000	0,00000
4,80150	72,00000	0,00000	0,00000	4,80150	19,00000	0,00000	0,00000
4,81388	66,00000	0,00000	0,00000	4,81388	17,00000	0,00000	0,00000
4,82625	59,00000	0,00000	0,00000	4,82625	20,00000	0,00000	0,00000
4,83863	54,00000	0,00000	0,00000	4,83863	19,00000	0,00000	0,00000
4,85100	50,00000	0,00000	0,00000	4,85100	20,00000	0,00000	0,00000
4,86338	48,00000	0,00000	0,00000	4,86338	19,00000	0,00000	0,00000
4,87575	44,00000	0,00000	0,00000	4,87575	17,00000	0,00000	0,00000
4,88813	43,00000	0,00000	0,00000	4,88813	17,00000	0,00000	0,00000
4,90050	38,00000	0,00000	0,00000	4,90050	16,00000	0,00000	0,00000
4,91288	37,00000	0,00000	0,00000	4,91288	17,00000	0,00000	0,00000
4,92525	34,00000	0,00000	0,00000	4,92525	18,00000	0,00000	0,00000
4,93763	29,00000	0,00000	0,00000	4,93763	19,00000	0,00000	0,00000
4,95000	26,00000	0,00000	0,00000	4,95000	18,00000	0,00000	0,00000
4,96238	23,00000	0,00000	0,00000	4,96238	17,00000	0,00000	0,00000
4,97475	22,00000	0,00000	0,00000	4,97475	18,00000	0,00000	0,00000
4,98712	20,00000	0,00000	0,00000	4,98713	20,00000	0,00000	0,00000
4,99950	20,00000	0,00000	0,00000	4,99950	18,00000	0,00000	0,00000
5,01187	23,00000	0,00000	0,00000	5,01188	17,00000	0,00000	0,00000
5,02425	23,00000	0,00000	0,00000	5,02425	17,00000	0,00000	0,00000
5,03662	20,00000	0,00000	0,00000	5,03663	18,00000	0,00000	0,00000
5,04900	20,00000	0,00000	0,00000	5,04900	17,00000	0,00000	0,00000
5,06137	22,00000	0,00000	0,00000	5,06138	19,00000	0,00000	0,00000
5,07375	22,00000	0,00000	0,00000	5,07375	19,00000	0,00000	0,00000
5,08613	18,00000	0,00000	0,00000	5,08613	17,00000	0,00000	0,00000
5,09850	18,00000	0,00000	0,00000	5,09850	20,00000	0,00000	0,00000
5,11088	22,00000	0,00000	0,00000	5,11088	17,00000	0,00000	0,00000
5,12325	20,00000	0,00000	0,00000	5,12325	19,00000	0,00000	0,00000
5,13563	18,00000	0,00000	0,00000	5,13563	17,00000	0,00000	0,00000
5,14800	18,00000	0,00000	0,00000	5,14800	19,00000	0,00000	0,00000
5,16038	20,00000	0,00000	0,00000	5,16038	17,00000	0,00000	0,00000
5,17275	20,00000	0,00000	0,00000	5,17275	20,00000	0,00000	0,00000
5,18513	20,00000	0,00000	0,00000	5,18513	18,00000	0,00000	0,00000
5,19750	18,00000	0,00000	0,00000	5,19750	17,00000	0,00000	0,00000
5,20988	18,00000	0,00000	0,00000	5,20988	18,00000	0,00000	0,00000
5,22225	18,00000	0,00000	0,00000	5,22225	19,00000	0,00000	0,00000
5,23463	18,00000	0,00000	0,00000	5,23463	17,00000	0,00000	0,00000
5,24700	22,00000	0,00000	0,00000	5,24700	19,00000	0,00000	0,00000
5,25938	22,00000	0,00000	0,00000	5,25938	17,00000	0,00000	0,00000
5,27175	19,00000	0,00000	0,00000	5,27175	17,00000	0,00000	0,00000
5,28413	19,00000	0,00000	0,00000	5,28413	19,00000	0,00000	0,00000
5,29650	22,00000	0,00000	0,00000	5,29650	17,00000	0,00000	0,00000
5,30888	22,00000	0,00000	0,00000	5,30888	19,00000	0,00000	0,00000
5,32125	22,00000	0,00000	0,00000	5,32125	16,00000	0,00000	0,00000
5,33363	19,00000	0,00000	0,00000	5,33363	18,00000	0,00000	0,00000
5,34600	19,00000	0,00000	0,00000	5,34600	17,00000	0,00000	0,00000
5,35838	19,00000	0,00000	0,00000	5,35838	16,00000	0,00000	0,00000
5,37075	19,00000	0,00000	0,00000	5,37075	19,00000	0,00000	0,00000
5,38313	22,00000	0,00000	0,00000	5,38313	19,00000	0,00000	0,00000
5,39550	22,00000	0,00000	0,00000	5,39550	18,00000	0,00000	0,00000
5,40788	22,00000	0,00000	0,00000	5,40788	20,00000	0,00000	0,00000
5,42025	22,00000	0,00000	0,00000	5,42025	19,00000	0,00000	0,00000
5,43262	19,00000	0,00000	0,00000	5,43263	19,00000	0,00000	0,00000
5,44500	20,00000	0,00000	0,00000	5,44500	17,00000	0,00000	0,00000
5,45737	19,00000	0,00000	0,00000	5,45738	17,00000	0,00000	0,00000
5,46975	17,00000	0,00000	0,00000	5,46975	17,00000	0,00000	0,00000
5,48212	17,00000	0,00000	0,00000	5,48213	16,00000	0,00000	0,00000
5,49450	20,00000	0,00000	0,00000	5,49450	17,00000	0,00000	0,00000
5,50687	22,00000	0,00000	0,00000	5,50688	16,00000	0,00000	0,00000
5,51925	22,00000	0,00000	0,00000	5,51925	17,00000	0,00000	0,00000
5,53163	22,00000	0,00000	0,00000	5,53163	19,00000	0,00000	0,00000
5,54400	18,00000	0,00000	0,00000	5,54400	18,00000	0,00000	0,00000
5,55638	19,00000	0,00000	0,00000	5,55638	16,00000	0,00000	0,00000
5,56875	22,00000	0,00000	0,00000	5,56875	19,00000	0,00000	0,00000
5,58113	22,00000	0,00000	0,00000	5,58113	20,00000	0,00000	0,00000
5,59350	22,00000	0,00000	0,00000	5,59350	19,00000	0,00000	0,00000
5,60588	22,00000	0,00000	0,00000	5,60588	19,00000	0,00000	0,00000
5,61825	22,00000	0,00000	0,00000	5,61825	17,00000	0,00000	0,00000
5,63063	22,00000	0,00000	0,00000	5,63063	17,00000	0,00000	0,00000
5,64300	19,00000	0,00000	0,00000	5,64300	19,00000	0,00000	0,00000
5,65538	20,00000	0,00000	0,00000	5,65538	19,00000	0,00000	0,00000
5,66775	18,00000	0,00000	0,00000	5,66775	19,00000	0,00000	0,00000
5,68013	18,00000	0,00000	0,00000	5,68013	17,00000	0,00000	0,00000
5,69250	20,00000	0,00000	0,00000	5,69250	20,00000	0,00000	0,00000
5,70488	22,00000	0,00000	0,00000	5,70488	18,00000	0,00000	0,00000
5,71725	22,00000	0,00000	0,00000	5,71725	20,00000	0,00000	0,00000
5,72963	19,00000	0,00000	0,00000	5,72963	17,00000	0,00000	0,00000
5,74200	20,00000	0,00000	0,00000	5,74200	19,00000	0,00000	0,00000
5,75438	19,00000	0,00000	0,00000	5,75438	17,00000	0,00000	0,00000
5,76675	17,00000	0,00000	0,00000	5,76675	16,00000	0,00000	0,00000
5,77913	17,00000	0,00000	0,00000	5,77913	19,00000	0,00000	0,00000
5,79150	19,00000	0,00000	0,00000	5,79150	16,00000	0,00000	0,00000
5,80388	18,00000	0,00000	0,00000	5,80388	18,00000	0,00000	0,00000
5,81625	20,00000	0,00000	0,00000	5,81625	17,00000	0,00000	0,00000
5,82863	22,00000	0,00000	0,00000	5,82863	17,00000	0,00000	0,00000
5,84100	20,00000	0,00000	0,00000	5,84100	17,00000	0,00000	0,00000
5,85338	18,00000	0,00000	0,00000	5,85338	19,00000	0,00000	0,00000
5,86575	18,00000	0,00000	0,00000	5,86575	19,00000	0,00000	0,00000
5,87813	20,00000	0,00000	0,00000	5,87813	17,00000	0,00000	0,00000
5,89050	20,00000	0,00000	0,00000	5,89050	17,00000	0,00000	0,00000
5,90287	18,00000	0,00000	0,00000	5,90288	17,00000	0,00000	0,00000
5,91525	18,00000	0,00000	0,00000	0,00000	18,00000	0,00000	0,00000
5,92762	20,00000	0,00000	0,00000	0,00000	9,00000	0,00000	0,00000
5,94000	22,00000	0,00000	0,00000	0,00000	0,00000	0,00000	0,00000
5,95237	20,00000	0,00000	0,00000	0,00000	0,00000	0,00000	0,00000
5,96475	17,00000	0,00000	0,00000	0,00000	0,00000	0,00000	0,00000
5,97713	17,00000	0,00000	0,00000	0,00000	0,00000	0,00000	0,00000
5,98950	19,00000	0,00000	0,00000	0,00000	0,00000	0,00000	0,00000
6,00188	19,00000	0,00000	0,00000	0,00000	0,00000	0,00000	0,00000
6,01425	17,00000	0,00000	0,00000	0,00000	0,00000	0,00000	0,00000
6,02663	17,00000	0,00000	0,00000	0,00000	0,00000	0,00000	0,00000
6,03900	17,00000	0,00000	0,00000	0,00000	0,00000	0,00000	0,00000
6,05138	19,00000	0,00000	0,00000	0,00000	0,00000	0,00000	0,00000
6,06375	19,00000	0,00000	0,00000	0,00000	0,00000	0,00000	0,00000
6,07613	19,00000	0,00000	0,00000	0,00000	0,00000	0,00000	0,00000
6,08850	17,00000	0,00000	0,00000	0,00000	0,00000	0,00000	0,00000
6,10088	18,00000	0,00000	0,00000	0,00000	0,00000	0,00000	0,00000
6,11325	20,00000	0,00000	0,00000	0,00000	0,00000	0,00000	0,00000
6,12563	19,00000	0,00000	0,00000	0,00000	0,00000	0,00000	0,00000
6,13800	22,00000	0,00000	0,00000	0,00000	0,00000	0,00000	0,00000
6,15038	22,00000	0,00000	0,00000	0,00000	0,00000	0,00000	0,00000
6,16275	22,00000	0,00000	0,00000	0,00000	0,00000	0,00000	0,00000
6,17513	22,00000	0,00000	0,00000	0,00000	0,00000	0,00000	0,00000
6,18750	22,00000	0,00000	0,00000	0,00000	0,00000	0,00000	0,00000
6,19988	22,00000	0,00000	0,00000	0,00000	0,00000	0,00000	0,00000
6,21225	22,00000	0,00000	0,00000	0,00000	0,00000	0,00000	0,00000
6,22463	19,00000	0,00000	0,00000	0,00000	0,00000	0,00000	0,00000
6,23700	19,00000	0,00000	0,00000	0,00000	0,00000	0,00000	0,00000
6,24938	19,00000	0,00000	0,00000	0,00000	0,00000	0,00000	0,00000
6,26175	22,00000	0,00000	0,00000	0,00000	0,00000	0,00000	0,00000
6,27413	22,00000	0,00000	0,00000	0,00000	0,00000	0,00000	0,00000
6,28650	18,00000	0,00000	0,00000	0,00000	0,00000	0,00000	0,00000
6,29888	18,00000	0,00000	0,00000	0,00000	0,00000	0,00000	0,00000
6,31125	18,00000	0,00000	0,00000	0,00000	0,00000	0,00000	0,00000
6,32363	22,00000	0,00000	0,00000	0,00000	0,00000	0,00000	0,00000
6,33600	22,00000	0,00000	0,00000	0,00000	0,00000	0,00000	0,00000
6,34837	19,00000	0,00000	0,00000	0,00000	0,00000	0,00000	0,00000
6,36075	20,00000	0,00000	0,00000	0,00000	0,00000	0,00000	0,00000
6,37312	18,00000	0,00000	0,00000	0,00000	0,00000	0,00000	0,00000
6,38550	18,00000	0,00000	0,00000	0,00000	0,00000	0,00000	0,00000
6,39787	22,00000	0,00000	0,00000	0,00000	0,00000	0,00000	0,00000
6,41025	20,00000	0,00000	0,00000	0,00000	0,00000	0,00000	0,00000
6,42263	18,00000	0,00000	0,00000	0,00000	0,00000	0,00000	0,00000
6,43500	17,00000	0,00000	0,00000	0,00000	0,00000	0,00000	0,00000
6,44738	17,00000	0,00000	0,00000	0,00000	0,00000	0,00000	0,00000
6,45975	20,00000	0,00000	0,00000	0,00000	0,00000	0,00000	0,00000
6,47213	22,00000	0,00000	0,00000	0,00000	0,00000	0,00000	0,00000
6,48450	20,00000	0,00000	0,00000	0,00000	0,00000	0,00000	0,00000
6,49688	18,00000	0,00000	0,00000	0,00000	0,00000	0,00000	0,00000
6,50925	18,00000	0,00000	0,00000	0,00000	0,00000	0,00000	0,00000
6,52163	20,00000	0,00000	0,00000	0,00000	0,00000	0,00000	0,00000
6,53400	18,00000	0,00000	0,00000	0,00000	0,00000	0,00000	0,00000
6,54638	19,00000	0,00000	0,00000	0,00000	0,00000	0,00000	0,00000
6,55875	22,00000	0,00000	0,00000	0,00000	0,00000	0,00000	0,00000
6,57113	22,00000	0,00000	0,00000	0,00000	0,00000	0,00000	0,00000
6,58350	18,00000	0,00000	0,00000	0,00000	0,00000	0,00000	0,00000
6,59588	20,00000	0,00000	0,00000	0,00000	0,00000	0,00000	0,00000
6,60825	20,00000	0,00000	0,00000	0,00000	0,00000	0,00000	0,00000
6,62063	20,00000	0,00000	0,00000	0,00000	0,00000	0,00000	0,00000
6,63300	20,00000	0,00000	0,00000	0,00000	0,00000	0,00000	0,00000
6,64538	19,00000	0,00000	0,00000	0,00000	0,00000	0,00000	0,00000
6,65775	17,00000	0,00000	0,00000	0,00000	0,00000	0,00000	0,00000
6,67013	17,00000	0,00000	0,00000	0,00000	0,00000	0,00000	0,00000
6,68250	20,00000	0,00000	0,00000	0,00000	0,00000	0,00000	0,00000
6,69488	22,00000	0,00000	0,00000	0,00000	0,00000	0,00000	0,00000
6,70725	19,00000	0,00000	0,00000	0,00000	0,00000	0,00000	0,00000
6,71963	22,00000	0,00000	0,00000	0,00000	0,00000	0,00000	0,00000
6,73200	22,00000	0,00000	0,00000	0,00000	0,00000	0,00000	0,00000
6,74438	22,00000	0,00000	0,00000	0,00000	0,00000	0,00000	0,00000
6,75675	22,00000	0,00000	0,00000	0,00000	0,00000	0,00000	0,00000
6,76913	22,00000	0,00000	0,00000	0,00000	0,00000	0,00000	0,00000
6,78150	22,00000	0,00000	0,00000	0,00000	0,00000	0,00000	0,00000
6,79387	18,00000	0,00000	0,00000	0,00000	0,00000	0,00000	0,00000
6,80625	18,00000	0,00000	0,00000	0,00000	0,00000	0,00000	0,00000
6,81862	20,00000	0,00000	0,00000	0,00000	0,00000	0,00000	0,00000
6,83100	22,00000	0,00000	0,00000	0,00000	0,00000	0,00000	0,00000
6,84337	22,00000	0,00000	0,00000	0,00000	0,00000	0,00000	0,00000
6,85575	22,00000	0,00000	0,00000	0,00000	0,00000	0,00000	0,00000
6,86813	22,00000	0,00000	0,00000	0,00000	0,00000	0,00000	0,00000
6,88050	22,00000	0,00000	0,00000	0,00000	0,00000	0,00000	0,00000
6,89288	19,00000	0,00000	0,00000	0,00000	0,00000	0,00000	0,00000
6,90525	19,00000	0,00000	0,00000	0,00000	0,00000	0,00000	0,00000
6,91763	20,00000	0,00000	0,00000	0,00000	0,00000	0,00000	0,00000
6,93000	19,00000	0,00000	0,00000	0,00000	0,00000	0,00000	0,00000
6,94238	19,00000	0,00000	0,00000	0,00000	0,00000	0,00000	0,00000
6,95475	22,00000	0,00000	0,00000	0,00000	0,00000	0,00000	0,00000
6,96713	23,00000	0,00000	0,00000	0,00000	0,00000	0,00000	0,00000
6,97950	22,00000	0,00000	0,00000	0,00000	0,00000	0,00000	0,00000
6,99188	19,00000	0,00000	0,00000	0,00000	0,00000	0,00000	0,00000
7,00425	18,00000	0,00000	0,00000	0,00000	0,00000	0,00000	0,00000
7,01663	18,00000	0,00000	0,00000	0,00000	0,00000	0,00000	0,00000
7,02900	19,00000	0,00000	0,00000	0,00000	0,00000	0,00000	0,00000
7,04138	19,00000	0,00000	0,00000	0,00000	0,00000	0,00000	0,00000
7,05375	19,00000	0,00000	0,00000	0,00000	0,00000	0,00000	0,00000
7,06613	18,00000	0,00000	0,00000	0,00000	0,00000	0,00000	0,00000
7,07850	18,00000	0,00000	0,00000	0,00000	0,00000	0,00000	0,00000
7,09088	20,00000	0,00000	0,00000	0,00000	0,00000	0,00000	0,00000
7,10325	22,00000	0,00000	0,00000	0,00000	0,00000	0,00000	0,00000
7,11563	19,00000	0,00000	0,00000	0,00000	0,00000	0,00000	0,00000
7,12800	18,00000	0,00000	0,00000	0,00000	0,00000	0,00000	0,00000
7,14038	22,00000	0,00000	0,00000	0,00000	0,00000	0,00000	0,00000
7,15275	22,00000	0,00000	0,00000	0,00000	0,00000	0,00000	0,00000
7,16513	22,00000	0,00000	0,00000	0,00000	0,00000	0,00000	0,00000
7,17750	19,00000	0,00000	0,00000	0,00000	0,00000	0,00000	0,00000
7,18988	19,00000	0,00000	0,00000	0,00000	0,00000	0,00000	0,00000
7,20225	19,00000	0,00000	0,00000	0,00000	0,00000	0,00000	0,00000
7,21463	19,00000	0,00000	0,00000	0,00000	0,00000	0,00000	0,00000
7,22700	22,00000	0,00000	0,00000	0,00000	0,00000	0,00000	0,00000
7,23938	22,00000	0,00000	0,00000	0,00000	0,00000	0,00000	0,00000
7,25175	22,00000	0,00000	0,00000	0,00000	0,00000	0,00000	0,00000
7,26412	22,00000	0,00000	0,00000	0,00000	0,00000	0,00000	0,00000
7,27650	22,00000	0,00000	0,00000	0,00000	0,00000	0,00000	0,00000
7,28887	18,00000	0,00000	0,00000	0,00000	0,00000	0,00000	0,00000
7,30125	17,00000	0,00000	0,00000	0,00000	0,00000	0,00000	0,00000
7,31363	18,00000	0,00000	0,00000	0,00000	0,00000	0,00000	0,00000
7,32600	22,00000	0,00000	0,00000	0,00000	0,00000	0,00000	0,00000
7,33838	19,00000	0,00000	0,00000	0,00000	0,00000	0,00000	0,00000
7,35075	19,00000	0,00000	0,00000	0,00000	0,00000	0,00000	0,00000
7,36313	22,00000	0,00000	0,00000	0,00000	0,00000	0,00000	0,00000
7,37550	22,00000	0,00000	0,00000	0,00000	0,00000	0,00000	0,00000
7,38788	19,00000	0,00000	0,00000	0,00000	0,00000	0,00000	0,00000
7,40025	19,00000	0,00000	0,00000	0,00000	0,00000	0,00000	0,00000
7,41263	19,00000	0,00000	0,00000	0,00000	0,00000	0,00000	0,00000
7,42500	22,00000	0,00000	0,00000	0,00000	0,00000	0,00000	0,00000
7,43738	22,00000	0,00000	0,00000	0,00000	0,00000	0,00000	0,00000
7,44975	19,00000	0,00000	0,00000	0,00000	0,00000	0,00000	0,00000
7,46213	19,00000	0,00000	0,00000	0,00000	0,00000	0,00000	0,00000
7,47450	20,00000	0,00000	0,00000	0,00000	0,00000	0,00000	0,00000
7,48688	20,00000	0,00000	0,00000	0,00000	0,00000	0,00000	0,00000
7,49925	20,00000	0,00000	0,00000	0,00000	0,00000	0,00000	0,00000
7,51163	20,00000	0,00000	0,00000	0,00000	0,00000	0,00000	0,00000
7,52400	18,00000	0,00000	0,00000	0,00000	0,00000	0,00000	0,00000
7,53638	18,00000	0,00000	0,00000	0,00000	0,00000	0,00000	0,00000
7,54875	19,00000	0,00000	0,00000	0,00000	0,00000	0,00000	0,00000
7,56113	19,00000	0,00000	0,00000	0,00000	0,00000	0,00000	0,00000
7,57350	18,00000	0,00000	0,00000	0,00000	0,00000	0,00000	0,00000
7,58588	18,00000	0,00000	0,00000	0,00000	0,00000	0,00000	0,00000
7,59825	20,00000	0,00000	0,00000	0,00000	0,00000	0,00000	0,00000
7,61063	20,00000	0,00000	0,00000	0,00000	0,00000	0,00000	0,00000
7,62300	18,00000	0,00000	0,00000	0,00000	0,00000	0,00000	0,00000
7,63538	19,00000	0,00000	0,00000	0,00000	0,00000	0,00000	0,00000
7,64775	22,00000	0,00000	0,00000	0,00000	0,00000	0,00000	0,00000
7,66013	22,00000	0,00000	0,00000	0,00000	0,00000	0,00000	0,00000
7,67250	22,00000	0,00000	0,00000	0,00000	0,00000	0,00000	0,00000
7,68488	22,00000	0,00000	0,00000	0,00000	0,00000	0,00000	0,00000
7,69725	18,00000	0,00000	0,00000	0,00000	0,00000	0,00000	0,00000
7,70962	18,00000	0,00000	0,00000	0,00000	0,00000	0,00000	0,00000
7,72200	20,00000	0,00000	0,00000	0,00000	0,00000	0,00000	0,00000
7,73438	22,00000	0,00000	0,00000	0,00000	0,00000	0,00000	0,00000
7,74675	22,00000	0,00000	0,00000	0,00000	0,00000	0,00000	0,00000
7,75913	20,00000	0,00000	0,00000	0,00000	0,00000	0,00000	0,00000
7,77150	23,00000	0,00000	0,00000	0,00000	0,00000	0,00000	0,00000
7,78388	22,00000	0,00000	0,00000	0,00000	0,00000	0,00000	0,00000
7,79625	22,00000	0,00000	0,00000	0,00000	0,00000	0,00000	0,00000
7,80863	20,00000	0,00000	0,00000	0,00000	0,00000	0,00000	0,00000
7,82100	18,00000	0,00000	0,00000	0,00000	0,00000	0,00000	0,00000
7,83338	18,00000	0,00000	0,00000	0,00000	0,00000	0,00000	0,00000
7,84575	18,00000	0,00000	0,00000	0,00000	0,00000	0,00000	0,00000
7,85813	19,00000	0,00000	0,00000	0,00000	0,00000	0,00000	0,00000
7,87050	22,00000	0,00000	0,00000	0,00000	0,00000	0,00000	0,00000
7,88288	17,00000	0,00000	0,00000	0,00000	0,00000	0,00000	0,00000
0,00000	12,00000	0,00000	0,00000	0,00000	0,00000	0,00000	0,00000
0,00000	9,00000	0,00000	0,00000	0,00000	0,00000	0,00000	0,00000
