GRUPPE3_Greyline20.dat
04.10.2021
15:26:46
GRUPPE3

Gauss coefficients notation:
Amplitude
FWHM
Std.Abw.
[Fehler]
offset
BEAMCUT  LINES:

X H  in mm	Y H rel	Gauss fit H	H Gauss Coefficients	X V in mm	Y V rel	Gauss fit V	V Gauss Coefficientes
0,00000	19,00000	0,00000	0,00000	0,00000	22,00000	0,00000	0,00000
0,01238	18,00000	0,00000	0,00000	0,01238	22,00000	0,00000	0,00000
0,02475	18,00000	0,00000	0,00000	0,02475	22,00000	0,00000	0,00000
0,03713	22,00000	0,00000	0,00000	0,03713	22,00000	0,00000	0,00000
0,04950	22,00000	0,00000	0,00000	0,04950	23,00000	0,00000	0,00000
0,06187	22,00000	0,00000	0,00000	0,06188	22,00000	0,00000	0,00000
0,07425	19,00000	0,00000	0,00000	0,07425	20,00000	0,00000	0,00000
0,08663	20,00000	0,00000	0,00000	0,08663	23,00000	0,00000	0,00000
0,09900	18,00000	0,00000	0,00000	0,09900	23,00000	0,00000	0,00000
0,11138	20,00000	0,00000	0,00000	0,11138	22,00000	0,00000	0,00000
0,12375	22,00000	0,00000	0,00000	0,12375	24,00000	0,00000	0,00000
0,13612	19,00000	0,00000	0,00000	0,13613	23,00000	0,00000	0,00000
0,14850	19,00000	0,00000	0,00000	0,14850	22,00000	0,00000	0,00000
0,16088	22,00000	0,00000	0,00000	0,16088	23,00000	0,00000	0,00000
0,17325	22,00000	0,00000	0,00000	0,17325	22,00000	0,00000	0,00000
0,18563	18,00000	0,00000	0,00000	0,18563	22,00000	0,00000	0,00000
0,19800	18,00000	0,00000	0,00000	0,19800	22,00000	0,00000	0,00000
0,21038	18,00000	0,00000	0,00000	0,21038	22,00000	0,00000	0,00000
0,22275	20,00000	0,00000	0,00000	0,22275	22,00000	0,00000	0,00000
0,23513	22,00000	0,00000	0,00000	0,23513	20,00000	0,00000	0,00000
0,24750	20,00000	0,00000	0,00000	0,24750	17,00000	0,00000	0,00000
0,25988	20,00000	0,00000	0,00000	0,25988	20,00000	0,00000	0,00000
0,27225	18,00000	0,00000	0,00000	0,27225	23,00000	0,00000	0,00000
0,28463	19,00000	0,00000	0,00000	0,28463	20,00000	0,00000	0,00000
0,29700	17,00000	0,00000	0,00000	0,29700	22,00000	0,00000	0,00000
0,30938	18,00000	0,00000	0,00000	0,30938	20,00000	0,00000	0,00000
0,32175	20,00000	0,00000	0,00000	0,32175	22,00000	0,00000	0,00000
0,33413	20,00000	0,00000	0,00000	0,33413	20,00000	0,00000	0,00000
0,34650	18,00000	0,00000	0,00000	0,34650	22,00000	0,00000	0,00000
0,35887	18,00000	0,00000	0,00000	0,35888	20,00000	0,00000	0,00000
0,37125	22,00000	0,00000	0,00000	0,37125	19,00000	0,00000	0,00000
0,38362	19,00000	0,00000	0,00000	0,38363	22,00000	0,00000	0,00000
0,39600	19,00000	0,00000	0,00000	0,39600	20,00000	0,00000	0,00000
0,40838	22,00000	0,00000	0,00000	0,40838	22,00000	0,00000	0,00000
0,42075	22,00000	0,00000	0,00000	0,42075	22,00000	0,00000	0,00000
0,43313	22,00000	0,00000	0,00000	0,43313	23,00000	0,00000	0,00000
0,44550	22,00000	0,00000	0,00000	0,44550	22,00000	0,00000	0,00000
0,45788	18,00000	0,00000	0,00000	0,45788	23,00000	0,00000	0,00000
0,47025	18,00000	0,00000	0,00000	0,47025	22,00000	0,00000	0,00000
0,48263	20,00000	0,00000	0,00000	0,48263	19,00000	0,00000	0,00000
0,49500	20,00000	0,00000	0,00000	0,49500	18,00000	0,00000	0,00000
0,50738	18,00000	0,00000	0,00000	0,50738	23,00000	0,00000	0,00000
0,51975	18,00000	0,00000	0,00000	0,51975	19,00000	0,00000	0,00000
0,53213	20,00000	0,00000	0,00000	0,53213	20,00000	0,00000	0,00000
0,54450	20,00000	0,00000	0,00000	0,54450	20,00000	0,00000	0,00000
0,55688	22,00000	0,00000	0,00000	0,55688	22,00000	0,00000	0,00000
0,56925	18,00000	0,00000	0,00000	0,56925	23,00000	0,00000	0,00000
0,58163	18,00000	0,00000	0,00000	0,58163	23,00000	0,00000	0,00000
0,59400	20,00000	0,00000	0,00000	0,59400	20,00000	0,00000	0,00000
0,60637	20,00000	0,00000	0,00000	0,60638	19,00000	0,00000	0,00000
0,61875	20,00000	0,00000	0,00000	0,61875	22,00000	0,00000	0,00000
0,63113	20,00000	0,00000	0,00000	0,63113	20,00000	0,00000	0,00000
0,64350	18,00000	0,00000	0,00000	0,64350	18,00000	0,00000	0,00000
0,65587	18,00000	0,00000	0,00000	0,65588	18,00000	0,00000	0,00000
0,66825	18,00000	0,00000	0,00000	0,66825	22,00000	0,00000	0,00000
0,68063	18,00000	0,00000	0,00000	0,68063	22,00000	0,00000	0,00000
0,69300	20,00000	0,00000	0,00000	0,69300	22,00000	0,00000	0,00000
0,70538	22,00000	0,00000	0,00000	0,70538	23,00000	0,00000	0,00000
0,71775	22,00000	0,00000	0,00000	0,71775	22,00000	0,00000	0,00000
0,73013	22,00000	0,00000	0,00000	0,73013	22,00000	0,00000	0,00000
0,74250	22,00000	0,00000	0,00000	0,74250	22,00000	0,00000	0,00000
0,75488	19,00000	0,00000	0,00000	0,75488	19,00000	0,00000	0,00000
0,76725	19,00000	0,00000	0,00000	0,76725	22,00000	0,00000	0,00000
0,77963	19,00000	0,00000	0,00000	0,77963	19,00000	0,00000	0,00000
0,79200	22,00000	0,00000	0,00000	0,79200	22,00000	0,00000	0,00000
0,80438	22,00000	0,00000	0,00000	0,80438	20,00000	0,00000	0,00000
0,81675	22,00000	0,00000	0,00000	0,81675	22,00000	0,00000	0,00000
0,82913	22,00000	0,00000	0,00000	0,82913	19,00000	0,00000	0,00000
0,84150	19,00000	0,00000	0,00000	0,84150	22,00000	0,00000	0,00000
0,85388	18,00000	0,00000	0,00000	0,85388	19,00000	0,00000	0,00000
0,86625	20,00000	0,00000	0,00000	0,86625	18,00000	0,00000	0,00000
0,87862	20,00000	0,00000	0,00000	0,87863	22,00000	0,00000	0,00000
0,89100	18,00000	0,00000	0,00000	0,89100	19,00000	0,00000	0,00000
0,90338	18,00000	0,00000	0,00000	0,90338	22,00000	0,00000	0,00000
0,91575	22,00000	0,00000	0,00000	0,91575	22,00000	0,00000	0,00000
0,92813	22,00000	0,00000	0,00000	0,92813	22,00000	0,00000	0,00000
0,94050	18,00000	0,00000	0,00000	0,94050	22,00000	0,00000	0,00000
0,95288	18,00000	0,00000	0,00000	0,95288	23,00000	0,00000	0,00000
0,96525	20,00000	0,00000	0,00000	0,96525	22,00000	0,00000	0,00000
0,97763	22,00000	0,00000	0,00000	0,97763	19,00000	0,00000	0,00000
0,99000	19,00000	0,00000	0,00000	0,99000	19,00000	0,00000	0,00000
1,00238	19,00000	0,00000	0,00000	1,00238	17,00000	0,00000	0,00000
1,01475	19,00000	0,00000	0,00000	1,01475	20,00000	0,00000	0,00000
1,02713	22,00000	0,00000	0,00000	1,02713	22,00000	0,00000	0,00000
1,03950	22,00000	0,00000	0,00000	1,03950	22,00000	0,00000	0,00000
1,05188	20,00000	0,00000	0,00000	1,05188	22,00000	0,00000	0,00000
1,06425	18,00000	0,00000	0,00000	1,06425	19,00000	0,00000	0,00000
1,07662	18,00000	0,00000	0,00000	1,07663	22,00000	0,00000	0,00000
1,08900	19,00000	0,00000	0,00000	1,08900	18,00000	0,00000	0,00000
1,10137	18,00000	0,00000	0,00000	1,10138	22,00000	0,00000	0,00000
1,11375	18,00000	0,00000	0,00000	1,11375	19,00000	0,00000	0,00000
1,12613	20,00000	0,00000	0,00000	1,12613	22,00000	0,00000	0,00000
1,13850	22,00000	0,00000	0,00000	1,13850	22,00000	0,00000	0,00000
1,15088	22,00000	0,00000	0,00000	1,15088	18,00000	0,00000	0,00000
1,16325	22,00000	0,00000	0,00000	1,16325	22,00000	0,00000	0,00000
1,17563	22,00000	0,00000	0,00000	1,17563	20,00000	0,00000	0,00000
1,18800	20,00000	0,00000	0,00000	1,18800	22,00000	0,00000	0,00000
1,20037	22,00000	0,00000	0,00000	1,20038	23,00000	0,00000	0,00000
1,21275	24,00000	0,00000	0,00000	1,21275	22,00000	0,00000	0,00000
1,22513	18,00000	0,00000	0,00000	1,22513	19,00000	0,00000	0,00000
1,23750	18,00000	0,00000	0,00000	1,23750	22,00000	0,00000	0,00000
1,24988	20,00000	0,00000	0,00000	1,24988	22,00000	0,00000	0,00000
1,26225	22,00000	0,00000	0,00000	1,26225	22,00000	0,00000	0,00000
1,27463	22,00000	0,00000	0,00000	1,27463	20,00000	0,00000	0,00000
1,28700	22,00000	0,00000	0,00000	1,28700	22,00000	0,00000	0,00000
1,29938	22,00000	0,00000	0,00000	1,29938	22,00000	0,00000	0,00000
1,31175	19,00000	0,00000	0,00000	1,31175	22,00000	0,00000	0,00000
1,32412	22,00000	0,00000	0,00000	1,32413	22,00000	0,00000	0,00000
1,33650	22,00000	0,00000	0,00000	1,33650	22,00000	0,00000	0,00000
1,34888	19,00000	0,00000	0,00000	1,34888	22,00000	0,00000	0,00000
1,36125	18,00000	0,00000	0,00000	1,36125	19,00000	0,00000	0,00000
1,37363	19,00000	0,00000	0,00000	1,37363	22,00000	0,00000	0,00000
1,38600	23,00000	0,00000	0,00000	1,38600	19,00000	0,00000	0,00000
1,39838	22,00000	0,00000	0,00000	1,39838	19,00000	0,00000	0,00000
1,41075	20,00000	0,00000	0,00000	1,41075	22,00000	0,00000	0,00000
1,42312	22,00000	0,00000	0,00000	1,42313	18,00000	0,00000	0,00000
1,43550	22,00000	0,00000	0,00000	1,43550	22,00000	0,00000	0,00000
1,44788	22,00000	0,00000	0,00000	1,44788	22,00000	0,00000	0,00000
1,46025	22,00000	0,00000	0,00000	1,46025	23,00000	0,00000	0,00000
1,47263	22,00000	0,00000	0,00000	1,47263	22,00000	0,00000	0,00000
1,48500	19,00000	0,00000	0,00000	1,48500	20,00000	0,00000	0,00000
1,49738	22,00000	0,00000	0,00000	1,49738	22,00000	0,00000	0,00000
1,50975	22,00000	0,00000	0,00000	1,50975	18,00000	0,00000	0,00000
1,52213	22,00000	0,00000	0,00000	1,52213	23,00000	0,00000	0,00000
1,53450	22,00000	0,00000	0,00000	1,53450	20,00000	0,00000	0,00000
1,54688	19,00000	0,00000	0,00000	1,54688	23,00000	0,00000	0,00000
1,55925	20,00000	0,00000	0,00000	1,55925	19,00000	0,00000	0,00000
1,57163	20,00000	0,00000	0,00000	1,57163	19,00000	0,00000	0,00000
1,58400	18,00000	0,00000	0,00000	1,58400	20,00000	0,00000	0,00000
1,59638	18,00000	0,00000	0,00000	1,59638	23,00000	0,00000	0,00000
1,60875	19,00000	0,00000	0,00000	1,60875	23,00000	0,00000	0,00000
1,62113	18,00000	0,00000	0,00000	1,62113	22,00000	0,00000	0,00000
1,63350	18,00000	0,00000	0,00000	1,63350	22,00000	0,00000	0,00000
1,64587	22,00000	0,00000	0,00000	1,64588	25,00000	0,00000	0,00000
1,65825	22,00000	0,00000	0,00000	1,65825	26,00000	0,00000	0,00000
1,67063	18,00000	0,00000	0,00000	1,67063	25,00000	0,00000	0,00000
1,68300	18,00000	0,00000	0,00000	1,68300	27,00000	0,00000	0,00000
1,69538	18,00000	0,00000	0,00000	1,69538	31,00000	0,00000	0,00000
1,70775	20,00000	0,00000	0,00000	1,70775	33,00000	0,00000	0,00000
1,72013	22,00000	0,00000	0,00000	1,72013	33,00000	0,00000	0,00000
1,73250	22,00000	0,00000	0,00000	1,73250	34,00000	0,00000	0,00000
1,74488	22,00000	0,00000	0,00000	1,74488	31,00000	0,00000	0,00000
1,75725	22,00000	0,00000	0,00000	1,75725	37,00000	0,00000	0,00000
1,76963	22,00000	0,00000	0,00000	1,76963	38,00000	0,00000	0,00000
1,78200	22,00000	0,00000	0,00000	1,78200	40,00000	0,00000	0,00000
1,79438	22,00000	0,00000	0,00000	1,79438	41,00000	0,00000	0,00000
1,80675	19,00000	0,00000	0,00000	1,80675	44,00000	0,00000	0,00000
1,81913	18,00000	0,00000	0,00000	1,81913	48,00000	0,00000	0,00000
1,83150	19,00000	0,00000	0,00000	1,83150	58,00000	0,00000	0,00000
1,84388	22,00000	0,00000	0,00000	1,84388	61,00000	0,00000	0,00000
1,85625	22,00000	0,00000	0,00000	1,85625	71,00000	0,00000	0,00000
1,86862	22,00000	0,00000	0,00000	1,86863	72,00000	0,00000	0,00000
1,88100	22,00000	0,00000	0,00000	1,88100	75,00000	0,00000	0,00000
1,89338	22,00000	0,00000	0,00000	1,89338	80,00000	0,00000	0,00000
1,90575	22,00000	0,00000	0,00000	1,90575	89,00000	0,00000	0,00000
1,91813	22,00000	0,00000	0,00000	1,91813	93,00000	0,00000	0,00000
1,93050	22,00000	0,00000	0,00000	1,93050	95,00000	0,00000	0,00000
1,94288	22,00000	0,00000	0,00000	1,94288	97,00000	0,00000	0,00000
1,95525	22,00000	0,00000	0,00000	1,95525	107,00000	0,00000	0,00000
1,96763	22,00000	0,00000	0,00000	1,96763	112,00000	0,00000	0,00000
1,98000	22,00000	0,00000	0,00000	1,98000	112,00000	0,00000	0,00000
1,99238	22,00000	0,00000	0,00000	1,99238	118,00000	0,00000	0,00000
2,00475	19,00000	0,00000	0,00000	2,00475	115,00000	0,00000	0,00000
2,01713	19,00000	0,00000	0,00000	2,01713	122,00000	0,00000	0,00000
2,02950	19,00000	0,00000	0,00000	2,02950	123,00000	0,00000	0,00000
2,04188	22,00000	0,00000	0,00000	2,04188	122,00000	0,00000	0,00000
2,05425	20,00000	0,00000	0,00000	2,05425	121,00000	0,00000	0,00000
2,06663	18,00000	0,00000	0,00000	2,06663	119,00000	0,00000	0,00000
2,07900	18,00000	0,00000	0,00000	2,07900	123,00000	0,00000	0,00000
2,09138	18,00000	0,00000	0,00000	2,09138	119,00000	0,00000	0,00000
2,10375	20,00000	0,00000	0,00000	2,10375	123,00000	0,00000	0,00000
2,11613	18,00000	0,00000	0,00000	2,11613	125,00000	0,00000	0,00000
2,12850	18,00000	0,00000	0,00000	2,12850	123,00000	0,00000	0,00000
2,14088	20,00000	0,00000	0,00000	2,14088	129,00000	0,00000	0,00000
2,15325	20,00000	0,00000	0,00000	2,15325	119,00000	0,00000	0,00000
2,16562	18,00000	0,00000	0,00000	2,16563	130,00000	0,00000	0,00000
2,17800	18,00000	0,00000	0,00000	2,17800	123,00000	0,00000	0,00000
2,19037	20,00000	0,00000	0,00000	2,19038	112,00000	0,00000	0,00000
2,20275	20,00000	0,00000	0,00000	2,20275	117,00000	0,00000	0,00000
2,21513	19,00000	0,00000	0,00000	2,21513	112,00000	0,00000	0,00000
2,22750	22,00000	0,00000	0,00000	2,22750	116,00000	0,00000	0,00000
2,23988	19,00000	0,00000	0,00000	2,23988	105,00000	0,00000	0,00000
2,25225	19,00000	0,00000	0,00000	2,25225	97,00000	0,00000	0,00000
2,26463	19,00000	0,00000	0,00000	2,26463	96,00000	0,00000	0,00000
2,27700	22,00000	0,00000	0,00000	2,27700	93,00000	0,00000	0,00000
2,28938	22,00000	0,00000	0,00000	2,28938	89,00000	0,00000	0,00000
2,30175	19,00000	0,00000	0,00000	2,30175	88,00000	0,00000	0,00000
2,31413	19,00000	0,00000	0,00000	2,31413	83,00000	0,00000	0,00000
2,32650	19,00000	0,00000	0,00000	2,32650	81,00000	0,00000	0,00000
2,33888	22,00000	0,00000	0,00000	2,33888	76,00000	0,00000	0,00000
2,35125	22,00000	0,00000	0,00000	2,35125	74,00000	0,00000	0,00000
2,36363	22,00000	0,00000	0,00000	2,36363	72,00000	0,00000	0,00000
2,37600	22,00000	0,00000	0,00000	2,37600	65,00000	0,00000	0,00000
2,38837	22,00000	0,00000	0,00000	2,38838	62,00000	0,00000	0,00000
2,40075	22,00000	0,00000	0,00000	2,40075	54,00000	0,00000	0,00000
2,41312	22,00000	0,00000	0,00000	2,41313	51,00000	0,00000	0,00000
2,42550	19,00000	0,00000	0,00000	2,42550	48,00000	0,00000	0,00000
2,43788	19,00000	0,00000	0,00000	2,43788	43,00000	0,00000	0,00000
2,45025	19,00000	0,00000	0,00000	2,45025	37,00000	0,00000	0,00000
2,46263	22,00000	0,00000	0,00000	2,46263	38,00000	0,00000	0,00000
2,47500	22,00000	0,00000	0,00000	2,47500	30,00000	0,00000	0,00000
2,48738	22,00000	0,00000	0,00000	2,48738	29,00000	0,00000	0,00000
2,49975	22,00000	0,00000	0,00000	2,49975	30,00000	0,00000	0,00000
2,51213	22,00000	0,00000	0,00000	2,51213	29,00000	0,00000	0,00000
2,52450	19,00000	0,00000	0,00000	2,52450	29,00000	0,00000	0,00000
2,53688	18,00000	0,00000	0,00000	2,53688	31,00000	0,00000	0,00000
2,54925	19,00000	0,00000	0,00000	2,54925	25,00000	0,00000	0,00000
2,56163	22,00000	0,00000	0,00000	2,56163	27,00000	0,00000	0,00000
2,57400	22,00000	0,00000	0,00000	2,57400	25,00000	0,00000	0,00000
2,58638	22,00000	0,00000	0,00000	2,58638	24,00000	0,00000	0,00000
2,59875	22,00000	0,00000	0,00000	2,59875	25,00000	0,00000	0,00000
2,61112	19,00000	0,00000	0,00000	2,61113	23,00000	0,00000	0,00000
2,62350	20,00000	0,00000	0,00000	2,62350	24,00000	0,00000	0,00000
2,63587	20,00000	0,00000	0,00000	2,63588	22,00000	0,00000	0,00000
2,64825	18,00000	0,00000	0,00000	2,64825	19,00000	0,00000	0,00000
2,66063	18,00000	0,00000	0,00000	2,66063	22,00000	0,00000	0,00000
2,67300	18,00000	0,00000	0,00000	2,67300	19,00000	0,00000	0,00000
2,68538	20,00000	0,00000	0,00000	2,68538	20,00000	0,00000	0,00000
2,69775	22,00000	0,00000	0,00000	2,69775	20,00000	0,00000	0,00000
2,71013	22,00000	0,00000	0,00000	2,71013	22,00000	0,00000	0,00000
2,72250	22,00000	0,00000	0,00000	2,72250	20,00000	0,00000	0,00000
2,73488	22,00000	0,00000	0,00000	2,73488	20,00000	0,00000	0,00000
2,74725	19,00000	0,00000	0,00000	2,74725	20,00000	0,00000	0,00000
2,75963	19,00000	0,00000	0,00000	2,75963	22,00000	0,00000	0,00000
2,77200	20,00000	0,00000	0,00000	2,77200	22,00000	0,00000	0,00000
2,78438	20,00000	0,00000	0,00000	2,78438	19,00000	0,00000	0,00000
2,79675	18,00000	0,00000	0,00000	2,79675	22,00000	0,00000	0,00000
2,80913	18,00000	0,00000	0,00000	2,80913	22,00000	0,00000	0,00000
2,82150	20,00000	0,00000	0,00000	2,82150	22,00000	0,00000	0,00000
2,83387	22,00000	0,00000	0,00000	2,83388	22,00000	0,00000	0,00000
2,84625	22,00000	0,00000	0,00000	2,84625	18,00000	0,00000	0,00000
2,85862	19,00000	0,00000	0,00000	2,85863	22,00000	0,00000	0,00000
2,87100	19,00000	0,00000	0,00000	2,87100	22,00000	0,00000	0,00000
2,88338	22,00000	0,00000	0,00000	2,88338	22,00000	0,00000	0,00000
2,89575	22,00000	0,00000	0,00000	2,89575	19,00000	0,00000	0,00000
2,90813	19,00000	0,00000	0,00000	2,90813	23,00000	0,00000	0,00000
2,92050	19,00000	0,00000	0,00000	2,92050	22,00000	0,00000	0,00000
2,93288	22,00000	0,00000	0,00000	2,93288	22,00000	0,00000	0,00000
2,94525	22,00000	0,00000	0,00000	2,94525	22,00000	0,00000	0,00000
2,95763	23,00000	0,00000	0,00000	2,95763	22,00000	0,00000	0,00000
2,97000	22,00000	0,00000	0,00000	2,97000	20,00000	0,00000	0,00000
2,98238	18,00000	0,00000	0,00000	2,98238	19,00000	0,00000	0,00000
2,99475	18,00000	0,00000	0,00000	2,99475	22,00000	0,00000	0,00000
3,00713	18,00000	0,00000	0,00000	3,00713	18,00000	0,00000	0,00000
3,01950	18,00000	0,00000	0,00000	3,01950	20,00000	0,00000	0,00000
3,03188	20,00000	0,00000	0,00000	3,03188	18,00000	0,00000	0,00000
3,04425	20,00000	0,00000	0,00000	3,04425	20,00000	0,00000	0,00000
3,05662	17,00000	0,00000	0,00000	3,05663	20,00000	0,00000	0,00000
3,06900	17,00000	0,00000	0,00000	3,06900	20,00000	0,00000	0,00000
3,08137	17,00000	0,00000	0,00000	3,08138	22,00000	0,00000	0,00000
3,09375	22,00000	0,00000	0,00000	3,09375	22,00000	0,00000	0,00000
3,10613	22,00000	0,00000	0,00000	3,10613	18,00000	0,00000	0,00000
3,11850	22,00000	0,00000	0,00000	3,11850	20,00000	0,00000	0,00000
3,13088	22,00000	0,00000	0,00000	3,13088	20,00000	0,00000	0,00000
3,14325	22,00000	0,00000	0,00000	3,14325	19,00000	0,00000	0,00000
3,15563	20,00000	0,00000	0,00000	3,15563	18,00000	0,00000	0,00000
3,16800	18,00000	0,00000	0,00000	3,16800	18,00000	0,00000	0,00000
3,18038	18,00000	0,00000	0,00000	3,18038	22,00000	0,00000	0,00000
3,19275	20,00000	0,00000	0,00000	3,19275	18,00000	0,00000	0,00000
3,20513	18,00000	0,00000	0,00000	3,20513	18,00000	0,00000	0,00000
3,21750	18,00000	0,00000	0,00000	3,21750	20,00000	0,00000	0,00000
3,22988	18,00000	0,00000	0,00000	3,22988	19,00000	0,00000	0,00000
3,24225	22,00000	0,00000	0,00000	3,24225	22,00000	0,00000	0,00000
3,25463	22,00000	0,00000	0,00000	3,25463	22,00000	0,00000	0,00000
3,26700	22,00000	0,00000	0,00000	3,26700	22,00000	0,00000	0,00000
3,27938	19,00000	0,00000	0,00000	3,27938	19,00000	0,00000	0,00000
3,29175	19,00000	0,00000	0,00000	3,29175	22,00000	0,00000	0,00000
3,30412	22,00000	0,00000	0,00000	3,30413	19,00000	0,00000	0,00000
3,31650	19,00000	0,00000	0,00000	3,31650	19,00000	0,00000	0,00000
3,32888	19,00000	0,00000	0,00000	3,32888	22,00000	0,00000	0,00000
3,34125	22,00000	0,00000	0,00000	3,34125	19,00000	0,00000	0,00000
3,35363	19,00000	0,00000	0,00000	3,35363	20,00000	0,00000	0,00000
3,36600	19,00000	0,00000	0,00000	3,36600	19,00000	0,00000	0,00000
3,37838	20,00000	0,00000	0,00000	3,37838	19,00000	0,00000	0,00000
3,39075	20,00000	0,00000	0,00000	3,39075	20,00000	0,00000	0,00000
3,40313	20,00000	0,00000	0,00000	3,40313	19,00000	0,00000	0,00000
3,41550	19,00000	0,00000	0,00000	3,41550	18,00000	0,00000	0,00000
3,42788	19,00000	0,00000	0,00000	3,42788	19,00000	0,00000	0,00000
3,44025	22,00000	0,00000	0,00000	3,44025	18,00000	0,00000	0,00000
3,45263	23,00000	0,00000	0,00000	3,45263	18,00000	0,00000	0,00000
3,46500	22,00000	0,00000	0,00000	3,46500	20,00000	0,00000	0,00000
3,47738	18,00000	0,00000	0,00000	3,47738	22,00000	0,00000	0,00000
3,48975	18,00000	0,00000	0,00000	3,48975	20,00000	0,00000	0,00000
3,50213	20,00000	0,00000	0,00000	3,50213	20,00000	0,00000	0,00000
3,51450	22,00000	0,00000	0,00000	3,51450	20,00000	0,00000	0,00000
3,52687	22,00000	0,00000	0,00000	3,52688	20,00000	0,00000	0,00000
3,53925	22,00000	0,00000	0,00000	3,53925	20,00000	0,00000	0,00000
3,55163	22,00000	0,00000	0,00000	3,55163	17,00000	0,00000	0,00000
3,56400	18,00000	0,00000	0,00000	3,56400	22,00000	0,00000	0,00000
3,57638	18,00000	0,00000	0,00000	3,57638	17,00000	0,00000	0,00000
3,58875	20,00000	0,00000	0,00000	3,58875	22,00000	0,00000	0,00000
3,60113	20,00000	0,00000	0,00000	3,60113	18,00000	0,00000	0,00000
3,61350	19,00000	0,00000	0,00000	3,61350	18,00000	0,00000	0,00000
3,62588	22,00000	0,00000	0,00000	3,62588	18,00000	0,00000	0,00000
3,63825	19,00000	0,00000	0,00000	3,63825	18,00000	0,00000	0,00000
3,65063	19,00000	0,00000	0,00000	3,65063	19,00000	0,00000	0,00000
3,66300	19,00000	0,00000	0,00000	3,66300	20,00000	0,00000	0,00000
3,67538	22,00000	0,00000	0,00000	3,67538	18,00000	0,00000	0,00000
3,68775	22,00000	0,00000	0,00000	3,68775	20,00000	0,00000	0,00000
3,70013	22,00000	0,00000	0,00000	3,70013	18,00000	0,00000	0,00000
3,71250	22,00000	0,00000	0,00000	3,71250	20,00000	0,00000	0,00000
3,72488	22,00000	0,00000	0,00000	3,72488	19,00000	0,00000	0,00000
3,73725	20,00000	0,00000	0,00000	3,73725	22,00000	0,00000	0,00000
3,74962	18,00000	0,00000	0,00000	3,74963	22,00000	0,00000	0,00000
3,76200	18,00000	0,00000	0,00000	3,76200	22,00000	0,00000	0,00000
3,77438	20,00000	0,00000	0,00000	3,77438	22,00000	0,00000	0,00000
3,78675	20,00000	0,00000	0,00000	3,78675	18,00000	0,00000	0,00000
3,79913	19,00000	0,00000	0,00000	3,79913	20,00000	0,00000	0,00000
3,81150	19,00000	0,00000	0,00000	3,81150	20,00000	0,00000	0,00000
3,82388	22,00000	0,00000	0,00000	3,82388	20,00000	0,00000	0,00000
3,83625	19,00000	0,00000	0,00000	3,83625	17,00000	0,00000	0,00000
3,84863	22,00000	0,00000	0,00000	3,84863	22,00000	0,00000	0,00000
3,86100	22,00000	0,00000	0,00000	3,86100	18,00000	0,00000	0,00000
3,87338	20,00000	0,00000	0,00000	3,87338	22,00000	0,00000	0,00000
3,88575	18,00000	0,00000	0,00000	3,88575	18,00000	0,00000	0,00000
3,89813	18,00000	0,00000	0,00000	3,89813	22,00000	0,00000	0,00000
3,91050	20,00000	0,00000	0,00000	3,91050	17,00000	0,00000	0,00000
3,92288	20,00000	0,00000	0,00000	3,92288	22,00000	0,00000	0,00000
3,93525	19,00000	0,00000	0,00000	3,93525	20,00000	0,00000	0,00000
3,94763	22,00000	0,00000	0,00000	3,94763	20,00000	0,00000	0,00000
3,96000	22,00000	0,00000	0,00000	3,96000	20,00000	0,00000	0,00000
3,97237	18,00000	0,00000	0,00000	3,97238	17,00000	0,00000	0,00000
3,98475	17,00000	0,00000	0,00000	3,98475	18,00000	0,00000	0,00000
3,99713	17,00000	0,00000	0,00000	3,99713	20,00000	0,00000	0,00000
4,00950	18,00000	0,00000	0,00000	4,00950	22,00000	0,00000	0,00000
4,02188	22,00000	0,00000	0,00000	4,02188	19,00000	0,00000	0,00000
4,03425	23,00000	0,00000	0,00000	4,03425	22,00000	0,00000	0,00000
4,04663	24,00000	0,00000	0,00000	4,04663	18,00000	0,00000	0,00000
4,05900	20,00000	0,00000	0,00000	4,05900	20,00000	0,00000	0,00000
4,07138	20,00000	0,00000	0,00000	4,07138	18,00000	0,00000	0,00000
4,08375	20,00000	0,00000	0,00000	4,08375	19,00000	0,00000	0,00000
4,09612	23,00000	0,00000	0,00000	4,09613	22,00000	0,00000	0,00000
4,10850	23,00000	0,00000	0,00000	4,10850	20,00000	0,00000	0,00000
4,12087	22,00000	0,00000	0,00000	4,12088	20,00000	0,00000	0,00000
4,13325	22,00000	0,00000	0,00000	4,13325	22,00000	0,00000	0,00000
4,14562	25,00000	0,00000	0,00000	4,14563	19,00000	0,00000	0,00000
4,15800	27,00000	0,00000	0,00000	4,15800	22,00000	0,00000	0,00000
4,17037	26,00000	0,00000	0,00000	4,17038	22,00000	0,00000	0,00000
4,18275	27,00000	0,00000	0,00000	4,18275	20,00000	0,00000	0,00000
4,19512	31,00000	0,00000	0,00000	4,19513	19,00000	0,00000	0,00000
4,20750	31,00000	0,00000	0,00000	4,20750	19,00000	0,00000	0,00000
4,21988	34,00000	0,00000	0,00000	4,21988	20,00000	0,00000	0,00000
4,23225	34,00000	0,00000	0,00000	4,23225	20,00000	0,00000	0,00000
4,24463	37,00000	0,00000	0,00000	4,24463	20,00000	0,00000	0,00000
4,25700	40,00000	0,00000	0,00000	4,25700	20,00000	0,00000	0,00000
4,26938	43,00000	0,00000	0,00000	4,26938	18,00000	0,00000	0,00000
4,28175	45,00000	0,00000	0,00000	4,28175	19,00000	0,00000	0,00000
4,29413	47,00000	0,00000	0,00000	4,29413	18,00000	0,00000	0,00000
4,30650	48,00000	0,00000	0,00000	4,30650	20,00000	0,00000	0,00000
4,31888	51,00000	0,00000	0,00000	4,31888	19,00000	0,00000	0,00000
4,33125	55,00000	0,00000	0,00000	4,33125	20,00000	0,00000	0,00000
4,34363	61,00000	0,00000	0,00000	4,34363	18,00000	0,00000	0,00000
4,35600	65,00000	0,00000	0,00000	4,35600	18,00000	0,00000	0,00000
4,36838	67,00000	0,00000	0,00000	4,36838	18,00000	0,00000	0,00000
4,38075	72,00000	0,00000	0,00000	4,38075	20,00000	0,00000	0,00000
4,39313	75,00000	0,00000	0,00000	4,39313	22,00000	0,00000	0,00000
4,40550	82,00000	0,00000	0,00000	4,40550	20,00000	0,00000	0,00000
4,41788	90,00000	0,00000	0,00000	4,41788	18,00000	0,00000	0,00000
4,43025	97,00000	0,00000	0,00000	4,43025	22,00000	0,00000	0,00000
4,44263	104,00000	0,00000	0,00000	4,44263	16,00000	0,00000	0,00000
4,45500	105,00000	0,00000	0,00000	4,45500	18,00000	0,00000	0,00000
4,46738	109,00000	0,00000	0,00000	4,46738	22,00000	0,00000	0,00000
4,47975	108,00000	0,00000	0,00000	4,47975	22,00000	0,00000	0,00000
4,49213	111,00000	0,00000	0,00000	4,49213	19,00000	0,00000	0,00000
4,50450	117,00000	0,00000	0,00000	4,50450	20,00000	0,00000	0,00000
4,51688	121,00000	0,00000	0,00000	4,51688	18,00000	0,00000	0,00000
4,52925	124,00000	0,00000	0,00000	4,52925	20,00000	0,00000	0,00000
4,54162	126,00000	0,00000	0,00000	4,54163	18,00000	0,00000	0,00000
4,55400	128,00000	0,00000	0,00000	4,55400	20,00000	0,00000	0,00000
4,56637	128,00000	0,00000	0,00000	4,56638	19,00000	0,00000	0,00000
4,57875	125,00000	0,00000	0,00000	4,57875	20,00000	0,00000	0,00000
4,59112	126,00000	0,00000	0,00000	4,59113	19,00000	0,00000	0,00000
4,60350	125,00000	0,00000	0,00000	4,60350	19,00000	0,00000	0,00000
4,61587	123,00000	0,00000	0,00000	4,61588	18,00000	0,00000	0,00000
4,62825	119,00000	0,00000	0,00000	4,62825	18,00000	0,00000	0,00000
4,64063	119,00000	0,00000	0,00000	4,64063	18,00000	0,00000	0,00000
4,65300	118,00000	0,00000	0,00000	4,65300	18,00000	0,00000	0,00000
4,66538	115,00000	0,00000	0,00000	4,66538	20,00000	0,00000	0,00000
4,67775	112,00000	0,00000	0,00000	4,67775	19,00000	0,00000	0,00000
4,69013	114,00000	0,00000	0,00000	4,69013	19,00000	0,00000	0,00000
4,70250	112,00000	0,00000	0,00000	4,70250	19,00000	0,00000	0,00000
4,71488	112,00000	0,00000	0,00000	4,71488	17,00000	0,00000	0,00000
4,72725	104,00000	0,00000	0,00000	4,72725	20,00000	0,00000	0,00000
4,73963	102,00000	0,00000	0,00000	4,73963	18,00000	0,00000	0,00000
4,75200	97,00000	0,00000	0,00000	4,75200	20,00000	0,00000	0,00000
4,76438	93,00000	0,00000	0,00000	4,76438	19,00000	0,00000	0,00000
4,77675	86,00000	0,00000	0,00000	4,77675	19,00000	0,00000	0,00000
4,78913	83,00000	0,00000	0,00000	4,78913	19,00000	0,00000	0,00000
4,80150	77,00000	0,00000	0,00000	4,80150	20,00000	0,00000	0,00000
4,81388	75,00000	0,00000	0,00000	4,81388	19,00000	0,00000	0,00000
4,82625	72,00000	0,00000	0,00000	4,82625	22,00000	0,00000	0,00000
4,83863	66,00000	0,00000	0,00000	4,83863	22,00000	0,00000	0,00000
4,85100	62,00000	0,00000	0,00000	4,85100	20,00000	0,00000	0,00000
4,86338	62,00000	0,00000	0,00000	4,86338	19,00000	0,00000	0,00000
4,87575	57,00000	0,00000	0,00000	4,87575	18,00000	0,00000	0,00000
4,88813	55,00000	0,00000	0,00000	4,88813	18,00000	0,00000	0,00000
4,90050	51,00000	0,00000	0,00000	4,90050	20,00000	0,00000	0,00000
4,91288	50,00000	0,00000	0,00000	4,91288	20,00000	0,00000	0,00000
4,92525	45,00000	0,00000	0,00000	4,92525	20,00000	0,00000	0,00000
4,93763	43,00000	0,00000	0,00000	4,93763	20,00000	0,00000	0,00000
4,95000	43,00000	0,00000	0,00000	4,95000	20,00000	0,00000	0,00000
4,96238	38,00000	0,00000	0,00000	4,96238	20,00000	0,00000	0,00000
4,97475	37,00000	0,00000	0,00000	4,97475	20,00000	0,00000	0,00000
4,98712	37,00000	0,00000	0,00000	4,98713	18,00000	0,00000	0,00000
4,99950	34,00000	0,00000	0,00000	4,99950	22,00000	0,00000	0,00000
5,01187	30,00000	0,00000	0,00000	5,01188	18,00000	0,00000	0,00000
5,02425	27,00000	0,00000	0,00000	5,02425	18,00000	0,00000	0,00000
5,03662	26,00000	0,00000	0,00000	5,03663	22,00000	0,00000	0,00000
5,04900	24,00000	0,00000	0,00000	5,04900	20,00000	0,00000	0,00000
5,06137	26,00000	0,00000	0,00000	5,06138	22,00000	0,00000	0,00000
5,07375	29,00000	0,00000	0,00000	5,07375	20,00000	0,00000	0,00000
5,08613	23,00000	0,00000	0,00000	5,08613	20,00000	0,00000	0,00000
5,09850	24,00000	0,00000	0,00000	5,09850	19,00000	0,00000	0,00000
5,11088	23,00000	0,00000	0,00000	5,11088	17,00000	0,00000	0,00000
5,12325	20,00000	0,00000	0,00000	5,12325	19,00000	0,00000	0,00000
5,13563	20,00000	0,00000	0,00000	5,13563	20,00000	0,00000	0,00000
5,14800	20,00000	0,00000	0,00000	5,14800	20,00000	0,00000	0,00000
5,16038	23,00000	0,00000	0,00000	5,16038	20,00000	0,00000	0,00000
5,17275	23,00000	0,00000	0,00000	5,17275	20,00000	0,00000	0,00000
5,18513	20,00000	0,00000	0,00000	5,18513	22,00000	0,00000	0,00000
5,19750	23,00000	0,00000	0,00000	5,19750	22,00000	0,00000	0,00000
5,20988	23,00000	0,00000	0,00000	5,20988	20,00000	0,00000	0,00000
5,22225	20,00000	0,00000	0,00000	5,22225	18,00000	0,00000	0,00000
5,23463	22,00000	0,00000	0,00000	5,23463	22,00000	0,00000	0,00000
5,24700	19,00000	0,00000	0,00000	5,24700	18,00000	0,00000	0,00000
5,25938	19,00000	0,00000	0,00000	5,25938	19,00000	0,00000	0,00000
5,27175	22,00000	0,00000	0,00000	5,27175	20,00000	0,00000	0,00000
5,28413	23,00000	0,00000	0,00000	5,28413	18,00000	0,00000	0,00000
5,29650	22,00000	0,00000	0,00000	5,29650	18,00000	0,00000	0,00000
5,30888	19,00000	0,00000	0,00000	5,30888	22,00000	0,00000	0,00000
5,32125	19,00000	0,00000	0,00000	5,32125	18,00000	0,00000	0,00000
5,33363	22,00000	0,00000	0,00000	5,33363	19,00000	0,00000	0,00000
5,34600	22,00000	0,00000	0,00000	5,34600	19,00000	0,00000	0,00000
5,35838	22,00000	0,00000	0,00000	5,35838	19,00000	0,00000	0,00000
5,37075	22,00000	0,00000	0,00000	5,37075	22,00000	0,00000	0,00000
5,38313	22,00000	0,00000	0,00000	5,38313	18,00000	0,00000	0,00000
5,39550	22,00000	0,00000	0,00000	5,39550	18,00000	0,00000	0,00000
5,40788	22,00000	0,00000	0,00000	5,40788	19,00000	0,00000	0,00000
5,42025	22,00000	0,00000	0,00000	5,42025	17,00000	0,00000	0,00000
5,43262	22,00000	0,00000	0,00000	5,43263	19,00000	0,00000	0,00000
5,44500	22,00000	0,00000	0,00000	5,44500	19,00000	0,00000	0,00000
5,45737	22,00000	0,00000	0,00000	5,45738	20,00000	0,00000	0,00000
5,46975	22,00000	0,00000	0,00000	5,46975	20,00000	0,00000	0,00000
5,48212	22,00000	0,00000	0,00000	5,48213	20,00000	0,00000	0,00000
5,49450	22,00000	0,00000	0,00000	5,49450	20,00000	0,00000	0,00000
5,50687	19,00000	0,00000	0,00000	5,50688	18,00000	0,00000	0,00000
5,51925	18,00000	0,00000	0,00000	5,51925	18,00000	0,00000	0,00000
5,53163	19,00000	0,00000	0,00000	5,53163	19,00000	0,00000	0,00000
5,54400	22,00000	0,00000	0,00000	5,54400	19,00000	0,00000	0,00000
5,55638	22,00000	0,00000	0,00000	5,55638	19,00000	0,00000	0,00000
5,56875	22,00000	0,00000	0,00000	5,56875	18,00000	0,00000	0,00000
5,58113	20,00000	0,00000	0,00000	5,58113	19,00000	0,00000	0,00000
5,59350	20,00000	0,00000	0,00000	5,59350	19,00000	0,00000	0,00000
5,60588	23,00000	0,00000	0,00000	5,60588	18,00000	0,00000	0,00000
5,61825	20,00000	0,00000	0,00000	5,61825	20,00000	0,00000	0,00000
5,63063	20,00000	0,00000	0,00000	5,63063	17,00000	0,00000	0,00000
5,64300	22,00000	0,00000	0,00000	5,64300	18,00000	0,00000	0,00000
5,65538	22,00000	0,00000	0,00000	5,65538	19,00000	0,00000	0,00000
5,66775	22,00000	0,00000	0,00000	5,66775	20,00000	0,00000	0,00000
5,68013	19,00000	0,00000	0,00000	5,68013	17,00000	0,00000	0,00000
5,69250	19,00000	0,00000	0,00000	5,69250	20,00000	0,00000	0,00000
5,70488	23,00000	0,00000	0,00000	5,70488	19,00000	0,00000	0,00000
5,71725	22,00000	0,00000	0,00000	5,71725	22,00000	0,00000	0,00000
5,72963	20,00000	0,00000	0,00000	5,72963	17,00000	0,00000	0,00000
5,74200	22,00000	0,00000	0,00000	5,74200	22,00000	0,00000	0,00000
5,75438	22,00000	0,00000	0,00000	5,75438	17,00000	0,00000	0,00000
5,76675	22,00000	0,00000	0,00000	5,76675	20,00000	0,00000	0,00000
5,77913	22,00000	0,00000	0,00000	5,77913	19,00000	0,00000	0,00000
5,79150	22,00000	0,00000	0,00000	5,79150	20,00000	0,00000	0,00000
5,80388	22,00000	0,00000	0,00000	5,80388	18,00000	0,00000	0,00000
5,81625	22,00000	0,00000	0,00000	5,81625	18,00000	0,00000	0,00000
5,82863	19,00000	0,00000	0,00000	5,82863	19,00000	0,00000	0,00000
5,84100	19,00000	0,00000	0,00000	5,84100	20,00000	0,00000	0,00000
5,85338	22,00000	0,00000	0,00000	5,85338	17,00000	0,00000	0,00000
5,86575	23,00000	0,00000	0,00000	5,86575	16,00000	0,00000	0,00000
5,87813	22,00000	0,00000	0,00000	5,87813	20,00000	0,00000	0,00000
5,89050	20,00000	0,00000	0,00000	5,89050	19,00000	0,00000	0,00000
5,90287	17,00000	0,00000	0,00000	5,90288	20,00000	0,00000	0,00000
5,91525	18,00000	0,00000	0,00000	0,00000	19,00000	0,00000	0,00000
5,92762	20,00000	0,00000	0,00000	0,00000	10,00000	0,00000	0,00000
5,94000	22,00000	0,00000	0,00000	0,00000	0,00000	0,00000	0,00000
5,95237	19,00000	0,00000	0,00000	0,00000	0,00000	0,00000	0,00000
5,96475	23,00000	0,00000	0,00000	0,00000	0,00000	0,00000	0,00000
5,97713	23,00000	0,00000	0,00000	0,00000	0,00000	0,00000	0,00000
5,98950	23,00000	0,00000	0,00000	0,00000	0,00000	0,00000	0,00000
6,00188	23,00000	0,00000	0,00000	0,00000	0,00000	0,00000	0,00000
6,01425	23,00000	0,00000	0,00000	0,00000	0,00000	0,00000	0,00000
6,02663	19,00000	0,00000	0,00000	0,00000	0,00000	0,00000	0,00000
6,03900	18,00000	0,00000	0,00000	0,00000	0,00000	0,00000	0,00000
6,05138	18,00000	0,00000	0,00000	0,00000	0,00000	0,00000	0,00000
6,06375	20,00000	0,00000	0,00000	0,00000	0,00000	0,00000	0,00000
6,07613	20,00000	0,00000	0,00000	0,00000	0,00000	0,00000	0,00000
6,08850	19,00000	0,00000	0,00000	0,00000	0,00000	0,00000	0,00000
6,10088	22,00000	0,00000	0,00000	0,00000	0,00000	0,00000	0,00000
6,11325	19,00000	0,00000	0,00000	0,00000	0,00000	0,00000	0,00000
6,12563	19,00000	0,00000	0,00000	0,00000	0,00000	0,00000	0,00000
6,13800	22,00000	0,00000	0,00000	0,00000	0,00000	0,00000	0,00000
6,15038	23,00000	0,00000	0,00000	0,00000	0,00000	0,00000	0,00000
6,16275	23,00000	0,00000	0,00000	0,00000	0,00000	0,00000	0,00000
6,17513	22,00000	0,00000	0,00000	0,00000	0,00000	0,00000	0,00000
6,18750	19,00000	0,00000	0,00000	0,00000	0,00000	0,00000	0,00000
6,19988	19,00000	0,00000	0,00000	0,00000	0,00000	0,00000	0,00000
6,21225	22,00000	0,00000	0,00000	0,00000	0,00000	0,00000	0,00000
6,22463	20,00000	0,00000	0,00000	0,00000	0,00000	0,00000	0,00000
6,23700	23,00000	0,00000	0,00000	0,00000	0,00000	0,00000	0,00000
6,24938	23,00000	0,00000	0,00000	0,00000	0,00000	0,00000	0,00000
6,26175	20,00000	0,00000	0,00000	0,00000	0,00000	0,00000	0,00000
6,27413	20,00000	0,00000	0,00000	0,00000	0,00000	0,00000	0,00000
6,28650	22,00000	0,00000	0,00000	0,00000	0,00000	0,00000	0,00000
6,29888	22,00000	0,00000	0,00000	0,00000	0,00000	0,00000	0,00000
6,31125	19,00000	0,00000	0,00000	0,00000	0,00000	0,00000	0,00000
6,32363	22,00000	0,00000	0,00000	0,00000	0,00000	0,00000	0,00000
6,33600	22,00000	0,00000	0,00000	0,00000	0,00000	0,00000	0,00000
6,34837	20,00000	0,00000	0,00000	0,00000	0,00000	0,00000	0,00000
6,36075	20,00000	0,00000	0,00000	0,00000	0,00000	0,00000	0,00000
6,37312	23,00000	0,00000	0,00000	0,00000	0,00000	0,00000	0,00000
6,38550	23,00000	0,00000	0,00000	0,00000	0,00000	0,00000	0,00000
6,39787	20,00000	0,00000	0,00000	0,00000	0,00000	0,00000	0,00000
6,41025	20,00000	0,00000	0,00000	0,00000	0,00000	0,00000	0,00000
6,42263	22,00000	0,00000	0,00000	0,00000	0,00000	0,00000	0,00000
6,43500	22,00000	0,00000	0,00000	0,00000	0,00000	0,00000	0,00000
6,44738	22,00000	0,00000	0,00000	0,00000	0,00000	0,00000	0,00000
6,45975	22,00000	0,00000	0,00000	0,00000	0,00000	0,00000	0,00000
6,47213	19,00000	0,00000	0,00000	0,00000	0,00000	0,00000	0,00000
6,48450	19,00000	0,00000	0,00000	0,00000	0,00000	0,00000	0,00000
6,49688	20,00000	0,00000	0,00000	0,00000	0,00000	0,00000	0,00000
6,50925	20,00000	0,00000	0,00000	0,00000	0,00000	0,00000	0,00000
6,52163	19,00000	0,00000	0,00000	0,00000	0,00000	0,00000	0,00000
6,53400	19,00000	0,00000	0,00000	0,00000	0,00000	0,00000	0,00000
6,54638	22,00000	0,00000	0,00000	0,00000	0,00000	0,00000	0,00000
6,55875	22,00000	0,00000	0,00000	0,00000	0,00000	0,00000	0,00000
6,57113	19,00000	0,00000	0,00000	0,00000	0,00000	0,00000	0,00000
6,58350	19,00000	0,00000	0,00000	0,00000	0,00000	0,00000	0,00000
6,59588	22,00000	0,00000	0,00000	0,00000	0,00000	0,00000	0,00000
6,60825	23,00000	0,00000	0,00000	0,00000	0,00000	0,00000	0,00000
6,62063	20,00000	0,00000	0,00000	0,00000	0,00000	0,00000	0,00000
6,63300	20,00000	0,00000	0,00000	0,00000	0,00000	0,00000	0,00000
6,64538	22,00000	0,00000	0,00000	0,00000	0,00000	0,00000	0,00000
6,65775	22,00000	0,00000	0,00000	0,00000	0,00000	0,00000	0,00000
6,67013	22,00000	0,00000	0,00000	0,00000	0,00000	0,00000	0,00000
6,68250	22,00000	0,00000	0,00000	0,00000	0,00000	0,00000	0,00000
6,69488	22,00000	0,00000	0,00000	0,00000	0,00000	0,00000	0,00000
6,70725	22,00000	0,00000	0,00000	0,00000	0,00000	0,00000	0,00000
6,71963	22,00000	0,00000	0,00000	0,00000	0,00000	0,00000	0,00000
6,73200	20,00000	0,00000	0,00000	0,00000	0,00000	0,00000	0,00000
6,74438	18,00000	0,00000	0,00000	0,00000	0,00000	0,00000	0,00000
6,75675	18,00000	0,00000	0,00000	0,00000	0,00000	0,00000	0,00000
6,76913	18,00000	0,00000	0,00000	0,00000	0,00000	0,00000	0,00000
6,78150	20,00000	0,00000	0,00000	0,00000	0,00000	0,00000	0,00000
6,79387	20,00000	0,00000	0,00000	0,00000	0,00000	0,00000	0,00000
6,80625	18,00000	0,00000	0,00000	0,00000	0,00000	0,00000	0,00000
6,81862	19,00000	0,00000	0,00000	0,00000	0,00000	0,00000	0,00000
6,83100	22,00000	0,00000	0,00000	0,00000	0,00000	0,00000	0,00000
6,84337	23,00000	0,00000	0,00000	0,00000	0,00000	0,00000	0,00000
6,85575	23,00000	0,00000	0,00000	0,00000	0,00000	0,00000	0,00000
6,86813	23,00000	0,00000	0,00000	0,00000	0,00000	0,00000	0,00000
6,88050	20,00000	0,00000	0,00000	0,00000	0,00000	0,00000	0,00000
6,89288	20,00000	0,00000	0,00000	0,00000	0,00000	0,00000	0,00000
6,90525	22,00000	0,00000	0,00000	0,00000	0,00000	0,00000	0,00000
6,91763	20,00000	0,00000	0,00000	0,00000	0,00000	0,00000	0,00000
6,93000	20,00000	0,00000	0,00000	0,00000	0,00000	0,00000	0,00000
6,94238	23,00000	0,00000	0,00000	0,00000	0,00000	0,00000	0,00000
6,95475	20,00000	0,00000	0,00000	0,00000	0,00000	0,00000	0,00000
6,96713	20,00000	0,00000	0,00000	0,00000	0,00000	0,00000	0,00000
6,97950	23,00000	0,00000	0,00000	0,00000	0,00000	0,00000	0,00000
6,99188	23,00000	0,00000	0,00000	0,00000	0,00000	0,00000	0,00000
7,00425	22,00000	0,00000	0,00000	0,00000	0,00000	0,00000	0,00000
7,01663	18,00000	0,00000	0,00000	0,00000	0,00000	0,00000	0,00000
7,02900	18,00000	0,00000	0,00000	0,00000	0,00000	0,00000	0,00000
7,04138	20,00000	0,00000	0,00000	0,00000	0,00000	0,00000	0,00000
7,05375	22,00000	0,00000	0,00000	0,00000	0,00000	0,00000	0,00000
7,06613	22,00000	0,00000	0,00000	0,00000	0,00000	0,00000	0,00000
7,07850	22,00000	0,00000	0,00000	0,00000	0,00000	0,00000	0,00000
7,09088	20,00000	0,00000	0,00000	0,00000	0,00000	0,00000	0,00000
7,10325	20,00000	0,00000	0,00000	0,00000	0,00000	0,00000	0,00000
7,11563	23,00000	0,00000	0,00000	0,00000	0,00000	0,00000	0,00000
7,12800	23,00000	0,00000	0,00000	0,00000	0,00000	0,00000	0,00000
7,14038	23,00000	0,00000	0,00000	0,00000	0,00000	0,00000	0,00000
7,15275	23,00000	0,00000	0,00000	0,00000	0,00000	0,00000	0,00000
7,16513	20,00000	0,00000	0,00000	0,00000	0,00000	0,00000	0,00000
7,17750	23,00000	0,00000	0,00000	0,00000	0,00000	0,00000	0,00000
7,18988	23,00000	0,00000	0,00000	0,00000	0,00000	0,00000	0,00000
7,20225	20,00000	0,00000	0,00000	0,00000	0,00000	0,00000	0,00000
7,21463	20,00000	0,00000	0,00000	0,00000	0,00000	0,00000	0,00000
7,22700	22,00000	0,00000	0,00000	0,00000	0,00000	0,00000	0,00000
7,23938	22,00000	0,00000	0,00000	0,00000	0,00000	0,00000	0,00000
7,25175	22,00000	0,00000	0,00000	0,00000	0,00000	0,00000	0,00000
7,26412	22,00000	0,00000	0,00000	0,00000	0,00000	0,00000	0,00000
7,27650	22,00000	0,00000	0,00000	0,00000	0,00000	0,00000	0,00000
7,28887	22,00000	0,00000	0,00000	0,00000	0,00000	0,00000	0,00000
7,30125	20,00000	0,00000	0,00000	0,00000	0,00000	0,00000	0,00000
7,31363	20,00000	0,00000	0,00000	0,00000	0,00000	0,00000	0,00000
7,32600	23,00000	0,00000	0,00000	0,00000	0,00000	0,00000	0,00000
7,33838	23,00000	0,00000	0,00000	0,00000	0,00000	0,00000	0,00000
7,35075	20,00000	0,00000	0,00000	0,00000	0,00000	0,00000	0,00000
7,36313	20,00000	0,00000	0,00000	0,00000	0,00000	0,00000	0,00000
7,37550	22,00000	0,00000	0,00000	0,00000	0,00000	0,00000	0,00000
7,38788	22,00000	0,00000	0,00000	0,00000	0,00000	0,00000	0,00000
7,40025	20,00000	0,00000	0,00000	0,00000	0,00000	0,00000	0,00000
7,41263	20,00000	0,00000	0,00000	0,00000	0,00000	0,00000	0,00000
7,42500	23,00000	0,00000	0,00000	0,00000	0,00000	0,00000	0,00000
7,43738	20,00000	0,00000	0,00000	0,00000	0,00000	0,00000	0,00000
7,44975	23,00000	0,00000	0,00000	0,00000	0,00000	0,00000	0,00000
7,46213	20,00000	0,00000	0,00000	0,00000	0,00000	0,00000	0,00000
7,47450	20,00000	0,00000	0,00000	0,00000	0,00000	0,00000	0,00000
7,48688	23,00000	0,00000	0,00000	0,00000	0,00000	0,00000	0,00000
7,49925	24,00000	0,00000	0,00000	0,00000	0,00000	0,00000	0,00000
7,51163	24,00000	0,00000	0,00000	0,00000	0,00000	0,00000	0,00000
7,52400	20,00000	0,00000	0,00000	0,00000	0,00000	0,00000	0,00000
7,53638	20,00000	0,00000	0,00000	0,00000	0,00000	0,00000	0,00000
7,54875	22,00000	0,00000	0,00000	0,00000	0,00000	0,00000	0,00000
7,56113	20,00000	0,00000	0,00000	0,00000	0,00000	0,00000	0,00000
7,57350	20,00000	0,00000	0,00000	0,00000	0,00000	0,00000	0,00000
7,58588	23,00000	0,00000	0,00000	0,00000	0,00000	0,00000	0,00000
7,59825	23,00000	0,00000	0,00000	0,00000	0,00000	0,00000	0,00000
7,61063	23,00000	0,00000	0,00000	0,00000	0,00000	0,00000	0,00000
7,62300	23,00000	0,00000	0,00000	0,00000	0,00000	0,00000	0,00000
7,63538	23,00000	0,00000	0,00000	0,00000	0,00000	0,00000	0,00000
7,64775	23,00000	0,00000	0,00000	0,00000	0,00000	0,00000	0,00000
7,66013	20,00000	0,00000	0,00000	0,00000	0,00000	0,00000	0,00000
7,67250	20,00000	0,00000	0,00000	0,00000	0,00000	0,00000	0,00000
7,68488	22,00000	0,00000	0,00000	0,00000	0,00000	0,00000	0,00000
7,69725	22,00000	0,00000	0,00000	0,00000	0,00000	0,00000	0,00000
7,70962	22,00000	0,00000	0,00000	0,00000	0,00000	0,00000	0,00000
7,72200	20,00000	0,00000	0,00000	0,00000	0,00000	0,00000	0,00000
7,73438	20,00000	0,00000	0,00000	0,00000	0,00000	0,00000	0,00000
7,74675	23,00000	0,00000	0,00000	0,00000	0,00000	0,00000	0,00000
7,75913	23,00000	0,00000	0,00000	0,00000	0,00000	0,00000	0,00000
7,77150	23,00000	0,00000	0,00000	0,00000	0,00000	0,00000	0,00000
7,78388	23,00000	0,00000	0,00000	0,00000	0,00000	0,00000	0,00000
7,79625	23,00000	0,00000	0,00000	0,00000	0,00000	0,00000	0,00000
7,80863	23,00000	0,00000	0,00000	0,00000	0,00000	0,00000	0,00000
7,82100	19,00000	0,00000	0,00000	0,00000	0,00000	0,00000	0,00000
7,83338	19,00000	0,00000	0,00000	0,00000	0,00000	0,00000	0,00000
7,84575	19,00000	0,00000	0,00000	0,00000	0,00000	0,00000	0,00000
7,85813	22,00000	0,00000	0,00000	0,00000	0,00000	0,00000	0,00000
7,87050	24,00000	0,00000	0,00000	0,00000	0,00000	0,00000	0,00000
7,88288	20,00000	0,00000	0,00000	0,00000	0,00000	0,00000	0,00000
0,00000	12,00000	0,00000	0,00000	0,00000	0,00000	0,00000	0,00000
0,00000	9,00000	0,00000	0,00000	0,00000	0,00000	0,00000	0,00000
