GRUPPE3_Greyline17.dat
04.10.2021
15:23:22
GRUPPE3

Gauss coefficients notation:
Amplitude
FWHM
Std.Abw.
[Fehler]
offset
BEAMCUT  LINES:

X H  in mm	Y H rel	Gauss fit H	H Gauss Coefficients	X V in mm	Y V rel	Gauss fit V	V Gauss Coefficientes
0,00000	18,00000	0,00000	0,00000	0,00000	17,00000	0,00000	0,00000
0,01238	18,00000	0,00000	0,00000	0,01238	17,00000	0,00000	0,00000
0,02475	18,00000	0,00000	0,00000	0,02475	20,00000	0,00000	0,00000
0,03713	18,00000	0,00000	0,00000	0,03713	20,00000	0,00000	0,00000
0,04950	18,00000	0,00000	0,00000	0,04950	19,00000	0,00000	0,00000
0,06187	18,00000	0,00000	0,00000	0,06188	17,00000	0,00000	0,00000
0,07425	18,00000	0,00000	0,00000	0,07425	17,00000	0,00000	0,00000
0,08663	17,00000	0,00000	0,00000	0,08663	18,00000	0,00000	0,00000
0,09900	17,00000	0,00000	0,00000	0,09900	20,00000	0,00000	0,00000
0,11138	19,00000	0,00000	0,00000	0,11138	19,00000	0,00000	0,00000
0,12375	19,00000	0,00000	0,00000	0,12375	18,00000	0,00000	0,00000
0,13612	19,00000	0,00000	0,00000	0,13613	18,00000	0,00000	0,00000
0,14850	18,00000	0,00000	0,00000	0,14850	18,00000	0,00000	0,00000
0,16088	18,00000	0,00000	0,00000	0,16088	17,00000	0,00000	0,00000
0,17325	20,00000	0,00000	0,00000	0,17325	17,00000	0,00000	0,00000
0,18563	20,00000	0,00000	0,00000	0,18563	18,00000	0,00000	0,00000
0,19800	18,00000	0,00000	0,00000	0,19800	17,00000	0,00000	0,00000
0,21038	18,00000	0,00000	0,00000	0,21038	18,00000	0,00000	0,00000
0,22275	19,00000	0,00000	0,00000	0,22275	18,00000	0,00000	0,00000
0,23513	19,00000	0,00000	0,00000	0,23513	19,00000	0,00000	0,00000
0,24750	17,00000	0,00000	0,00000	0,24750	18,00000	0,00000	0,00000
0,25988	17,00000	0,00000	0,00000	0,25988	20,00000	0,00000	0,00000
0,27225	17,00000	0,00000	0,00000	0,27225	19,00000	0,00000	0,00000
0,28463	17,00000	0,00000	0,00000	0,28463	19,00000	0,00000	0,00000
0,29700	20,00000	0,00000	0,00000	0,29700	19,00000	0,00000	0,00000
0,30938	22,00000	0,00000	0,00000	0,30938	19,00000	0,00000	0,00000
0,32175	20,00000	0,00000	0,00000	0,32175	18,00000	0,00000	0,00000
0,33413	18,00000	0,00000	0,00000	0,33413	22,00000	0,00000	0,00000
0,34650	19,00000	0,00000	0,00000	0,34650	17,00000	0,00000	0,00000
0,35887	19,00000	0,00000	0,00000	0,35888	22,00000	0,00000	0,00000
0,37125	17,00000	0,00000	0,00000	0,37125	17,00000	0,00000	0,00000
0,38362	17,00000	0,00000	0,00000	0,38363	22,00000	0,00000	0,00000
0,39600	19,00000	0,00000	0,00000	0,39600	17,00000	0,00000	0,00000
0,40838	17,00000	0,00000	0,00000	0,40838	20,00000	0,00000	0,00000
0,42075	17,00000	0,00000	0,00000	0,42075	16,00000	0,00000	0,00000
0,43313	17,00000	0,00000	0,00000	0,43313	17,00000	0,00000	0,00000
0,44550	17,00000	0,00000	0,00000	0,44550	20,00000	0,00000	0,00000
0,45788	19,00000	0,00000	0,00000	0,45788	17,00000	0,00000	0,00000
0,47025	18,00000	0,00000	0,00000	0,47025	18,00000	0,00000	0,00000
0,48263	20,00000	0,00000	0,00000	0,48263	17,00000	0,00000	0,00000
0,49500	20,00000	0,00000	0,00000	0,49500	20,00000	0,00000	0,00000
0,50738	20,00000	0,00000	0,00000	0,50738	17,00000	0,00000	0,00000
0,51975	20,00000	0,00000	0,00000	0,51975	20,00000	0,00000	0,00000
0,53213	20,00000	0,00000	0,00000	0,53213	17,00000	0,00000	0,00000
0,54450	18,00000	0,00000	0,00000	0,54450	20,00000	0,00000	0,00000
0,55688	18,00000	0,00000	0,00000	0,55688	17,00000	0,00000	0,00000
0,56925	19,00000	0,00000	0,00000	0,56925	17,00000	0,00000	0,00000
0,58163	19,00000	0,00000	0,00000	0,58163	17,00000	0,00000	0,00000
0,59400	18,00000	0,00000	0,00000	0,59400	18,00000	0,00000	0,00000
0,60637	16,00000	0,00000	0,00000	0,60638	17,00000	0,00000	0,00000
0,61875	16,00000	0,00000	0,00000	0,61875	17,00000	0,00000	0,00000
0,63113	19,00000	0,00000	0,00000	0,63113	17,00000	0,00000	0,00000
0,64350	20,00000	0,00000	0,00000	0,64350	17,00000	0,00000	0,00000
0,65587	20,00000	0,00000	0,00000	0,65588	17,00000	0,00000	0,00000
0,66825	19,00000	0,00000	0,00000	0,66825	19,00000	0,00000	0,00000
0,68063	17,00000	0,00000	0,00000	0,68063	18,00000	0,00000	0,00000
0,69300	17,00000	0,00000	0,00000	0,69300	20,00000	0,00000	0,00000
0,70538	19,00000	0,00000	0,00000	0,70538	19,00000	0,00000	0,00000
0,71775	19,00000	0,00000	0,00000	0,71775	17,00000	0,00000	0,00000
0,73013	18,00000	0,00000	0,00000	0,73013	17,00000	0,00000	0,00000
0,74250	18,00000	0,00000	0,00000	0,74250	18,00000	0,00000	0,00000
0,75488	20,00000	0,00000	0,00000	0,75488	18,00000	0,00000	0,00000
0,76725	19,00000	0,00000	0,00000	0,76725	17,00000	0,00000	0,00000
0,77963	19,00000	0,00000	0,00000	0,77963	17,00000	0,00000	0,00000
0,79200	17,00000	0,00000	0,00000	0,79200	18,00000	0,00000	0,00000
0,80438	17,00000	0,00000	0,00000	0,80438	17,00000	0,00000	0,00000
0,81675	17,00000	0,00000	0,00000	0,81675	18,00000	0,00000	0,00000
0,82913	17,00000	0,00000	0,00000	0,82913	19,00000	0,00000	0,00000
0,84150	19,00000	0,00000	0,00000	0,84150	19,00000	0,00000	0,00000
0,85388	19,00000	0,00000	0,00000	0,85388	20,00000	0,00000	0,00000
0,86625	20,00000	0,00000	0,00000	0,86625	18,00000	0,00000	0,00000
0,87862	18,00000	0,00000	0,00000	0,87863	17,00000	0,00000	0,00000
0,89100	18,00000	0,00000	0,00000	0,89100	17,00000	0,00000	0,00000
0,90338	20,00000	0,00000	0,00000	0,90338	19,00000	0,00000	0,00000
0,91575	20,00000	0,00000	0,00000	0,91575	17,00000	0,00000	0,00000
0,92813	20,00000	0,00000	0,00000	0,92813	18,00000	0,00000	0,00000
0,94050	19,00000	0,00000	0,00000	0,94050	18,00000	0,00000	0,00000
0,95288	17,00000	0,00000	0,00000	0,95288	19,00000	0,00000	0,00000
0,96525	17,00000	0,00000	0,00000	0,96525	17,00000	0,00000	0,00000
0,97763	18,00000	0,00000	0,00000	0,97763	20,00000	0,00000	0,00000
0,99000	17,00000	0,00000	0,00000	0,99000	17,00000	0,00000	0,00000
1,00238	17,00000	0,00000	0,00000	1,00238	17,00000	0,00000	0,00000
1,01475	19,00000	0,00000	0,00000	1,01475	18,00000	0,00000	0,00000
1,02713	19,00000	0,00000	0,00000	1,02713	20,00000	0,00000	0,00000
1,03950	17,00000	0,00000	0,00000	1,03950	18,00000	0,00000	0,00000
1,05188	17,00000	0,00000	0,00000	1,05188	17,00000	0,00000	0,00000
1,06425	19,00000	0,00000	0,00000	1,06425	19,00000	0,00000	0,00000
1,07662	19,00000	0,00000	0,00000	1,07663	17,00000	0,00000	0,00000
1,08900	19,00000	0,00000	0,00000	1,08900	19,00000	0,00000	0,00000
1,10137	19,00000	0,00000	0,00000	1,10138	19,00000	0,00000	0,00000
1,11375	17,00000	0,00000	0,00000	1,11375	19,00000	0,00000	0,00000
1,12613	17,00000	0,00000	0,00000	1,12613	19,00000	0,00000	0,00000
1,13850	17,00000	0,00000	0,00000	1,13850	17,00000	0,00000	0,00000
1,15088	19,00000	0,00000	0,00000	1,15088	17,00000	0,00000	0,00000
1,16325	20,00000	0,00000	0,00000	1,16325	17,00000	0,00000	0,00000
1,17563	20,00000	0,00000	0,00000	1,17563	19,00000	0,00000	0,00000
1,18800	20,00000	0,00000	0,00000	1,18800	17,00000	0,00000	0,00000
1,20037	20,00000	0,00000	0,00000	1,20038	19,00000	0,00000	0,00000
1,21275	20,00000	0,00000	0,00000	1,21275	16,00000	0,00000	0,00000
1,22513	17,00000	0,00000	0,00000	1,22513	18,00000	0,00000	0,00000
1,23750	17,00000	0,00000	0,00000	1,23750	19,00000	0,00000	0,00000
1,24988	18,00000	0,00000	0,00000	1,24988	20,00000	0,00000	0,00000
1,26225	18,00000	0,00000	0,00000	1,26225	17,00000	0,00000	0,00000
1,27463	16,00000	0,00000	0,00000	1,27463	16,00000	0,00000	0,00000
1,28700	16,00000	0,00000	0,00000	1,28700	17,00000	0,00000	0,00000
1,29938	19,00000	0,00000	0,00000	1,29938	17,00000	0,00000	0,00000
1,31175	20,00000	0,00000	0,00000	1,31175	18,00000	0,00000	0,00000
1,32412	18,00000	0,00000	0,00000	1,32413	17,00000	0,00000	0,00000
1,33650	18,00000	0,00000	0,00000	1,33650	19,00000	0,00000	0,00000
1,34888	19,00000	0,00000	0,00000	1,34888	17,00000	0,00000	0,00000
1,36125	19,00000	0,00000	0,00000	1,36125	17,00000	0,00000	0,00000
1,37363	19,00000	0,00000	0,00000	1,37363	17,00000	0,00000	0,00000
1,38600	19,00000	0,00000	0,00000	1,38600	18,00000	0,00000	0,00000
1,39838	19,00000	0,00000	0,00000	1,39838	17,00000	0,00000	0,00000
1,41075	19,00000	0,00000	0,00000	1,41075	19,00000	0,00000	0,00000
1,42312	19,00000	0,00000	0,00000	1,42313	19,00000	0,00000	0,00000
1,43550	18,00000	0,00000	0,00000	1,43550	19,00000	0,00000	0,00000
1,44788	18,00000	0,00000	0,00000	1,44788	16,00000	0,00000	0,00000
1,46025	20,00000	0,00000	0,00000	1,46025	19,00000	0,00000	0,00000
1,47263	20,00000	0,00000	0,00000	1,47263	17,00000	0,00000	0,00000
1,48500	17,00000	0,00000	0,00000	1,48500	17,00000	0,00000	0,00000
1,49738	17,00000	0,00000	0,00000	1,49738	16,00000	0,00000	0,00000
1,50975	19,00000	0,00000	0,00000	1,50975	19,00000	0,00000	0,00000
1,52213	19,00000	0,00000	0,00000	1,52213	16,00000	0,00000	0,00000
1,53450	19,00000	0,00000	0,00000	1,53450	16,00000	0,00000	0,00000
1,54688	19,00000	0,00000	0,00000	1,54688	17,00000	0,00000	0,00000
1,55925	17,00000	0,00000	0,00000	1,55925	16,00000	0,00000	0,00000
1,57163	18,00000	0,00000	0,00000	1,57163	17,00000	0,00000	0,00000
1,58400	16,00000	0,00000	0,00000	1,58400	16,00000	0,00000	0,00000
1,59638	16,00000	0,00000	0,00000	1,59638	16,00000	0,00000	0,00000
1,60875	18,00000	0,00000	0,00000	1,60875	19,00000	0,00000	0,00000
1,62113	19,00000	0,00000	0,00000	1,62113	16,00000	0,00000	0,00000
1,63350	19,00000	0,00000	0,00000	1,63350	17,00000	0,00000	0,00000
1,64587	19,00000	0,00000	0,00000	1,64588	17,00000	0,00000	0,00000
1,65825	19,00000	0,00000	0,00000	1,65825	19,00000	0,00000	0,00000
1,67063	19,00000	0,00000	0,00000	1,67063	19,00000	0,00000	0,00000
1,68300	19,00000	0,00000	0,00000	1,68300	17,00000	0,00000	0,00000
1,69538	17,00000	0,00000	0,00000	1,69538	18,00000	0,00000	0,00000
1,70775	18,00000	0,00000	0,00000	1,70775	17,00000	0,00000	0,00000
1,72013	16,00000	0,00000	0,00000	1,72013	17,00000	0,00000	0,00000
1,73250	16,00000	0,00000	0,00000	1,73250	19,00000	0,00000	0,00000
1,74488	16,00000	0,00000	0,00000	1,74488	17,00000	0,00000	0,00000
1,75725	17,00000	0,00000	0,00000	1,75725	19,00000	0,00000	0,00000
1,76963	19,00000	0,00000	0,00000	1,76963	17,00000	0,00000	0,00000
1,78200	20,00000	0,00000	0,00000	1,78200	18,00000	0,00000	0,00000
1,79438	20,00000	0,00000	0,00000	1,79438	19,00000	0,00000	0,00000
1,80675	20,00000	0,00000	0,00000	1,80675	17,00000	0,00000	0,00000
1,81913	18,00000	0,00000	0,00000	1,81913	20,00000	0,00000	0,00000
1,83150	19,00000	0,00000	0,00000	1,83150	19,00000	0,00000	0,00000
1,84388	19,00000	0,00000	0,00000	1,84388	18,00000	0,00000	0,00000
1,85625	17,00000	0,00000	0,00000	1,85625	18,00000	0,00000	0,00000
1,86862	17,00000	0,00000	0,00000	1,86863	17,00000	0,00000	0,00000
1,88100	17,00000	0,00000	0,00000	1,88100	17,00000	0,00000	0,00000
1,89338	19,00000	0,00000	0,00000	1,89338	16,00000	0,00000	0,00000
1,90575	19,00000	0,00000	0,00000	1,90575	17,00000	0,00000	0,00000
1,91813	18,00000	0,00000	0,00000	1,91813	17,00000	0,00000	0,00000
1,93050	18,00000	0,00000	0,00000	1,93050	17,00000	0,00000	0,00000
1,94288	20,00000	0,00000	0,00000	1,94288	17,00000	0,00000	0,00000
1,95525	19,00000	0,00000	0,00000	1,95525	16,00000	0,00000	0,00000
1,96763	17,00000	0,00000	0,00000	1,96763	18,00000	0,00000	0,00000
1,98000	19,00000	0,00000	0,00000	1,98000	17,00000	0,00000	0,00000
1,99238	20,00000	0,00000	0,00000	1,99238	17,00000	0,00000	0,00000
2,00475	19,00000	0,00000	0,00000	2,00475	19,00000	0,00000	0,00000
2,01713	19,00000	0,00000	0,00000	2,01713	19,00000	0,00000	0,00000
2,02950	18,00000	0,00000	0,00000	2,02950	19,00000	0,00000	0,00000
2,04188	16,00000	0,00000	0,00000	2,04188	18,00000	0,00000	0,00000
2,05425	16,00000	0,00000	0,00000	2,05425	19,00000	0,00000	0,00000
2,06663	18,00000	0,00000	0,00000	2,06663	22,00000	0,00000	0,00000
2,07900	18,00000	0,00000	0,00000	2,07900	22,00000	0,00000	0,00000
2,09138	17,00000	0,00000	0,00000	2,09138	24,00000	0,00000	0,00000
2,10375	19,00000	0,00000	0,00000	2,10375	26,00000	0,00000	0,00000
2,11613	19,00000	0,00000	0,00000	2,11613	31,00000	0,00000	0,00000
2,12850	19,00000	0,00000	0,00000	2,12850	39,00000	0,00000	0,00000
2,14088	19,00000	0,00000	0,00000	2,14088	41,00000	0,00000	0,00000
2,15325	19,00000	0,00000	0,00000	2,15325	50,00000	0,00000	0,00000
2,16562	19,00000	0,00000	0,00000	2,16563	55,00000	0,00000	0,00000
2,17800	19,00000	0,00000	0,00000	2,17800	62,00000	0,00000	0,00000
2,19037	17,00000	0,00000	0,00000	2,19038	69,00000	0,00000	0,00000
2,20275	17,00000	0,00000	0,00000	2,20275	82,00000	0,00000	0,00000
2,21513	19,00000	0,00000	0,00000	2,21513	93,00000	0,00000	0,00000
2,22750	17,00000	0,00000	0,00000	2,22750	98,00000	0,00000	0,00000
2,23988	17,00000	0,00000	0,00000	2,23988	102,00000	0,00000	0,00000
2,25225	19,00000	0,00000	0,00000	2,25225	112,00000	0,00000	0,00000
2,26463	19,00000	0,00000	0,00000	2,26463	117,00000	0,00000	0,00000
2,27700	20,00000	0,00000	0,00000	2,27700	130,00000	0,00000	0,00000
2,28938	18,00000	0,00000	0,00000	2,28938	133,00000	0,00000	0,00000
2,30175	18,00000	0,00000	0,00000	2,30175	135,00000	0,00000	0,00000
2,31413	18,00000	0,00000	0,00000	2,31413	131,00000	0,00000	0,00000
2,32650	20,00000	0,00000	0,00000	2,32650	140,00000	0,00000	0,00000
2,33888	22,00000	0,00000	0,00000	2,33888	140,00000	0,00000	0,00000
2,35125	19,00000	0,00000	0,00000	2,35125	146,00000	0,00000	0,00000
2,36363	22,00000	0,00000	0,00000	2,36363	142,00000	0,00000	0,00000
2,37600	20,00000	0,00000	0,00000	2,37600	137,00000	0,00000	0,00000
2,38837	18,00000	0,00000	0,00000	2,38838	125,00000	0,00000	0,00000
2,40075	19,00000	0,00000	0,00000	2,40075	112,00000	0,00000	0,00000
2,41312	19,00000	0,00000	0,00000	2,41313	101,00000	0,00000	0,00000
2,42550	17,00000	0,00000	0,00000	2,42550	91,00000	0,00000	0,00000
2,43788	17,00000	0,00000	0,00000	2,43788	80,00000	0,00000	0,00000
2,45025	17,00000	0,00000	0,00000	2,45025	66,00000	0,00000	0,00000
2,46263	19,00000	0,00000	0,00000	2,46263	58,00000	0,00000	0,00000
2,47500	19,00000	0,00000	0,00000	2,47500	51,00000	0,00000	0,00000
2,48738	18,00000	0,00000	0,00000	2,48738	43,00000	0,00000	0,00000
2,49975	20,00000	0,00000	0,00000	2,49975	34,00000	0,00000	0,00000
2,51213	20,00000	0,00000	0,00000	2,51213	30,00000	0,00000	0,00000
2,52450	18,00000	0,00000	0,00000	2,52450	25,00000	0,00000	0,00000
2,53688	17,00000	0,00000	0,00000	2,53688	23,00000	0,00000	0,00000
2,54925	19,00000	0,00000	0,00000	2,54925	19,00000	0,00000	0,00000
2,56163	19,00000	0,00000	0,00000	2,56163	19,00000	0,00000	0,00000
2,57400	18,00000	0,00000	0,00000	2,57400	18,00000	0,00000	0,00000
2,58638	16,00000	0,00000	0,00000	2,58638	17,00000	0,00000	0,00000
2,59875	16,00000	0,00000	0,00000	2,59875	17,00000	0,00000	0,00000
2,61112	18,00000	0,00000	0,00000	2,61113	19,00000	0,00000	0,00000
2,62350	18,00000	0,00000	0,00000	2,62350	23,00000	0,00000	0,00000
2,63587	17,00000	0,00000	0,00000	2,63588	18,00000	0,00000	0,00000
2,64825	17,00000	0,00000	0,00000	2,64825	20,00000	0,00000	0,00000
2,66063	19,00000	0,00000	0,00000	2,66063	18,00000	0,00000	0,00000
2,67300	19,00000	0,00000	0,00000	2,67300	19,00000	0,00000	0,00000
2,68538	19,00000	0,00000	0,00000	2,68538	18,00000	0,00000	0,00000
2,69775	19,00000	0,00000	0,00000	2,69775	17,00000	0,00000	0,00000
2,71013	19,00000	0,00000	0,00000	2,71013	17,00000	0,00000	0,00000
2,72250	17,00000	0,00000	0,00000	2,72250	18,00000	0,00000	0,00000
2,73488	17,00000	0,00000	0,00000	2,73488	19,00000	0,00000	0,00000
2,74725	18,00000	0,00000	0,00000	2,74725	19,00000	0,00000	0,00000
2,75963	18,00000	0,00000	0,00000	2,75963	17,00000	0,00000	0,00000
2,77200	18,00000	0,00000	0,00000	2,77200	19,00000	0,00000	0,00000
2,78438	17,00000	0,00000	0,00000	2,78438	17,00000	0,00000	0,00000
2,79675	17,00000	0,00000	0,00000	2,79675	19,00000	0,00000	0,00000
2,80913	19,00000	0,00000	0,00000	2,80913	18,00000	0,00000	0,00000
2,82150	20,00000	0,00000	0,00000	2,82150	16,00000	0,00000	0,00000
2,83387	17,00000	0,00000	0,00000	2,83388	18,00000	0,00000	0,00000
2,84625	17,00000	0,00000	0,00000	2,84625	17,00000	0,00000	0,00000
2,85862	19,00000	0,00000	0,00000	2,85863	18,00000	0,00000	0,00000
2,87100	19,00000	0,00000	0,00000	2,87100	19,00000	0,00000	0,00000
2,88338	17,00000	0,00000	0,00000	2,88338	17,00000	0,00000	0,00000
2,89575	17,00000	0,00000	0,00000	2,89575	16,00000	0,00000	0,00000
2,90813	19,00000	0,00000	0,00000	2,90813	19,00000	0,00000	0,00000
2,92050	19,00000	0,00000	0,00000	2,92050	17,00000	0,00000	0,00000
2,93288	17,00000	0,00000	0,00000	2,93288	17,00000	0,00000	0,00000
2,94525	17,00000	0,00000	0,00000	2,94525	17,00000	0,00000	0,00000
2,95763	19,00000	0,00000	0,00000	2,95763	17,00000	0,00000	0,00000
2,97000	23,00000	0,00000	0,00000	2,97000	17,00000	0,00000	0,00000
2,98238	18,00000	0,00000	0,00000	2,98238	18,00000	0,00000	0,00000
2,99475	18,00000	0,00000	0,00000	2,99475	16,00000	0,00000	0,00000
3,00713	18,00000	0,00000	0,00000	3,00713	17,00000	0,00000	0,00000
3,01950	20,00000	0,00000	0,00000	3,01950	18,00000	0,00000	0,00000
3,03188	20,00000	0,00000	0,00000	3,03188	19,00000	0,00000	0,00000
3,04425	20,00000	0,00000	0,00000	3,04425	16,00000	0,00000	0,00000
3,05662	20,00000	0,00000	0,00000	3,05663	19,00000	0,00000	0,00000
3,06900	20,00000	0,00000	0,00000	3,06900	19,00000	0,00000	0,00000
3,08137	20,00000	0,00000	0,00000	3,08138	16,00000	0,00000	0,00000
3,09375	18,00000	0,00000	0,00000	3,09375	17,00000	0,00000	0,00000
3,10613	18,00000	0,00000	0,00000	3,10613	19,00000	0,00000	0,00000
3,11850	19,00000	0,00000	0,00000	3,11850	16,00000	0,00000	0,00000
3,13088	19,00000	0,00000	0,00000	3,13088	18,00000	0,00000	0,00000
3,14325	19,00000	0,00000	0,00000	3,14325	16,00000	0,00000	0,00000
3,15563	17,00000	0,00000	0,00000	3,15563	17,00000	0,00000	0,00000
3,16800	17,00000	0,00000	0,00000	3,16800	19,00000	0,00000	0,00000
3,18038	19,00000	0,00000	0,00000	3,18038	19,00000	0,00000	0,00000
3,19275	20,00000	0,00000	0,00000	3,19275	17,00000	0,00000	0,00000
3,20513	19,00000	0,00000	0,00000	3,20513	18,00000	0,00000	0,00000
3,21750	19,00000	0,00000	0,00000	3,21750	17,00000	0,00000	0,00000
3,22988	16,00000	0,00000	0,00000	3,22988	17,00000	0,00000	0,00000
3,24225	16,00000	0,00000	0,00000	3,24225	17,00000	0,00000	0,00000
3,25463	18,00000	0,00000	0,00000	3,25463	17,00000	0,00000	0,00000
3,26700	18,00000	0,00000	0,00000	3,26700	19,00000	0,00000	0,00000
3,27938	17,00000	0,00000	0,00000	3,27938	19,00000	0,00000	0,00000
3,29175	19,00000	0,00000	0,00000	3,29175	17,00000	0,00000	0,00000
3,30412	17,00000	0,00000	0,00000	3,30413	17,00000	0,00000	0,00000
3,31650	17,00000	0,00000	0,00000	3,31650	18,00000	0,00000	0,00000
3,32888	17,00000	0,00000	0,00000	3,32888	16,00000	0,00000	0,00000
3,34125	19,00000	0,00000	0,00000	3,34125	17,00000	0,00000	0,00000
3,35363	19,00000	0,00000	0,00000	3,35363	18,00000	0,00000	0,00000
3,36600	17,00000	0,00000	0,00000	3,36600	16,00000	0,00000	0,00000
3,37838	17,00000	0,00000	0,00000	3,37838	18,00000	0,00000	0,00000
3,39075	17,00000	0,00000	0,00000	3,39075	19,00000	0,00000	0,00000
3,40313	19,00000	0,00000	0,00000	3,40313	19,00000	0,00000	0,00000
3,41550	19,00000	0,00000	0,00000	3,41550	16,00000	0,00000	0,00000
3,42788	19,00000	0,00000	0,00000	3,42788	16,00000	0,00000	0,00000
3,44025	17,00000	0,00000	0,00000	3,44025	18,00000	0,00000	0,00000
3,45263	17,00000	0,00000	0,00000	3,45263	18,00000	0,00000	0,00000
3,46500	17,00000	0,00000	0,00000	3,46500	18,00000	0,00000	0,00000
3,47738	19,00000	0,00000	0,00000	3,47738	18,00000	0,00000	0,00000
3,48975	19,00000	0,00000	0,00000	3,48975	18,00000	0,00000	0,00000
3,50213	17,00000	0,00000	0,00000	3,50213	17,00000	0,00000	0,00000
3,51450	17,00000	0,00000	0,00000	3,51450	16,00000	0,00000	0,00000
3,52687	17,00000	0,00000	0,00000	3,52688	19,00000	0,00000	0,00000
3,53925	20,00000	0,00000	0,00000	3,53925	18,00000	0,00000	0,00000
3,55163	22,00000	0,00000	0,00000	3,55163	16,00000	0,00000	0,00000
3,56400	20,00000	0,00000	0,00000	3,56400	16,00000	0,00000	0,00000
3,57638	20,00000	0,00000	0,00000	3,57638	16,00000	0,00000	0,00000
3,58875	17,00000	0,00000	0,00000	3,58875	18,00000	0,00000	0,00000
3,60113	19,00000	0,00000	0,00000	3,60113	18,00000	0,00000	0,00000
3,61350	19,00000	0,00000	0,00000	3,61350	16,00000	0,00000	0,00000
3,62588	17,00000	0,00000	0,00000	3,62588	16,00000	0,00000	0,00000
3,63825	18,00000	0,00000	0,00000	3,63825	16,00000	0,00000	0,00000
3,65063	16,00000	0,00000	0,00000	3,65063	18,00000	0,00000	0,00000
3,66300	16,00000	0,00000	0,00000	3,66300	18,00000	0,00000	0,00000
3,67538	18,00000	0,00000	0,00000	3,67538	16,00000	0,00000	0,00000
3,68775	18,00000	0,00000	0,00000	3,68775	19,00000	0,00000	0,00000
3,70013	18,00000	0,00000	0,00000	3,70013	19,00000	0,00000	0,00000
3,71250	18,00000	0,00000	0,00000	3,71250	17,00000	0,00000	0,00000
3,72488	18,00000	0,00000	0,00000	3,72488	18,00000	0,00000	0,00000
3,73725	17,00000	0,00000	0,00000	3,73725	17,00000	0,00000	0,00000
3,74962	17,00000	0,00000	0,00000	3,74963	19,00000	0,00000	0,00000
3,76200	19,00000	0,00000	0,00000	3,76200	16,00000	0,00000	0,00000
3,77438	19,00000	0,00000	0,00000	3,77438	18,00000	0,00000	0,00000
3,78675	17,00000	0,00000	0,00000	3,78675	16,00000	0,00000	0,00000
3,79913	17,00000	0,00000	0,00000	3,79913	18,00000	0,00000	0,00000
3,81150	19,00000	0,00000	0,00000	3,81150	19,00000	0,00000	0,00000
3,82388	20,00000	0,00000	0,00000	3,82388	19,00000	0,00000	0,00000
3,83625	18,00000	0,00000	0,00000	3,83625	17,00000	0,00000	0,00000
3,84863	19,00000	0,00000	0,00000	3,84863	18,00000	0,00000	0,00000
3,86100	19,00000	0,00000	0,00000	3,86100	17,00000	0,00000	0,00000
3,87338	17,00000	0,00000	0,00000	3,87338	18,00000	0,00000	0,00000
3,88575	17,00000	0,00000	0,00000	3,88575	16,00000	0,00000	0,00000
3,89813	19,00000	0,00000	0,00000	3,89813	18,00000	0,00000	0,00000
3,91050	19,00000	0,00000	0,00000	3,91050	17,00000	0,00000	0,00000
3,92288	18,00000	0,00000	0,00000	3,92288	18,00000	0,00000	0,00000
3,93525	18,00000	0,00000	0,00000	3,93525	18,00000	0,00000	0,00000
3,94763	20,00000	0,00000	0,00000	3,94763	16,00000	0,00000	0,00000
3,96000	20,00000	0,00000	0,00000	3,96000	16,00000	0,00000	0,00000
3,97237	18,00000	0,00000	0,00000	3,97238	18,00000	0,00000	0,00000
3,98475	18,00000	0,00000	0,00000	3,98475	19,00000	0,00000	0,00000
3,99713	19,00000	0,00000	0,00000	3,99713	17,00000	0,00000	0,00000
4,00950	19,00000	0,00000	0,00000	4,00950	19,00000	0,00000	0,00000
4,02188	19,00000	0,00000	0,00000	4,02188	17,00000	0,00000	0,00000
4,03425	17,00000	0,00000	0,00000	4,03425	18,00000	0,00000	0,00000
4,04663	17,00000	0,00000	0,00000	4,04663	18,00000	0,00000	0,00000
4,05900	17,00000	0,00000	0,00000	4,05900	18,00000	0,00000	0,00000
4,07138	19,00000	0,00000	0,00000	4,07138	18,00000	0,00000	0,00000
4,08375	18,00000	0,00000	0,00000	4,08375	16,00000	0,00000	0,00000
4,09612	20,00000	0,00000	0,00000	4,09613	17,00000	0,00000	0,00000
4,10850	20,00000	0,00000	0,00000	4,10850	18,00000	0,00000	0,00000
4,12087	18,00000	0,00000	0,00000	4,12088	17,00000	0,00000	0,00000
4,13325	19,00000	0,00000	0,00000	4,13325	17,00000	0,00000	0,00000
4,14562	18,00000	0,00000	0,00000	4,14563	18,00000	0,00000	0,00000
4,15800	16,00000	0,00000	0,00000	4,15800	16,00000	0,00000	0,00000
4,17037	16,00000	0,00000	0,00000	4,17038	18,00000	0,00000	0,00000
4,18275	16,00000	0,00000	0,00000	4,18275	17,00000	0,00000	0,00000
4,19512	17,00000	0,00000	0,00000	4,19513	18,00000	0,00000	0,00000
4,20750	19,00000	0,00000	0,00000	4,20750	17,00000	0,00000	0,00000
4,21988	20,00000	0,00000	0,00000	4,21988	19,00000	0,00000	0,00000
4,23225	18,00000	0,00000	0,00000	4,23225	18,00000	0,00000	0,00000
4,24463	18,00000	0,00000	0,00000	4,24463	18,00000	0,00000	0,00000
4,25700	19,00000	0,00000	0,00000	4,25700	18,00000	0,00000	0,00000
4,26938	19,00000	0,00000	0,00000	4,26938	16,00000	0,00000	0,00000
4,28175	19,00000	0,00000	0,00000	4,28175	16,00000	0,00000	0,00000
4,29413	17,00000	0,00000	0,00000	4,29413	18,00000	0,00000	0,00000
4,30650	17,00000	0,00000	0,00000	4,30650	19,00000	0,00000	0,00000
4,31888	19,00000	0,00000	0,00000	4,31888	18,00000	0,00000	0,00000
4,33125	19,00000	0,00000	0,00000	4,33125	17,00000	0,00000	0,00000
4,34363	17,00000	0,00000	0,00000	4,34363	18,00000	0,00000	0,00000
4,35600	17,00000	0,00000	0,00000	4,35600	16,00000	0,00000	0,00000
4,36838	19,00000	0,00000	0,00000	4,36838	19,00000	0,00000	0,00000
4,38075	20,00000	0,00000	0,00000	4,38075	18,00000	0,00000	0,00000
4,39313	19,00000	0,00000	0,00000	4,39313	16,00000	0,00000	0,00000
4,40550	20,00000	0,00000	0,00000	4,40550	18,00000	0,00000	0,00000
4,41788	23,00000	0,00000	0,00000	4,41788	18,00000	0,00000	0,00000
4,43025	26,00000	0,00000	0,00000	4,43025	19,00000	0,00000	0,00000
4,44263	30,00000	0,00000	0,00000	4,44263	19,00000	0,00000	0,00000
4,45500	38,00000	0,00000	0,00000	4,45500	16,00000	0,00000	0,00000
4,46738	43,00000	0,00000	0,00000	4,46738	16,00000	0,00000	0,00000
4,47975	44,00000	0,00000	0,00000	4,47975	17,00000	0,00000	0,00000
4,49213	53,00000	0,00000	0,00000	4,49213	20,00000	0,00000	0,00000
4,50450	67,00000	0,00000	0,00000	4,50450	19,00000	0,00000	0,00000
4,51688	75,00000	0,00000	0,00000	4,51688	18,00000	0,00000	0,00000
4,52925	84,00000	0,00000	0,00000	4,52925	19,00000	0,00000	0,00000
4,54162	98,00000	0,00000	0,00000	4,54163	18,00000	0,00000	0,00000
4,55400	112,00000	0,00000	0,00000	4,55400	18,00000	0,00000	0,00000
4,56637	115,00000	0,00000	0,00000	4,56638	18,00000	0,00000	0,00000
4,57875	114,00000	0,00000	0,00000	4,57875	19,00000	0,00000	0,00000
4,59112	125,00000	0,00000	0,00000	4,59113	16,00000	0,00000	0,00000
4,60350	143,00000	0,00000	0,00000	4,60350	18,00000	0,00000	0,00000
4,61587	147,00000	0,00000	0,00000	4,61588	17,00000	0,00000	0,00000
4,62825	140,00000	0,00000	0,00000	4,62825	18,00000	0,00000	0,00000
4,64063	136,00000	0,00000	0,00000	4,64063	17,00000	0,00000	0,00000
4,65300	140,00000	0,00000	0,00000	4,65300	16,00000	0,00000	0,00000
4,66538	146,00000	0,00000	0,00000	4,66538	16,00000	0,00000	0,00000
4,67775	138,00000	0,00000	0,00000	4,67775	19,00000	0,00000	0,00000
4,69013	122,00000	0,00000	0,00000	4,69013	16,00000	0,00000	0,00000
4,70250	111,00000	0,00000	0,00000	4,70250	18,00000	0,00000	0,00000
4,71488	107,00000	0,00000	0,00000	4,71488	17,00000	0,00000	0,00000
4,72725	105,00000	0,00000	0,00000	4,72725	17,00000	0,00000	0,00000
4,73963	96,00000	0,00000	0,00000	4,73963	19,00000	0,00000	0,00000
4,75200	83,00000	0,00000	0,00000	4,75200	18,00000	0,00000	0,00000
4,76438	71,00000	0,00000	0,00000	4,76438	18,00000	0,00000	0,00000
4,77675	61,00000	0,00000	0,00000	4,77675	16,00000	0,00000	0,00000
4,78913	53,00000	0,00000	0,00000	4,78913	17,00000	0,00000	0,00000
4,80150	46,00000	0,00000	0,00000	4,80150	18,00000	0,00000	0,00000
4,81388	39,00000	0,00000	0,00000	4,81388	16,00000	0,00000	0,00000
4,82625	34,00000	0,00000	0,00000	4,82625	18,00000	0,00000	0,00000
4,83863	30,00000	0,00000	0,00000	4,83863	16,00000	0,00000	0,00000
4,85100	26,00000	0,00000	0,00000	4,85100	19,00000	0,00000	0,00000
4,86338	24,00000	0,00000	0,00000	4,86338	18,00000	0,00000	0,00000
4,87575	22,00000	0,00000	0,00000	4,87575	18,00000	0,00000	0,00000
4,88813	22,00000	0,00000	0,00000	4,88813	17,00000	0,00000	0,00000
4,90050	18,00000	0,00000	0,00000	4,90050	16,00000	0,00000	0,00000
4,91288	17,00000	0,00000	0,00000	4,91288	16,00000	0,00000	0,00000
4,92525	17,00000	0,00000	0,00000	4,92525	18,00000	0,00000	0,00000
4,93763	17,00000	0,00000	0,00000	4,93763	17,00000	0,00000	0,00000
4,95000	19,00000	0,00000	0,00000	4,95000	16,00000	0,00000	0,00000
4,96238	19,00000	0,00000	0,00000	4,96238	16,00000	0,00000	0,00000
4,97475	19,00000	0,00000	0,00000	4,97475	16,00000	0,00000	0,00000
4,98712	19,00000	0,00000	0,00000	4,98713	15,00000	0,00000	0,00000
4,99950	19,00000	0,00000	0,00000	4,99950	18,00000	0,00000	0,00000
5,01187	19,00000	0,00000	0,00000	5,01188	15,00000	0,00000	0,00000
5,02425	17,00000	0,00000	0,00000	5,02425	18,00000	0,00000	0,00000
5,03662	18,00000	0,00000	0,00000	5,03663	16,00000	0,00000	0,00000
5,04900	16,00000	0,00000	0,00000	5,04900	18,00000	0,00000	0,00000
5,06137	18,00000	0,00000	0,00000	5,06138	16,00000	0,00000	0,00000
5,07375	19,00000	0,00000	0,00000	5,07375	18,00000	0,00000	0,00000
5,08613	17,00000	0,00000	0,00000	5,08613	17,00000	0,00000	0,00000
5,09850	17,00000	0,00000	0,00000	5,09850	19,00000	0,00000	0,00000
5,11088	19,00000	0,00000	0,00000	5,11088	16,00000	0,00000	0,00000
5,12325	17,00000	0,00000	0,00000	5,12325	19,00000	0,00000	0,00000
5,13563	17,00000	0,00000	0,00000	5,13563	18,00000	0,00000	0,00000
5,14800	17,00000	0,00000	0,00000	5,14800	19,00000	0,00000	0,00000
5,16038	19,00000	0,00000	0,00000	5,16038	17,00000	0,00000	0,00000
5,17275	18,00000	0,00000	0,00000	5,17275	18,00000	0,00000	0,00000
5,18513	15,00000	0,00000	0,00000	5,18513	19,00000	0,00000	0,00000
5,19750	15,00000	0,00000	0,00000	5,19750	17,00000	0,00000	0,00000
5,20988	18,00000	0,00000	0,00000	5,20988	18,00000	0,00000	0,00000
5,22225	18,00000	0,00000	0,00000	5,22225	17,00000	0,00000	0,00000
5,23463	16,00000	0,00000	0,00000	5,23463	18,00000	0,00000	0,00000
5,24700	16,00000	0,00000	0,00000	5,24700	16,00000	0,00000	0,00000
5,25938	16,00000	0,00000	0,00000	5,25938	17,00000	0,00000	0,00000
5,27175	18,00000	0,00000	0,00000	5,27175	17,00000	0,00000	0,00000
5,28413	18,00000	0,00000	0,00000	5,28413	16,00000	0,00000	0,00000
5,29650	17,00000	0,00000	0,00000	5,29650	17,00000	0,00000	0,00000
5,30888	15,00000	0,00000	0,00000	5,30888	18,00000	0,00000	0,00000
5,32125	15,00000	0,00000	0,00000	5,32125	17,00000	0,00000	0,00000
5,33363	18,00000	0,00000	0,00000	5,33363	18,00000	0,00000	0,00000
5,34600	19,00000	0,00000	0,00000	5,34600	16,00000	0,00000	0,00000
5,35838	20,00000	0,00000	0,00000	5,35838	16,00000	0,00000	0,00000
5,37075	20,00000	0,00000	0,00000	5,37075	16,00000	0,00000	0,00000
5,38313	19,00000	0,00000	0,00000	5,38313	16,00000	0,00000	0,00000
5,39550	17,00000	0,00000	0,00000	5,39550	19,00000	0,00000	0,00000
5,40788	17,00000	0,00000	0,00000	5,40788	18,00000	0,00000	0,00000
5,42025	17,00000	0,00000	0,00000	5,42025	19,00000	0,00000	0,00000
5,43262	19,00000	0,00000	0,00000	5,43263	16,00000	0,00000	0,00000
5,44500	17,00000	0,00000	0,00000	5,44500	18,00000	0,00000	0,00000
5,45737	17,00000	0,00000	0,00000	5,45738	16,00000	0,00000	0,00000
5,46975	17,00000	0,00000	0,00000	5,46975	15,00000	0,00000	0,00000
5,48212	17,00000	0,00000	0,00000	5,48213	16,00000	0,00000	0,00000
5,49450	19,00000	0,00000	0,00000	5,49450	19,00000	0,00000	0,00000
5,50687	19,00000	0,00000	0,00000	5,50688	18,00000	0,00000	0,00000
5,51925	17,00000	0,00000	0,00000	5,51925	17,00000	0,00000	0,00000
5,53163	17,00000	0,00000	0,00000	5,53163	19,00000	0,00000	0,00000
5,54400	18,00000	0,00000	0,00000	5,54400	18,00000	0,00000	0,00000
5,55638	18,00000	0,00000	0,00000	5,55638	18,00000	0,00000	0,00000
5,56875	18,00000	0,00000	0,00000	5,56875	16,00000	0,00000	0,00000
5,58113	18,00000	0,00000	0,00000	5,58113	17,00000	0,00000	0,00000
5,59350	18,00000	0,00000	0,00000	5,59350	16,00000	0,00000	0,00000
5,60588	18,00000	0,00000	0,00000	5,60588	18,00000	0,00000	0,00000
5,61825	18,00000	0,00000	0,00000	5,61825	18,00000	0,00000	0,00000
5,63063	18,00000	0,00000	0,00000	5,63063	19,00000	0,00000	0,00000
5,64300	17,00000	0,00000	0,00000	5,64300	18,00000	0,00000	0,00000
5,65538	17,00000	0,00000	0,00000	5,65538	18,00000	0,00000	0,00000
5,66775	19,00000	0,00000	0,00000	5,66775	17,00000	0,00000	0,00000
5,68013	19,00000	0,00000	0,00000	5,68013	16,00000	0,00000	0,00000
5,69250	19,00000	0,00000	0,00000	5,69250	16,00000	0,00000	0,00000
5,70488	19,00000	0,00000	0,00000	5,70488	18,00000	0,00000	0,00000
5,71725	17,00000	0,00000	0,00000	5,71725	15,00000	0,00000	0,00000
5,72963	17,00000	0,00000	0,00000	5,72963	17,00000	0,00000	0,00000
5,74200	18,00000	0,00000	0,00000	5,74200	16,00000	0,00000	0,00000
5,75438	17,00000	0,00000	0,00000	5,75438	16,00000	0,00000	0,00000
5,76675	17,00000	0,00000	0,00000	5,76675	17,00000	0,00000	0,00000
5,77913	19,00000	0,00000	0,00000	5,77913	17,00000	0,00000	0,00000
5,79150	19,00000	0,00000	0,00000	5,79150	18,00000	0,00000	0,00000
5,80388	17,00000	0,00000	0,00000	5,80388	17,00000	0,00000	0,00000
5,81625	17,00000	0,00000	0,00000	5,81625	15,00000	0,00000	0,00000
5,82863	18,00000	0,00000	0,00000	5,82863	16,00000	0,00000	0,00000
5,84100	18,00000	0,00000	0,00000	5,84100	17,00000	0,00000	0,00000
5,85338	16,00000	0,00000	0,00000	5,85338	16,00000	0,00000	0,00000
5,86575	16,00000	0,00000	0,00000	5,86575	16,00000	0,00000	0,00000
5,87813	16,00000	0,00000	0,00000	5,87813	15,00000	0,00000	0,00000
5,89050	18,00000	0,00000	0,00000	5,89050	18,00000	0,00000	0,00000
5,90287	16,00000	0,00000	0,00000	5,90288	17,00000	0,00000	0,00000
5,91525	16,00000	0,00000	0,00000	0,00000	16,00000	0,00000	0,00000
5,92762	16,00000	0,00000	0,00000	0,00000	9,00000	0,00000	0,00000
5,94000	16,00000	0,00000	0,00000	0,00000	0,00000	0,00000	0,00000
5,95237	18,00000	0,00000	0,00000	0,00000	0,00000	0,00000	0,00000
5,96475	16,00000	0,00000	0,00000	0,00000	0,00000	0,00000	0,00000
5,97713	16,00000	0,00000	0,00000	0,00000	0,00000	0,00000	0,00000
5,98950	18,00000	0,00000	0,00000	0,00000	0,00000	0,00000	0,00000
6,00188	18,00000	0,00000	0,00000	0,00000	0,00000	0,00000	0,00000
6,01425	16,00000	0,00000	0,00000	0,00000	0,00000	0,00000	0,00000
6,02663	16,00000	0,00000	0,00000	0,00000	0,00000	0,00000	0,00000
6,03900	18,00000	0,00000	0,00000	0,00000	0,00000	0,00000	0,00000
6,05138	19,00000	0,00000	0,00000	0,00000	0,00000	0,00000	0,00000
6,06375	19,00000	0,00000	0,00000	0,00000	0,00000	0,00000	0,00000
6,07613	17,00000	0,00000	0,00000	0,00000	0,00000	0,00000	0,00000
6,08850	17,00000	0,00000	0,00000	0,00000	0,00000	0,00000	0,00000
6,10088	19,00000	0,00000	0,00000	0,00000	0,00000	0,00000	0,00000
6,11325	18,00000	0,00000	0,00000	0,00000	0,00000	0,00000	0,00000
6,12563	16,00000	0,00000	0,00000	0,00000	0,00000	0,00000	0,00000
6,13800	16,00000	0,00000	0,00000	0,00000	0,00000	0,00000	0,00000
6,15038	18,00000	0,00000	0,00000	0,00000	0,00000	0,00000	0,00000
6,16275	18,00000	0,00000	0,00000	0,00000	0,00000	0,00000	0,00000
6,17513	17,00000	0,00000	0,00000	0,00000	0,00000	0,00000	0,00000
6,18750	17,00000	0,00000	0,00000	0,00000	0,00000	0,00000	0,00000
6,19988	19,00000	0,00000	0,00000	0,00000	0,00000	0,00000	0,00000
6,21225	17,00000	0,00000	0,00000	0,00000	0,00000	0,00000	0,00000
6,22463	17,00000	0,00000	0,00000	0,00000	0,00000	0,00000	0,00000
6,23700	19,00000	0,00000	0,00000	0,00000	0,00000	0,00000	0,00000
6,24938	17,00000	0,00000	0,00000	0,00000	0,00000	0,00000	0,00000
6,26175	17,00000	0,00000	0,00000	0,00000	0,00000	0,00000	0,00000
6,27413	18,00000	0,00000	0,00000	0,00000	0,00000	0,00000	0,00000
6,28650	18,00000	0,00000	0,00000	0,00000	0,00000	0,00000	0,00000
6,29888	18,00000	0,00000	0,00000	0,00000	0,00000	0,00000	0,00000
6,31125	18,00000	0,00000	0,00000	0,00000	0,00000	0,00000	0,00000
6,32363	18,00000	0,00000	0,00000	0,00000	0,00000	0,00000	0,00000
6,33600	18,00000	0,00000	0,00000	0,00000	0,00000	0,00000	0,00000
6,34837	18,00000	0,00000	0,00000	0,00000	0,00000	0,00000	0,00000
6,36075	18,00000	0,00000	0,00000	0,00000	0,00000	0,00000	0,00000
6,37312	16,00000	0,00000	0,00000	0,00000	0,00000	0,00000	0,00000
6,38550	16,00000	0,00000	0,00000	0,00000	0,00000	0,00000	0,00000
6,39787	16,00000	0,00000	0,00000	0,00000	0,00000	0,00000	0,00000
6,41025	18,00000	0,00000	0,00000	0,00000	0,00000	0,00000	0,00000
6,42263	18,00000	0,00000	0,00000	0,00000	0,00000	0,00000	0,00000
6,43500	18,00000	0,00000	0,00000	0,00000	0,00000	0,00000	0,00000
6,44738	18,00000	0,00000	0,00000	0,00000	0,00000	0,00000	0,00000
6,45975	16,00000	0,00000	0,00000	0,00000	0,00000	0,00000	0,00000
6,47213	16,00000	0,00000	0,00000	0,00000	0,00000	0,00000	0,00000
6,48450	16,00000	0,00000	0,00000	0,00000	0,00000	0,00000	0,00000
6,49688	18,00000	0,00000	0,00000	0,00000	0,00000	0,00000	0,00000
6,50925	18,00000	0,00000	0,00000	0,00000	0,00000	0,00000	0,00000
6,52163	18,00000	0,00000	0,00000	0,00000	0,00000	0,00000	0,00000
6,53400	17,00000	0,00000	0,00000	0,00000	0,00000	0,00000	0,00000
6,54638	17,00000	0,00000	0,00000	0,00000	0,00000	0,00000	0,00000
6,55875	19,00000	0,00000	0,00000	0,00000	0,00000	0,00000	0,00000
6,57113	19,00000	0,00000	0,00000	0,00000	0,00000	0,00000	0,00000
6,58350	16,00000	0,00000	0,00000	0,00000	0,00000	0,00000	0,00000
6,59588	16,00000	0,00000	0,00000	0,00000	0,00000	0,00000	0,00000
6,60825	17,00000	0,00000	0,00000	0,00000	0,00000	0,00000	0,00000
6,62063	16,00000	0,00000	0,00000	0,00000	0,00000	0,00000	0,00000
6,63300	16,00000	0,00000	0,00000	0,00000	0,00000	0,00000	0,00000
6,64538	18,00000	0,00000	0,00000	0,00000	0,00000	0,00000	0,00000
6,65775	18,00000	0,00000	0,00000	0,00000	0,00000	0,00000	0,00000
6,67013	17,00000	0,00000	0,00000	0,00000	0,00000	0,00000	0,00000
6,68250	17,00000	0,00000	0,00000	0,00000	0,00000	0,00000	0,00000
6,69488	19,00000	0,00000	0,00000	0,00000	0,00000	0,00000	0,00000
6,70725	19,00000	0,00000	0,00000	0,00000	0,00000	0,00000	0,00000
6,71963	18,00000	0,00000	0,00000	0,00000	0,00000	0,00000	0,00000
6,73200	18,00000	0,00000	0,00000	0,00000	0,00000	0,00000	0,00000
6,74438	20,00000	0,00000	0,00000	0,00000	0,00000	0,00000	0,00000
6,75675	18,00000	0,00000	0,00000	0,00000	0,00000	0,00000	0,00000
6,76913	18,00000	0,00000	0,00000	0,00000	0,00000	0,00000	0,00000
6,78150	18,00000	0,00000	0,00000	0,00000	0,00000	0,00000	0,00000
6,79387	20,00000	0,00000	0,00000	0,00000	0,00000	0,00000	0,00000
6,80625	18,00000	0,00000	0,00000	0,00000	0,00000	0,00000	0,00000
6,81862	18,00000	0,00000	0,00000	0,00000	0,00000	0,00000	0,00000
6,83100	19,00000	0,00000	0,00000	0,00000	0,00000	0,00000	0,00000
6,84337	19,00000	0,00000	0,00000	0,00000	0,00000	0,00000	0,00000
6,85575	19,00000	0,00000	0,00000	0,00000	0,00000	0,00000	0,00000
6,86813	19,00000	0,00000	0,00000	0,00000	0,00000	0,00000	0,00000
6,88050	17,00000	0,00000	0,00000	0,00000	0,00000	0,00000	0,00000
6,89288	18,00000	0,00000	0,00000	0,00000	0,00000	0,00000	0,00000
6,90525	16,00000	0,00000	0,00000	0,00000	0,00000	0,00000	0,00000
6,91763	16,00000	0,00000	0,00000	0,00000	0,00000	0,00000	0,00000
6,93000	16,00000	0,00000	0,00000	0,00000	0,00000	0,00000	0,00000
6,94238	18,00000	0,00000	0,00000	0,00000	0,00000	0,00000	0,00000
6,95475	16,00000	0,00000	0,00000	0,00000	0,00000	0,00000	0,00000
6,96713	16,00000	0,00000	0,00000	0,00000	0,00000	0,00000	0,00000
6,97950	18,00000	0,00000	0,00000	0,00000	0,00000	0,00000	0,00000
6,99188	19,00000	0,00000	0,00000	0,00000	0,00000	0,00000	0,00000
7,00425	19,00000	0,00000	0,00000	0,00000	0,00000	0,00000	0,00000
7,01663	18,00000	0,00000	0,00000	0,00000	0,00000	0,00000	0,00000
7,02900	16,00000	0,00000	0,00000	0,00000	0,00000	0,00000	0,00000
7,04138	16,00000	0,00000	0,00000	0,00000	0,00000	0,00000	0,00000
7,05375	16,00000	0,00000	0,00000	0,00000	0,00000	0,00000	0,00000
7,06613	17,00000	0,00000	0,00000	0,00000	0,00000	0,00000	0,00000
7,07850	19,00000	0,00000	0,00000	0,00000	0,00000	0,00000	0,00000
7,09088	20,00000	0,00000	0,00000	0,00000	0,00000	0,00000	0,00000
7,10325	20,00000	0,00000	0,00000	0,00000	0,00000	0,00000	0,00000
7,11563	19,00000	0,00000	0,00000	0,00000	0,00000	0,00000	0,00000
7,12800	16,00000	0,00000	0,00000	0,00000	0,00000	0,00000	0,00000
7,14038	16,00000	0,00000	0,00000	0,00000	0,00000	0,00000	0,00000
7,15275	18,00000	0,00000	0,00000	0,00000	0,00000	0,00000	0,00000
7,16513	19,00000	0,00000	0,00000	0,00000	0,00000	0,00000	0,00000
7,17750	19,00000	0,00000	0,00000	0,00000	0,00000	0,00000	0,00000
7,18988	18,00000	0,00000	0,00000	0,00000	0,00000	0,00000	0,00000
7,20225	16,00000	0,00000	0,00000	0,00000	0,00000	0,00000	0,00000
7,21463	16,00000	0,00000	0,00000	0,00000	0,00000	0,00000	0,00000
7,22700	18,00000	0,00000	0,00000	0,00000	0,00000	0,00000	0,00000
7,23938	17,00000	0,00000	0,00000	0,00000	0,00000	0,00000	0,00000
7,25175	19,00000	0,00000	0,00000	0,00000	0,00000	0,00000	0,00000
7,26412	19,00000	0,00000	0,00000	0,00000	0,00000	0,00000	0,00000
7,27650	19,00000	0,00000	0,00000	0,00000	0,00000	0,00000	0,00000
7,28887	19,00000	0,00000	0,00000	0,00000	0,00000	0,00000	0,00000
7,30125	17,00000	0,00000	0,00000	0,00000	0,00000	0,00000	0,00000
7,31363	19,00000	0,00000	0,00000	0,00000	0,00000	0,00000	0,00000
7,32600	20,00000	0,00000	0,00000	0,00000	0,00000	0,00000	0,00000
7,33838	19,00000	0,00000	0,00000	0,00000	0,00000	0,00000	0,00000
7,35075	17,00000	0,00000	0,00000	0,00000	0,00000	0,00000	0,00000
7,36313	18,00000	0,00000	0,00000	0,00000	0,00000	0,00000	0,00000
7,37550	18,00000	0,00000	0,00000	0,00000	0,00000	0,00000	0,00000
7,38788	16,00000	0,00000	0,00000	0,00000	0,00000	0,00000	0,00000
7,40025	16,00000	0,00000	0,00000	0,00000	0,00000	0,00000	0,00000
7,41263	18,00000	0,00000	0,00000	0,00000	0,00000	0,00000	0,00000
7,42500	19,00000	0,00000	0,00000	0,00000	0,00000	0,00000	0,00000
7,43738	19,00000	0,00000	0,00000	0,00000	0,00000	0,00000	0,00000
7,44975	19,00000	0,00000	0,00000	0,00000	0,00000	0,00000	0,00000
7,46213	18,00000	0,00000	0,00000	0,00000	0,00000	0,00000	0,00000
7,47450	18,00000	0,00000	0,00000	0,00000	0,00000	0,00000	0,00000
7,48688	20,00000	0,00000	0,00000	0,00000	0,00000	0,00000	0,00000
7,49925	20,00000	0,00000	0,00000	0,00000	0,00000	0,00000	0,00000
7,51163	20,00000	0,00000	0,00000	0,00000	0,00000	0,00000	0,00000
7,52400	18,00000	0,00000	0,00000	0,00000	0,00000	0,00000	0,00000
7,53638	18,00000	0,00000	0,00000	0,00000	0,00000	0,00000	0,00000
7,54875	19,00000	0,00000	0,00000	0,00000	0,00000	0,00000	0,00000
7,56113	19,00000	0,00000	0,00000	0,00000	0,00000	0,00000	0,00000
7,57350	17,00000	0,00000	0,00000	0,00000	0,00000	0,00000	0,00000
7,58588	19,00000	0,00000	0,00000	0,00000	0,00000	0,00000	0,00000
7,59825	19,00000	0,00000	0,00000	0,00000	0,00000	0,00000	0,00000
7,61063	17,00000	0,00000	0,00000	0,00000	0,00000	0,00000	0,00000
7,62300	17,00000	0,00000	0,00000	0,00000	0,00000	0,00000	0,00000
7,63538	19,00000	0,00000	0,00000	0,00000	0,00000	0,00000	0,00000
7,64775	18,00000	0,00000	0,00000	0,00000	0,00000	0,00000	0,00000
7,66013	16,00000	0,00000	0,00000	0,00000	0,00000	0,00000	0,00000
7,67250	16,00000	0,00000	0,00000	0,00000	0,00000	0,00000	0,00000
7,68488	17,00000	0,00000	0,00000	0,00000	0,00000	0,00000	0,00000
7,69725	20,00000	0,00000	0,00000	0,00000	0,00000	0,00000	0,00000
7,70962	20,00000	0,00000	0,00000	0,00000	0,00000	0,00000	0,00000
7,72200	20,00000	0,00000	0,00000	0,00000	0,00000	0,00000	0,00000
7,73438	20,00000	0,00000	0,00000	0,00000	0,00000	0,00000	0,00000
7,74675	18,00000	0,00000	0,00000	0,00000	0,00000	0,00000	0,00000
7,75913	18,00000	0,00000	0,00000	0,00000	0,00000	0,00000	0,00000
7,77150	20,00000	0,00000	0,00000	0,00000	0,00000	0,00000	0,00000
7,78388	19,00000	0,00000	0,00000	0,00000	0,00000	0,00000	0,00000
7,79625	17,00000	0,00000	0,00000	0,00000	0,00000	0,00000	0,00000
7,80863	17,00000	0,00000	0,00000	0,00000	0,00000	0,00000	0,00000
7,82100	19,00000	0,00000	0,00000	0,00000	0,00000	0,00000	0,00000
7,83338	19,00000	0,00000	0,00000	0,00000	0,00000	0,00000	0,00000
7,84575	17,00000	0,00000	0,00000	0,00000	0,00000	0,00000	0,00000
7,85813	17,00000	0,00000	0,00000	0,00000	0,00000	0,00000	0,00000
7,87050	20,00000	0,00000	0,00000	0,00000	0,00000	0,00000	0,00000
7,88288	18,00000	0,00000	0,00000	0,00000	0,00000	0,00000	0,00000
0,00000	12,00000	0,00000	0,00000	0,00000	0,00000	0,00000	0,00000
0,00000	9,00000	0,00000	0,00000	0,00000	0,00000	0,00000	0,00000
