GRUPPE3_Greyline13.dat
04.10.2021
15:20:27
GRUPPE3

Gauss coefficients notation:
Amplitude
FWHM
Std.Abw.
[Fehler]
offset
BEAMCUT  LINES:

X H  in mm	Y H rel	Gauss fit H	H Gauss Coefficients	X V in mm	Y V rel	Gauss fit V	V Gauss Coefficientes
0,00000	17,00000	0,00000	0,00000	0,00000	16,00000	0,00000	0,00000
0,01238	17,00000	0,00000	0,00000	0,01238	19,00000	0,00000	0,00000
0,02475	18,00000	0,00000	0,00000	0,02475	17,00000	0,00000	0,00000
0,03713	18,00000	0,00000	0,00000	0,03713	19,00000	0,00000	0,00000
0,04950	17,00000	0,00000	0,00000	0,04950	18,00000	0,00000	0,00000
0,06187	17,00000	0,00000	0,00000	0,06188	18,00000	0,00000	0,00000
0,07425	19,00000	0,00000	0,00000	0,07425	17,00000	0,00000	0,00000
0,08663	19,00000	0,00000	0,00000	0,08663	17,00000	0,00000	0,00000
0,09900	17,00000	0,00000	0,00000	0,09900	17,00000	0,00000	0,00000
0,11138	17,00000	0,00000	0,00000	0,11138	16,00000	0,00000	0,00000
0,12375	18,00000	0,00000	0,00000	0,12375	17,00000	0,00000	0,00000
0,13612	18,00000	0,00000	0,00000	0,13613	19,00000	0,00000	0,00000
0,14850	18,00000	0,00000	0,00000	0,14850	19,00000	0,00000	0,00000
0,16088	18,00000	0,00000	0,00000	0,16088	19,00000	0,00000	0,00000
0,17325	18,00000	0,00000	0,00000	0,17325	19,00000	0,00000	0,00000
0,18563	18,00000	0,00000	0,00000	0,18563	20,00000	0,00000	0,00000
0,19800	18,00000	0,00000	0,00000	0,19800	18,00000	0,00000	0,00000
0,21038	17,00000	0,00000	0,00000	0,21038	18,00000	0,00000	0,00000
0,22275	17,00000	0,00000	0,00000	0,22275	18,00000	0,00000	0,00000
0,23513	19,00000	0,00000	0,00000	0,23513	20,00000	0,00000	0,00000
0,24750	19,00000	0,00000	0,00000	0,24750	17,00000	0,00000	0,00000
0,25988	19,00000	0,00000	0,00000	0,25988	17,00000	0,00000	0,00000
0,27225	17,00000	0,00000	0,00000	0,27225	18,00000	0,00000	0,00000
0,28463	17,00000	0,00000	0,00000	0,28463	20,00000	0,00000	0,00000
0,29700	19,00000	0,00000	0,00000	0,29700	18,00000	0,00000	0,00000
0,30938	19,00000	0,00000	0,00000	0,30938	19,00000	0,00000	0,00000
0,32175	20,00000	0,00000	0,00000	0,32175	19,00000	0,00000	0,00000
0,33413	19,00000	0,00000	0,00000	0,33413	20,00000	0,00000	0,00000
0,34650	17,00000	0,00000	0,00000	0,34650	19,00000	0,00000	0,00000
0,35887	17,00000	0,00000	0,00000	0,35888	19,00000	0,00000	0,00000
0,37125	19,00000	0,00000	0,00000	0,37125	20,00000	0,00000	0,00000
0,38362	19,00000	0,00000	0,00000	0,38363	20,00000	0,00000	0,00000
0,39600	19,00000	0,00000	0,00000	0,39600	18,00000	0,00000	0,00000
0,40838	19,00000	0,00000	0,00000	0,40838	19,00000	0,00000	0,00000
0,42075	19,00000	0,00000	0,00000	0,42075	17,00000	0,00000	0,00000
0,43313	19,00000	0,00000	0,00000	0,43313	17,00000	0,00000	0,00000
0,44550	17,00000	0,00000	0,00000	0,44550	17,00000	0,00000	0,00000
0,45788	17,00000	0,00000	0,00000	0,45788	19,00000	0,00000	0,00000
0,47025	19,00000	0,00000	0,00000	0,47025	17,00000	0,00000	0,00000
0,48263	18,00000	0,00000	0,00000	0,48263	17,00000	0,00000	0,00000
0,49500	16,00000	0,00000	0,00000	0,49500	18,00000	0,00000	0,00000
0,50738	16,00000	0,00000	0,00000	0,50738	19,00000	0,00000	0,00000
0,51975	18,00000	0,00000	0,00000	0,51975	18,00000	0,00000	0,00000
0,53213	18,00000	0,00000	0,00000	0,53213	19,00000	0,00000	0,00000
0,54450	18,00000	0,00000	0,00000	0,54450	16,00000	0,00000	0,00000
0,55688	18,00000	0,00000	0,00000	0,55688	17,00000	0,00000	0,00000
0,56925	16,00000	0,00000	0,00000	0,56925	16,00000	0,00000	0,00000
0,58163	16,00000	0,00000	0,00000	0,58163	17,00000	0,00000	0,00000
0,59400	18,00000	0,00000	0,00000	0,59400	17,00000	0,00000	0,00000
0,60637	18,00000	0,00000	0,00000	0,60638	17,00000	0,00000	0,00000
0,61875	17,00000	0,00000	0,00000	0,61875	17,00000	0,00000	0,00000
0,63113	19,00000	0,00000	0,00000	0,63113	19,00000	0,00000	0,00000
0,64350	17,00000	0,00000	0,00000	0,64350	18,00000	0,00000	0,00000
0,65587	17,00000	0,00000	0,00000	0,65588	19,00000	0,00000	0,00000
0,66825	19,00000	0,00000	0,00000	0,66825	19,00000	0,00000	0,00000
0,68063	19,00000	0,00000	0,00000	0,68063	16,00000	0,00000	0,00000
0,69300	18,00000	0,00000	0,00000	0,69300	18,00000	0,00000	0,00000
0,70538	16,00000	0,00000	0,00000	0,70538	20,00000	0,00000	0,00000
0,71775	16,00000	0,00000	0,00000	0,71775	16,00000	0,00000	0,00000
0,73013	18,00000	0,00000	0,00000	0,73013	18,00000	0,00000	0,00000
0,74250	19,00000	0,00000	0,00000	0,74250	17,00000	0,00000	0,00000
0,75488	19,00000	0,00000	0,00000	0,75488	18,00000	0,00000	0,00000
0,76725	18,00000	0,00000	0,00000	0,76725	18,00000	0,00000	0,00000
0,77963	16,00000	0,00000	0,00000	0,77963	16,00000	0,00000	0,00000
0,79200	16,00000	0,00000	0,00000	0,79200	17,00000	0,00000	0,00000
0,80438	18,00000	0,00000	0,00000	0,80438	19,00000	0,00000	0,00000
0,81675	18,00000	0,00000	0,00000	0,81675	16,00000	0,00000	0,00000
0,82913	17,00000	0,00000	0,00000	0,82913	19,00000	0,00000	0,00000
0,84150	19,00000	0,00000	0,00000	0,84150	17,00000	0,00000	0,00000
0,85388	19,00000	0,00000	0,00000	0,85388	17,00000	0,00000	0,00000
0,86625	19,00000	0,00000	0,00000	0,86625	19,00000	0,00000	0,00000
0,87862	19,00000	0,00000	0,00000	0,87863	19,00000	0,00000	0,00000
0,89100	17,00000	0,00000	0,00000	0,89100	15,00000	0,00000	0,00000
0,90338	17,00000	0,00000	0,00000	0,90338	22,00000	0,00000	0,00000
0,91575	17,00000	0,00000	0,00000	0,91575	19,00000	0,00000	0,00000
0,92813	19,00000	0,00000	0,00000	0,92813	19,00000	0,00000	0,00000
0,94050	19,00000	0,00000	0,00000	0,94050	19,00000	0,00000	0,00000
0,95288	16,00000	0,00000	0,00000	0,95288	17,00000	0,00000	0,00000
0,96525	16,00000	0,00000	0,00000	0,96525	19,00000	0,00000	0,00000
0,97763	17,00000	0,00000	0,00000	0,97763	16,00000	0,00000	0,00000
0,99000	17,00000	0,00000	0,00000	0,99000	18,00000	0,00000	0,00000
1,00238	17,00000	0,00000	0,00000	1,00238	19,00000	0,00000	0,00000
1,01475	17,00000	0,00000	0,00000	1,01475	17,00000	0,00000	0,00000
1,02713	17,00000	0,00000	0,00000	1,02713	16,00000	0,00000	0,00000
1,03950	15,00000	0,00000	0,00000	1,03950	16,00000	0,00000	0,00000
1,05188	15,00000	0,00000	0,00000	1,05188	18,00000	0,00000	0,00000
1,06425	15,00000	0,00000	0,00000	1,06425	17,00000	0,00000	0,00000
1,07662	17,00000	0,00000	0,00000	1,07663	19,00000	0,00000	0,00000
1,08900	16,00000	0,00000	0,00000	1,08900	18,00000	0,00000	0,00000
1,10137	18,00000	0,00000	0,00000	1,10138	19,00000	0,00000	0,00000
1,11375	19,00000	0,00000	0,00000	1,11375	18,00000	0,00000	0,00000
1,12613	17,00000	0,00000	0,00000	1,12613	17,00000	0,00000	0,00000
1,13850	17,00000	0,00000	0,00000	1,13850	18,00000	0,00000	0,00000
1,15088	18,00000	0,00000	0,00000	1,15088	17,00000	0,00000	0,00000
1,16325	18,00000	0,00000	0,00000	1,16325	18,00000	0,00000	0,00000
1,17563	15,00000	0,00000	0,00000	1,17563	16,00000	0,00000	0,00000
1,18800	15,00000	0,00000	0,00000	1,18800	16,00000	0,00000	0,00000
1,20037	17,00000	0,00000	0,00000	1,20038	18,00000	0,00000	0,00000
1,21275	18,00000	0,00000	0,00000	1,21275	16,00000	0,00000	0,00000
1,22513	18,00000	0,00000	0,00000	1,22513	16,00000	0,00000	0,00000
1,23750	17,00000	0,00000	0,00000	1,23750	18,00000	0,00000	0,00000
1,24988	19,00000	0,00000	0,00000	1,24988	18,00000	0,00000	0,00000
1,26225	17,00000	0,00000	0,00000	1,26225	17,00000	0,00000	0,00000
1,27463	17,00000	0,00000	0,00000	1,27463	18,00000	0,00000	0,00000
1,28700	18,00000	0,00000	0,00000	1,28700	17,00000	0,00000	0,00000
1,29938	18,00000	0,00000	0,00000	1,29938	17,00000	0,00000	0,00000
1,31175	18,00000	0,00000	0,00000	1,31175	16,00000	0,00000	0,00000
1,32412	18,00000	0,00000	0,00000	1,32413	18,00000	0,00000	0,00000
1,33650	16,00000	0,00000	0,00000	1,33650	16,00000	0,00000	0,00000
1,34888	17,00000	0,00000	0,00000	1,34888	19,00000	0,00000	0,00000
1,36125	19,00000	0,00000	0,00000	1,36125	17,00000	0,00000	0,00000
1,37363	19,00000	0,00000	0,00000	1,37363	17,00000	0,00000	0,00000
1,38600	19,00000	0,00000	0,00000	1,38600	17,00000	0,00000	0,00000
1,39838	17,00000	0,00000	0,00000	1,39838	17,00000	0,00000	0,00000
1,41075	17,00000	0,00000	0,00000	1,41075	17,00000	0,00000	0,00000
1,42312	19,00000	0,00000	0,00000	1,42313	17,00000	0,00000	0,00000
1,43550	19,00000	0,00000	0,00000	1,43550	18,00000	0,00000	0,00000
1,44788	17,00000	0,00000	0,00000	1,44788	17,00000	0,00000	0,00000
1,46025	17,00000	0,00000	0,00000	1,46025	18,00000	0,00000	0,00000
1,47263	19,00000	0,00000	0,00000	1,47263	17,00000	0,00000	0,00000
1,48500	17,00000	0,00000	0,00000	1,48500	18,00000	0,00000	0,00000
1,49738	17,00000	0,00000	0,00000	1,49738	17,00000	0,00000	0,00000
1,50975	19,00000	0,00000	0,00000	1,50975	16,00000	0,00000	0,00000
1,52213	17,00000	0,00000	0,00000	1,52213	18,00000	0,00000	0,00000
1,53450	17,00000	0,00000	0,00000	1,53450	18,00000	0,00000	0,00000
1,54688	17,00000	0,00000	0,00000	1,54688	18,00000	0,00000	0,00000
1,55925	19,00000	0,00000	0,00000	1,55925	18,00000	0,00000	0,00000
1,57163	19,00000	0,00000	0,00000	1,57163	18,00000	0,00000	0,00000
1,58400	17,00000	0,00000	0,00000	1,58400	18,00000	0,00000	0,00000
1,59638	18,00000	0,00000	0,00000	1,59638	18,00000	0,00000	0,00000
1,60875	18,00000	0,00000	0,00000	1,60875	18,00000	0,00000	0,00000
1,62113	16,00000	0,00000	0,00000	1,62113	17,00000	0,00000	0,00000
1,63350	16,00000	0,00000	0,00000	1,63350	17,00000	0,00000	0,00000
1,64587	18,00000	0,00000	0,00000	1,64588	20,00000	0,00000	0,00000
1,65825	19,00000	0,00000	0,00000	1,65825	16,00000	0,00000	0,00000
1,67063	19,00000	0,00000	0,00000	1,67063	17,00000	0,00000	0,00000
1,68300	17,00000	0,00000	0,00000	1,68300	18,00000	0,00000	0,00000
1,69538	17,00000	0,00000	0,00000	1,69538	18,00000	0,00000	0,00000
1,70775	19,00000	0,00000	0,00000	1,70775	19,00000	0,00000	0,00000
1,72013	19,00000	0,00000	0,00000	1,72013	17,00000	0,00000	0,00000
1,73250	17,00000	0,00000	0,00000	1,73250	18,00000	0,00000	0,00000
1,74488	17,00000	0,00000	0,00000	1,74488	18,00000	0,00000	0,00000
1,75725	17,00000	0,00000	0,00000	1,75725	17,00000	0,00000	0,00000
1,76963	19,00000	0,00000	0,00000	1,76963	17,00000	0,00000	0,00000
1,78200	19,00000	0,00000	0,00000	1,78200	19,00000	0,00000	0,00000
1,79438	17,00000	0,00000	0,00000	1,79438	19,00000	0,00000	0,00000
1,80675	17,00000	0,00000	0,00000	1,80675	19,00000	0,00000	0,00000
1,81913	18,00000	0,00000	0,00000	1,81913	19,00000	0,00000	0,00000
1,83150	17,00000	0,00000	0,00000	1,83150	16,00000	0,00000	0,00000
1,84388	17,00000	0,00000	0,00000	1,84388	17,00000	0,00000	0,00000
1,85625	20,00000	0,00000	0,00000	1,85625	18,00000	0,00000	0,00000
1,86862	20,00000	0,00000	0,00000	1,86863	17,00000	0,00000	0,00000
1,88100	19,00000	0,00000	0,00000	1,88100	18,00000	0,00000	0,00000
1,89338	17,00000	0,00000	0,00000	1,89338	18,00000	0,00000	0,00000
1,90575	16,00000	0,00000	0,00000	1,90575	19,00000	0,00000	0,00000
1,91813	16,00000	0,00000	0,00000	1,91813	18,00000	0,00000	0,00000
1,93050	18,00000	0,00000	0,00000	1,93050	19,00000	0,00000	0,00000
1,94288	18,00000	0,00000	0,00000	1,94288	19,00000	0,00000	0,00000
1,95525	16,00000	0,00000	0,00000	1,95525	19,00000	0,00000	0,00000
1,96763	16,00000	0,00000	0,00000	1,96763	16,00000	0,00000	0,00000
1,98000	18,00000	0,00000	0,00000	1,98000	16,00000	0,00000	0,00000
1,99238	18,00000	0,00000	0,00000	1,99238	16,00000	0,00000	0,00000
2,00475	17,00000	0,00000	0,00000	2,00475	16,00000	0,00000	0,00000
2,01713	19,00000	0,00000	0,00000	2,01713	18,00000	0,00000	0,00000
2,02950	17,00000	0,00000	0,00000	2,02950	16,00000	0,00000	0,00000
2,04188	17,00000	0,00000	0,00000	2,04188	16,00000	0,00000	0,00000
2,05425	18,00000	0,00000	0,00000	2,05425	16,00000	0,00000	0,00000
2,06663	18,00000	0,00000	0,00000	2,06663	18,00000	0,00000	0,00000
2,07900	18,00000	0,00000	0,00000	2,07900	18,00000	0,00000	0,00000
2,09138	17,00000	0,00000	0,00000	2,09138	17,00000	0,00000	0,00000
2,10375	17,00000	0,00000	0,00000	2,10375	18,00000	0,00000	0,00000
2,11613	19,00000	0,00000	0,00000	2,11613	17,00000	0,00000	0,00000
2,12850	19,00000	0,00000	0,00000	2,12850	17,00000	0,00000	0,00000
2,14088	18,00000	0,00000	0,00000	2,14088	18,00000	0,00000	0,00000
2,15325	16,00000	0,00000	0,00000	2,15325	17,00000	0,00000	0,00000
2,16562	16,00000	0,00000	0,00000	2,16563	16,00000	0,00000	0,00000
2,17800	16,00000	0,00000	0,00000	2,17800	18,00000	0,00000	0,00000
2,19037	18,00000	0,00000	0,00000	2,19038	16,00000	0,00000	0,00000
2,20275	19,00000	0,00000	0,00000	2,20275	18,00000	0,00000	0,00000
2,21513	18,00000	0,00000	0,00000	2,21513	16,00000	0,00000	0,00000
2,22750	16,00000	0,00000	0,00000	2,22750	16,00000	0,00000	0,00000
2,23988	16,00000	0,00000	0,00000	2,23988	16,00000	0,00000	0,00000
2,25225	18,00000	0,00000	0,00000	2,25225	18,00000	0,00000	0,00000
2,26463	19,00000	0,00000	0,00000	2,26463	16,00000	0,00000	0,00000
2,27700	19,00000	0,00000	0,00000	2,27700	16,00000	0,00000	0,00000
2,28938	17,00000	0,00000	0,00000	2,28938	19,00000	0,00000	0,00000
2,30175	17,00000	0,00000	0,00000	2,30175	16,00000	0,00000	0,00000
2,31413	17,00000	0,00000	0,00000	2,31413	19,00000	0,00000	0,00000
2,32650	19,00000	0,00000	0,00000	2,32650	17,00000	0,00000	0,00000
2,33888	19,00000	0,00000	0,00000	2,33888	16,00000	0,00000	0,00000
2,35125	19,00000	0,00000	0,00000	2,35125	19,00000	0,00000	0,00000
2,36363	17,00000	0,00000	0,00000	2,36363	19,00000	0,00000	0,00000
2,37600	17,00000	0,00000	0,00000	2,37600	23,00000	0,00000	0,00000
2,38837	18,00000	0,00000	0,00000	2,38838	25,00000	0,00000	0,00000
2,40075	18,00000	0,00000	0,00000	2,40075	38,00000	0,00000	0,00000
2,41312	18,00000	0,00000	0,00000	2,41313	52,00000	0,00000	0,00000
2,42550	18,00000	0,00000	0,00000	2,42550	96,00000	0,00000	0,00000
2,43788	18,00000	0,00000	0,00000	2,43788	133,00000	0,00000	0,00000
2,45025	17,00000	0,00000	0,00000	2,45025	201,00000	0,00000	0,00000
2,46263	17,00000	0,00000	0,00000	2,46263	235,00000	0,00000	0,00000
2,47500	19,00000	0,00000	0,00000	2,47500	230,00000	0,00000	0,00000
2,48738	19,00000	0,00000	0,00000	2,48738	195,00000	0,00000	0,00000
2,49975	19,00000	0,00000	0,00000	2,49975	139,00000	0,00000	0,00000
2,51213	19,00000	0,00000	0,00000	2,51213	101,00000	0,00000	0,00000
2,52450	19,00000	0,00000	0,00000	2,52450	61,00000	0,00000	0,00000
2,53688	19,00000	0,00000	0,00000	2,53688	40,00000	0,00000	0,00000
2,54925	18,00000	0,00000	0,00000	2,54925	27,00000	0,00000	0,00000
2,56163	18,00000	0,00000	0,00000	2,56163	23,00000	0,00000	0,00000
2,57400	20,00000	0,00000	0,00000	2,57400	20,00000	0,00000	0,00000
2,58638	20,00000	0,00000	0,00000	2,58638	18,00000	0,00000	0,00000
2,59875	19,00000	0,00000	0,00000	2,59875	19,00000	0,00000	0,00000
2,61112	17,00000	0,00000	0,00000	2,61113	18,00000	0,00000	0,00000
2,62350	17,00000	0,00000	0,00000	2,62350	17,00000	0,00000	0,00000
2,63587	19,00000	0,00000	0,00000	2,63588	19,00000	0,00000	0,00000
2,64825	19,00000	0,00000	0,00000	2,64825	17,00000	0,00000	0,00000
2,66063	17,00000	0,00000	0,00000	2,66063	18,00000	0,00000	0,00000
2,67300	17,00000	0,00000	0,00000	2,67300	17,00000	0,00000	0,00000
2,68538	19,00000	0,00000	0,00000	2,68538	17,00000	0,00000	0,00000
2,69775	19,00000	0,00000	0,00000	2,69775	16,00000	0,00000	0,00000
2,71013	17,00000	0,00000	0,00000	2,71013	17,00000	0,00000	0,00000
2,72250	17,00000	0,00000	0,00000	2,72250	16,00000	0,00000	0,00000
2,73488	18,00000	0,00000	0,00000	2,73488	18,00000	0,00000	0,00000
2,74725	17,00000	0,00000	0,00000	2,74725	18,00000	0,00000	0,00000
2,75963	17,00000	0,00000	0,00000	2,75963	17,00000	0,00000	0,00000
2,77200	19,00000	0,00000	0,00000	2,77200	19,00000	0,00000	0,00000
2,78438	19,00000	0,00000	0,00000	2,78438	18,00000	0,00000	0,00000
2,79675	17,00000	0,00000	0,00000	2,79675	17,00000	0,00000	0,00000
2,80913	17,00000	0,00000	0,00000	2,80913	18,00000	0,00000	0,00000
2,82150	17,00000	0,00000	0,00000	2,82150	17,00000	0,00000	0,00000
2,83387	17,00000	0,00000	0,00000	2,83388	19,00000	0,00000	0,00000
2,84625	19,00000	0,00000	0,00000	2,84625	18,00000	0,00000	0,00000
2,85862	19,00000	0,00000	0,00000	2,85863	19,00000	0,00000	0,00000
2,87100	19,00000	0,00000	0,00000	2,87100	18,00000	0,00000	0,00000
2,88338	17,00000	0,00000	0,00000	2,88338	19,00000	0,00000	0,00000
2,89575	16,00000	0,00000	0,00000	2,89575	17,00000	0,00000	0,00000
2,90813	18,00000	0,00000	0,00000	2,90813	18,00000	0,00000	0,00000
2,92050	17,00000	0,00000	0,00000	2,92050	15,00000	0,00000	0,00000
2,93288	19,00000	0,00000	0,00000	2,93288	18,00000	0,00000	0,00000
2,94525	19,00000	0,00000	0,00000	2,94525	18,00000	0,00000	0,00000
2,95763	19,00000	0,00000	0,00000	2,95763	17,00000	0,00000	0,00000
2,97000	17,00000	0,00000	0,00000	2,97000	18,00000	0,00000	0,00000
2,98238	17,00000	0,00000	0,00000	2,98238	16,00000	0,00000	0,00000
2,99475	19,00000	0,00000	0,00000	2,99475	19,00000	0,00000	0,00000
3,00713	20,00000	0,00000	0,00000	3,00713	18,00000	0,00000	0,00000
3,01950	19,00000	0,00000	0,00000	3,01950	18,00000	0,00000	0,00000
3,03188	17,00000	0,00000	0,00000	3,03188	18,00000	0,00000	0,00000
3,04425	16,00000	0,00000	0,00000	3,04425	16,00000	0,00000	0,00000
3,05662	16,00000	0,00000	0,00000	3,05663	16,00000	0,00000	0,00000
3,06900	18,00000	0,00000	0,00000	3,06900	16,00000	0,00000	0,00000
3,08137	18,00000	0,00000	0,00000	3,08138	17,00000	0,00000	0,00000
3,09375	18,00000	0,00000	0,00000	3,09375	19,00000	0,00000	0,00000
3,10613	17,00000	0,00000	0,00000	3,10613	19,00000	0,00000	0,00000
3,11850	17,00000	0,00000	0,00000	3,11850	18,00000	0,00000	0,00000
3,13088	20,00000	0,00000	0,00000	3,13088	20,00000	0,00000	0,00000
3,14325	20,00000	0,00000	0,00000	3,14325	16,00000	0,00000	0,00000
3,15563	18,00000	0,00000	0,00000	3,15563	18,00000	0,00000	0,00000
3,16800	19,00000	0,00000	0,00000	3,16800	16,00000	0,00000	0,00000
3,18038	17,00000	0,00000	0,00000	3,18038	18,00000	0,00000	0,00000
3,19275	17,00000	0,00000	0,00000	3,19275	20,00000	0,00000	0,00000
3,20513	17,00000	0,00000	0,00000	3,20513	18,00000	0,00000	0,00000
3,21750	19,00000	0,00000	0,00000	3,21750	18,00000	0,00000	0,00000
3,22988	17,00000	0,00000	0,00000	3,22988	18,00000	0,00000	0,00000
3,24225	19,00000	0,00000	0,00000	3,24225	20,00000	0,00000	0,00000
3,25463	19,00000	0,00000	0,00000	3,25463	17,00000	0,00000	0,00000
3,26700	17,00000	0,00000	0,00000	3,26700	18,00000	0,00000	0,00000
3,27938	17,00000	0,00000	0,00000	3,27938	16,00000	0,00000	0,00000
3,29175	19,00000	0,00000	0,00000	3,29175	16,00000	0,00000	0,00000
3,30412	17,00000	0,00000	0,00000	3,30413	17,00000	0,00000	0,00000
3,31650	17,00000	0,00000	0,00000	3,31650	17,00000	0,00000	0,00000
3,32888	18,00000	0,00000	0,00000	3,32888	19,00000	0,00000	0,00000
3,34125	18,00000	0,00000	0,00000	3,34125	17,00000	0,00000	0,00000
3,35363	18,00000	0,00000	0,00000	3,35363	15,00000	0,00000	0,00000
3,36600	16,00000	0,00000	0,00000	3,36600	17,00000	0,00000	0,00000
3,37838	17,00000	0,00000	0,00000	3,37838	18,00000	0,00000	0,00000
3,39075	19,00000	0,00000	0,00000	3,39075	17,00000	0,00000	0,00000
3,40313	19,00000	0,00000	0,00000	3,40313	16,00000	0,00000	0,00000
3,41550	18,00000	0,00000	0,00000	3,41550	19,00000	0,00000	0,00000
3,42788	16,00000	0,00000	0,00000	3,42788	16,00000	0,00000	0,00000
3,44025	16,00000	0,00000	0,00000	3,44025	17,00000	0,00000	0,00000
3,45263	18,00000	0,00000	0,00000	3,45263	18,00000	0,00000	0,00000
3,46500	18,00000	0,00000	0,00000	3,46500	17,00000	0,00000	0,00000
3,47738	18,00000	0,00000	0,00000	3,47738	18,00000	0,00000	0,00000
3,48975	16,00000	0,00000	0,00000	3,48975	17,00000	0,00000	0,00000
3,50213	16,00000	0,00000	0,00000	3,50213	18,00000	0,00000	0,00000
3,51450	16,00000	0,00000	0,00000	3,51450	16,00000	0,00000	0,00000
3,52687	18,00000	0,00000	0,00000	3,52688	19,00000	0,00000	0,00000
3,53925	17,00000	0,00000	0,00000	3,53925	16,00000	0,00000	0,00000
3,55163	19,00000	0,00000	0,00000	3,55163	19,00000	0,00000	0,00000
3,56400	20,00000	0,00000	0,00000	3,56400	16,00000	0,00000	0,00000
3,57638	20,00000	0,00000	0,00000	3,57638	16,00000	0,00000	0,00000
3,58875	20,00000	0,00000	0,00000	3,58875	18,00000	0,00000	0,00000
3,60113	17,00000	0,00000	0,00000	3,60113	16,00000	0,00000	0,00000
3,61350	17,00000	0,00000	0,00000	3,61350	16,00000	0,00000	0,00000
3,62588	19,00000	0,00000	0,00000	3,62588	18,00000	0,00000	0,00000
3,63825	19,00000	0,00000	0,00000	3,63825	16,00000	0,00000	0,00000
3,65063	18,00000	0,00000	0,00000	3,65063	16,00000	0,00000	0,00000
3,66300	20,00000	0,00000	0,00000	3,66300	16,00000	0,00000	0,00000
3,67538	20,00000	0,00000	0,00000	3,67538	17,00000	0,00000	0,00000
3,68775	19,00000	0,00000	0,00000	3,68775	18,00000	0,00000	0,00000
3,70013	17,00000	0,00000	0,00000	3,70013	18,00000	0,00000	0,00000
3,71250	17,00000	0,00000	0,00000	3,71250	16,00000	0,00000	0,00000
3,72488	19,00000	0,00000	0,00000	3,72488	19,00000	0,00000	0,00000
3,73725	17,00000	0,00000	0,00000	3,73725	18,00000	0,00000	0,00000
3,74962	17,00000	0,00000	0,00000	3,74963	17,00000	0,00000	0,00000
3,76200	18,00000	0,00000	0,00000	3,76200	18,00000	0,00000	0,00000
3,77438	18,00000	0,00000	0,00000	3,77438	17,00000	0,00000	0,00000
3,78675	18,00000	0,00000	0,00000	3,78675	19,00000	0,00000	0,00000
3,79913	18,00000	0,00000	0,00000	3,79913	16,00000	0,00000	0,00000
3,81150	18,00000	0,00000	0,00000	3,81150	16,00000	0,00000	0,00000
3,82388	18,00000	0,00000	0,00000	3,82388	17,00000	0,00000	0,00000
3,83625	18,00000	0,00000	0,00000	3,83625	18,00000	0,00000	0,00000
3,84863	18,00000	0,00000	0,00000	3,84863	18,00000	0,00000	0,00000
3,86100	18,00000	0,00000	0,00000	3,86100	19,00000	0,00000	0,00000
3,87338	16,00000	0,00000	0,00000	3,87338	17,00000	0,00000	0,00000
3,88575	16,00000	0,00000	0,00000	3,88575	17,00000	0,00000	0,00000
3,89813	18,00000	0,00000	0,00000	3,89813	18,00000	0,00000	0,00000
3,91050	18,00000	0,00000	0,00000	3,91050	16,00000	0,00000	0,00000
3,92288	18,00000	0,00000	0,00000	3,92288	17,00000	0,00000	0,00000
3,93525	18,00000	0,00000	0,00000	3,93525	15,00000	0,00000	0,00000
3,94763	18,00000	0,00000	0,00000	3,94763	17,00000	0,00000	0,00000
3,96000	18,00000	0,00000	0,00000	3,96000	19,00000	0,00000	0,00000
3,97237	16,00000	0,00000	0,00000	3,97238	19,00000	0,00000	0,00000
3,98475	16,00000	0,00000	0,00000	3,98475	19,00000	0,00000	0,00000
3,99713	18,00000	0,00000	0,00000	3,99713	17,00000	0,00000	0,00000
4,00950	18,00000	0,00000	0,00000	4,00950	18,00000	0,00000	0,00000
4,02188	17,00000	0,00000	0,00000	4,02188	17,00000	0,00000	0,00000
4,03425	17,00000	0,00000	0,00000	4,03425	18,00000	0,00000	0,00000
4,04663	19,00000	0,00000	0,00000	4,04663	18,00000	0,00000	0,00000
4,05900	17,00000	0,00000	0,00000	4,05900	18,00000	0,00000	0,00000
4,07138	17,00000	0,00000	0,00000	4,07138	17,00000	0,00000	0,00000
4,08375	17,00000	0,00000	0,00000	4,08375	19,00000	0,00000	0,00000
4,09612	19,00000	0,00000	0,00000	4,09613	17,00000	0,00000	0,00000
4,10850	19,00000	0,00000	0,00000	4,10850	20,00000	0,00000	0,00000
4,12087	17,00000	0,00000	0,00000	4,12088	17,00000	0,00000	0,00000
4,13325	17,00000	0,00000	0,00000	4,13325	20,00000	0,00000	0,00000
4,14562	18,00000	0,00000	0,00000	4,14563	19,00000	0,00000	0,00000
4,15800	18,00000	0,00000	0,00000	4,15800	19,00000	0,00000	0,00000
4,17037	18,00000	0,00000	0,00000	4,17038	19,00000	0,00000	0,00000
4,18275	17,00000	0,00000	0,00000	4,18275	19,00000	0,00000	0,00000
4,19512	17,00000	0,00000	0,00000	4,19513	18,00000	0,00000	0,00000
4,20750	19,00000	0,00000	0,00000	4,20750	17,00000	0,00000	0,00000
4,21988	19,00000	0,00000	0,00000	4,21988	18,00000	0,00000	0,00000
4,23225	18,00000	0,00000	0,00000	4,23225	16,00000	0,00000	0,00000
4,24463	16,00000	0,00000	0,00000	4,24463	16,00000	0,00000	0,00000
4,25700	16,00000	0,00000	0,00000	4,25700	15,00000	0,00000	0,00000
4,26938	17,00000	0,00000	0,00000	4,26938	18,00000	0,00000	0,00000
4,28175	16,00000	0,00000	0,00000	4,28175	18,00000	0,00000	0,00000
4,29413	16,00000	0,00000	0,00000	4,29413	17,00000	0,00000	0,00000
4,30650	18,00000	0,00000	0,00000	4,30650	17,00000	0,00000	0,00000
4,31888	19,00000	0,00000	0,00000	4,31888	17,00000	0,00000	0,00000
4,33125	17,00000	0,00000	0,00000	4,33125	16,00000	0,00000	0,00000
4,34363	19,00000	0,00000	0,00000	4,34363	19,00000	0,00000	0,00000
4,35600	18,00000	0,00000	0,00000	4,35600	16,00000	0,00000	0,00000
4,36838	19,00000	0,00000	0,00000	4,36838	19,00000	0,00000	0,00000
4,38075	20,00000	0,00000	0,00000	4,38075	19,00000	0,00000	0,00000
4,39313	24,00000	0,00000	0,00000	4,39313	19,00000	0,00000	0,00000
4,40550	32,00000	0,00000	0,00000	4,40550	19,00000	0,00000	0,00000
4,41788	48,00000	0,00000	0,00000	4,41788	17,00000	0,00000	0,00000
4,43025	81,00000	0,00000	0,00000	4,43025	17,00000	0,00000	0,00000
4,44263	130,00000	0,00000	0,00000	4,44263	17,00000	0,00000	0,00000
4,45500	185,00000	0,00000	0,00000	4,45500	18,00000	0,00000	0,00000
4,46738	230,00000	0,00000	0,00000	4,46738	15,00000	0,00000	0,00000
4,47975	244,00000	0,00000	0,00000	4,47975	17,00000	0,00000	0,00000
4,49213	222,00000	0,00000	0,00000	4,49213	18,00000	0,00000	0,00000
4,50450	172,00000	0,00000	0,00000	4,50450	17,00000	0,00000	0,00000
4,51688	118,00000	0,00000	0,00000	4,51688	17,00000	0,00000	0,00000
4,52925	75,00000	0,00000	0,00000	4,52925	18,00000	0,00000	0,00000
4,54162	46,00000	0,00000	0,00000	4,54163	18,00000	0,00000	0,00000
4,55400	30,00000	0,00000	0,00000	4,55400	18,00000	0,00000	0,00000
4,56637	23,00000	0,00000	0,00000	4,56638	17,00000	0,00000	0,00000
4,57875	19,00000	0,00000	0,00000	4,57875	15,00000	0,00000	0,00000
4,59112	18,00000	0,00000	0,00000	4,59113	18,00000	0,00000	0,00000
4,60350	17,00000	0,00000	0,00000	4,60350	18,00000	0,00000	0,00000
4,61587	17,00000	0,00000	0,00000	4,61588	18,00000	0,00000	0,00000
4,62825	18,00000	0,00000	0,00000	4,62825	18,00000	0,00000	0,00000
4,64063	18,00000	0,00000	0,00000	4,64063	17,00000	0,00000	0,00000
4,65300	18,00000	0,00000	0,00000	4,65300	18,00000	0,00000	0,00000
4,66538	18,00000	0,00000	0,00000	4,66538	17,00000	0,00000	0,00000
4,67775	18,00000	0,00000	0,00000	4,67775	18,00000	0,00000	0,00000
4,69013	16,00000	0,00000	0,00000	4,69013	16,00000	0,00000	0,00000
4,70250	16,00000	0,00000	0,00000	4,70250	17,00000	0,00000	0,00000
4,71488	19,00000	0,00000	0,00000	4,71488	18,00000	0,00000	0,00000
4,72725	18,00000	0,00000	0,00000	4,72725	16,00000	0,00000	0,00000
4,73963	16,00000	0,00000	0,00000	4,73963	16,00000	0,00000	0,00000
4,75200	17,00000	0,00000	0,00000	4,75200	16,00000	0,00000	0,00000
4,76438	17,00000	0,00000	0,00000	4,76438	18,00000	0,00000	0,00000
4,77675	15,00000	0,00000	0,00000	4,77675	17,00000	0,00000	0,00000
4,78913	15,00000	0,00000	0,00000	4,78913	18,00000	0,00000	0,00000
4,80150	15,00000	0,00000	0,00000	4,80150	16,00000	0,00000	0,00000
4,81388	18,00000	0,00000	0,00000	4,81388	16,00000	0,00000	0,00000
4,82625	19,00000	0,00000	0,00000	4,82625	19,00000	0,00000	0,00000
4,83863	18,00000	0,00000	0,00000	4,83863	19,00000	0,00000	0,00000
4,85100	16,00000	0,00000	0,00000	4,85100	17,00000	0,00000	0,00000
4,86338	16,00000	0,00000	0,00000	4,86338	19,00000	0,00000	0,00000
4,87575	16,00000	0,00000	0,00000	4,87575	17,00000	0,00000	0,00000
4,88813	18,00000	0,00000	0,00000	4,88813	19,00000	0,00000	0,00000
4,90050	17,00000	0,00000	0,00000	4,90050	17,00000	0,00000	0,00000
4,91288	19,00000	0,00000	0,00000	4,91288	18,00000	0,00000	0,00000
4,92525	20,00000	0,00000	0,00000	4,92525	17,00000	0,00000	0,00000
4,93763	20,00000	0,00000	0,00000	4,93763	16,00000	0,00000	0,00000
4,95000	17,00000	0,00000	0,00000	4,95000	17,00000	0,00000	0,00000
4,96238	16,00000	0,00000	0,00000	4,96238	18,00000	0,00000	0,00000
4,97475	18,00000	0,00000	0,00000	4,97475	17,00000	0,00000	0,00000
4,98712	18,00000	0,00000	0,00000	4,98713	18,00000	0,00000	0,00000
4,99950	17,00000	0,00000	0,00000	4,99950	16,00000	0,00000	0,00000
5,01187	19,00000	0,00000	0,00000	5,01188	19,00000	0,00000	0,00000
5,02425	18,00000	0,00000	0,00000	5,02425	16,00000	0,00000	0,00000
5,03662	16,00000	0,00000	0,00000	5,03663	18,00000	0,00000	0,00000
5,04900	16,00000	0,00000	0,00000	5,04900	18,00000	0,00000	0,00000
5,06137	16,00000	0,00000	0,00000	5,06138	18,00000	0,00000	0,00000
5,07375	18,00000	0,00000	0,00000	5,07375	19,00000	0,00000	0,00000
5,08613	18,00000	0,00000	0,00000	5,08613	16,00000	0,00000	0,00000
5,09850	17,00000	0,00000	0,00000	5,09850	19,00000	0,00000	0,00000
5,11088	19,00000	0,00000	0,00000	5,11088	18,00000	0,00000	0,00000
5,12325	19,00000	0,00000	0,00000	5,12325	19,00000	0,00000	0,00000
5,13563	17,00000	0,00000	0,00000	5,13563	18,00000	0,00000	0,00000
5,14800	17,00000	0,00000	0,00000	5,14800	19,00000	0,00000	0,00000
5,16038	17,00000	0,00000	0,00000	5,16038	19,00000	0,00000	0,00000
5,17275	19,00000	0,00000	0,00000	5,17275	17,00000	0,00000	0,00000
5,18513	19,00000	0,00000	0,00000	5,18513	16,00000	0,00000	0,00000
5,19750	19,00000	0,00000	0,00000	5,19750	16,00000	0,00000	0,00000
5,20988	16,00000	0,00000	0,00000	5,20988	16,00000	0,00000	0,00000
5,22225	16,00000	0,00000	0,00000	5,22225	18,00000	0,00000	0,00000
5,23463	16,00000	0,00000	0,00000	5,23463	16,00000	0,00000	0,00000
5,24700	18,00000	0,00000	0,00000	5,24700	19,00000	0,00000	0,00000
5,25938	18,00000	0,00000	0,00000	5,25938	16,00000	0,00000	0,00000
5,27175	18,00000	0,00000	0,00000	5,27175	17,00000	0,00000	0,00000
5,28413	18,00000	0,00000	0,00000	5,28413	20,00000	0,00000	0,00000
5,29650	18,00000	0,00000	0,00000	5,29650	16,00000	0,00000	0,00000
5,30888	18,00000	0,00000	0,00000	5,30888	19,00000	0,00000	0,00000
5,32125	16,00000	0,00000	0,00000	5,32125	18,00000	0,00000	0,00000
5,33363	18,00000	0,00000	0,00000	5,33363	17,00000	0,00000	0,00000
5,34600	16,00000	0,00000	0,00000	5,34600	17,00000	0,00000	0,00000
5,35838	16,00000	0,00000	0,00000	5,35838	18,00000	0,00000	0,00000
5,37075	16,00000	0,00000	0,00000	5,37075	18,00000	0,00000	0,00000
5,38313	18,00000	0,00000	0,00000	5,38313	16,00000	0,00000	0,00000
5,39550	18,00000	0,00000	0,00000	5,39550	18,00000	0,00000	0,00000
5,40788	16,00000	0,00000	0,00000	5,40788	17,00000	0,00000	0,00000
5,42025	18,00000	0,00000	0,00000	5,42025	19,00000	0,00000	0,00000
5,43262	18,00000	0,00000	0,00000	5,43263	18,00000	0,00000	0,00000
5,44500	18,00000	0,00000	0,00000	5,44500	15,00000	0,00000	0,00000
5,45737	16,00000	0,00000	0,00000	5,45738	19,00000	0,00000	0,00000
5,46975	19,00000	0,00000	0,00000	5,46975	17,00000	0,00000	0,00000
5,48212	19,00000	0,00000	0,00000	5,48213	18,00000	0,00000	0,00000
5,49450	17,00000	0,00000	0,00000	5,49450	18,00000	0,00000	0,00000
5,50687	18,00000	0,00000	0,00000	5,50688	19,00000	0,00000	0,00000
5,51925	18,00000	0,00000	0,00000	5,51925	16,00000	0,00000	0,00000
5,53163	16,00000	0,00000	0,00000	5,53163	17,00000	0,00000	0,00000
5,54400	16,00000	0,00000	0,00000	5,54400	16,00000	0,00000	0,00000
5,55638	16,00000	0,00000	0,00000	5,55638	16,00000	0,00000	0,00000
5,56875	18,00000	0,00000	0,00000	5,56875	17,00000	0,00000	0,00000
5,58113	18,00000	0,00000	0,00000	5,58113	16,00000	0,00000	0,00000
5,59350	16,00000	0,00000	0,00000	5,59350	17,00000	0,00000	0,00000
5,60588	16,00000	0,00000	0,00000	5,60588	16,00000	0,00000	0,00000
5,61825	17,00000	0,00000	0,00000	5,61825	18,00000	0,00000	0,00000
5,63063	16,00000	0,00000	0,00000	5,63063	17,00000	0,00000	0,00000
5,64300	16,00000	0,00000	0,00000	5,64300	18,00000	0,00000	0,00000
5,65538	18,00000	0,00000	0,00000	5,65538	19,00000	0,00000	0,00000
5,66775	18,00000	0,00000	0,00000	5,66775	17,00000	0,00000	0,00000
5,68013	18,00000	0,00000	0,00000	5,68013	17,00000	0,00000	0,00000
5,69250	18,00000	0,00000	0,00000	5,69250	17,00000	0,00000	0,00000
5,70488	18,00000	0,00000	0,00000	5,70488	18,00000	0,00000	0,00000
5,71725	16,00000	0,00000	0,00000	5,71725	16,00000	0,00000	0,00000
5,72963	16,00000	0,00000	0,00000	5,72963	19,00000	0,00000	0,00000
5,74200	18,00000	0,00000	0,00000	5,74200	18,00000	0,00000	0,00000
5,75438	19,00000	0,00000	0,00000	5,75438	19,00000	0,00000	0,00000
5,76675	17,00000	0,00000	0,00000	5,76675	17,00000	0,00000	0,00000
5,77913	17,00000	0,00000	0,00000	5,77913	17,00000	0,00000	0,00000
5,79150	17,00000	0,00000	0,00000	5,79150	17,00000	0,00000	0,00000
5,80388	18,00000	0,00000	0,00000	5,80388	20,00000	0,00000	0,00000
5,81625	19,00000	0,00000	0,00000	5,81625	18,00000	0,00000	0,00000
5,82863	16,00000	0,00000	0,00000	5,82863	18,00000	0,00000	0,00000
5,84100	16,00000	0,00000	0,00000	5,84100	16,00000	0,00000	0,00000
5,85338	17,00000	0,00000	0,00000	5,85338	18,00000	0,00000	0,00000
5,86575	16,00000	0,00000	0,00000	5,86575	17,00000	0,00000	0,00000
5,87813	16,00000	0,00000	0,00000	5,87813	18,00000	0,00000	0,00000
5,89050	18,00000	0,00000	0,00000	5,89050	17,00000	0,00000	0,00000
5,90287	18,00000	0,00000	0,00000	5,90288	18,00000	0,00000	0,00000
5,91525	17,00000	0,00000	0,00000	0,00000	16,00000	0,00000	0,00000
5,92762	19,00000	0,00000	0,00000	0,00000	9,00000	0,00000	0,00000
5,94000	19,00000	0,00000	0,00000	0,00000	0,00000	0,00000	0,00000
5,95237	17,00000	0,00000	0,00000	0,00000	0,00000	0,00000	0,00000
5,96475	17,00000	0,00000	0,00000	0,00000	0,00000	0,00000	0,00000
5,97713	17,00000	0,00000	0,00000	0,00000	0,00000	0,00000	0,00000
5,98950	17,00000	0,00000	0,00000	0,00000	0,00000	0,00000	0,00000
6,00188	19,00000	0,00000	0,00000	0,00000	0,00000	0,00000	0,00000
6,01425	17,00000	0,00000	0,00000	0,00000	0,00000	0,00000	0,00000
6,02663	17,00000	0,00000	0,00000	0,00000	0,00000	0,00000	0,00000
6,03900	17,00000	0,00000	0,00000	0,00000	0,00000	0,00000	0,00000
6,05138	19,00000	0,00000	0,00000	0,00000	0,00000	0,00000	0,00000
6,06375	18,00000	0,00000	0,00000	0,00000	0,00000	0,00000	0,00000
6,07613	16,00000	0,00000	0,00000	0,00000	0,00000	0,00000	0,00000
6,08850	18,00000	0,00000	0,00000	0,00000	0,00000	0,00000	0,00000
6,10088	17,00000	0,00000	0,00000	0,00000	0,00000	0,00000	0,00000
6,11325	17,00000	0,00000	0,00000	0,00000	0,00000	0,00000	0,00000
6,12563	15,00000	0,00000	0,00000	0,00000	0,00000	0,00000	0,00000
6,13800	15,00000	0,00000	0,00000	0,00000	0,00000	0,00000	0,00000
6,15038	17,00000	0,00000	0,00000	0,00000	0,00000	0,00000	0,00000
6,16275	18,00000	0,00000	0,00000	0,00000	0,00000	0,00000	0,00000
6,17513	16,00000	0,00000	0,00000	0,00000	0,00000	0,00000	0,00000
6,18750	16,00000	0,00000	0,00000	0,00000	0,00000	0,00000	0,00000
6,19988	16,00000	0,00000	0,00000	0,00000	0,00000	0,00000	0,00000
6,21225	18,00000	0,00000	0,00000	0,00000	0,00000	0,00000	0,00000
6,22463	18,00000	0,00000	0,00000	0,00000	0,00000	0,00000	0,00000
6,23700	18,00000	0,00000	0,00000	0,00000	0,00000	0,00000	0,00000
6,24938	18,00000	0,00000	0,00000	0,00000	0,00000	0,00000	0,00000
6,26175	16,00000	0,00000	0,00000	0,00000	0,00000	0,00000	0,00000
6,27413	16,00000	0,00000	0,00000	0,00000	0,00000	0,00000	0,00000
6,28650	16,00000	0,00000	0,00000	0,00000	0,00000	0,00000	0,00000
6,29888	18,00000	0,00000	0,00000	0,00000	0,00000	0,00000	0,00000
6,31125	18,00000	0,00000	0,00000	0,00000	0,00000	0,00000	0,00000
6,32363	19,00000	0,00000	0,00000	0,00000	0,00000	0,00000	0,00000
6,33600	17,00000	0,00000	0,00000	0,00000	0,00000	0,00000	0,00000
6,34837	18,00000	0,00000	0,00000	0,00000	0,00000	0,00000	0,00000
6,36075	18,00000	0,00000	0,00000	0,00000	0,00000	0,00000	0,00000
6,37312	16,00000	0,00000	0,00000	0,00000	0,00000	0,00000	0,00000
6,38550	17,00000	0,00000	0,00000	0,00000	0,00000	0,00000	0,00000
6,39787	15,00000	0,00000	0,00000	0,00000	0,00000	0,00000	0,00000
6,41025	15,00000	0,00000	0,00000	0,00000	0,00000	0,00000	0,00000
6,42263	17,00000	0,00000	0,00000	0,00000	0,00000	0,00000	0,00000
6,43500	18,00000	0,00000	0,00000	0,00000	0,00000	0,00000	0,00000
6,44738	18,00000	0,00000	0,00000	0,00000	0,00000	0,00000	0,00000
6,45975	18,00000	0,00000	0,00000	0,00000	0,00000	0,00000	0,00000
6,47213	16,00000	0,00000	0,00000	0,00000	0,00000	0,00000	0,00000
6,48450	16,00000	0,00000	0,00000	0,00000	0,00000	0,00000	0,00000
6,49688	16,00000	0,00000	0,00000	0,00000	0,00000	0,00000	0,00000
6,50925	18,00000	0,00000	0,00000	0,00000	0,00000	0,00000	0,00000
6,52163	18,00000	0,00000	0,00000	0,00000	0,00000	0,00000	0,00000
6,53400	16,00000	0,00000	0,00000	0,00000	0,00000	0,00000	0,00000
6,54638	16,00000	0,00000	0,00000	0,00000	0,00000	0,00000	0,00000
6,55875	18,00000	0,00000	0,00000	0,00000	0,00000	0,00000	0,00000
6,57113	18,00000	0,00000	0,00000	0,00000	0,00000	0,00000	0,00000
6,58350	16,00000	0,00000	0,00000	0,00000	0,00000	0,00000	0,00000
6,59588	16,00000	0,00000	0,00000	0,00000	0,00000	0,00000	0,00000
6,60825	17,00000	0,00000	0,00000	0,00000	0,00000	0,00000	0,00000
6,62063	17,00000	0,00000	0,00000	0,00000	0,00000	0,00000	0,00000
6,63300	17,00000	0,00000	0,00000	0,00000	0,00000	0,00000	0,00000
6,64538	15,00000	0,00000	0,00000	0,00000	0,00000	0,00000	0,00000
6,65775	15,00000	0,00000	0,00000	0,00000	0,00000	0,00000	0,00000
6,67013	17,00000	0,00000	0,00000	0,00000	0,00000	0,00000	0,00000
6,68250	18,00000	0,00000	0,00000	0,00000	0,00000	0,00000	0,00000
6,69488	18,00000	0,00000	0,00000	0,00000	0,00000	0,00000	0,00000
6,70725	16,00000	0,00000	0,00000	0,00000	0,00000	0,00000	0,00000
6,71963	17,00000	0,00000	0,00000	0,00000	0,00000	0,00000	0,00000
6,73200	15,00000	0,00000	0,00000	0,00000	0,00000	0,00000	0,00000
6,74438	15,00000	0,00000	0,00000	0,00000	0,00000	0,00000	0,00000
6,75675	15,00000	0,00000	0,00000	0,00000	0,00000	0,00000	0,00000
6,76913	17,00000	0,00000	0,00000	0,00000	0,00000	0,00000	0,00000
6,78150	18,00000	0,00000	0,00000	0,00000	0,00000	0,00000	0,00000
6,79387	18,00000	0,00000	0,00000	0,00000	0,00000	0,00000	0,00000
6,80625	18,00000	0,00000	0,00000	0,00000	0,00000	0,00000	0,00000
6,81862	18,00000	0,00000	0,00000	0,00000	0,00000	0,00000	0,00000
6,83100	18,00000	0,00000	0,00000	0,00000	0,00000	0,00000	0,00000
6,84337	18,00000	0,00000	0,00000	0,00000	0,00000	0,00000	0,00000
6,85575	17,00000	0,00000	0,00000	0,00000	0,00000	0,00000	0,00000
6,86813	17,00000	0,00000	0,00000	0,00000	0,00000	0,00000	0,00000
6,88050	19,00000	0,00000	0,00000	0,00000	0,00000	0,00000	0,00000
6,89288	17,00000	0,00000	0,00000	0,00000	0,00000	0,00000	0,00000
6,90525	17,00000	0,00000	0,00000	0,00000	0,00000	0,00000	0,00000
6,91763	18,00000	0,00000	0,00000	0,00000	0,00000	0,00000	0,00000
6,93000	18,00000	0,00000	0,00000	0,00000	0,00000	0,00000	0,00000
6,94238	16,00000	0,00000	0,00000	0,00000	0,00000	0,00000	0,00000
6,95475	15,00000	0,00000	0,00000	0,00000	0,00000	0,00000	0,00000
6,96713	16,00000	0,00000	0,00000	0,00000	0,00000	0,00000	0,00000
6,97950	18,00000	0,00000	0,00000	0,00000	0,00000	0,00000	0,00000
6,99188	18,00000	0,00000	0,00000	0,00000	0,00000	0,00000	0,00000
7,00425	18,00000	0,00000	0,00000	0,00000	0,00000	0,00000	0,00000
7,01663	15,00000	0,00000	0,00000	0,00000	0,00000	0,00000	0,00000
7,02900	13,00000	0,00000	0,00000	0,00000	0,00000	0,00000	0,00000
7,04138	13,00000	0,00000	0,00000	0,00000	0,00000	0,00000	0,00000
7,05375	15,00000	0,00000	0,00000	0,00000	0,00000	0,00000	0,00000
7,06613	17,00000	0,00000	0,00000	0,00000	0,00000	0,00000	0,00000
7,07850	18,00000	0,00000	0,00000	0,00000	0,00000	0,00000	0,00000
7,09088	18,00000	0,00000	0,00000	0,00000	0,00000	0,00000	0,00000
7,10325	16,00000	0,00000	0,00000	0,00000	0,00000	0,00000	0,00000
7,11563	16,00000	0,00000	0,00000	0,00000	0,00000	0,00000	0,00000
7,12800	16,00000	0,00000	0,00000	0,00000	0,00000	0,00000	0,00000
7,14038	16,00000	0,00000	0,00000	0,00000	0,00000	0,00000	0,00000
7,15275	18,00000	0,00000	0,00000	0,00000	0,00000	0,00000	0,00000
7,16513	16,00000	0,00000	0,00000	0,00000	0,00000	0,00000	0,00000
7,17750	16,00000	0,00000	0,00000	0,00000	0,00000	0,00000	0,00000
7,18988	17,00000	0,00000	0,00000	0,00000	0,00000	0,00000	0,00000
7,20225	16,00000	0,00000	0,00000	0,00000	0,00000	0,00000	0,00000
7,21463	16,00000	0,00000	0,00000	0,00000	0,00000	0,00000	0,00000
7,22700	18,00000	0,00000	0,00000	0,00000	0,00000	0,00000	0,00000
7,23938	18,00000	0,00000	0,00000	0,00000	0,00000	0,00000	0,00000
7,25175	16,00000	0,00000	0,00000	0,00000	0,00000	0,00000	0,00000
7,26412	16,00000	0,00000	0,00000	0,00000	0,00000	0,00000	0,00000
7,27650	18,00000	0,00000	0,00000	0,00000	0,00000	0,00000	0,00000
7,28887	18,00000	0,00000	0,00000	0,00000	0,00000	0,00000	0,00000
7,30125	18,00000	0,00000	0,00000	0,00000	0,00000	0,00000	0,00000
7,31363	18,00000	0,00000	0,00000	0,00000	0,00000	0,00000	0,00000
7,32600	16,00000	0,00000	0,00000	0,00000	0,00000	0,00000	0,00000
7,33838	16,00000	0,00000	0,00000	0,00000	0,00000	0,00000	0,00000
7,35075	18,00000	0,00000	0,00000	0,00000	0,00000	0,00000	0,00000
7,36313	18,00000	0,00000	0,00000	0,00000	0,00000	0,00000	0,00000
7,37550	16,00000	0,00000	0,00000	0,00000	0,00000	0,00000	0,00000
7,38788	16,00000	0,00000	0,00000	0,00000	0,00000	0,00000	0,00000
7,40025	16,00000	0,00000	0,00000	0,00000	0,00000	0,00000	0,00000
7,41263	18,00000	0,00000	0,00000	0,00000	0,00000	0,00000	0,00000
7,42500	18,00000	0,00000	0,00000	0,00000	0,00000	0,00000	0,00000
7,43738	17,00000	0,00000	0,00000	0,00000	0,00000	0,00000	0,00000
7,44975	17,00000	0,00000	0,00000	0,00000	0,00000	0,00000	0,00000
7,46213	19,00000	0,00000	0,00000	0,00000	0,00000	0,00000	0,00000
7,47450	18,00000	0,00000	0,00000	0,00000	0,00000	0,00000	0,00000
7,48688	16,00000	0,00000	0,00000	0,00000	0,00000	0,00000	0,00000
7,49925	16,00000	0,00000	0,00000	0,00000	0,00000	0,00000	0,00000
7,51163	17,00000	0,00000	0,00000	0,00000	0,00000	0,00000	0,00000
7,52400	17,00000	0,00000	0,00000	0,00000	0,00000	0,00000	0,00000
7,53638	17,00000	0,00000	0,00000	0,00000	0,00000	0,00000	0,00000
7,54875	17,00000	0,00000	0,00000	0,00000	0,00000	0,00000	0,00000
7,56113	15,00000	0,00000	0,00000	0,00000	0,00000	0,00000	0,00000
7,57350	15,00000	0,00000	0,00000	0,00000	0,00000	0,00000	0,00000
7,58588	17,00000	0,00000	0,00000	0,00000	0,00000	0,00000	0,00000
7,59825	18,00000	0,00000	0,00000	0,00000	0,00000	0,00000	0,00000
7,61063	18,00000	0,00000	0,00000	0,00000	0,00000	0,00000	0,00000
7,62300	18,00000	0,00000	0,00000	0,00000	0,00000	0,00000	0,00000
7,63538	18,00000	0,00000	0,00000	0,00000	0,00000	0,00000	0,00000
7,64775	18,00000	0,00000	0,00000	0,00000	0,00000	0,00000	0,00000
7,66013	16,00000	0,00000	0,00000	0,00000	0,00000	0,00000	0,00000
7,67250	16,00000	0,00000	0,00000	0,00000	0,00000	0,00000	0,00000
7,68488	17,00000	0,00000	0,00000	0,00000	0,00000	0,00000	0,00000
7,69725	16,00000	0,00000	0,00000	0,00000	0,00000	0,00000	0,00000
7,70962	16,00000	0,00000	0,00000	0,00000	0,00000	0,00000	0,00000
7,72200	18,00000	0,00000	0,00000	0,00000	0,00000	0,00000	0,00000
7,73438	17,00000	0,00000	0,00000	0,00000	0,00000	0,00000	0,00000
7,74675	15,00000	0,00000	0,00000	0,00000	0,00000	0,00000	0,00000
7,75913	15,00000	0,00000	0,00000	0,00000	0,00000	0,00000	0,00000
7,77150	15,00000	0,00000	0,00000	0,00000	0,00000	0,00000	0,00000
7,78388	17,00000	0,00000	0,00000	0,00000	0,00000	0,00000	0,00000
7,79625	18,00000	0,00000	0,00000	0,00000	0,00000	0,00000	0,00000
7,80863	17,00000	0,00000	0,00000	0,00000	0,00000	0,00000	0,00000
7,82100	15,00000	0,00000	0,00000	0,00000	0,00000	0,00000	0,00000
7,83338	17,00000	0,00000	0,00000	0,00000	0,00000	0,00000	0,00000
7,84575	15,00000	0,00000	0,00000	0,00000	0,00000	0,00000	0,00000
7,85813	16,00000	0,00000	0,00000	0,00000	0,00000	0,00000	0,00000
7,87050	16,00000	0,00000	0,00000	0,00000	0,00000	0,00000	0,00000
7,88288	13,00000	0,00000	0,00000	0,00000	0,00000	0,00000	0,00000
0,00000	11,00000	0,00000	0,00000	0,00000	0,00000	0,00000	0,00000
0,00000	9,00000	0,00000	0,00000	0,00000	0,00000	0,00000	0,00000
