GRUPPE3_Greyline05.dat
04.10.2021
15:06:41
GRUPPE3

Gauss coefficients notation:
Amplitude
FWHM
Std.Abw.
[Fehler]
offset
BEAMCUT  LINES:

X H  in mm	Y H rel	Gauss fit H	H Gauss Coefficients	X V in mm	Y V rel	Gauss fit V	V Gauss Coefficientes
0,00000	17,00000	0,00000	0,00000	0,00000	18,00000	0,00000	0,00000
0,01238	17,00000	0,00000	0,00000	0,01238	19,00000	0,00000	0,00000
0,02475	18,00000	0,00000	0,00000	0,02475	18,00000	0,00000	0,00000
0,03713	19,00000	0,00000	0,00000	0,03713	20,00000	0,00000	0,00000
0,04950	18,00000	0,00000	0,00000	0,04950	16,00000	0,00000	0,00000
0,06187	16,00000	0,00000	0,00000	0,06188	17,00000	0,00000	0,00000
0,07425	16,00000	0,00000	0,00000	0,07425	17,00000	0,00000	0,00000
0,08663	16,00000	0,00000	0,00000	0,08663	17,00000	0,00000	0,00000
0,09900	18,00000	0,00000	0,00000	0,09900	16,00000	0,00000	0,00000
0,11138	18,00000	0,00000	0,00000	0,11138	17,00000	0,00000	0,00000
0,12375	18,00000	0,00000	0,00000	0,12375	18,00000	0,00000	0,00000
0,13612	18,00000	0,00000	0,00000	0,13613	19,00000	0,00000	0,00000
0,14850	17,00000	0,00000	0,00000	0,14850	17,00000	0,00000	0,00000
0,16088	17,00000	0,00000	0,00000	0,16088	19,00000	0,00000	0,00000
0,17325	19,00000	0,00000	0,00000	0,17325	17,00000	0,00000	0,00000
0,18563	18,00000	0,00000	0,00000	0,18563	19,00000	0,00000	0,00000
0,19800	20,00000	0,00000	0,00000	0,19800	19,00000	0,00000	0,00000
0,21038	20,00000	0,00000	0,00000	0,21038	17,00000	0,00000	0,00000
0,22275	18,00000	0,00000	0,00000	0,22275	16,00000	0,00000	0,00000
0,23513	18,00000	0,00000	0,00000	0,23513	16,00000	0,00000	0,00000
0,24750	20,00000	0,00000	0,00000	0,24750	17,00000	0,00000	0,00000
0,25988	20,00000	0,00000	0,00000	0,25988	16,00000	0,00000	0,00000
0,27225	18,00000	0,00000	0,00000	0,27225	18,00000	0,00000	0,00000
0,28463	18,00000	0,00000	0,00000	0,28463	19,00000	0,00000	0,00000
0,29700	19,00000	0,00000	0,00000	0,29700	19,00000	0,00000	0,00000
0,30938	19,00000	0,00000	0,00000	0,30938	18,00000	0,00000	0,00000
0,32175	17,00000	0,00000	0,00000	0,32175	20,00000	0,00000	0,00000
0,33413	17,00000	0,00000	0,00000	0,33413	16,00000	0,00000	0,00000
0,34650	18,00000	0,00000	0,00000	0,34650	17,00000	0,00000	0,00000
0,35887	18,00000	0,00000	0,00000	0,35888	15,00000	0,00000	0,00000
0,37125	16,00000	0,00000	0,00000	0,37125	16,00000	0,00000	0,00000
0,38362	18,00000	0,00000	0,00000	0,38363	18,00000	0,00000	0,00000
0,39600	18,00000	0,00000	0,00000	0,39600	16,00000	0,00000	0,00000
0,40838	19,00000	0,00000	0,00000	0,40838	18,00000	0,00000	0,00000
0,42075	18,00000	0,00000	0,00000	0,42075	18,00000	0,00000	0,00000
0,43313	16,00000	0,00000	0,00000	0,43313	18,00000	0,00000	0,00000
0,44550	16,00000	0,00000	0,00000	0,44550	18,00000	0,00000	0,00000
0,45788	18,00000	0,00000	0,00000	0,45788	17,00000	0,00000	0,00000
0,47025	18,00000	0,00000	0,00000	0,47025	18,00000	0,00000	0,00000
0,48263	18,00000	0,00000	0,00000	0,48263	18,00000	0,00000	0,00000
0,49500	16,00000	0,00000	0,00000	0,49500	18,00000	0,00000	0,00000
0,50738	16,00000	0,00000	0,00000	0,50738	18,00000	0,00000	0,00000
0,51975	17,00000	0,00000	0,00000	0,51975	16,00000	0,00000	0,00000
0,53213	17,00000	0,00000	0,00000	0,53213	18,00000	0,00000	0,00000
0,54450	16,00000	0,00000	0,00000	0,54450	16,00000	0,00000	0,00000
0,55688	16,00000	0,00000	0,00000	0,55688	18,00000	0,00000	0,00000
0,56925	18,00000	0,00000	0,00000	0,56925	18,00000	0,00000	0,00000
0,58163	18,00000	0,00000	0,00000	0,58163	18,00000	0,00000	0,00000
0,59400	18,00000	0,00000	0,00000	0,59400	18,00000	0,00000	0,00000
0,60637	18,00000	0,00000	0,00000	0,60638	18,00000	0,00000	0,00000
0,61875	16,00000	0,00000	0,00000	0,61875	18,00000	0,00000	0,00000
0,63113	18,00000	0,00000	0,00000	0,63113	15,00000	0,00000	0,00000
0,64350	18,00000	0,00000	0,00000	0,64350	17,00000	0,00000	0,00000
0,65587	18,00000	0,00000	0,00000	0,65588	15,00000	0,00000	0,00000
0,66825	18,00000	0,00000	0,00000	0,66825	18,00000	0,00000	0,00000
0,68063	18,00000	0,00000	0,00000	0,68063	16,00000	0,00000	0,00000
0,69300	18,00000	0,00000	0,00000	0,69300	18,00000	0,00000	0,00000
0,70538	18,00000	0,00000	0,00000	0,70538	18,00000	0,00000	0,00000
0,71775	18,00000	0,00000	0,00000	0,71775	18,00000	0,00000	0,00000
0,73013	18,00000	0,00000	0,00000	0,73013	17,00000	0,00000	0,00000
0,74250	18,00000	0,00000	0,00000	0,74250	18,00000	0,00000	0,00000
0,75488	18,00000	0,00000	0,00000	0,75488	18,00000	0,00000	0,00000
0,76725	18,00000	0,00000	0,00000	0,76725	17,00000	0,00000	0,00000
0,77963	18,00000	0,00000	0,00000	0,77963	18,00000	0,00000	0,00000
0,79200	18,00000	0,00000	0,00000	0,79200	16,00000	0,00000	0,00000
0,80438	18,00000	0,00000	0,00000	0,80438	18,00000	0,00000	0,00000
0,81675	17,00000	0,00000	0,00000	0,81675	18,00000	0,00000	0,00000
0,82913	17,00000	0,00000	0,00000	0,82913	18,00000	0,00000	0,00000
0,84150	19,00000	0,00000	0,00000	0,84150	17,00000	0,00000	0,00000
0,85388	19,00000	0,00000	0,00000	0,85388	16,00000	0,00000	0,00000
0,86625	16,00000	0,00000	0,00000	0,86625	16,00000	0,00000	0,00000
0,87862	17,00000	0,00000	0,00000	0,87863	16,00000	0,00000	0,00000
0,89100	17,00000	0,00000	0,00000	0,89100	18,00000	0,00000	0,00000
0,90338	19,00000	0,00000	0,00000	0,90338	16,00000	0,00000	0,00000
0,91575	19,00000	0,00000	0,00000	0,91575	18,00000	0,00000	0,00000
0,92813	19,00000	0,00000	0,00000	0,92813	18,00000	0,00000	0,00000
0,94050	17,00000	0,00000	0,00000	0,94050	18,00000	0,00000	0,00000
0,95288	18,00000	0,00000	0,00000	0,95288	18,00000	0,00000	0,00000
0,96525	18,00000	0,00000	0,00000	0,96525	18,00000	0,00000	0,00000
0,97763	16,00000	0,00000	0,00000	0,97763	16,00000	0,00000	0,00000
0,99000	17,00000	0,00000	0,00000	0,99000	19,00000	0,00000	0,00000
1,00238	19,00000	0,00000	0,00000	1,00238	16,00000	0,00000	0,00000
1,01475	19,00000	0,00000	0,00000	1,01475	18,00000	0,00000	0,00000
1,02713	19,00000	0,00000	0,00000	1,02713	18,00000	0,00000	0,00000
1,03950	17,00000	0,00000	0,00000	1,03950	18,00000	0,00000	0,00000
1,05188	17,00000	0,00000	0,00000	1,05188	16,00000	0,00000	0,00000
1,06425	18,00000	0,00000	0,00000	1,06425	17,00000	0,00000	0,00000
1,07662	18,00000	0,00000	0,00000	1,07663	17,00000	0,00000	0,00000
1,08900	17,00000	0,00000	0,00000	1,08900	17,00000	0,00000	0,00000
1,10137	17,00000	0,00000	0,00000	1,10138	17,00000	0,00000	0,00000
1,11375	19,00000	0,00000	0,00000	1,11375	16,00000	0,00000	0,00000
1,12613	18,00000	0,00000	0,00000	1,12613	18,00000	0,00000	0,00000
1,13850	16,00000	0,00000	0,00000	1,13850	18,00000	0,00000	0,00000
1,15088	18,00000	0,00000	0,00000	1,15088	19,00000	0,00000	0,00000
1,16325	18,00000	0,00000	0,00000	1,16325	18,00000	0,00000	0,00000
1,17563	17,00000	0,00000	0,00000	1,17563	18,00000	0,00000	0,00000
1,18800	19,00000	0,00000	0,00000	1,18800	18,00000	0,00000	0,00000
1,20037	20,00000	0,00000	0,00000	1,20038	18,00000	0,00000	0,00000
1,21275	19,00000	0,00000	0,00000	1,21275	16,00000	0,00000	0,00000
1,22513	17,00000	0,00000	0,00000	1,22513	17,00000	0,00000	0,00000
1,23750	16,00000	0,00000	0,00000	1,23750	18,00000	0,00000	0,00000
1,24988	16,00000	0,00000	0,00000	1,24988	16,00000	0,00000	0,00000
1,26225	16,00000	0,00000	0,00000	1,26225	17,00000	0,00000	0,00000
1,27463	16,00000	0,00000	0,00000	1,27463	18,00000	0,00000	0,00000
1,28700	18,00000	0,00000	0,00000	1,28700	18,00000	0,00000	0,00000
1,29938	17,00000	0,00000	0,00000	1,29938	16,00000	0,00000	0,00000
1,31175	19,00000	0,00000	0,00000	1,31175	18,00000	0,00000	0,00000
1,32412	19,00000	0,00000	0,00000	1,32413	16,00000	0,00000	0,00000
1,33650	17,00000	0,00000	0,00000	1,33650	17,00000	0,00000	0,00000
1,34888	17,00000	0,00000	0,00000	1,34888	18,00000	0,00000	0,00000
1,36125	17,00000	0,00000	0,00000	1,36125	18,00000	0,00000	0,00000
1,37363	19,00000	0,00000	0,00000	1,37363	19,00000	0,00000	0,00000
1,38600	19,00000	0,00000	0,00000	1,38600	18,00000	0,00000	0,00000
1,39838	17,00000	0,00000	0,00000	1,39838	18,00000	0,00000	0,00000
1,41075	17,00000	0,00000	0,00000	1,41075	17,00000	0,00000	0,00000
1,42312	17,00000	0,00000	0,00000	1,42313	16,00000	0,00000	0,00000
1,43550	17,00000	0,00000	0,00000	1,43550	16,00000	0,00000	0,00000
1,44788	19,00000	0,00000	0,00000	1,44788	17,00000	0,00000	0,00000
1,46025	19,00000	0,00000	0,00000	1,46025	18,00000	0,00000	0,00000
1,47263	19,00000	0,00000	0,00000	1,47263	18,00000	0,00000	0,00000
1,48500	17,00000	0,00000	0,00000	1,48500	17,00000	0,00000	0,00000
1,49738	17,00000	0,00000	0,00000	1,49738	17,00000	0,00000	0,00000
1,50975	19,00000	0,00000	0,00000	1,50975	17,00000	0,00000	0,00000
1,52213	19,00000	0,00000	0,00000	1,52213	18,00000	0,00000	0,00000
1,53450	17,00000	0,00000	0,00000	1,53450	17,00000	0,00000	0,00000
1,54688	17,00000	0,00000	0,00000	1,54688	19,00000	0,00000	0,00000
1,55925	17,00000	0,00000	0,00000	1,55925	17,00000	0,00000	0,00000
1,57163	19,00000	0,00000	0,00000	1,57163	18,00000	0,00000	0,00000
1,58400	18,00000	0,00000	0,00000	1,58400	19,00000	0,00000	0,00000
1,59638	16,00000	0,00000	0,00000	1,59638	18,00000	0,00000	0,00000
1,60875	18,00000	0,00000	0,00000	1,60875	18,00000	0,00000	0,00000
1,62113	18,00000	0,00000	0,00000	1,62113	18,00000	0,00000	0,00000
1,63350	17,00000	0,00000	0,00000	1,63350	17,00000	0,00000	0,00000
1,64587	19,00000	0,00000	0,00000	1,64588	18,00000	0,00000	0,00000
1,65825	18,00000	0,00000	0,00000	1,65825	18,00000	0,00000	0,00000
1,67063	16,00000	0,00000	0,00000	1,67063	16,00000	0,00000	0,00000
1,68300	16,00000	0,00000	0,00000	1,68300	18,00000	0,00000	0,00000
1,69538	17,00000	0,00000	0,00000	1,69538	17,00000	0,00000	0,00000
1,70775	16,00000	0,00000	0,00000	1,70775	15,00000	0,00000	0,00000
1,72013	16,00000	0,00000	0,00000	1,72013	16,00000	0,00000	0,00000
1,73250	18,00000	0,00000	0,00000	1,73250	18,00000	0,00000	0,00000
1,74488	19,00000	0,00000	0,00000	1,74488	16,00000	0,00000	0,00000
1,75725	17,00000	0,00000	0,00000	1,75725	17,00000	0,00000	0,00000
1,76963	17,00000	0,00000	0,00000	1,76963	16,00000	0,00000	0,00000
1,78200	18,00000	0,00000	0,00000	1,78200	17,00000	0,00000	0,00000
1,79438	18,00000	0,00000	0,00000	1,79438	16,00000	0,00000	0,00000
1,80675	18,00000	0,00000	0,00000	1,80675	16,00000	0,00000	0,00000
1,81913	17,00000	0,00000	0,00000	1,81913	15,00000	0,00000	0,00000
1,83150	18,00000	0,00000	0,00000	1,83150	17,00000	0,00000	0,00000
1,84388	19,00000	0,00000	0,00000	1,84388	17,00000	0,00000	0,00000
1,85625	16,00000	0,00000	0,00000	1,85625	18,00000	0,00000	0,00000
1,86862	16,00000	0,00000	0,00000	1,86863	17,00000	0,00000	0,00000
1,88100	17,00000	0,00000	0,00000	1,88100	18,00000	0,00000	0,00000
1,89338	17,00000	0,00000	0,00000	1,89338	16,00000	0,00000	0,00000
1,90575	16,00000	0,00000	0,00000	1,90575	18,00000	0,00000	0,00000
1,91813	16,00000	0,00000	0,00000	1,91813	17,00000	0,00000	0,00000
1,93050	18,00000	0,00000	0,00000	1,93050	17,00000	0,00000	0,00000
1,94288	16,00000	0,00000	0,00000	1,94288	18,00000	0,00000	0,00000
1,95525	16,00000	0,00000	0,00000	1,95525	17,00000	0,00000	0,00000
1,96763	18,00000	0,00000	0,00000	1,96763	16,00000	0,00000	0,00000
1,98000	18,00000	0,00000	0,00000	1,98000	18,00000	0,00000	0,00000
1,99238	18,00000	0,00000	0,00000	1,99238	17,00000	0,00000	0,00000
2,00475	18,00000	0,00000	0,00000	2,00475	17,00000	0,00000	0,00000
2,01713	17,00000	0,00000	0,00000	2,01713	17,00000	0,00000	0,00000
2,02950	15,00000	0,00000	0,00000	2,02950	17,00000	0,00000	0,00000
2,04188	15,00000	0,00000	0,00000	2,04188	17,00000	0,00000	0,00000
2,05425	17,00000	0,00000	0,00000	2,05425	16,00000	0,00000	0,00000
2,06663	18,00000	0,00000	0,00000	2,06663	17,00000	0,00000	0,00000
2,07900	18,00000	0,00000	0,00000	2,07900	18,00000	0,00000	0,00000
2,09138	16,00000	0,00000	0,00000	2,09138	17,00000	0,00000	0,00000
2,10375	18,00000	0,00000	0,00000	2,10375	16,00000	0,00000	0,00000
2,11613	18,00000	0,00000	0,00000	2,11613	18,00000	0,00000	0,00000
2,12850	17,00000	0,00000	0,00000	2,12850	16,00000	0,00000	0,00000
2,14088	19,00000	0,00000	0,00000	2,14088	18,00000	0,00000	0,00000
2,15325	17,00000	0,00000	0,00000	2,15325	18,00000	0,00000	0,00000
2,16562	17,00000	0,00000	0,00000	2,16563	15,00000	0,00000	0,00000
2,17800	17,00000	0,00000	0,00000	2,17800	15,00000	0,00000	0,00000
2,19037	19,00000	0,00000	0,00000	2,19038	16,00000	0,00000	0,00000
2,20275	19,00000	0,00000	0,00000	2,20275	17,00000	0,00000	0,00000
2,21513	18,00000	0,00000	0,00000	2,21513	16,00000	0,00000	0,00000
2,22750	16,00000	0,00000	0,00000	2,22750	16,00000	0,00000	0,00000
2,23988	16,00000	0,00000	0,00000	2,23988	18,00000	0,00000	0,00000
2,25225	18,00000	0,00000	0,00000	2,25225	16,00000	0,00000	0,00000
2,26463	16,00000	0,00000	0,00000	2,26463	16,00000	0,00000	0,00000
2,27700	16,00000	0,00000	0,00000	2,27700	18,00000	0,00000	0,00000
2,28938	18,00000	0,00000	0,00000	2,28938	16,00000	0,00000	0,00000
2,30175	18,00000	0,00000	0,00000	2,30175	16,00000	0,00000	0,00000
2,31413	18,00000	0,00000	0,00000	2,31413	16,00000	0,00000	0,00000
2,32650	18,00000	0,00000	0,00000	2,32650	15,00000	0,00000	0,00000
2,33888	18,00000	0,00000	0,00000	2,33888	18,00000	0,00000	0,00000
2,35125	16,00000	0,00000	0,00000	2,35125	18,00000	0,00000	0,00000
2,36363	16,00000	0,00000	0,00000	2,36363	16,00000	0,00000	0,00000
2,37600	18,00000	0,00000	0,00000	2,37600	18,00000	0,00000	0,00000
2,38837	16,00000	0,00000	0,00000	2,38838	17,00000	0,00000	0,00000
2,40075	16,00000	0,00000	0,00000	2,40075	18,00000	0,00000	0,00000
2,41312	17,00000	0,00000	0,00000	2,41313	18,00000	0,00000	0,00000
2,42550	16,00000	0,00000	0,00000	2,42550	18,00000	0,00000	0,00000
2,43788	16,00000	0,00000	0,00000	2,43788	15,00000	0,00000	0,00000
2,45025	18,00000	0,00000	0,00000	2,45025	18,00000	0,00000	0,00000
2,46263	19,00000	0,00000	0,00000	2,46263	16,00000	0,00000	0,00000
2,47500	18,00000	0,00000	0,00000	2,47500	19,00000	0,00000	0,00000
2,48738	16,00000	0,00000	0,00000	2,48738	22,00000	0,00000	0,00000
2,49975	16,00000	0,00000	0,00000	2,49975	23,00000	0,00000	0,00000
2,51213	17,00000	0,00000	0,00000	2,51213	24,00000	0,00000	0,00000
2,52450	17,00000	0,00000	0,00000	2,52450	25,00000	0,00000	0,00000
2,53688	16,00000	0,00000	0,00000	2,53688	33,00000	0,00000	0,00000
2,54925	16,00000	0,00000	0,00000	2,54925	41,00000	0,00000	0,00000
2,56163	18,00000	0,00000	0,00000	2,56163	54,00000	0,00000	0,00000
2,57400	18,00000	0,00000	0,00000	2,57400	71,00000	0,00000	0,00000
2,58638	18,00000	0,00000	0,00000	2,58638	86,00000	0,00000	0,00000
2,59875	18,00000	0,00000	0,00000	2,59875	105,00000	0,00000	0,00000
2,61112	18,00000	0,00000	0,00000	2,61113	122,00000	0,00000	0,00000
2,62350	18,00000	0,00000	0,00000	2,62350	147,00000	0,00000	0,00000
2,63587	18,00000	0,00000	0,00000	2,63588	159,00000	0,00000	0,00000
2,64825	18,00000	0,00000	0,00000	2,64825	179,00000	0,00000	0,00000
2,66063	18,00000	0,00000	0,00000	2,66063	188,00000	0,00000	0,00000
2,67300	16,00000	0,00000	0,00000	2,67300	196,00000	0,00000	0,00000
2,68538	16,00000	0,00000	0,00000	2,68538	195,00000	0,00000	0,00000
2,69775	18,00000	0,00000	0,00000	2,69775	185,00000	0,00000	0,00000
2,71013	16,00000	0,00000	0,00000	2,71013	166,00000	0,00000	0,00000
2,72250	16,00000	0,00000	0,00000	2,72250	144,00000	0,00000	0,00000
2,73488	16,00000	0,00000	0,00000	2,73488	122,00000	0,00000	0,00000
2,74725	18,00000	0,00000	0,00000	2,74725	94,00000	0,00000	0,00000
2,75963	18,00000	0,00000	0,00000	2,75963	77,00000	0,00000	0,00000
2,77200	18,00000	0,00000	0,00000	2,77200	59,00000	0,00000	0,00000
2,78438	18,00000	0,00000	0,00000	2,78438	47,00000	0,00000	0,00000
2,79675	17,00000	0,00000	0,00000	2,79675	33,00000	0,00000	0,00000
2,80913	17,00000	0,00000	0,00000	2,80913	29,00000	0,00000	0,00000
2,82150	19,00000	0,00000	0,00000	2,82150	23,00000	0,00000	0,00000
2,83387	19,00000	0,00000	0,00000	2,83388	19,00000	0,00000	0,00000
2,84625	17,00000	0,00000	0,00000	2,84625	20,00000	0,00000	0,00000
2,85862	18,00000	0,00000	0,00000	2,85863	19,00000	0,00000	0,00000
2,87100	18,00000	0,00000	0,00000	2,87100	18,00000	0,00000	0,00000
2,88338	16,00000	0,00000	0,00000	2,88338	18,00000	0,00000	0,00000
2,89575	16,00000	0,00000	0,00000	2,89575	16,00000	0,00000	0,00000
2,90813	17,00000	0,00000	0,00000	2,90813	16,00000	0,00000	0,00000
2,92050	17,00000	0,00000	0,00000	2,92050	15,00000	0,00000	0,00000
2,93288	15,00000	0,00000	0,00000	2,93288	18,00000	0,00000	0,00000
2,94525	15,00000	0,00000	0,00000	2,94525	16,00000	0,00000	0,00000
2,95763	17,00000	0,00000	0,00000	2,95763	16,00000	0,00000	0,00000
2,97000	18,00000	0,00000	0,00000	2,97000	17,00000	0,00000	0,00000
2,98238	16,00000	0,00000	0,00000	2,98238	16,00000	0,00000	0,00000
2,99475	16,00000	0,00000	0,00000	2,99475	16,00000	0,00000	0,00000
3,00713	17,00000	0,00000	0,00000	3,00713	18,00000	0,00000	0,00000
3,01950	16,00000	0,00000	0,00000	3,01950	18,00000	0,00000	0,00000
3,03188	16,00000	0,00000	0,00000	3,03188	17,00000	0,00000	0,00000
3,04425	18,00000	0,00000	0,00000	3,04425	17,00000	0,00000	0,00000
3,05662	18,00000	0,00000	0,00000	3,05663	17,00000	0,00000	0,00000
3,06900	17,00000	0,00000	0,00000	3,06900	18,00000	0,00000	0,00000
3,08137	17,00000	0,00000	0,00000	3,08138	17,00000	0,00000	0,00000
3,09375	19,00000	0,00000	0,00000	3,09375	18,00000	0,00000	0,00000
3,10613	19,00000	0,00000	0,00000	3,10613	17,00000	0,00000	0,00000
3,11850	17,00000	0,00000	0,00000	3,11850	16,00000	0,00000	0,00000
3,13088	18,00000	0,00000	0,00000	3,13088	18,00000	0,00000	0,00000
3,14325	16,00000	0,00000	0,00000	3,14325	17,00000	0,00000	0,00000
3,15563	16,00000	0,00000	0,00000	3,15563	16,00000	0,00000	0,00000
3,16800	16,00000	0,00000	0,00000	3,16800	17,00000	0,00000	0,00000
3,18038	18,00000	0,00000	0,00000	3,18038	15,00000	0,00000	0,00000
3,19275	18,00000	0,00000	0,00000	3,19275	17,00000	0,00000	0,00000
3,20513	16,00000	0,00000	0,00000	3,20513	16,00000	0,00000	0,00000
3,21750	16,00000	0,00000	0,00000	3,21750	16,00000	0,00000	0,00000
3,22988	17,00000	0,00000	0,00000	3,22988	17,00000	0,00000	0,00000
3,24225	16,00000	0,00000	0,00000	3,24225	15,00000	0,00000	0,00000
3,25463	16,00000	0,00000	0,00000	3,25463	17,00000	0,00000	0,00000
3,26700	18,00000	0,00000	0,00000	3,26700	17,00000	0,00000	0,00000
3,27938	19,00000	0,00000	0,00000	3,27938	16,00000	0,00000	0,00000
3,29175	17,00000	0,00000	0,00000	3,29175	17,00000	0,00000	0,00000
3,30412	17,00000	0,00000	0,00000	3,30413	17,00000	0,00000	0,00000
3,31650	17,00000	0,00000	0,00000	3,31650	18,00000	0,00000	0,00000
3,32888	19,00000	0,00000	0,00000	3,32888	17,00000	0,00000	0,00000
3,34125	17,00000	0,00000	0,00000	3,34125	17,00000	0,00000	0,00000
3,35363	19,00000	0,00000	0,00000	3,35363	15,00000	0,00000	0,00000
3,36600	17,00000	0,00000	0,00000	3,36600	15,00000	0,00000	0,00000
3,37838	17,00000	0,00000	0,00000	3,37838	17,00000	0,00000	0,00000
3,39075	19,00000	0,00000	0,00000	3,39075	18,00000	0,00000	0,00000
3,40313	18,00000	0,00000	0,00000	3,40313	17,00000	0,00000	0,00000
3,41550	18,00000	0,00000	0,00000	3,41550	17,00000	0,00000	0,00000
3,42788	16,00000	0,00000	0,00000	3,42788	16,00000	0,00000	0,00000
3,44025	16,00000	0,00000	0,00000	3,44025	17,00000	0,00000	0,00000
3,45263	16,00000	0,00000	0,00000	3,45263	17,00000	0,00000	0,00000
3,46500	16,00000	0,00000	0,00000	3,46500	15,00000	0,00000	0,00000
3,47738	18,00000	0,00000	0,00000	3,47738	15,00000	0,00000	0,00000
3,48975	18,00000	0,00000	0,00000	3,48975	18,00000	0,00000	0,00000
3,50213	18,00000	0,00000	0,00000	3,50213	18,00000	0,00000	0,00000
3,51450	18,00000	0,00000	0,00000	3,51450	18,00000	0,00000	0,00000
3,52687	18,00000	0,00000	0,00000	3,52688	18,00000	0,00000	0,00000
3,53925	18,00000	0,00000	0,00000	3,53925	18,00000	0,00000	0,00000
3,55163	18,00000	0,00000	0,00000	3,55163	16,00000	0,00000	0,00000
3,56400	18,00000	0,00000	0,00000	3,56400	15,00000	0,00000	0,00000
3,57638	17,00000	0,00000	0,00000	3,57638	15,00000	0,00000	0,00000
3,58875	17,00000	0,00000	0,00000	3,58875	18,00000	0,00000	0,00000
3,60113	19,00000	0,00000	0,00000	3,60113	16,00000	0,00000	0,00000
3,61350	19,00000	0,00000	0,00000	3,61350	16,00000	0,00000	0,00000
3,62588	17,00000	0,00000	0,00000	3,62588	18,00000	0,00000	0,00000
3,63825	17,00000	0,00000	0,00000	3,63825	17,00000	0,00000	0,00000
3,65063	17,00000	0,00000	0,00000	3,65063	16,00000	0,00000	0,00000
3,66300	19,00000	0,00000	0,00000	3,66300	15,00000	0,00000	0,00000
3,67538	18,00000	0,00000	0,00000	3,67538	17,00000	0,00000	0,00000
3,68775	18,00000	0,00000	0,00000	3,68775	15,00000	0,00000	0,00000
3,70013	16,00000	0,00000	0,00000	3,70013	17,00000	0,00000	0,00000
3,71250	16,00000	0,00000	0,00000	3,71250	17,00000	0,00000	0,00000
3,72488	17,00000	0,00000	0,00000	3,72488	17,00000	0,00000	0,00000
3,73725	16,00000	0,00000	0,00000	3,73725	18,00000	0,00000	0,00000
3,74962	16,00000	0,00000	0,00000	3,74963	17,00000	0,00000	0,00000
3,76200	18,00000	0,00000	0,00000	3,76200	15,00000	0,00000	0,00000
3,77438	19,00000	0,00000	0,00000	3,77438	17,00000	0,00000	0,00000
3,78675	16,00000	0,00000	0,00000	3,78675	17,00000	0,00000	0,00000
3,79913	16,00000	0,00000	0,00000	3,79913	18,00000	0,00000	0,00000
3,81150	17,00000	0,00000	0,00000	3,81150	17,00000	0,00000	0,00000
3,82388	16,00000	0,00000	0,00000	3,82388	18,00000	0,00000	0,00000
3,83625	16,00000	0,00000	0,00000	3,83625	16,00000	0,00000	0,00000
3,84863	19,00000	0,00000	0,00000	3,84863	17,00000	0,00000	0,00000
3,86100	19,00000	0,00000	0,00000	3,86100	17,00000	0,00000	0,00000
3,87338	17,00000	0,00000	0,00000	3,87338	17,00000	0,00000	0,00000
3,88575	17,00000	0,00000	0,00000	3,88575	17,00000	0,00000	0,00000
3,89813	18,00000	0,00000	0,00000	3,89813	18,00000	0,00000	0,00000
3,91050	18,00000	0,00000	0,00000	3,91050	16,00000	0,00000	0,00000
3,92288	16,00000	0,00000	0,00000	3,92288	18,00000	0,00000	0,00000
3,93525	16,00000	0,00000	0,00000	3,93525	17,00000	0,00000	0,00000
3,94763	16,00000	0,00000	0,00000	3,94763	18,00000	0,00000	0,00000
3,96000	18,00000	0,00000	0,00000	3,96000	17,00000	0,00000	0,00000
3,97237	16,00000	0,00000	0,00000	3,97238	17,00000	0,00000	0,00000
3,98475	16,00000	0,00000	0,00000	3,98475	18,00000	0,00000	0,00000
3,99713	18,00000	0,00000	0,00000	3,99713	16,00000	0,00000	0,00000
4,00950	18,00000	0,00000	0,00000	4,00950	18,00000	0,00000	0,00000
4,02188	18,00000	0,00000	0,00000	4,02188	16,00000	0,00000	0,00000
4,03425	18,00000	0,00000	0,00000	4,03425	18,00000	0,00000	0,00000
4,04663	18,00000	0,00000	0,00000	4,04663	17,00000	0,00000	0,00000
4,05900	16,00000	0,00000	0,00000	4,05900	17,00000	0,00000	0,00000
4,07138	16,00000	0,00000	0,00000	4,07138	17,00000	0,00000	0,00000
4,08375	18,00000	0,00000	0,00000	4,08375	17,00000	0,00000	0,00000
4,09612	18,00000	0,00000	0,00000	4,09613	17,00000	0,00000	0,00000
4,10850	18,00000	0,00000	0,00000	4,10850	17,00000	0,00000	0,00000
4,12087	16,00000	0,00000	0,00000	4,12088	17,00000	0,00000	0,00000
4,13325	16,00000	0,00000	0,00000	4,13325	17,00000	0,00000	0,00000
4,14562	18,00000	0,00000	0,00000	4,14563	13,00000	0,00000	0,00000
4,15800	18,00000	0,00000	0,00000	4,15800	15,00000	0,00000	0,00000
4,17037	18,00000	0,00000	0,00000	4,17038	16,00000	0,00000	0,00000
4,18275	18,00000	0,00000	0,00000	4,18275	17,00000	0,00000	0,00000
4,19512	18,00000	0,00000	0,00000	4,19513	16,00000	0,00000	0,00000
4,20750	16,00000	0,00000	0,00000	4,20750	17,00000	0,00000	0,00000
4,21988	16,00000	0,00000	0,00000	4,21988	18,00000	0,00000	0,00000
4,23225	17,00000	0,00000	0,00000	4,23225	17,00000	0,00000	0,00000
4,24463	17,00000	0,00000	0,00000	4,24463	17,00000	0,00000	0,00000
4,25700	17,00000	0,00000	0,00000	4,25700	18,00000	0,00000	0,00000
4,26938	16,00000	0,00000	0,00000	4,26938	17,00000	0,00000	0,00000
4,28175	16,00000	0,00000	0,00000	4,28175	17,00000	0,00000	0,00000
4,29413	18,00000	0,00000	0,00000	4,29413	17,00000	0,00000	0,00000
4,30650	18,00000	0,00000	0,00000	4,30650	18,00000	0,00000	0,00000
4,31888	16,00000	0,00000	0,00000	4,31888	17,00000	0,00000	0,00000
4,33125	16,00000	0,00000	0,00000	4,33125	17,00000	0,00000	0,00000
4,34363	19,00000	0,00000	0,00000	4,34363	18,00000	0,00000	0,00000
4,35600	19,00000	0,00000	0,00000	4,35600	16,00000	0,00000	0,00000
4,36838	18,00000	0,00000	0,00000	4,36838	18,00000	0,00000	0,00000
4,38075	18,00000	0,00000	0,00000	4,38075	17,00000	0,00000	0,00000
4,39313	20,00000	0,00000	0,00000	4,39313	17,00000	0,00000	0,00000
4,40550	23,00000	0,00000	0,00000	4,40550	17,00000	0,00000	0,00000
4,41788	24,00000	0,00000	0,00000	4,41788	16,00000	0,00000	0,00000
4,43025	30,00000	0,00000	0,00000	4,43025	13,00000	0,00000	0,00000
4,44263	37,00000	0,00000	0,00000	4,44263	17,00000	0,00000	0,00000
4,45500	48,00000	0,00000	0,00000	4,45500	17,00000	0,00000	0,00000
4,46738	55,00000	0,00000	0,00000	4,46738	18,00000	0,00000	0,00000
4,47975	74,00000	0,00000	0,00000	4,47975	17,00000	0,00000	0,00000
4,49213	93,00000	0,00000	0,00000	4,49213	18,00000	0,00000	0,00000
4,50450	105,00000	0,00000	0,00000	4,50450	17,00000	0,00000	0,00000
4,51688	126,00000	0,00000	0,00000	4,51688	18,00000	0,00000	0,00000
4,52925	150,00000	0,00000	0,00000	4,52925	17,00000	0,00000	0,00000
4,54162	169,00000	0,00000	0,00000	4,54163	17,00000	0,00000	0,00000
4,55400	185,00000	0,00000	0,00000	4,55400	16,00000	0,00000	0,00000
4,56637	193,00000	0,00000	0,00000	4,56638	16,00000	0,00000	0,00000
4,57875	195,00000	0,00000	0,00000	4,57875	15,00000	0,00000	0,00000
4,59112	190,00000	0,00000	0,00000	4,59113	15,00000	0,00000	0,00000
4,60350	182,00000	0,00000	0,00000	4,60350	15,00000	0,00000	0,00000
4,61587	171,00000	0,00000	0,00000	4,61588	17,00000	0,00000	0,00000
4,62825	153,00000	0,00000	0,00000	4,62825	18,00000	0,00000	0,00000
4,64063	133,00000	0,00000	0,00000	4,64063	17,00000	0,00000	0,00000
4,65300	114,00000	0,00000	0,00000	4,65300	17,00000	0,00000	0,00000
4,66538	91,00000	0,00000	0,00000	4,66538	18,00000	0,00000	0,00000
4,67775	71,00000	0,00000	0,00000	4,67775	17,00000	0,00000	0,00000
4,69013	52,00000	0,00000	0,00000	4,69013	17,00000	0,00000	0,00000
4,70250	43,00000	0,00000	0,00000	4,70250	17,00000	0,00000	0,00000
4,71488	37,00000	0,00000	0,00000	4,71488	18,00000	0,00000	0,00000
4,72725	29,00000	0,00000	0,00000	4,72725	17,00000	0,00000	0,00000
4,73963	22,00000	0,00000	0,00000	4,73963	16,00000	0,00000	0,00000
4,75200	20,00000	0,00000	0,00000	4,75200	17,00000	0,00000	0,00000
4,76438	22,00000	0,00000	0,00000	4,76438	17,00000	0,00000	0,00000
4,77675	20,00000	0,00000	0,00000	4,77675	16,00000	0,00000	0,00000
4,78913	17,00000	0,00000	0,00000	4,78913	16,00000	0,00000	0,00000
4,80150	17,00000	0,00000	0,00000	4,80150	17,00000	0,00000	0,00000
4,81388	17,00000	0,00000	0,00000	4,81388	17,00000	0,00000	0,00000
4,82625	19,00000	0,00000	0,00000	4,82625	13,00000	0,00000	0,00000
4,83863	18,00000	0,00000	0,00000	4,83863	17,00000	0,00000	0,00000
4,85100	18,00000	0,00000	0,00000	4,85100	13,00000	0,00000	0,00000
4,86338	16,00000	0,00000	0,00000	4,86338	16,00000	0,00000	0,00000
4,87575	16,00000	0,00000	0,00000	4,87575	15,00000	0,00000	0,00000
4,88813	17,00000	0,00000	0,00000	4,88813	15,00000	0,00000	0,00000
4,90050	17,00000	0,00000	0,00000	4,90050	15,00000	0,00000	0,00000
4,91288	17,00000	0,00000	0,00000	4,91288	15,00000	0,00000	0,00000
4,92525	16,00000	0,00000	0,00000	4,92525	16,00000	0,00000	0,00000
4,93763	16,00000	0,00000	0,00000	4,93763	17,00000	0,00000	0,00000
4,95000	18,00000	0,00000	0,00000	4,95000	15,00000	0,00000	0,00000
4,96238	16,00000	0,00000	0,00000	4,96238	17,00000	0,00000	0,00000
4,97475	16,00000	0,00000	0,00000	4,97475	13,00000	0,00000	0,00000
4,98712	18,00000	0,00000	0,00000	4,98713	15,00000	0,00000	0,00000
4,99950	18,00000	0,00000	0,00000	4,99950	17,00000	0,00000	0,00000
5,01187	18,00000	0,00000	0,00000	5,01188	15,00000	0,00000	0,00000
5,02425	16,00000	0,00000	0,00000	5,02425	16,00000	0,00000	0,00000
5,03662	16,00000	0,00000	0,00000	5,03663	17,00000	0,00000	0,00000
5,04900	16,00000	0,00000	0,00000	5,04900	16,00000	0,00000	0,00000
5,06137	18,00000	0,00000	0,00000	5,06138	17,00000	0,00000	0,00000
5,07375	20,00000	0,00000	0,00000	5,07375	16,00000	0,00000	0,00000
5,08613	15,00000	0,00000	0,00000	5,08613	16,00000	0,00000	0,00000
5,09850	15,00000	0,00000	0,00000	5,09850	15,00000	0,00000	0,00000
5,11088	15,00000	0,00000	0,00000	5,11088	17,00000	0,00000	0,00000
5,12325	17,00000	0,00000	0,00000	5,12325	17,00000	0,00000	0,00000
5,13563	17,00000	0,00000	0,00000	5,13563	15,00000	0,00000	0,00000
5,14800	16,00000	0,00000	0,00000	5,14800	17,00000	0,00000	0,00000
5,16038	18,00000	0,00000	0,00000	5,16038	15,00000	0,00000	0,00000
5,17275	18,00000	0,00000	0,00000	5,17275	16,00000	0,00000	0,00000
5,18513	15,00000	0,00000	0,00000	5,18513	18,00000	0,00000	0,00000
5,19750	15,00000	0,00000	0,00000	5,19750	18,00000	0,00000	0,00000
5,20988	17,00000	0,00000	0,00000	5,20988	19,00000	0,00000	0,00000
5,22225	16,00000	0,00000	0,00000	5,22225	18,00000	0,00000	0,00000
5,23463	18,00000	0,00000	0,00000	5,23463	18,00000	0,00000	0,00000
5,24700	18,00000	0,00000	0,00000	5,24700	17,00000	0,00000	0,00000
5,25938	18,00000	0,00000	0,00000	5,25938	15,00000	0,00000	0,00000
5,27175	16,00000	0,00000	0,00000	5,27175	16,00000	0,00000	0,00000
5,28413	16,00000	0,00000	0,00000	5,28413	18,00000	0,00000	0,00000
5,29650	17,00000	0,00000	0,00000	5,29650	16,00000	0,00000	0,00000
5,30888	17,00000	0,00000	0,00000	5,30888	15,00000	0,00000	0,00000
5,32125	16,00000	0,00000	0,00000	5,32125	15,00000	0,00000	0,00000
5,33363	16,00000	0,00000	0,00000	5,33363	17,00000	0,00000	0,00000
5,34600	18,00000	0,00000	0,00000	5,34600	17,00000	0,00000	0,00000
5,35838	18,00000	0,00000	0,00000	5,35838	17,00000	0,00000	0,00000
5,37075	16,00000	0,00000	0,00000	5,37075	17,00000	0,00000	0,00000
5,38313	16,00000	0,00000	0,00000	5,38313	17,00000	0,00000	0,00000
5,39550	16,00000	0,00000	0,00000	5,39550	16,00000	0,00000	0,00000
5,40788	18,00000	0,00000	0,00000	5,40788	15,00000	0,00000	0,00000
5,42025	18,00000	0,00000	0,00000	5,42025	16,00000	0,00000	0,00000
5,43262	18,00000	0,00000	0,00000	5,43263	17,00000	0,00000	0,00000
5,44500	18,00000	0,00000	0,00000	5,44500	17,00000	0,00000	0,00000
5,45737	16,00000	0,00000	0,00000	5,45738	16,00000	0,00000	0,00000
5,46975	18,00000	0,00000	0,00000	5,46975	16,00000	0,00000	0,00000
5,48212	18,00000	0,00000	0,00000	5,48213	17,00000	0,00000	0,00000
5,49450	18,00000	0,00000	0,00000	5,49450	16,00000	0,00000	0,00000
5,50687	18,00000	0,00000	0,00000	5,50688	15,00000	0,00000	0,00000
5,51925	18,00000	0,00000	0,00000	5,51925	17,00000	0,00000	0,00000
5,53163	18,00000	0,00000	0,00000	5,53163	17,00000	0,00000	0,00000
5,54400	18,00000	0,00000	0,00000	5,54400	17,00000	0,00000	0,00000
5,55638	16,00000	0,00000	0,00000	5,55638	18,00000	0,00000	0,00000
5,56875	16,00000	0,00000	0,00000	5,56875	15,00000	0,00000	0,00000
5,58113	18,00000	0,00000	0,00000	5,58113	15,00000	0,00000	0,00000
5,59350	18,00000	0,00000	0,00000	5,59350	15,00000	0,00000	0,00000
5,60588	18,00000	0,00000	0,00000	5,60588	13,00000	0,00000	0,00000
5,61825	18,00000	0,00000	0,00000	5,61825	17,00000	0,00000	0,00000
5,63063	16,00000	0,00000	0,00000	5,63063	16,00000	0,00000	0,00000
5,64300	16,00000	0,00000	0,00000	5,64300	17,00000	0,00000	0,00000
5,65538	16,00000	0,00000	0,00000	5,65538	16,00000	0,00000	0,00000
5,66775	18,00000	0,00000	0,00000	5,66775	17,00000	0,00000	0,00000
5,68013	18,00000	0,00000	0,00000	5,68013	15,00000	0,00000	0,00000
5,69250	18,00000	0,00000	0,00000	5,69250	17,00000	0,00000	0,00000
5,70488	18,00000	0,00000	0,00000	5,70488	15,00000	0,00000	0,00000
5,71725	18,00000	0,00000	0,00000	5,71725	17,00000	0,00000	0,00000
5,72963	18,00000	0,00000	0,00000	5,72963	15,00000	0,00000	0,00000
5,74200	16,00000	0,00000	0,00000	5,74200	17,00000	0,00000	0,00000
5,75438	17,00000	0,00000	0,00000	5,75438	13,00000	0,00000	0,00000
5,76675	15,00000	0,00000	0,00000	5,76675	18,00000	0,00000	0,00000
5,77913	15,00000	0,00000	0,00000	5,77913	17,00000	0,00000	0,00000
5,79150	15,00000	0,00000	0,00000	5,79150	16,00000	0,00000	0,00000
5,80388	17,00000	0,00000	0,00000	5,80388	17,00000	0,00000	0,00000
5,81625	18,00000	0,00000	0,00000	5,81625	17,00000	0,00000	0,00000
5,82863	18,00000	0,00000	0,00000	5,82863	17,00000	0,00000	0,00000
5,84100	18,00000	0,00000	0,00000	5,84100	17,00000	0,00000	0,00000
5,85338	18,00000	0,00000	0,00000	5,85338	16,00000	0,00000	0,00000
5,86575	18,00000	0,00000	0,00000	5,86575	17,00000	0,00000	0,00000
5,87813	18,00000	0,00000	0,00000	5,87813	16,00000	0,00000	0,00000
5,89050	17,00000	0,00000	0,00000	5,89050	17,00000	0,00000	0,00000
5,90287	15,00000	0,00000	0,00000	5,90288	17,00000	0,00000	0,00000
5,91525	15,00000	0,00000	0,00000	0,00000	15,00000	0,00000	0,00000
5,92762	15,00000	0,00000	0,00000	0,00000	9,00000	0,00000	0,00000
5,94000	15,00000	0,00000	0,00000	0,00000	0,00000	0,00000	0,00000
5,95237	17,00000	0,00000	0,00000	0,00000	0,00000	0,00000	0,00000
5,96475	18,00000	0,00000	0,00000	0,00000	0,00000	0,00000	0,00000
5,97713	18,00000	0,00000	0,00000	0,00000	0,00000	0,00000	0,00000
5,98950	18,00000	0,00000	0,00000	0,00000	0,00000	0,00000	0,00000
6,00188	18,00000	0,00000	0,00000	0,00000	0,00000	0,00000	0,00000
6,01425	18,00000	0,00000	0,00000	0,00000	0,00000	0,00000	0,00000
6,02663	18,00000	0,00000	0,00000	0,00000	0,00000	0,00000	0,00000
6,03900	18,00000	0,00000	0,00000	0,00000	0,00000	0,00000	0,00000
6,05138	17,00000	0,00000	0,00000	0,00000	0,00000	0,00000	0,00000
6,06375	18,00000	0,00000	0,00000	0,00000	0,00000	0,00000	0,00000
6,07613	19,00000	0,00000	0,00000	0,00000	0,00000	0,00000	0,00000
6,08850	16,00000	0,00000	0,00000	0,00000	0,00000	0,00000	0,00000
6,10088	16,00000	0,00000	0,00000	0,00000	0,00000	0,00000	0,00000
6,11325	17,00000	0,00000	0,00000	0,00000	0,00000	0,00000	0,00000
6,12563	16,00000	0,00000	0,00000	0,00000	0,00000	0,00000	0,00000
6,13800	16,00000	0,00000	0,00000	0,00000	0,00000	0,00000	0,00000
6,15038	18,00000	0,00000	0,00000	0,00000	0,00000	0,00000	0,00000
6,16275	18,00000	0,00000	0,00000	0,00000	0,00000	0,00000	0,00000
6,17513	16,00000	0,00000	0,00000	0,00000	0,00000	0,00000	0,00000
6,18750	16,00000	0,00000	0,00000	0,00000	0,00000	0,00000	0,00000
6,19988	18,00000	0,00000	0,00000	0,00000	0,00000	0,00000	0,00000
6,21225	17,00000	0,00000	0,00000	0,00000	0,00000	0,00000	0,00000
6,22463	15,00000	0,00000	0,00000	0,00000	0,00000	0,00000	0,00000
6,23700	17,00000	0,00000	0,00000	0,00000	0,00000	0,00000	0,00000
6,24938	18,00000	0,00000	0,00000	0,00000	0,00000	0,00000	0,00000
6,26175	16,00000	0,00000	0,00000	0,00000	0,00000	0,00000	0,00000
6,27413	16,00000	0,00000	0,00000	0,00000	0,00000	0,00000	0,00000
6,28650	17,00000	0,00000	0,00000	0,00000	0,00000	0,00000	0,00000
6,29888	17,00000	0,00000	0,00000	0,00000	0,00000	0,00000	0,00000
6,31125	16,00000	0,00000	0,00000	0,00000	0,00000	0,00000	0,00000
6,32363	16,00000	0,00000	0,00000	0,00000	0,00000	0,00000	0,00000
6,33600	18,00000	0,00000	0,00000	0,00000	0,00000	0,00000	0,00000
6,34837	18,00000	0,00000	0,00000	0,00000	0,00000	0,00000	0,00000
6,36075	16,00000	0,00000	0,00000	0,00000	0,00000	0,00000	0,00000
6,37312	16,00000	0,00000	0,00000	0,00000	0,00000	0,00000	0,00000
6,38550	17,00000	0,00000	0,00000	0,00000	0,00000	0,00000	0,00000
6,39787	17,00000	0,00000	0,00000	0,00000	0,00000	0,00000	0,00000
6,41025	17,00000	0,00000	0,00000	0,00000	0,00000	0,00000	0,00000
6,42263	17,00000	0,00000	0,00000	0,00000	0,00000	0,00000	0,00000
6,43500	17,00000	0,00000	0,00000	0,00000	0,00000	0,00000	0,00000
6,44738	17,00000	0,00000	0,00000	0,00000	0,00000	0,00000	0,00000
6,45975	17,00000	0,00000	0,00000	0,00000	0,00000	0,00000	0,00000
6,47213	17,00000	0,00000	0,00000	0,00000	0,00000	0,00000	0,00000
6,48450	16,00000	0,00000	0,00000	0,00000	0,00000	0,00000	0,00000
6,49688	16,00000	0,00000	0,00000	0,00000	0,00000	0,00000	0,00000
6,50925	18,00000	0,00000	0,00000	0,00000	0,00000	0,00000	0,00000
6,52163	17,00000	0,00000	0,00000	0,00000	0,00000	0,00000	0,00000
6,53400	15,00000	0,00000	0,00000	0,00000	0,00000	0,00000	0,00000
6,54638	15,00000	0,00000	0,00000	0,00000	0,00000	0,00000	0,00000
6,55875	15,00000	0,00000	0,00000	0,00000	0,00000	0,00000	0,00000
6,57113	17,00000	0,00000	0,00000	0,00000	0,00000	0,00000	0,00000
6,58350	15,00000	0,00000	0,00000	0,00000	0,00000	0,00000	0,00000
6,59588	15,00000	0,00000	0,00000	0,00000	0,00000	0,00000	0,00000
6,60825	17,00000	0,00000	0,00000	0,00000	0,00000	0,00000	0,00000
6,62063	17,00000	0,00000	0,00000	0,00000	0,00000	0,00000	0,00000
6,63300	16,00000	0,00000	0,00000	0,00000	0,00000	0,00000	0,00000
6,64538	18,00000	0,00000	0,00000	0,00000	0,00000	0,00000	0,00000
6,65775	17,00000	0,00000	0,00000	0,00000	0,00000	0,00000	0,00000
6,67013	15,00000	0,00000	0,00000	0,00000	0,00000	0,00000	0,00000
6,68250	15,00000	0,00000	0,00000	0,00000	0,00000	0,00000	0,00000
6,69488	15,00000	0,00000	0,00000	0,00000	0,00000	0,00000	0,00000
6,70725	17,00000	0,00000	0,00000	0,00000	0,00000	0,00000	0,00000
6,71963	17,00000	0,00000	0,00000	0,00000	0,00000	0,00000	0,00000
6,73200	16,00000	0,00000	0,00000	0,00000	0,00000	0,00000	0,00000
6,74438	16,00000	0,00000	0,00000	0,00000	0,00000	0,00000	0,00000
6,75675	18,00000	0,00000	0,00000	0,00000	0,00000	0,00000	0,00000
6,76913	16,00000	0,00000	0,00000	0,00000	0,00000	0,00000	0,00000
6,78150	17,00000	0,00000	0,00000	0,00000	0,00000	0,00000	0,00000
6,79387	17,00000	0,00000	0,00000	0,00000	0,00000	0,00000	0,00000
6,80625	13,00000	0,00000	0,00000	0,00000	0,00000	0,00000	0,00000
6,81862	13,00000	0,00000	0,00000	0,00000	0,00000	0,00000	0,00000
6,83100	16,00000	0,00000	0,00000	0,00000	0,00000	0,00000	0,00000
6,84337	17,00000	0,00000	0,00000	0,00000	0,00000	0,00000	0,00000
6,85575	17,00000	0,00000	0,00000	0,00000	0,00000	0,00000	0,00000
6,86813	18,00000	0,00000	0,00000	0,00000	0,00000	0,00000	0,00000
6,88050	17,00000	0,00000	0,00000	0,00000	0,00000	0,00000	0,00000
6,89288	17,00000	0,00000	0,00000	0,00000	0,00000	0,00000	0,00000
6,90525	16,00000	0,00000	0,00000	0,00000	0,00000	0,00000	0,00000
6,91763	13,00000	0,00000	0,00000	0,00000	0,00000	0,00000	0,00000
6,93000	13,00000	0,00000	0,00000	0,00000	0,00000	0,00000	0,00000
6,94238	13,00000	0,00000	0,00000	0,00000	0,00000	0,00000	0,00000
6,95475	17,00000	0,00000	0,00000	0,00000	0,00000	0,00000	0,00000
6,96713	18,00000	0,00000	0,00000	0,00000	0,00000	0,00000	0,00000
6,97950	16,00000	0,00000	0,00000	0,00000	0,00000	0,00000	0,00000
6,99188	16,00000	0,00000	0,00000	0,00000	0,00000	0,00000	0,00000
7,00425	17,00000	0,00000	0,00000	0,00000	0,00000	0,00000	0,00000
7,01663	17,00000	0,00000	0,00000	0,00000	0,00000	0,00000	0,00000
7,02900	15,00000	0,00000	0,00000	0,00000	0,00000	0,00000	0,00000
7,04138	15,00000	0,00000	0,00000	0,00000	0,00000	0,00000	0,00000
7,05375	15,00000	0,00000	0,00000	0,00000	0,00000	0,00000	0,00000
7,06613	17,00000	0,00000	0,00000	0,00000	0,00000	0,00000	0,00000
7,07850	17,00000	0,00000	0,00000	0,00000	0,00000	0,00000	0,00000
7,09088	15,00000	0,00000	0,00000	0,00000	0,00000	0,00000	0,00000
7,10325	15,00000	0,00000	0,00000	0,00000	0,00000	0,00000	0,00000
7,11563	15,00000	0,00000	0,00000	0,00000	0,00000	0,00000	0,00000
7,12800	17,00000	0,00000	0,00000	0,00000	0,00000	0,00000	0,00000
7,14038	17,00000	0,00000	0,00000	0,00000	0,00000	0,00000	0,00000
7,15275	17,00000	0,00000	0,00000	0,00000	0,00000	0,00000	0,00000
7,16513	17,00000	0,00000	0,00000	0,00000	0,00000	0,00000	0,00000
7,17750	17,00000	0,00000	0,00000	0,00000	0,00000	0,00000	0,00000
7,18988	17,00000	0,00000	0,00000	0,00000	0,00000	0,00000	0,00000
7,20225	17,00000	0,00000	0,00000	0,00000	0,00000	0,00000	0,00000
7,21463	17,00000	0,00000	0,00000	0,00000	0,00000	0,00000	0,00000
7,22700	17,00000	0,00000	0,00000	0,00000	0,00000	0,00000	0,00000
7,23938	17,00000	0,00000	0,00000	0,00000	0,00000	0,00000	0,00000
7,25175	16,00000	0,00000	0,00000	0,00000	0,00000	0,00000	0,00000
7,26412	16,00000	0,00000	0,00000	0,00000	0,00000	0,00000	0,00000
7,27650	18,00000	0,00000	0,00000	0,00000	0,00000	0,00000	0,00000
7,28887	18,00000	0,00000	0,00000	0,00000	0,00000	0,00000	0,00000
7,30125	16,00000	0,00000	0,00000	0,00000	0,00000	0,00000	0,00000
7,31363	17,00000	0,00000	0,00000	0,00000	0,00000	0,00000	0,00000
7,32600	17,00000	0,00000	0,00000	0,00000	0,00000	0,00000	0,00000
7,33838	15,00000	0,00000	0,00000	0,00000	0,00000	0,00000	0,00000
7,35075	15,00000	0,00000	0,00000	0,00000	0,00000	0,00000	0,00000
7,36313	15,00000	0,00000	0,00000	0,00000	0,00000	0,00000	0,00000
7,37550	17,00000	0,00000	0,00000	0,00000	0,00000	0,00000	0,00000
7,38788	15,00000	0,00000	0,00000	0,00000	0,00000	0,00000	0,00000
7,40025	15,00000	0,00000	0,00000	0,00000	0,00000	0,00000	0,00000
7,41263	15,00000	0,00000	0,00000	0,00000	0,00000	0,00000	0,00000
7,42500	17,00000	0,00000	0,00000	0,00000	0,00000	0,00000	0,00000
7,43738	17,00000	0,00000	0,00000	0,00000	0,00000	0,00000	0,00000
7,44975	17,00000	0,00000	0,00000	0,00000	0,00000	0,00000	0,00000
7,46213	17,00000	0,00000	0,00000	0,00000	0,00000	0,00000	0,00000
7,47450	17,00000	0,00000	0,00000	0,00000	0,00000	0,00000	0,00000
7,48688	17,00000	0,00000	0,00000	0,00000	0,00000	0,00000	0,00000
7,49925	17,00000	0,00000	0,00000	0,00000	0,00000	0,00000	0,00000
7,51163	17,00000	0,00000	0,00000	0,00000	0,00000	0,00000	0,00000
7,52400	16,00000	0,00000	0,00000	0,00000	0,00000	0,00000	0,00000
7,53638	16,00000	0,00000	0,00000	0,00000	0,00000	0,00000	0,00000
7,54875	18,00000	0,00000	0,00000	0,00000	0,00000	0,00000	0,00000
7,56113	18,00000	0,00000	0,00000	0,00000	0,00000	0,00000	0,00000
7,57350	16,00000	0,00000	0,00000	0,00000	0,00000	0,00000	0,00000
7,58588	16,00000	0,00000	0,00000	0,00000	0,00000	0,00000	0,00000
7,59825	17,00000	0,00000	0,00000	0,00000	0,00000	0,00000	0,00000
7,61063	17,00000	0,00000	0,00000	0,00000	0,00000	0,00000	0,00000
7,62300	17,00000	0,00000	0,00000	0,00000	0,00000	0,00000	0,00000
7,63538	17,00000	0,00000	0,00000	0,00000	0,00000	0,00000	0,00000
7,64775	17,00000	0,00000	0,00000	0,00000	0,00000	0,00000	0,00000
7,66013	17,00000	0,00000	0,00000	0,00000	0,00000	0,00000	0,00000
7,67250	16,00000	0,00000	0,00000	0,00000	0,00000	0,00000	0,00000
7,68488	16,00000	0,00000	0,00000	0,00000	0,00000	0,00000	0,00000
7,69725	18,00000	0,00000	0,00000	0,00000	0,00000	0,00000	0,00000
7,70962	18,00000	0,00000	0,00000	0,00000	0,00000	0,00000	0,00000
7,72200	16,00000	0,00000	0,00000	0,00000	0,00000	0,00000	0,00000
7,73438	16,00000	0,00000	0,00000	0,00000	0,00000	0,00000	0,00000
7,74675	17,00000	0,00000	0,00000	0,00000	0,00000	0,00000	0,00000
7,75913	17,00000	0,00000	0,00000	0,00000	0,00000	0,00000	0,00000
7,77150	17,00000	0,00000	0,00000	0,00000	0,00000	0,00000	0,00000
7,78388	17,00000	0,00000	0,00000	0,00000	0,00000	0,00000	0,00000
7,79625	17,00000	0,00000	0,00000	0,00000	0,00000	0,00000	0,00000
7,80863	17,00000	0,00000	0,00000	0,00000	0,00000	0,00000	0,00000
7,82100	15,00000	0,00000	0,00000	0,00000	0,00000	0,00000	0,00000
7,83338	17,00000	0,00000	0,00000	0,00000	0,00000	0,00000	0,00000
7,84575	16,00000	0,00000	0,00000	0,00000	0,00000	0,00000	0,00000
7,85813	18,00000	0,00000	0,00000	0,00000	0,00000	0,00000	0,00000
7,87050	19,00000	0,00000	0,00000	0,00000	0,00000	0,00000	0,00000
7,88288	15,00000	0,00000	0,00000	0,00000	0,00000	0,00000	0,00000
0,00000	11,00000	0,00000	0,00000	0,00000	0,00000	0,00000	0,00000
0,00000	9,00000	0,00000	0,00000	0,00000	0,00000	0,00000	0,00000
