# 20092021_13_53_17_group6_23_L1.dat
# Measuring of the Zeemann splitting 
# modus: scanning laser current/frequency via I/P MOD
# 
x(A/Hz/V/nm) yai0(V) yai1(V) yai2(V) yai3(V) yai4(V)
117.9469	0.1176	0.0328	NaN	0.0283	0.2655
117.9476	0.1173	0.0328	NaN	0.0284	0.2646
117.9484	0.1170	0.0329	NaN	0.0285	0.2651
117.9498	0.1168	0.0329	NaN	0.0285	0.2656
117.9506	0.1166	0.0329	NaN	0.0285	0.2660
117.9509	0.1165	0.0330	NaN	0.0286	0.2666
117.9551	0.1164	0.0330	NaN	0.0286	0.2669
117.9529	0.1164	0.0330	NaN	0.0286	0.2670
117.9559	0.1163	0.0330	NaN	0.0286	0.2669
117.9561	0.1162	0.0330	NaN	0.0286	0.2668
117.9579	0.1162	0.0330	NaN	0.0287	0.2667
117.9594	0.1162	0.0330	NaN	0.0286	0.2665
117.9595	0.1162	0.0330	NaN	0.0286	0.2664
117.9605	0.1162	0.0330	NaN	0.0287	0.2664
117.9629	0.1162	0.0330	NaN	0.0287	0.2663
117.9614	0.1162	0.0330	NaN	0.0287	0.2662
117.9642	0.1160	0.0330	NaN	0.0287	0.2661
117.9638	0.1160	0.0330	NaN	0.0287	0.2659
117.9668	0.1160	0.0331	NaN	0.0287	0.2657
117.9692	0.1160	0.0331	NaN	0.0287	0.2657
117.9699	0.1160	0.0331	NaN	0.0287	0.2656
117.9715	0.1159	0.0331	NaN	0.0287	0.2656
117.9732	0.1159	0.0331	NaN	0.0287	0.2655
117.9739	0.1159	0.0331	NaN	0.0287	0.2655
117.9748	0.1159	0.0331	NaN	0.0287	0.2654
117.9755	0.1160	0.0331	NaN	0.0287	0.2654
117.9778	0.1160	0.0331	NaN	0.0287	0.2654
117.9775	0.1160	0.0331	NaN	0.0287	0.2654
117.9788	0.1160	0.0331	NaN	0.0287	0.2653
117.9805	0.1161	0.0331	NaN	0.0287	0.2651
117.9813	0.1161	0.0331	NaN	0.0287	0.2651
117.9822	0.1162	0.0331	NaN	0.0287	0.2654
117.9851	0.1162	0.0331	NaN	0.0287	0.2655
117.9834	0.1161	0.0331	NaN	0.0287	0.2654
117.9850	0.1160	0.0331	NaN	0.0287	0.2654
117.9893	0.1161	0.0331	NaN	0.0287	0.2656
117.9881	0.1161	0.0331	NaN	0.0287	0.2656
117.9897	0.1162	0.0331	NaN	0.0287	0.2657
117.9909	0.1162	0.0331	NaN	0.0287	0.2658
117.9922	0.1162	0.0331	NaN	0.0287	0.2658
117.9942	0.1162	0.0331	NaN	0.0287	0.2657
117.9933	0.1161	0.0331	NaN	0.0287	0.2658
117.9945	0.1160	0.0331	NaN	0.0287	0.2660
117.9983	0.1160	0.0331	NaN	0.0287	0.2663
117.9973	0.1159	0.0331	NaN	0.0287	0.2663
117.9992	0.1159	0.0331	NaN	0.0287	0.2662
117.9984	0.1159	0.0331	NaN	0.0287	0.2663
118.0011	0.1159	0.0331	NaN	0.0287	0.2664
118.0027	0.1159	0.0331	NaN	0.0287	0.2665
118.0018	0.1160	0.0331	NaN	0.0287	0.2666
118.0043	0.1160	0.0331	NaN	0.0287	0.2666
118.0037	0.1160	0.0331	NaN	0.0287	0.2665
118.0062	0.1159	0.0331	NaN	0.0287	0.2664
118.0062	0.1159	0.0331	NaN	0.0287	0.2663
118.0065	0.1159	0.0331	NaN	0.0287	0.2663
118.0087	0.1159	0.0331	NaN	0.0287	0.2663
118.0105	0.1159	0.0331	NaN	0.0287	0.2660
118.0101	0.1160	0.0331	NaN	0.0287	0.2659
118.0128	0.1160	0.0331	NaN	0.0287	0.2660
118.0139	0.1160	0.0331	NaN	0.0287	0.2660
118.0150	0.1160	0.0331	NaN	0.0287	0.2660
118.0176	0.1160	0.0331	NaN	0.0287	0.2661
118.0177	0.1160	0.0331	NaN	0.0287	0.2662
118.0182	0.1160	0.0331	NaN	0.0287	0.2662
118.0211	0.1160	0.0331	NaN	0.0287	0.2660
118.0210	0.1160	0.0331	NaN	0.0287	0.2658
118.0227	0.1161	0.0331	NaN	0.0287	0.2659
118.0216	0.1161	0.0331	NaN	0.0287	0.2661
118.0244	0.1162	0.0331	NaN	0.0287	0.2661
118.0269	0.1163	0.0331	NaN	0.0287	0.2661
118.0266	0.1162	0.0331	NaN	0.0287	0.2662
118.0279	0.1162	0.0331	NaN	0.0287	0.2663
118.0309	0.1161	0.0331	NaN	0.0287	0.2662
118.0314	0.1161	0.0331	NaN	0.0287	0.2661
118.0324	0.1162	0.0331	NaN	0.0287	0.2663
118.0312	0.1162	0.0331	NaN	0.0287	0.2663
118.0326	0.1163	0.0331	NaN	0.0287	0.2664
118.0346	0.1163	0.0331	NaN	0.0287	0.2665
118.0343	0.1163	0.0331	NaN	0.0287	0.2664
118.0373	0.1164	0.0331	NaN	0.0287	0.2664
118.0382	0.1164	0.0331	NaN	0.0287	0.2663
118.0395	0.1164	0.0331	NaN	0.0287	0.2663
118.0407	0.1165	0.0331	NaN	0.0287	0.2663
118.0407	0.1165	0.0331	NaN	0.0287	0.2661
118.0429	0.1165	0.0331	NaN	0.0287	0.2660
118.0442	0.1164	0.0331	NaN	0.0287	0.2661
118.0441	0.1164	0.0331	NaN	0.0287	0.2662
118.0462	0.1165	0.0331	NaN	0.0287	0.2662
118.0458	0.1166	0.0331	NaN	0.0287	0.2662
118.0481	0.1167	0.0331	NaN	0.0287	0.2664
118.0501	0.1167	0.0331	NaN	0.0287	0.2663
118.0515	0.1167	0.0331	NaN	0.0287	0.2661
118.0525	0.1167	0.0331	NaN	0.0287	0.2661
118.0542	0.1167	0.0331	NaN	0.0287	0.2659
118.0546	0.1167	0.0331	NaN	0.0287	0.2656
118.0568	0.1167	0.0331	NaN	0.0287	0.2655
118.0572	0.1166	0.0331	NaN	0.0287	0.2655
118.0582	0.1165	0.0331	NaN	0.0287	0.2654
118.0622	0.1165	0.0331	NaN	0.0287	0.2657
118.0608	0.1165	0.0331	NaN	0.0287	0.2659
118.0608	0.1165	0.0331	NaN	0.0287	0.2660
118.0601	0.1165	0.0331	NaN	0.0287	0.2658
118.0630	0.1165	0.0331	NaN	0.0287	0.2657
118.0646	0.1164	0.0331	NaN	0.0287	0.2657
118.0652	0.1165	0.0331	NaN	0.0287	0.2657
118.0668	0.1164	0.0331	NaN	0.0287	0.2659
118.0695	0.1165	0.0331	NaN	0.0287	0.2660
118.0687	0.1165	0.0331	NaN	0.0287	0.2661
118.0699	0.1166	0.0331	NaN	0.0287	0.2661
118.0698	0.1166	0.0331	NaN	0.0287	0.2662
118.0722	0.1166	0.0331	NaN	0.0287	0.2665
118.0739	0.1167	0.0331	NaN	0.0287	0.2667
118.0748	0.1166	0.0331	NaN	0.0287	0.2667
118.0758	0.1167	0.0331	NaN	0.0287	0.2666
118.0777	0.1166	0.0331	NaN	0.0287	0.2670
118.0780	0.1166	0.0331	NaN	0.0287	0.2670
118.0802	0.1166	0.0331	NaN	0.0287	0.2671
118.0790	0.1166	0.0331	NaN	0.0287	0.2671
118.0813	0.1167	0.0331	NaN	0.0287	0.2672
118.0849	0.1167	0.0331	NaN	0.0287	0.2673
118.0855	0.1167	0.0331	NaN	0.0287	0.2673
118.0866	0.1167	0.0331	NaN	0.0287	0.2674
118.0840	0.1167	0.0331	NaN	0.0287	0.2673
118.0883	0.1167	0.0331	NaN	0.0287	0.2673
118.0895	0.1168	0.0331	NaN	0.0287	0.2673
118.0889	0.1167	0.0331	NaN	0.0287	0.2673
118.0928	0.1167	0.0331	NaN	0.0287	0.2672
118.0924	0.1166	0.0330	NaN	0.0287	0.2672
118.0927	0.1166	0.0331	NaN	0.0287	0.2671
118.0944	0.1167	0.0331	NaN	0.0287	0.2669
118.0945	0.1167	0.0331	NaN	0.0287	0.2668
118.0968	0.1167	0.0331	NaN	0.0287	0.2670
118.0991	0.1167	0.0331	NaN	0.0287	0.2671
118.0984	0.1167	0.0331	NaN	0.0287	0.2669
118.1004	0.1167	0.0331	NaN	0.0287	0.2666
118.1004	0.1167	0.0331	NaN	0.0287	0.2665
118.1017	0.1167	0.0331	NaN	0.0287	0.2666
118.1033	0.1167	0.0331	NaN	0.0287	0.2667
118.1032	0.1167	0.0331	NaN	0.0287	0.2668
118.1052	0.1167	0.0331	NaN	0.0287	0.2667
118.1069	0.1167	0.0331	NaN	0.0287	0.2666
118.1079	0.1167	0.0331	NaN	0.0287	0.2665
118.1092	0.1167	0.0331	NaN	0.0287	0.2666
118.1112	0.1167	0.0331	NaN	0.0287	0.2666
118.1118	0.1167	0.0330	NaN	0.0287	0.2667
118.1132	0.1167	0.0331	NaN	0.0287	0.2668
118.1141	0.1167	0.0331	NaN	0.0287	0.2668
118.1156	0.1167	0.0331	NaN	0.0287	0.2668
118.1166	0.1167	0.0331	NaN	0.0287	0.2669
118.1173	0.1167	0.0331	NaN	0.0287	0.2668
118.1184	0.1167	0.0331	NaN	0.0287	0.2669
118.1196	0.1168	0.0331	NaN	0.0287	0.2670
118.1225	0.1168	0.0330	NaN	0.0286	0.2672
118.1227	0.1169	0.0330	NaN	0.0286	0.2674
118.1236	0.1169	0.0331	NaN	0.0287	0.2675
118.1271	0.1169	0.0330	NaN	0.0287	0.2675
118.1272	0.1169	0.0331	NaN	0.0287	0.2676
118.1280	0.1170	0.0331	NaN	0.0287	0.2675
118.1304	0.1170	0.0331	NaN	0.0287	0.2675
118.1282	0.1171	0.0331	NaN	0.0286	0.2674
118.1285	0.1170	0.0331	NaN	0.0287	0.2674
118.1314	0.1170	0.0331	NaN	0.0287	0.2673
118.1327	0.1170	0.0331	NaN	0.0287	0.2673
118.1333	0.1170	0.0331	NaN	0.0287	0.2675
118.1360	0.1170	0.0331	NaN	0.0287	0.2675
118.1361	0.1170	0.0331	NaN	0.0287	0.2675
118.1374	0.1170	0.0330	NaN	0.0287	0.2676
118.1372	0.1170	0.0331	NaN	0.0287	0.2677
118.1406	0.1170	0.0331	NaN	0.0287	0.2677
118.1418	0.1170	0.0331	NaN	0.0287	0.2677
118.1419	0.1171	0.0331	NaN	0.0287	0.2677
118.1448	0.1172	0.0331	NaN	0.0287	0.2677
118.1445	0.1172	0.0331	NaN	0.0287	0.2678
118.1460	0.1173	0.0331	NaN	0.0286	0.2678
118.1482	0.1173	0.0331	NaN	0.0286	0.2679
118.1476	0.1173	0.0331	NaN	0.0287	0.2679
118.1522	0.1173	0.0331	NaN	0.0286	0.2680
118.1525	0.1173	0.0331	NaN	0.0287	0.2681
118.1541	0.1173	0.0331	NaN	0.0286	0.2681
118.1563	0.1174	0.0331	NaN	0.0286	0.2682
118.1562	0.1174	0.0331	NaN	0.0286	0.2682
118.1571	0.1175	0.0330	NaN	0.0286	0.2682
118.1595	0.1176	0.0331	NaN	0.0286	0.2682
118.1596	0.1176	0.0331	NaN	0.0286	0.2683
118.1621	0.1176	0.0331	NaN	0.0286	0.2683
118.1634	0.1175	0.0330	NaN	0.0286	0.2683
118.1627	0.1175	0.0330	NaN	0.0286	0.2683
118.1644	0.1174	0.0331	NaN	0.0286	0.2682
118.1651	0.1171	0.0331	NaN	0.0286	0.2682
118.1666	0.1172	0.0331	NaN	0.0286	0.2682
118.1683	0.1170	0.0331	NaN	0.0287	0.2682
118.1687	0.1171	0.0331	NaN	0.0287	0.2683
118.1703	0.1175	0.0330	NaN	0.0286	0.2682
118.1722	0.1173	0.0331	NaN	0.0286	0.2681
118.1734	0.1174	0.0331	NaN	0.0287	0.2681
118.1745	0.1173	0.0330	NaN	0.0287	0.2680
118.1742	0.1173	0.0331	NaN	0.0286	0.2680
118.1764	0.1172	0.0331	NaN	0.0286	0.2680
118.1798	0.1174	0.0331	NaN	0.0286	0.2680
118.1773	0.1174	0.0330	NaN	0.0286	0.2680
118.1811	0.1173	0.0331	NaN	0.0287	0.2678
118.1819	0.1174	0.0331	NaN	0.0286	0.2677
118.1833	0.1175	0.0331	NaN	0.0286	0.2679
118.1847	0.1172	0.0331	NaN	0.0286	0.2679
118.1852	0.1172	0.0331	NaN	0.0286	0.2680
118.1872	0.1172	0.0331	NaN	0.0286	0.2681
118.1899	0.1173	0.0331	NaN	0.0287	0.2682
118.1882	0.1174	0.0331	NaN	0.0286	0.2683
118.1909	0.1175	0.0331	NaN	0.0286	0.2684
118.1907	0.1176	0.0331	NaN	0.0286	0.2684
118.1915	0.1176	0.0331	NaN	0.0286	0.2684
118.1933	0.1175	0.0330	NaN	0.0286	0.2684
118.1929	0.1175	0.0330	NaN	0.0286	0.2683
118.1935	0.1175	0.0330	NaN	0.0286	0.2682
118.1944	0.1174	0.0330	NaN	0.0286	0.2683
118.1954	0.1176	0.0330	NaN	0.0286	0.2683
118.1973	0.1175	0.0331	NaN	0.0286	0.2684
118.1978	0.1175	0.0330	NaN	0.0286	0.2683
118.1997	0.1174	0.0330	NaN	0.0286	0.2682
118.2025	0.1174	0.0330	NaN	0.0286	0.2681
118.2032	0.1174	0.0330	NaN	0.0286	0.2681
118.2043	0.1174	0.0330	NaN	0.0286	0.2682
118.2045	0.1173	0.0330	NaN	0.0286	0.2681
118.2066	0.1173	0.0330	NaN	0.0286	0.2680
118.2094	0.1174	0.0330	NaN	0.0286	0.2680
118.2078	0.1175	0.0330	NaN	0.0286	0.2679
118.2098	0.1175	0.0330	NaN	0.0286	0.2678
118.2108	0.1178	0.0330	NaN	0.0286	0.2678
118.2112	0.1180	0.0330	NaN	0.0286	0.2678
118.2132	0.1179	0.0330	NaN	0.0286	0.2679
118.2147	0.1178	0.0330	NaN	0.0286	0.2679
118.2159	0.1178	0.0330	NaN	0.0286	0.2675
118.2179	0.1179	0.0330	NaN	0.0286	0.2674
118.2178	0.1179	0.0330	NaN	0.0286	0.2675
118.2188	0.1180	0.0330	NaN	0.0286	0.2673
118.2213	0.1180	0.0330	NaN	0.0286	0.2676
118.2232	0.1181	0.0330	NaN	0.0286	0.2675
118.2216	0.1180	0.0330	NaN	0.0286	0.2676
118.2228	0.1179	0.0330	NaN	0.0286	0.2675
118.2250	0.1179	0.0330	NaN	0.0286	0.2672
118.2279	0.1180	0.0330	NaN	0.0286	0.2671
118.2275	0.1180	0.0330	NaN	0.0286	0.2672
118.2269	0.1180	0.0330	NaN	0.0286	0.2672
118.2276	0.1180	0.0330	NaN	0.0286	0.2671
118.2309	0.1180	0.0330	NaN	0.0286	0.2673
118.2315	0.1180	0.0330	NaN	0.0286	0.2672
118.2321	0.1180	0.0330	NaN	0.0286	0.2672
118.2337	0.1180	0.0330	NaN	0.0286	0.2673
118.2352	0.1180	0.0330	NaN	0.0286	0.2674
118.2354	0.1180	0.0330	NaN	0.0286	0.2673
118.2371	0.1180	0.0330	NaN	0.0286	0.2674
118.2375	0.1179	0.0330	NaN	0.0286	0.2674
118.2398	0.1179	0.0330	NaN	0.0285	0.2674
118.2421	0.1179	0.0330	NaN	0.0286	0.2672
118.2421	0.1179	0.0330	NaN	0.0286	0.2670
118.2437	0.1179	0.0330	NaN	0.0286	0.2669
118.2461	0.1180	0.0330	NaN	0.0286	0.2668
118.2459	0.1180	0.0330	NaN	0.0286	0.2667
118.2471	0.1180	0.0330	NaN	0.0286	0.2667
118.2486	0.1181	0.0330	NaN	0.0286	0.2668
118.2503	0.1181	0.0330	NaN	0.0286	0.2670
118.2514	0.1181	0.0330	NaN	0.0286	0.2669
118.2522	0.1181	0.0330	NaN	0.0286	0.2667
118.2525	0.1182	0.0330	NaN	0.0285	0.2666
118.2538	0.1182	0.0330	NaN	0.0286	0.2664
118.2556	0.1180	0.0330	NaN	0.0286	0.2664
118.2587	0.1179	0.0330	NaN	0.0286	0.2666
118.2570	0.1179	0.0330	NaN	0.0286	0.2666
118.2594	0.1179	0.0330	NaN	0.0286	0.2666
118.2618	0.1180	0.0330	NaN	0.0286	0.2666
118.2606	0.1179	0.0330	NaN	0.0285	0.2667
118.2641	0.1179	0.0330	NaN	0.0286	0.2669
118.2644	0.1179	0.0330	NaN	0.0286	0.2669
118.2666	0.1180	0.0330	NaN	0.0285	0.2671
118.2680	0.1180	0.0330	NaN	0.0286	0.2673
118.2683	0.1180	0.0330	NaN	0.0286	0.2675
118.2699	0.1181	0.0330	NaN	0.0285	0.2679
118.2725	0.1181	0.0330	NaN	0.0285	0.2680
118.2723	0.1181	0.0330	NaN	0.0285	0.2681
118.2733	0.1181	0.0330	NaN	0.0285	0.2680
118.2706	0.1181	0.0330	NaN	0.0285	0.2682
118.2734	0.1181	0.0330	NaN	0.0285	0.2683
118.2761	0.1182	0.0330	NaN	0.0285	0.2685
118.2767	0.1182	0.0330	NaN	0.0285	0.2685
118.2785	0.1183	0.0330	NaN	0.0285	0.2687
118.2801	0.1183	0.0330	NaN	0.0285	0.2688
118.2793	0.1183	0.0330	NaN	0.0285	0.2688
118.2814	0.1183	0.0330	NaN	0.0285	0.2689
118.2824	0.1183	0.0330	NaN	0.0285	0.2689
118.2849	0.1183	0.0330	NaN	0.0285	0.2689
118.2872	0.1184	0.0330	NaN	0.0285	0.2690
118.2855	0.1184	0.0330	NaN	0.0285	0.2690
118.2881	0.1184	0.0330	NaN	0.0285	0.2691
118.2880	0.1184	0.0330	NaN	0.0285	0.2691
118.2894	0.1183	0.0330	NaN	0.0285	0.2691
118.2912	0.1184	0.0330	NaN	0.0285	0.2691
118.2915	0.1184	0.0330	NaN	0.0285	0.2690
118.2905	0.1184	0.0330	NaN	0.0285	0.2690
118.2933	0.1183	0.0330	NaN	0.0285	0.2691
118.2936	0.1183	0.0330	NaN	0.0285	0.2690
118.2963	0.1183	0.0330	NaN	0.0285	0.2691
118.2955	0.1183	0.0330	NaN	0.0285	0.2691
118.2970	0.1183	0.0329	NaN	0.0285	0.2691
118.2997	0.1184	0.0329	NaN	0.0285	0.2691
118.2995	0.1183	0.0329	NaN	0.0285	0.2691
118.3019	0.1183	0.0329	NaN	0.0285	0.2692
118.3037	0.1184	0.0329	NaN	0.0285	0.2692
118.3031	0.1184	0.0329	NaN	0.0285	0.2691
118.3050	0.1185	0.0329	NaN	0.0285	0.2691
118.3055	0.1185	0.0329	NaN	0.0285	0.2691
118.3090	0.1186	0.0329	NaN	0.0285	0.2691
118.3089	0.1185	0.0329	NaN	0.0285	0.2691
118.3092	0.1186	0.0329	NaN	0.0285	0.2691
118.3110	0.1187	0.0329	NaN	0.0285	0.2690
118.3114	0.1186	0.0329	NaN	0.0285	0.2690
118.3128	0.1186	0.0329	NaN	0.0284	0.2689
118.3155	0.1187	0.0329	NaN	0.0285	0.2689
118.3149	0.1187	0.0329	NaN	0.0284	0.2688
118.3184	0.1187	0.0329	NaN	0.0284	0.2689
118.3210	0.1187	0.0329	NaN	0.0285	0.2689
118.3192	0.1187	0.0329	NaN	0.0285	0.2688
118.3204	0.1186	0.0329	NaN	0.0285	0.2686
118.3215	0.1186	0.0329	NaN	0.0285	0.2684
118.3227	0.1186	0.0329	NaN	0.0285	0.2682
118.3250	0.1186	0.0329	NaN	0.0284	0.2680
118.3264	0.1186	0.0329	NaN	0.0284	0.2679
118.3273	0.1186	0.0329	NaN	0.0284	0.2680
118.3279	0.1185	0.0329	NaN	0.0284	0.2680
118.3280	0.1186	0.0329	NaN	0.0284	0.2679
118.3297	0.1186	0.0329	NaN	0.0284	0.2678
118.3293	0.1186	0.0329	NaN	0.0284	0.2678
118.3304	0.1186	0.0329	NaN	0.0284	0.2678
118.3320	0.1186	0.0329	NaN	0.0284	0.2679
118.3338	0.1186	0.0329	NaN	0.0284	0.2681
118.3356	0.1186	0.0329	NaN	0.0284	0.2683
118.3377	0.1186	0.0329	NaN	0.0284	0.2682
118.3387	0.1187	0.0329	NaN	0.0284	0.2682
118.3389	0.1186	0.0329	NaN	0.0284	0.2683
118.3389	0.1187	0.0329	NaN	0.0284	0.2682
118.3406	0.1188	0.0329	NaN	0.0284	0.2681
118.3441	0.1188	0.0329	NaN	0.0284	0.2679
118.3449	0.1189	0.0329	NaN	0.0284	0.2680
118.3458	0.1189	0.0329	NaN	0.0284	0.2692
118.3461	0.1189	0.0329	NaN	0.0284	0.2694
118.3496	0.1189	0.0329	NaN	0.0284	0.2693
118.3509	0.1189	0.0329	NaN	0.0284	0.2690
118.3493	0.1188	0.0329	NaN	0.0284	0.2691
118.3511	0.1189	0.0329	NaN	0.0284	0.2690
118.3529	0.1189	0.0328	NaN	0.0284	0.2691
118.3529	0.1188	0.0329	NaN	0.0284	0.2694
118.3544	0.1189	0.0329	NaN	0.0284	0.2694
118.3550	0.1189	0.0329	NaN	0.0284	0.2693
118.3570	0.1189	0.0329	NaN	0.0284	0.2694
118.3575	0.1189	0.0329	NaN	0.0284	0.2694
118.3580	0.1189	0.0329	NaN	0.0284	0.2694
118.3611	0.1190	0.0329	NaN	0.0284	0.2694
118.3623	0.1191	0.0329	NaN	0.0284	0.2694
118.3626	0.1191	0.0329	NaN	0.0284	0.2695
118.3639	0.1191	0.0329	NaN	0.0284	0.2695
118.3642	0.1190	0.0329	NaN	0.0284	0.2694
118.3648	0.1191	0.0328	NaN	0.0284	0.2695
118.3661	0.1190	0.0328	NaN	0.0284	0.2695
118.3655	0.1189	0.0328	NaN	0.0284	0.2695
118.3680	0.1189	0.0328	NaN	0.0284	0.2694
118.3690	0.1189	0.0328	NaN	0.0284	0.2695
118.3712	0.1189	0.0329	NaN	0.0284	0.2695
118.3736	0.1188	0.0328	NaN	0.0284	0.2694
118.3729	0.1189	0.0329	NaN	0.0284	0.2693
118.3767	0.1190	0.0329	NaN	0.0284	0.2695
118.3774	0.1190	0.0328	NaN	0.0284	0.2694
118.3769	0.1190	0.0328	NaN	0.0283	0.2694
118.3785	0.1190	0.0328	NaN	0.0283	0.2694
118.3800	0.1190	0.0328	NaN	0.0283	0.2693
118.3800	0.1190	0.0328	NaN	0.0283	0.2692
118.3828	0.1191	0.0329	NaN	0.0283	0.2691
118.3812	0.1191	0.0328	NaN	0.0283	0.2690
118.3823	0.1192	0.0328	NaN	0.0283	0.2687
118.3849	0.1193	0.0328	NaN	0.0283	0.2682
118.3849	0.1192	0.0328	NaN	0.0283	0.2677
118.3886	0.1192	0.0328	NaN	0.0283	0.2671
118.3878	0.1191	0.0328	NaN	0.0283	0.2669
118.3896	0.1192	0.0328	NaN	0.0283	0.2668
118.3930	0.1191	0.0328	NaN	0.0283	0.2668
118.3931	0.1193	0.0328	NaN	0.0283	0.2669
118.3939	0.1192	0.0328	NaN	0.0283	0.2671
118.3956	0.1192	0.0328	NaN	0.0283	0.2675
118.3953	0.1193	0.0328	NaN	0.0283	0.2678
118.3955	0.1192	0.0328	NaN	0.0283	0.2680
118.3967	0.1192	0.0328	NaN	0.0283	0.2681
118.3983	0.1193	0.0328	NaN	0.0283	0.2680
118.4001	0.1192	0.0328	NaN	0.0283	0.2679
118.3997	0.1193	0.0328	NaN	0.0283	0.2676
118.4030	0.1194	0.0328	NaN	0.0283	0.2674
118.4028	0.1194	0.0328	NaN	0.0283	0.2670
118.4038	0.1194	0.0328	NaN	0.0283	0.2670
118.4050	0.1195	0.0328	NaN	0.0283	0.2673
118.4049	0.1194	0.0328	NaN	0.0283	0.2675
118.4072	0.1196	0.0328	NaN	0.0283	0.2672
118.4098	0.1197	0.0328	NaN	0.0283	0.2671
118.4112	0.1195	0.0328	NaN	0.0283	0.2677
118.4125	0.1196	0.0328	NaN	0.0283	0.2682
118.4121	0.1196	0.0328	NaN	0.0283	0.2678
118.4143	0.1196	0.0328	NaN	0.0283	0.2678
118.4158	0.1195	0.0328	NaN	0.0283	0.2678
118.4175	0.1195	0.0328	NaN	0.0283	0.2675
118.4173	0.1196	0.0328	NaN	0.0283	0.2671
118.4200	0.1196	0.0328	NaN	0.0283	0.2669
118.4201	0.1196	0.0328	NaN	0.0283	0.2670
118.4220	0.1195	0.0328	NaN	0.0283	0.2670
118.4223	0.1194	0.0328	NaN	0.0283	0.2669
118.4252	0.1194	0.0328	NaN	0.0283	0.2671
118.4261	0.1196	0.0328	NaN	0.0283	0.2673
118.4254	0.1197	0.0328	NaN	0.0283	0.2670
118.4268	0.1197	0.0328	NaN	0.0283	0.2671
118.4278	0.1196	0.0328	NaN	0.0282	0.2675
118.4300	0.1195	0.0327	NaN	0.0283	0.2676
118.4332	0.1195	0.0328	NaN	0.0283	0.2679
118.4314	0.1196	0.0328	NaN	0.0283	0.2679
118.4331	0.1197	0.0328	NaN	0.0283	0.2676
118.4354	0.1197	0.0327	NaN	0.0283	0.2675
118.4348	0.1197	0.0328	NaN	0.0282	0.2674
118.4368	0.1197	0.0328	NaN	0.0282	0.2674
118.4372	0.1197	0.0327	NaN	0.0282	0.2671
118.4392	0.1197	0.0327	NaN	0.0282	0.2670
118.4400	0.1197	0.0327	NaN	0.0282	0.2673
118.4386	0.1197	0.0327	NaN	0.0282	0.2674
118.4416	0.1196	0.0327	NaN	0.0282	0.2675
118.4439	0.1197	0.0327	NaN	0.0282	0.2678
118.4461	0.1197	0.0327	NaN	0.0282	0.2682
118.4469	0.1197	0.0327	NaN	0.0282	0.2686
118.4470	0.1197	0.0327	NaN	0.0282	0.2687
118.4486	0.1198	0.0327	NaN	0.0282	0.2687
118.4508	0.1198	0.0327	NaN	0.0282	0.2688
118.4506	0.1198	0.0327	NaN	0.0282	0.2684
118.4531	0.1197	0.0327	NaN	0.0282	0.2686
118.4522	0.1197	0.0327	NaN	0.0282	0.2682
118.4540	0.1197	0.0327	NaN	0.0282	0.2674
118.4558	0.1197	0.0327	NaN	0.0282	0.2673
118.4560	0.1196	0.0327	NaN	0.0282	0.2675
118.4576	0.1196	0.0327	NaN	0.0282	0.2676
118.4606	0.1198	0.0327	NaN	0.0282	0.2676
118.4602	0.1197	0.0327	NaN	0.0282	0.2675
118.4591	0.1195	0.0327	NaN	0.0282	0.2675
118.4593	0.1195	0.0327	NaN	0.0282	0.2676
118.4612	0.1195	0.0327	NaN	0.0282	0.2677
118.4631	0.1195	0.0327	NaN	0.0282	0.2677
118.4644	0.1196	0.0327	NaN	0.0282	0.2681
118.4655	0.1197	0.0327	NaN	0.0282	0.2683
118.4677	0.1199	0.0327	NaN	0.0282	0.2684
118.4685	0.1198	0.0327	NaN	0.0282	0.2684
118.4695	0.1198	0.0327	NaN	0.0282	0.2685
118.4717	0.1199	0.0327	NaN	0.0281	0.2685
118.4716	0.1198	0.0327	NaN	0.0282	0.2688
118.4745	0.1197	0.0327	NaN	0.0281	0.2689
118.4747	0.1197	0.0327	NaN	0.0281	0.2692
118.4763	0.1198	0.0327	NaN	0.0282	0.2691
118.4771	0.1198	0.0327	NaN	0.0281	0.2692
118.4772	0.1198	0.0327	NaN	0.0281	0.2694
118.4784	0.1198	0.0327	NaN	0.0281	0.2697
118.4803	0.1197	0.0326	NaN	0.0281	0.2697
118.4817	0.1198	0.0327	NaN	0.0281	0.2698
118.4833	0.1201	0.0326	NaN	0.0281	0.2698
118.4825	0.1200	0.0327	NaN	0.0281	0.2698
118.4837	0.1199	0.0327	NaN	0.0281	0.2697
118.4846	0.1199	0.0327	NaN	0.0281	0.2698
118.4876	0.1200	0.0326	NaN	0.0281	0.2698
118.4888	0.1200	0.0326	NaN	0.0281	0.2699
118.4886	0.1201	0.0327	NaN	0.0281	0.2700
118.4923	0.1201	0.0327	NaN	0.0281	0.2699
118.4914	0.1202	0.0327	NaN	0.0281	0.2699
118.4933	0.1202	0.0327	NaN	0.0281	0.2698
118.4967	0.1201	0.0326	NaN	0.0281	0.2697
118.4951	0.1203	0.0326	NaN	0.0281	0.2697
118.4977	0.1203	0.0327	NaN	0.0281	0.2697
118.4998	0.1203	0.0326	NaN	0.0281	0.2695
118.4994	0.1202	0.0326	NaN	0.0281	0.2696
118.5024	0.1202	0.0326	NaN	0.0281	0.2694
118.5024	0.1202	0.0326	NaN	0.0281	0.2697
118.5034	0.1202	0.0326	NaN	0.0281	0.2698
118.5058	0.1202	0.0326	NaN	0.0281	0.2698
118.5047	0.1202	0.0326	NaN	0.0281	0.2697
118.5065	0.1202	0.0326	NaN	0.0281	0.2697
118.5082	0.1202	0.0326	NaN	0.0281	0.2696
118.5080	0.1203	0.0326	NaN	0.0280	0.2695
118.5113	0.1202	0.0326	NaN	0.0280	0.2689
118.5099	0.1202	0.0326	NaN	0.0280	0.2689
118.5134	0.1204	0.0326	NaN	0.0280	0.2690
118.5145	0.1204	0.0326	NaN	0.0280	0.2691
118.5136	0.1203	0.0326	NaN	0.0280	0.2690
118.5150	0.1202	0.0326	NaN	0.0280	0.2690
118.5165	0.1202	0.0326	NaN	0.0280	0.2689
118.5170	0.1202	0.0326	NaN	0.0280	0.2691
118.5191	0.1203	0.0326	NaN	0.0280	0.2691
118.5194	0.1202	0.0326	NaN	0.0280	0.2689
118.5211	0.1203	0.0326	NaN	0.0280	0.2690
118.5226	0.1203	0.0326	NaN	0.0280	0.2690
118.5229	0.1203	0.0326	NaN	0.0280	0.2688
118.5240	0.1202	0.0326	NaN	0.0280	0.2690
118.5262	0.1203	0.0326	NaN	0.0280	0.2689
118.5267	0.1202	0.0326	NaN	0.0280	0.2683
118.5297	0.1203	0.0325	NaN	0.0280	0.2681
118.5288	0.1202	0.0325	NaN	0.0280	0.2680
118.5309	0.1202	0.0325	NaN	0.0280	0.2679
118.5330	0.1203	0.0325	NaN	0.0280	0.2681
118.5329	0.1204	0.0325	NaN	0.0280	0.2685
118.5344	0.1203	0.0325	NaN	0.0280	0.2683
118.5353	0.1203	0.0325	NaN	0.0280	0.2683
118.5375	0.1203	0.0325	NaN	0.0280	0.2685
118.5382	0.1203	0.0325	NaN	0.0280	0.2685
118.5373	0.1204	0.0325	NaN	0.0280	0.2683
118.5405	0.1201	0.0325	NaN	0.0279	0.2683
118.5416	0.1198	0.0325	NaN	0.0279	0.2682
118.5422	0.1203	0.0325	NaN	0.0279	0.2681
118.5434	0.1203	0.0325	NaN	0.0279	0.2680
118.5424	0.1203	0.0325	NaN	0.0279	0.2678
118.5440	0.1203	0.0325	NaN	0.0279	0.2675
118.5466	0.1204	0.0325	NaN	0.0279	0.2676
118.5459	0.1203	0.0325	NaN	0.0279	0.2675
118.5479	0.1203	0.0325	NaN	0.0279	0.2674
118.5508	0.1203	0.0325	NaN	0.0279	0.2674
118.5518	0.1204	0.0325	NaN	0.0279	0.2673
118.5533	0.1205	0.0325	NaN	0.0279	0.2673
118.5516	0.1204	0.0325	NaN	0.0279	0.2672
118.5552	0.1204	0.0325	NaN	0.0279	0.2672
118.5569	0.1205	0.0325	NaN	0.0279	0.2672
118.5564	0.1205	0.0325	NaN	0.0279	0.2672
118.5589	0.1206	0.0325	NaN	0.0279	0.2673
118.5595	0.1205	0.0325	NaN	0.0279	0.2673
118.5604	0.1205	0.0325	NaN	0.0279	0.2675
118.5610	0.1204	0.0325	NaN	0.0279	0.2676
118.5624	0.1204	0.0325	NaN	0.0279	0.2677
118.5634	0.1204	0.0324	NaN	0.0279	0.2681
118.5663	0.1203	0.0324	NaN	0.0279	0.2685
118.5657	0.1203	0.0324	NaN	0.0279	0.2685
118.5678	0.1204	0.0324	NaN	0.0279	0.2687
118.5682	0.1206	0.0324	NaN	0.0279	0.2688
118.5709	0.1206	0.0324	NaN	0.0279	0.2691
118.5721	0.1205	0.0324	NaN	0.0279	0.2692
118.5707	0.1204	0.0325	NaN	0.0279	0.2692
118.5727	0.1204	0.0324	NaN	0.0279	0.2693
118.5748	0.1205	0.0324	NaN	0.0279	0.2695
118.5753	0.1206	0.0324	NaN	0.0279	0.2696
118.5745	0.1206	0.0324	NaN	0.0279	0.2696
118.5751	0.1207	0.0324	NaN	0.0278	0.2697
118.5784	0.1206	0.0324	NaN	0.0279	0.2697
118.5793	0.1205	0.0324	NaN	0.0279	0.2698
118.5788	0.1205	0.0324	NaN	0.0279	0.2698
118.5793	0.1205	0.0324	NaN	0.0279	0.2700
118.5840	0.1206	0.0324	NaN	0.0279	0.2701
118.5841	0.1206	0.0324	NaN	0.0278	0.2701
118.5851	0.1208	0.0324	NaN	0.0278	0.2701
118.5847	0.1211	0.0324	NaN	0.0278	0.2701
118.5862	0.1213	0.0324	NaN	0.0278	0.2701
118.5879	0.1213	0.0324	NaN	0.0278	0.2701
118.5895	0.1212	0.0324	NaN	0.0278	0.2701
118.5927	0.1210	0.0324	NaN	0.0278	0.2701
118.5919	0.1209	0.0324	NaN	0.0278	0.2700
118.5934	0.1210	0.0324	NaN	0.0278	0.2701
118.5948	0.1209	0.0324	NaN	0.0278	0.2701
118.5945	0.1208	0.0324	NaN	0.0278	0.2701
118.5970	0.1207	0.0324	NaN	0.0278	0.2699
118.5992	0.1207	0.0323	NaN	0.0278	0.2700
118.5976	0.1208	0.0323	NaN	0.0278	0.2702
118.5998	0.1202	0.0324	NaN	0.0278	0.2703
118.6009	0.1205	0.0324	NaN	0.0278	0.2703
118.6038	0.1204	0.0324	NaN	0.0278	0.2703
118.6046	0.1205	0.0324	NaN	0.0278	0.2702
118.6061	0.1206	0.0324	NaN	0.0278	0.2702
118.6073	0.1205	0.0323	NaN	0.0278	0.2704
118.6108	0.1205	0.0323	NaN	0.0278	0.2704
118.6108	0.1205	0.0323	NaN	0.0278	0.2703
118.6117	0.1206	0.0323	NaN	0.0277	0.2703
118.6101	0.1207	0.0323	NaN	0.0277	0.2703
118.6114	0.1208	0.0323	NaN	0.0277	0.2703
118.6133	0.1209	0.0323	NaN	0.0277	0.2702
118.6133	0.1210	0.0323	NaN	0.0277	0.2701
118.6156	0.1209	0.0323	NaN	0.0277	0.2702
118.6165	0.1210	0.0323	NaN	0.0277	0.2703
118.6168	0.1210	0.0323	NaN	0.0277	0.2704
118.6202	0.1209	0.0323	NaN	0.0277	0.2704
118.6181	0.1208	0.0323	NaN	0.0277	0.2704
118.6218	0.1209	0.0323	NaN	0.0277	0.2705
118.6235	0.1208	0.0323	NaN	0.0277	0.2705
118.6235	0.1208	0.0323	NaN	0.0277	0.2704
118.6265	0.1210	0.0323	NaN	0.0277	0.2704
118.6258	0.1210	0.0323	NaN	0.0277	0.2702
118.6268	0.1211	0.0323	NaN	0.0277	0.2700
118.6282	0.1210	0.0323	NaN	0.0277	0.2698
118.6281	0.1207	0.0323	NaN	0.0277	0.2700
118.6302	0.1207	0.0323	NaN	0.0277	0.2702
118.6318	0.1205	0.0323	NaN	0.0277	0.2699
118.6328	0.1203	0.0323	NaN	0.0277	0.2704
118.6348	0.1203	0.0323	NaN	0.0277	0.2708
118.6342	0.1203	0.0323	NaN	0.0277	0.2709
118.6365	0.1203	0.0322	NaN	0.0277	0.2709
118.6381	0.1203	0.0322	NaN	0.0277	0.2708
118.6410	0.1204	0.0322	NaN	0.0277	0.2706
118.6425	0.1205	0.0322	NaN	0.0276	0.2702
118.6428	0.1205	0.0322	NaN	0.0276	0.2701
118.6432	0.1202	0.0322	NaN	0.0277	0.2699
118.6465	0.1205	0.0322	NaN	0.0277	0.2700
118.6455	0.1208	0.0322	NaN	0.0276	0.2701
118.6478	0.1207	0.0322	NaN	0.0276	0.2700
118.6495	0.1206	0.0322	NaN	0.0276	0.2701
118.6494	0.1208	0.0322	NaN	0.0276	0.2701
118.6510	0.1208	0.0322	NaN	0.0276	0.2701
118.6523	0.1207	0.0322	NaN	0.0276	0.2701
118.6539	0.1207	0.0322	NaN	0.0276	0.2698
118.6555	0.1206	0.0322	NaN	0.0276	0.2696
118.6549	0.1207	0.0322	NaN	0.0276	0.2697
118.6567	0.1208	0.0322	NaN	0.0276	0.2697
118.6588	0.1208	0.0322	NaN	0.0276	0.2697
118.6583	0.1208	0.0322	NaN	0.0276	0.2696
118.6609	0.1207	0.0322	NaN	0.0276	0.2698
118.6616	0.1208	0.0322	NaN	0.0276	0.2698
118.6616	0.1209	0.0322	NaN	0.0276	0.2698
118.6651	0.1209	0.0322	NaN	0.0276	0.2698
118.6651	0.1209	0.0322	NaN	0.0276	0.2699
118.6662	0.1209	0.0322	NaN	0.0276	0.2696
118.6673	0.1210	0.0322	NaN	0.0276	0.2695
118.6680	0.1211	0.0321	NaN	0.0276	0.2697
118.6690	0.1211	0.0322	NaN	0.0276	0.2699
118.6698	0.1211	0.0322	NaN	0.0276	0.2700
118.6723	0.1211	0.0321	NaN	0.0276	0.2701
118.6749	0.1210	0.0321	NaN	0.0275	0.2700
118.6730	0.1210	0.0321	NaN	0.0275	0.2696
118.6766	0.1211	0.0321	NaN	0.0275	0.2698
118.6763	0.1212	0.0321	NaN	0.0275	0.2698
118.6788	0.1212	0.0321	NaN	0.0275	0.2697
118.6806	0.1212	0.0321	NaN	0.0275	0.2698
118.6802	0.1212	0.0321	NaN	0.0275	0.2699
118.6818	0.1212	0.0321	NaN	0.0275	0.2697
118.6834	0.1213	0.0321	NaN	0.0275	0.2695
118.6841	0.1213	0.0321	NaN	0.0275	0.2695
118.6852	0.1213	0.0321	NaN	0.0275	0.2697
118.6850	0.1213	0.0321	NaN	0.0275	0.2694
118.6881	0.1211	0.0320	NaN	0.0275	0.2696
118.6908	0.1212	0.0320	NaN	0.0275	0.2702
118.6888	0.1212	0.0321	NaN	0.0275	0.2705
118.6920	0.1213	0.0321	NaN	0.0275	0.2702
118.6924	0.1213	0.0321	NaN	0.0275	0.2698
118.6916	0.1213	0.0321	NaN	0.0275	0.2698
118.6948	0.1214	0.0321	NaN	0.0275	0.2696
118.6935	0.1214	0.0321	NaN	0.0275	0.2697
118.6941	0.1213	0.0321	NaN	0.0274	0.2701
118.6957	0.1213	0.0320	NaN	0.0274	0.2700
118.6971	0.1213	0.0320	NaN	0.0274	0.2700
118.6991	0.1213	0.0320	NaN	0.0274	0.2701
118.7013	0.1213	0.0320	NaN	0.0275	0.2700
118.7002	0.1213	0.0321	NaN	0.0274	0.2698
118.7021	0.1213	0.0321	NaN	0.0274	0.2698
118.7027	0.1214	0.0321	NaN	0.0275	0.2701
118.7033	0.1214	0.0321	NaN	0.0274	0.2706
118.7053	0.1214	0.0320	NaN	0.0274	0.2713
118.7056	0.1214	0.0320	NaN	0.0274	0.2716
118.7093	0.1215	0.0320	NaN	0.0274	0.2715
118.7086	0.1215	0.0320	NaN	0.0274	0.2715
118.7109	0.1215	0.0320	NaN	0.0274	0.2711
118.7124	0.1216	0.0320	NaN	0.0274	0.2706
118.7124	0.1215	0.0320	NaN	0.0274	0.2704
118.7148	0.1214	0.0320	NaN	0.0274	0.2702
118.7170	0.1214	0.0320	NaN	0.0274	0.2702
118.7171	0.1214	0.0320	NaN	0.0274	0.2703
118.7177	0.1214	0.0320	NaN	0.0274	0.2700
118.7171	0.1214	0.0320	NaN	0.0274	0.2698
118.7215	0.1214	0.0320	NaN	0.0274	0.2695
118.7212	0.1214	0.0320	NaN	0.0274	0.2693
118.7206	0.1214	0.0320	NaN	0.0274	0.2692
118.7224	0.1214	0.0320	NaN	0.0274	0.2692
118.7252	0.1214	0.0320	NaN	0.0274	0.2692
118.7258	0.1215	0.0320	NaN	0.0274	0.2692
118.7271	0.1215	0.0320	NaN	0.0274	0.2692
118.7261	0.1214	0.0320	NaN	0.0274	0.2693
118.7295	0.1214	0.0320	NaN	0.0274	0.2693
118.7309	0.1214	0.0320	NaN	0.0274	0.2692
118.7293	0.1214	0.0320	NaN	0.0274	0.2692
118.7321	0.1214	0.0320	NaN	0.0274	0.2692
118.7318	0.1215	0.0320	NaN	0.0274	0.2692
118.7340	0.1215	0.0319	NaN	0.0274	0.2693
118.7370	0.1215	0.0320	NaN	0.0273	0.2694
118.7376	0.1215	0.0319	NaN	0.0273	0.2696
118.7389	0.1216	0.0320	NaN	0.0274	0.2698
118.7402	0.1216	0.0320	NaN	0.0274	0.2699
118.7404	0.1216	0.0320	NaN	0.0274	0.2701
118.7415	0.1216	0.0320	NaN	0.0273	0.2701
118.7420	0.1216	0.0320	NaN	0.0273	0.2706
118.7446	0.1215	0.0319	NaN	0.0274	0.2703
118.7454	0.1214	0.0319	NaN	0.0273	0.2705
118.7455	0.1215	0.0319	NaN	0.0273	0.2706
118.7476	0.1215	0.0319	NaN	0.0274	0.2708
118.7496	0.1217	0.0320	NaN	0.0273	0.2712
118.7492	0.1216	0.0319	NaN	0.0273	0.2713
118.7498	0.1216	0.0319	NaN	0.0273	0.2711
118.7493	0.1215	0.0319	NaN	0.0273	0.2710
118.7517	0.1215	0.0319	NaN	0.0273	0.2708
118.7524	0.1215	0.0319	NaN	0.0273	0.2708
118.7518	0.1216	0.0319	NaN	0.0273	0.2710
118.7544	0.1216	0.0319	NaN	0.0273	0.2713
118.7555	0.1215	0.0319	NaN	0.0273	0.2714
118.7564	0.1215	0.0319	NaN	0.0273	0.2714
118.7582	0.1215	0.0319	NaN	0.0273	0.2715
118.7579	0.1216	0.0319	NaN	0.0273	0.2715
118.7607	0.1216	0.0319	NaN	0.0273	0.2718
118.7625	0.1216	0.0319	NaN	0.0273	0.2716
118.7651	0.1216	0.0319	NaN	0.0273	0.2717
118.7663	0.1217	0.0319	NaN	0.0273	0.2717
118.7658	0.1217	0.0318	NaN	0.0272	0.2717
118.7664	0.1217	0.0319	NaN	0.0272	0.2717
118.7682	0.1218	0.0319	NaN	0.0272	0.2716
118.7686	0.1217	0.0318	NaN	0.0272	0.2717
118.7721	0.1218	0.0318	NaN	0.0272	0.2717
118.7743	0.1217	0.0319	NaN	0.0272	0.2719
118.7744	0.1217	0.0318	NaN	0.0272	0.2721
118.7754	0.1218	0.0318	NaN	0.0272	0.2722
118.7751	0.1218	0.0318	NaN	0.0272	0.2722
118.7777	0.1219	0.0318	NaN	0.0272	0.2722
118.7784	0.1221	0.0318	NaN	0.0272	0.2722
118.7791	0.1220	0.0318	NaN	0.0272	0.2720
118.7797	0.1219	0.0318	NaN	0.0272	0.2720
118.7825	0.1219	0.0318	NaN	0.0272	0.2717
118.7835	0.1219	0.0318	NaN	0.0272	0.2717
118.7849	0.1220	0.0318	NaN	0.0272	0.2719
118.7856	0.1220	0.0318	NaN	0.0272	0.2721
118.7858	0.1220	0.0318	NaN	0.0272	0.2721
118.7875	0.1220	0.0318	NaN	0.0271	0.2722
118.7869	0.1219	0.0318	NaN	0.0272	0.2722
118.7892	0.1220	0.0318	NaN	0.0272	0.2724
118.7890	0.1221	0.0318	NaN	0.0272	0.2723
118.7902	0.1220	0.0318	NaN	0.0272	0.2720
118.7922	0.1220	0.0318	NaN	0.0272	0.2712
118.7939	0.1220	0.0318	NaN	0.0272	0.2716
118.7940	0.1220	0.0318	NaN	0.0271	0.2719
118.7974	0.1220	0.0318	NaN	0.0272	0.2721
118.7972	0.1221	0.0318	NaN	0.0271	0.2722
118.7989	0.1220	0.0318	NaN	0.0272	0.2717
118.7982	0.1221	0.0318	NaN	0.0271	0.2715
118.8004	0.1221	0.0318	NaN	0.0271	0.2709
118.8018	0.1222	0.0318	NaN	0.0271	0.2708
118.8019	0.1222	0.0317	NaN	0.0271	0.2711
118.8036	0.1224	0.0317	NaN	0.0271	0.2717
118.8047	0.1224	0.0317	NaN	0.0271	0.2721
118.8050	0.1224	0.0317	NaN	0.0271	0.2723
118.8060	0.1223	0.0317	NaN	0.0271	0.2723
118.8069	0.1223	0.0317	NaN	0.0271	0.2723
118.8102	0.1223	0.0317	NaN	0.0271	0.2724
118.8111	0.1224	0.0317	NaN	0.0271	0.2725
118.8120	0.1224	0.0317	NaN	0.0271	0.2723
118.8125	0.1224	0.0317	NaN	0.0271	0.2722
118.8140	0.1224	0.0317	NaN	0.0271	0.2724
118.8154	0.1225	0.0317	NaN	0.0271	0.2724
118.8159	0.1226	0.0317	NaN	0.0271	0.2725
118.8145	0.1226	0.0317	NaN	0.0270	0.2726
118.8194	0.1225	0.0317	NaN	0.0271	0.2727
118.8233	0.1226	0.0317	NaN	0.0271	0.2726
118.8213	0.1225	0.0317	NaN	0.0271	0.2725
118.8238	0.1225	0.0317	NaN	0.0271	0.2725
118.8245	0.1225	0.0317	NaN	0.0270	0.2725
118.8252	0.1224	0.0317	NaN	0.0270	0.2725
118.8267	0.1225	0.0317	NaN	0.0270	0.2725
118.8270	0.1225	0.0317	NaN	0.0270	0.2724
118.8287	0.1225	0.0317	NaN	0.0270	0.2723
118.8329	0.1225	0.0317	NaN	0.0270	0.2724
118.8302	0.1225	0.0317	NaN	0.0270	0.2723
118.8321	0.1227	0.0317	NaN	0.0270	0.2722
118.8336	0.1227	0.0317	NaN	0.0270	0.2722
118.8340	0.1227	0.0317	NaN	0.0270	0.2724
118.8346	0.1227	0.0317	NaN	0.0270	0.2726
118.8361	0.1227	0.0317	NaN	0.0270	0.2726
118.8378	0.1228	0.0317	NaN	0.0270	0.2727
118.8378	0.1227	0.0316	NaN	0.0270	0.2726
118.8400	0.1227	0.0316	NaN	0.0270	0.2726
118.8406	0.1227	0.0316	NaN	0.0270	0.2727
118.8421	0.1227	0.0317	NaN	0.0270	0.2727
118.8434	0.1227	0.0316	NaN	0.0270	0.2727
118.8456	0.1228	0.0316	NaN	0.0270	0.2726
118.8451	0.1228	0.0316	NaN	0.0270	0.2726
118.8482	0.1228	0.0316	NaN	0.0270	0.2727
118.8478	0.1228	0.0316	NaN	0.0270	0.2726
118.8481	0.1227	0.0316	NaN	0.0270	0.2724
118.8503	0.1227	0.0316	NaN	0.0270	0.2720
118.8501	0.1226	0.0316	NaN	0.0270	0.2718
118.8529	0.1226	0.0316	NaN	0.0270	0.2721
118.8543	0.1226	0.0316	NaN	0.0270	0.2725
118.8538	0.1226	0.0316	NaN	0.0270	0.2726
118.8557	0.1226	0.0316	NaN	0.0270	0.2725
118.8559	0.1226	0.0316	NaN	0.0270	0.2725
118.8577	0.1227	0.0316	NaN	0.0270	0.2724
118.8595	0.1227	0.0316	NaN	0.0270	0.2725
118.8587	0.1227	0.0316	NaN	0.0270	0.2720
118.8611	0.1227	0.0316	NaN	0.0269	0.2718
118.8634	0.1227	0.0316	NaN	0.0269	0.2720
118.8632	0.1227	0.0316	NaN	0.0269	0.2721
118.8659	0.1227	0.0316	NaN	0.0269	0.2722
118.8665	0.1227	0.0316	NaN	0.0269	0.2723
118.8681	0.1228	0.0316	NaN	0.0270	0.2725
118.8707	0.1227	0.0316	NaN	0.0269	0.2726
118.8697	0.1227	0.0316	NaN	0.0270	0.2725
118.8740	0.1228	0.0316	NaN	0.0269	0.2725
118.8734	0.1228	0.0316	NaN	0.0269	0.2726
118.8756	0.1229	0.0316	NaN	0.0269	0.2728
118.8770	0.1230	0.0316	NaN	0.0269	0.2728
118.8769	0.1229	0.0316	NaN	0.0269	0.2728
118.8783	0.1230	0.0315	NaN	0.0269	0.2728
118.8798	0.1230	0.0316	NaN	0.0269	0.2729
118.8797	0.1230	0.0316	NaN	0.0269	0.2728
118.8830	0.1230	0.0316	NaN	0.0269	0.2727
118.8839	0.1231	0.0315	NaN	0.0269	0.2726
118.8841	0.1231	0.0315	NaN	0.0269	0.2726
118.8862	0.1232	0.0316	NaN	0.0269	0.2724
118.8855	0.1230	0.0315	NaN	0.0269	0.2723
118.8880	0.1231	0.0315	NaN	0.0269	0.2722
118.8904	0.1231	0.0315	NaN	0.0269	0.2720
118.8911	0.1232	0.0315	NaN	0.0269	0.2718
118.8921	0.1232	0.0315	NaN	0.0269	0.2715
118.8920	0.1232	0.0315	NaN	0.0269	0.2714
118.8937	0.1233	0.0315	NaN	0.0268	0.2715
118.8960	0.1234	0.0315	NaN	0.0268	0.2714
118.8952	0.1234	0.0315	NaN	0.0268	0.2713
118.8981	0.1235	0.0315	NaN	0.0268	0.2712
118.8969	0.1233	0.0315	NaN	0.0268	0.2711
118.8996	0.1230	0.0315	NaN	0.0268	0.2710
118.9016	0.1229	0.0315	NaN	0.0268	0.2708
118.8999	0.1231	0.0315	NaN	0.0268	0.2707
118.9030	0.1234	0.0315	NaN	0.0268	0.2705
118.9053	0.1235	0.0315	NaN	0.0268	0.2705
118.9060	0.1236	0.0315	NaN	0.0268	0.2705
118.9072	0.1238	0.0315	NaN	0.0268	0.2704
118.9061	0.1238	0.0315	NaN	0.0268	0.2704
118.9081	0.1236	0.0315	NaN	0.0268	0.2704
118.9099	0.1236	0.0315	NaN	0.0268	0.2704
118.9107	0.1234	0.0315	NaN	0.0268	0.2703
118.9125	0.1235	0.0315	NaN	0.0268	0.2704
118.9135	0.1236	0.0315	NaN	0.0268	0.2704
118.9138	0.1236	0.0315	NaN	0.0268	0.2704
118.9142	0.1237	0.0315	NaN	0.0268	0.2705
118.9146	0.1237	0.0315	NaN	0.0268	0.2705
118.9179	0.1236	0.0315	NaN	0.0268	0.2705
118.9178	0.1237	0.0314	NaN	0.0268	0.2705
118.9189	0.1237	0.0315	NaN	0.0268	0.2705
118.9228	0.1238	0.0314	NaN	0.0268	0.2705
118.9210	0.1238	0.0315	NaN	0.0268	0.2706
118.9240	0.1240	0.0314	NaN	0.0268	0.2706
118.9252	0.1239	0.0314	NaN	0.0268	0.2707
118.9247	0.1238	0.0314	NaN	0.0267	0.2710
118.9273	0.1239	0.0315	NaN	0.0268	0.2710
118.9279	0.1240	0.0314	NaN	0.0268	0.2713
118.9283	0.1242	0.0314	NaN	0.0268	0.2711
118.9296	0.1242	0.0314	NaN	0.0267	0.2713
118.9311	0.1242	0.0314	NaN	0.0267	0.2714
118.9338	0.1243	0.0314	NaN	0.0267	0.2716
118.9364	0.1243	0.0314	NaN	0.0267	0.2717
118.9364	0.1243	0.0314	NaN	0.0267	0.2717
118.9382	0.1243	0.0314	NaN	0.0267	0.2715
118.9379	0.1243	0.0314	NaN	0.0267	0.2715
118.9389	0.1243	0.0314	NaN	0.0267	0.2713
118.9407	0.1245	0.0314	NaN	0.0267	0.2712
118.9397	0.1246	0.0314	NaN	0.0267	0.2712
118.9421	0.1247	0.0314	NaN	0.0267	0.2712
118.9434	0.1248	0.0314	NaN	0.0267	0.2713
118.9430	0.1249	0.0314	NaN	0.0267	0.2713
118.9458	0.1249	0.0314	NaN	0.0267	0.2714
118.9470	0.1251	0.0314	NaN	0.0266	0.2716
118.9490	0.1251	0.0314	NaN	0.0266	0.2715
118.9491	0.1251	0.0314	NaN	0.0266	0.2715
118.9497	0.1249	0.0314	NaN	0.0266	0.2714
118.9513	0.1250	0.0313	NaN	0.0266	0.2714
118.9548	0.1249	0.0314	NaN	0.0266	0.2713
118.9527	0.1250	0.0314	NaN	0.0266	0.2714
118.9561	0.1249	0.0314	NaN	0.0267	0.2717
118.9553	0.1249	0.0314	NaN	0.0266	0.2718
118.9577	0.1248	0.0314	NaN	0.0267	0.2718
118.9594	0.1250	0.0314	NaN	0.0266	0.2720
118.9607	0.1252	0.0313	NaN	0.0266	0.2720
118.9618	0.1252	0.0313	NaN	0.0266	0.2721
118.9629	0.1255	0.0314	NaN	0.0266	0.2721
118.9640	0.1255	0.0314	NaN	0.0266	0.2722
118.9641	0.1254	0.0313	NaN	0.0266	0.2724
118.9661	0.1257	0.0313	NaN	0.0266	0.2725
118.9676	0.1253	0.0313	NaN	0.0266	0.2723
118.9706	0.1251	0.0313	NaN	0.0266	0.2723
118.9687	0.1255	0.0313	NaN	0.0266	0.2725
118.9733	0.1257	0.0313	NaN	0.0266	0.2729
118.9749	0.1258	0.0313	NaN	0.0266	0.2728
118.9736	0.1259	0.0313	NaN	0.0266	0.2728
118.9758	0.1259	0.0313	NaN	0.0266	0.2729
118.9744	0.1259	0.0313	NaN	0.0266	0.2727
118.9775	0.1260	0.0313	NaN	0.0266	0.2725
118.9795	0.1262	0.0314	NaN	0.0266	0.2725
118.9800	0.1261	0.0313	NaN	0.0266	0.2725
118.9823	0.1260	0.0313	NaN	0.0266	0.2724
118.9805	0.1260	0.0313	NaN	0.0266	0.2725
118.9838	0.1263	0.0313	NaN	0.0266	0.2727
118.9866	0.1263	0.0313	NaN	0.0265	0.2729
118.9849	0.1264	0.0313	NaN	0.0266	0.2729
118.9866	0.1264	0.0313	NaN	0.0265	0.2730
118.9890	0.1267	0.0313	NaN	0.0265	0.2731
118.9888	0.1268	0.0313	NaN	0.0266	0.2732
118.9920	0.1272	0.0313	NaN	0.0265	0.2732
118.9910	0.1273	0.0313	NaN	0.0265	0.2734
118.9926	0.1273	0.0313	NaN	0.0265	0.2735
118.9962	0.1273	0.0313	NaN	0.0265	0.2735
118.9948	0.1270	0.0313	NaN	0.0265	0.2735
118.9981	0.1272	0.0313	NaN	0.0265	0.2735
118.9975	0.1272	0.0313	NaN	0.0265	0.2735
119.0005	0.1272	0.0313	NaN	0.0265	0.2735
119.0020	0.1273	0.0313	NaN	0.0265	0.2735
119.0012	0.1274	0.0313	NaN	0.0265	0.2735
119.0029	0.1275	0.0313	NaN	0.0265	0.2734
119.0057	0.1277	0.0313	NaN	0.0265	0.2734
119.0043	0.1279	0.0313	NaN	0.0265	0.2735
119.0074	0.1280	0.0313	NaN	0.0265	0.2735
119.0105	0.1281	0.0313	NaN	0.0265	0.2734
119.0089	0.1282	0.0313	NaN	0.0265	0.2734
119.0098	0.1283	0.0313	NaN	0.0265	0.2734
119.0096	0.1283	0.0313	NaN	0.0265	0.2733
119.0118	0.1285	0.0313	NaN	0.0265	0.2732
119.0150	0.1290	0.0314	NaN	0.0265	0.2731
119.0154	0.1292	0.0313	NaN	0.0265	0.2730
119.0169	0.1291	0.0313	NaN	0.0265	0.2729
119.0174	0.1290	0.0314	NaN	0.0265	0.2728
119.0194	0.1290	0.0314	NaN	0.0265	0.2727
119.0213	0.1292	0.0313	NaN	0.0265	0.2724
119.0201	0.1294	0.0314	NaN	0.0265	0.2723
119.0220	0.1295	0.0313	NaN	0.0265	0.2722
119.0239	0.1295	0.0314	NaN	0.0265	0.2722
119.0236	0.1296	0.0314	NaN	0.0265	0.2724
119.0254	0.1296	0.0314	NaN	0.0265	0.2724
119.0252	0.1294	0.0313	NaN	0.0265	0.2726
119.0262	0.1294	0.0314	NaN	0.0265	0.2728
119.0286	0.1295	0.0314	NaN	0.0265	0.2730
119.0296	0.1297	0.0314	NaN	0.0265	0.2730
119.0308	0.1303	0.0314	NaN	0.0265	0.2730
119.0337	0.1307	0.0314	NaN	0.0265	0.2732
119.0324	0.1311	0.0314	NaN	0.0265	0.2732
119.0341	0.1312	0.0314	NaN	0.0265	0.2730
119.0338	0.1309	0.0314	NaN	0.0265	0.2728
119.0352	0.1314	0.0314	NaN	0.0264	0.2729
119.0375	0.1322	0.0314	NaN	0.0265	0.2728
119.0388	0.1326	0.0314	NaN	0.0265	0.2726
119.0393	0.1330	0.0314	NaN	0.0265	0.2725
119.0394	0.1330	0.0314	NaN	0.0264	0.2726
119.0407	0.1332	0.0314	NaN	0.0264	0.2723
119.0440	0.1337	0.0314	NaN	0.0264	0.2719
119.0432	0.1341	0.0315	NaN	0.0264	0.2716
119.0454	0.1344	0.0315	NaN	0.0264	0.2715
119.0508	0.1347	0.0315	NaN	0.0265	0.2716
119.0496	0.1353	0.0315	NaN	0.0264	0.2715
119.0509	0.1355	0.0315	NaN	0.0264	0.2713
119.0508	0.1362	0.0315	NaN	0.0264	0.2711
119.0524	0.1363	0.0315	NaN	0.0264	0.2712
119.0542	0.1370	0.0316	NaN	0.0264	0.2713
119.0525	0.1372	0.0315	NaN	0.0264	0.2708
119.0550	0.1387	0.0316	NaN	0.0264	0.2708
119.0566	0.1399	0.0316	NaN	0.0264	0.2707
119.0569	0.1400	0.0316	NaN	0.0264	0.2707
119.0581	0.1401	0.0316	NaN	0.0264	0.2707
119.0586	0.1400	0.0317	NaN	0.0264	0.2708
119.0592	0.1399	0.0316	NaN	0.0264	0.2709
119.0625	0.1404	0.0317	NaN	0.0264	0.2711
119.0629	0.1398	0.0316	NaN	0.0264	0.2711
119.0638	0.1404	0.0316	NaN	0.0264	0.2710
119.0654	0.1415	0.0317	NaN	0.0264	0.2708
119.0668	0.1422	0.0317	NaN	0.0264	0.2708
119.0680	0.1434	0.0317	NaN	0.0264	0.2710
119.0685	0.1435	0.0318	NaN	0.0264	0.2709
119.0704	0.1444	0.0318	NaN	0.0264	0.2707
119.0717	0.1441	0.0318	NaN	0.0264	0.2708
119.0721	0.1455	0.0318	NaN	0.0263	0.2708
119.0744	0.1474	0.0319	NaN	0.0264	0.2708
119.0752	0.1486	0.0319	NaN	0.0264	0.2708
119.0778	0.1493	0.0319	NaN	0.0263	0.2708
119.0793	0.1497	0.0319	NaN	0.0263	0.2709
119.0798	0.1494	0.0319	NaN	0.0264	0.2708
119.0807	0.1495	0.0319	NaN	0.0264	0.2709
119.0829	0.1499	0.0319	NaN	0.0264	0.2709
119.0824	0.1500	0.0319	NaN	0.0263	0.2709
119.0849	0.1498	0.0320	NaN	0.0263	0.2710
119.0853	0.1494	0.0319	NaN	0.0263	0.2713
119.0867	0.1489	0.0319	NaN	0.0263	0.2713
119.0878	0.1486	0.0319	NaN	0.0263	0.2712
119.0885	0.1485	0.0319	NaN	0.0263	0.2713
119.0903	0.1488	0.0319	NaN	0.0263	0.2714
119.0903	0.1493	0.0319	NaN	0.0263	0.2715
119.0894	0.1498	0.0319	NaN	0.0263	0.2719
119.0938	0.1497	0.0319	NaN	0.0263	0.2718
119.0935	0.1501	0.0320	NaN	0.0264	0.2717
119.0941	0.1502	0.0319	NaN	0.0263	0.2719
119.0971	0.1502	0.0319	NaN	0.0263	0.2722
119.0963	0.1497	0.0319	NaN	0.0263	0.2726
119.0975	0.1493	0.0319	NaN	0.0263	0.2727
119.0984	0.1492	0.0319	NaN	0.0263	0.2730
119.1004	0.1480	0.0319	NaN	0.0263	0.2730
119.1021	0.1464	0.0318	NaN	0.0263	0.2730
119.1020	0.1451	0.0317	NaN	0.0263	0.2731
119.1045	0.1440	0.0317	NaN	0.0263	0.2733
119.1066	0.1432	0.0317	NaN	0.0263	0.2732
119.1051	0.1429	0.0316	NaN	0.0263	0.2733
119.1072	0.1418	0.0316	NaN	0.0263	0.2735
119.1072	0.1415	0.0316	NaN	0.0263	0.2735
119.1088	0.1405	0.0316	NaN	0.0263	0.2735
119.1121	0.1393	0.0315	NaN	0.0263	0.2736
119.1118	0.1390	0.0315	NaN	0.0263	0.2736
119.1126	0.1387	0.0315	NaN	0.0263	0.2736
119.1153	0.1382	0.0315	NaN	0.0263	0.2737
119.1158	0.1379	0.0315	NaN	0.0263	0.2737
119.1176	0.1363	0.0314	NaN	0.0263	0.2737
119.1178	0.1358	0.0314	NaN	0.0262	0.2737
119.1210	0.1355	0.0313	NaN	0.0263	0.2738
119.1213	0.1355	0.0313	NaN	0.0262	0.2738
119.1208	0.1360	0.0314	NaN	0.0262	0.2737
119.1231	0.1361	0.0314	NaN	0.0263	0.2737
119.1228	0.1363	0.0314	NaN	0.0263	0.2737
119.1223	0.1356	0.0314	NaN	0.0263	0.2735
119.1256	0.1353	0.0313	NaN	0.0263	0.2736
119.1249	0.1352	0.0313	NaN	0.0263	0.2734
119.1263	0.1349	0.0313	NaN	0.0263	0.2730
119.1299	0.1346	0.0313	NaN	0.0262	0.2728
119.1300	0.1342	0.0313	NaN	0.0262	0.2727
119.1313	0.1340	0.0313	NaN	0.0262	0.2725
119.1310	0.1340	0.0313	NaN	0.0262	0.2722
119.1336	0.1335	0.0313	NaN	0.0262	0.2724
119.1367	0.1331	0.0313	NaN	0.0262	0.2726
119.1356	0.1333	0.0312	NaN	0.0262	0.2727
119.1378	0.1334	0.0313	NaN	0.0262	0.2730
119.1389	0.1334	0.0313	NaN	0.0262	0.2733
119.1387	0.1336	0.0313	NaN	0.0262	0.2733
119.1407	0.1333	0.0313	NaN	0.0263	0.2733
119.1404	0.1333	0.0313	NaN	0.0262	0.2732
119.1438	0.1333	0.0313	NaN	0.0262	0.2732
119.1454	0.1330	0.0313	NaN	0.0263	0.2733
119.1453	0.1330	0.0312	NaN	0.0262	0.2734
119.1471	0.1330	0.0312	NaN	0.0262	0.2733
119.1462	0.1327	0.0312	NaN	0.0262	0.2731
119.1487	0.1325	0.0312	NaN	0.0262	0.2732
119.1514	0.1328	0.0312	NaN	0.0262	0.2736
119.1503	0.1324	0.0312	NaN	0.0262	0.2738
119.1537	0.1324	0.0312	NaN	0.0262	0.2737
119.1542	0.1321	0.0312	NaN	0.0262	0.2736
119.1548	0.1319	0.0311	NaN	0.0262	0.2733
119.1568	0.1320	0.0311	NaN	0.0262	0.2732
119.1564	0.1323	0.0311	NaN	0.0262	0.2733
119.1572	0.1324	0.0312	NaN	0.0262	0.2735
119.1594	0.1320	0.0311	NaN	0.0262	0.2736
119.1591	0.1320	0.0311	NaN	0.0262	0.2735
119.1621	0.1320	0.0311	NaN	0.0262	0.2733
119.1631	0.1319	0.0311	NaN	0.0262	0.2736
119.1648	0.1318	0.0311	NaN	0.0262	0.2735
119.1647	0.1319	0.0311	NaN	0.0262	0.2734
119.1639	0.1316	0.0311	NaN	0.0262	0.2729
119.1663	0.1318	0.0311	NaN	0.0262	0.2728
119.1692	0.1318	0.0311	NaN	0.0262	0.2731
119.1679	0.1318	0.0311	NaN	0.0262	0.2733
119.1703	0.1319	0.0311	NaN	0.0262	0.2734
119.1708	0.1316	0.0311	NaN	0.0262	0.2735
119.1726	0.1316	0.0311	NaN	0.0262	0.2736
119.1745	0.1317	0.0311	NaN	0.0262	0.2736
119.1741	0.1318	0.0311	NaN	0.0262	0.2737
119.1759	0.1320	0.0311	NaN	0.0262	0.2738
119.1789	0.1320	0.0311	NaN	0.0261	0.2739
119.1779	0.1323	0.0311	NaN	0.0261	0.2740
119.1786	0.1324	0.0311	NaN	0.0261	0.2741
119.1785	0.1326	0.0311	NaN	0.0261	0.2741
119.1810	0.1327	0.0311	NaN	0.0261	0.2741
119.1824	0.1327	0.0311	NaN	0.0261	0.2741
119.1841	0.1328	0.0311	NaN	0.0261	0.2740
119.1855	0.1331	0.0311	NaN	0.0261	0.2742
119.1864	0.1335	0.0311	NaN	0.0261	0.2742
119.1870	0.1334	0.0311	NaN	0.0261	0.2742
119.1891	0.1336	0.0311	NaN	0.0261	0.2742
119.1875	0.1337	0.0311	NaN	0.0261	0.2741
119.1906	0.1337	0.0311	NaN	0.0261	0.2739
119.1936	0.1338	0.0312	NaN	0.0261	0.2741
119.1922	0.1337	0.0312	NaN	0.0261	0.2742
119.1941	0.1341	0.0312	NaN	0.0261	0.2743
119.1951	0.1344	0.0312	NaN	0.0261	0.2744
119.1944	0.1343	0.0312	NaN	0.0261	0.2743
119.1973	0.1345	0.0312	NaN	0.0261	0.2744
119.1962	0.1345	0.0312	NaN	0.0261	0.2744
119.1994	0.1347	0.0312	NaN	0.0261	0.2745
119.2018	0.1350	0.0312	NaN	0.0261	0.2746
119.2026	0.1348	0.0312	NaN	0.0261	0.2746
119.2036	0.1348	0.0312	NaN	0.0261	0.2746
119.2035	0.1345	0.0312	NaN	0.0261	0.2746
119.2046	0.1347	0.0312	NaN	0.0261	0.2746
119.2049	0.1350	0.0312	NaN	0.0261	0.2747
119.2062	0.1356	0.0312	NaN	0.0261	0.2748
119.2072	0.1357	0.0312	NaN	0.0261	0.2751
119.2093	0.1359	0.0312	NaN	0.0261	0.2750
119.2101	0.1356	0.0312	NaN	0.0261	0.2750
119.2129	0.1362	0.0312	NaN	0.0261	0.2750
119.2133	0.1358	0.0312	NaN	0.0261	0.2750
119.2155	0.1362	0.0312	NaN	0.0261	0.2749
119.2177	0.1363	0.0312	NaN	0.0261	0.2749
119.2170	0.1367	0.0312	NaN	0.0261	0.2749
119.2185	0.1371	0.0313	NaN	0.0261	0.2748
119.2198	0.1374	0.0313	NaN	0.0261	0.2747
119.2205	0.1380	0.0313	NaN	0.0261	0.2744
119.2215	0.1389	0.0313	NaN	0.0261	0.2745
119.2219	0.1392	0.0313	NaN	0.0261	0.2745
119.2231	0.1400	0.0313	NaN	0.0261	0.2744
119.2266	0.1413	0.0314	NaN	0.0261	0.2741
119.2262	0.1410	0.0314	NaN	0.0261	0.2740
119.2264	0.1413	0.0314	NaN	0.0261	0.2738
119.2261	0.1409	0.0314	NaN	0.0261	0.2737
119.2286	0.1409	0.0314	NaN	0.0261	0.2737
119.2302	0.1422	0.0314	NaN	0.0261	0.2736
119.2299	0.1419	0.0314	NaN	0.0261	0.2734
119.2322	0.1442	0.0315	NaN	0.0261	0.2730
119.2339	0.1457	0.0315	NaN	0.0261	0.2730
119.2339	0.1472	0.0316	NaN	0.0261	0.2730
119.2361	0.1469	0.0316	NaN	0.0261	0.2735
119.2347	0.1475	0.0316	NaN	0.0261	0.2733
119.2379	0.1494	0.0317	NaN	0.0261	0.2731
119.2399	0.1514	0.0317	NaN	0.0261	0.2729
119.2399	0.1525	0.0318	NaN	0.0261	0.2728
119.2406	0.1530	0.0318	NaN	0.0261	0.2727
119.2447	0.1542	0.0318	NaN	0.0261	0.2727
119.2437	0.1534	0.0318	NaN	0.0261	0.2727
119.2458	0.1553	0.0319	NaN	0.0261	0.2727
119.2450	0.1564	0.0319	NaN	0.0261	0.2727
119.2460	0.1587	0.0320	NaN	0.0261	0.2727
119.2494	0.1602	0.0320	NaN	0.0261	0.2726
119.2479	0.1594	0.0320	NaN	0.0261	0.2726
119.2507	0.1605	0.0321	NaN	0.0261	0.2726
119.2527	0.1606	0.0321	NaN	0.0261	0.2726
119.2516	0.1599	0.0320	NaN	0.0261	0.2727
119.2549	0.1628	0.0322	NaN	0.0261	0.2729
119.2539	0.1653	0.0322	NaN	0.0261	0.2732
119.2557	0.1675	0.0323	NaN	0.0261	0.2735
119.2573	0.1699	0.0324	NaN	0.0261	0.2738
119.2574	0.1715	0.0325	NaN	0.0261	0.2740
119.2600	0.1730	0.0325	NaN	0.0261	0.2743
119.2610	0.1715	0.0324	NaN	0.0261	0.2742
119.2610	0.1717	0.0325	NaN	0.0261	0.2740
119.2638	0.1727	0.0325	NaN	0.0261	0.2741
119.2642	0.1717	0.0325	NaN	0.0261	0.2740
119.2666	0.1724	0.0325	NaN	0.0261	0.2741
119.2674	0.1749	0.0326	NaN	0.0261	0.2743
119.2669	0.1756	0.0326	NaN	0.0261	0.2743
119.2694	0.1759	0.0326	NaN	0.0261	0.2744
119.2699	0.1760	0.0326	NaN	0.0261	0.2746
119.2712	0.1751	0.0326	NaN	0.0261	0.2746
119.2725	0.1742	0.0326	NaN	0.0261	0.2747
119.2742	0.1737	0.0325	NaN	0.0261	0.2748
119.2765	0.1730	0.0325	NaN	0.0261	0.2747
119.2785	0.1716	0.0325	NaN	0.0261	0.2746
119.2774	0.1714	0.0325	NaN	0.0261	0.2746
119.2789	0.1717	0.0325	NaN	0.0261	0.2748
119.2781	0.1729	0.0325	NaN	0.0261	0.2747
119.2814	0.1723	0.0325	NaN	0.0261	0.2747
119.2820	0.1710	0.0324	NaN	0.0261	0.2748
119.2829	0.1689	0.0324	NaN	0.0261	0.2748
119.2846	0.1662	0.0323	NaN	0.0261	0.2749
119.2874	0.1640	0.0322	NaN	0.0261	0.2750
119.2873	0.1628	0.0321	NaN	0.0261	0.2750
119.2887	0.1615	0.0321	NaN	0.0261	0.2751
119.2885	0.1605	0.0320	NaN	0.0261	0.2751
119.2905	0.1573	0.0319	NaN	0.0261	0.2754
119.2939	0.1540	0.0318	NaN	0.0261	0.2754
119.2926	0.1536	0.0318	NaN	0.0261	0.2753
119.2948	0.1529	0.0318	NaN	0.0261	0.2755
119.2948	0.1530	0.0318	NaN	0.0261	0.2755
119.2969	0.1528	0.0317	NaN	0.0260	0.2755
119.2983	0.1518	0.0317	NaN	0.0261	0.2754
119.2989	0.1510	0.0317	NaN	0.0260	0.2754
119.2982	0.1507	0.0317	NaN	0.0261	0.2755
119.3023	0.1495	0.0316	NaN	0.0261	0.2756
119.3014	0.1495	0.0316	NaN	0.0261	0.2756
119.3040	0.1487	0.0316	NaN	0.0261	0.2757
119.3028	0.1488	0.0316	NaN	0.0260	0.2757
119.3049	0.1484	0.0316	NaN	0.0261	0.2757
119.3090	0.1481	0.0316	NaN	0.0261	0.2758
119.3094	0.1479	0.0316	NaN	0.0261	0.2759
119.3093	0.1481	0.0316	NaN	0.0261	0.2759
119.3115	0.1482	0.0316	NaN	0.0261	0.2759
119.3122	0.1483	0.0316	NaN	0.0261	0.2759
119.3131	0.1481	0.0316	NaN	0.0260	0.2758
119.3123	0.1479	0.0316	NaN	0.0260	0.2758
119.3142	0.1475	0.0316	NaN	0.0261	0.2758
119.3168	0.1475	0.0316	NaN	0.0260	0.2759
119.3169	0.1479	0.0316	NaN	0.0260	0.2759
119.3184	0.1480	0.0316	NaN	0.0260	0.2759
119.3202	0.1480	0.0316	NaN	0.0261	0.2760
119.3216	0.1480	0.0316	NaN	0.0261	0.2759
119.3234	0.1475	0.0316	NaN	0.0261	0.2760
119.3225	0.1474	0.0315	NaN	0.0261	0.2759
119.3232	0.1475	0.0316	NaN	0.0261	0.2760
119.3250	0.1474	0.0316	NaN	0.0261	0.2759
119.3257	0.1474	0.0316	NaN	0.0261	0.2760
119.3262	0.1474	0.0316	NaN	0.0261	0.2760
119.3270	0.1476	0.0316	NaN	0.0261	0.2760
119.3296	0.1480	0.0316	NaN	0.0260	0.2760
119.3331	0.1484	0.0316	NaN	0.0261	0.2760
119.3328	0.1484	0.0316	NaN	0.0261	0.2760
119.3351	0.1483	0.0316	NaN	0.0261	0.2760
119.3361	0.1483	0.0316	NaN	0.0261	0.2760
119.3372	0.1485	0.0316	NaN	0.0261	0.2760
119.3382	0.1488	0.0316	NaN	0.0261	0.2760
119.3388	0.1486	0.0316	NaN	0.0261	0.2760
119.3398	0.1487	0.0316	NaN	0.0261	0.2760
119.3421	0.1486	0.0316	NaN	0.0261	0.2760
119.3415	0.1486	0.0316	NaN	0.0261	0.2760
119.3444	0.1488	0.0316	NaN	0.0261	0.2761
119.3430	0.1487	0.0316	NaN	0.0261	0.2760
119.3461	0.1490	0.0316	NaN	0.0261	0.2759
119.3481	0.1493	0.0317	NaN	0.0261	0.2758
119.3477	0.1494	0.0317	NaN	0.0261	0.2759
119.3494	0.1498	0.0317	NaN	0.0261	0.2759
119.3508	0.1500	0.0317	NaN	0.0261	0.2758
119.3507	0.1501	0.0317	NaN	0.0261	0.2758
119.3537	0.1502	0.0317	NaN	0.0261	0.2758
119.3540	0.1504	0.0317	NaN	0.0261	0.2759
119.3557	0.1506	0.0317	NaN	0.0261	0.2759
119.3567	0.1503	0.0317	NaN	0.0261	0.2760
119.3569	0.1503	0.0317	NaN	0.0261	0.2759
119.3588	0.1497	0.0317	NaN	0.0261	0.2757
119.3593	0.1495	0.0317	NaN	0.0261	0.2751
119.3564	0.1494	0.0317	NaN	0.0261	0.2746
119.3596	0.1484	0.0316	NaN	0.0261	0.2749
119.3601	0.1483	0.0316	NaN	0.0261	0.2748
119.3616	0.1480	0.0316	NaN	0.0261	0.2747
119.3637	0.1476	0.0316	NaN	0.0261	0.2747
119.3651	0.1473	0.0316	NaN	0.0261	0.2749
119.3663	0.1474	0.0316	NaN	0.0261	0.2753
119.3656	0.1477	0.0316	NaN	0.0261	0.2757
119.3660	0.1467	0.0316	NaN	0.0261	0.2758
119.3685	0.1466	0.0316	NaN	0.0261	0.2759
119.3694	0.1469	0.0316	NaN	0.0261	0.2760
119.3722	0.1469	0.0316	NaN	0.0261	0.2760
119.3745	0.1466	0.0315	NaN	0.0261	0.2760
119.3751	0.1468	0.0316	NaN	0.0261	0.2760
119.3761	0.1469	0.0316	NaN	0.0261	0.2761
119.3758	0.1466	0.0316	NaN	0.0261	0.2761
119.3764	0.1465	0.0316	NaN	0.0261	0.2761
119.3793	0.1458	0.0315	NaN	0.0261	0.2761
119.3802	0.1453	0.0315	NaN	0.0261	0.2762
119.3826	0.1445	0.0315	NaN	0.0261	0.2761
119.3834	0.1436	0.0315	NaN	0.0261	0.2758
119.3834	0.1435	0.0315	NaN	0.0261	0.2760
119.3854	0.1422	0.0314	NaN	0.0261	0.2762
119.3852	0.1416	0.0314	NaN	0.0261	0.2762
119.3868	0.1412	0.0314	NaN	0.0261	0.2763
119.3883	0.1406	0.0313	NaN	0.0261	0.2761
119.3884	0.1404	0.0314	NaN	0.0261	0.2759
119.3897	0.1401	0.0313	NaN	0.0261	0.2753
119.3916	0.1399	0.0313	NaN	0.0261	0.2749
119.3931	0.1395	0.0313	NaN	0.0261	0.2748
119.3941	0.1385	0.0313	NaN	0.0261	0.2747
119.3951	0.1380	0.0313	NaN	0.0261	0.2744
119.3972	0.1376	0.0312	NaN	0.0261	0.2742
119.3990	0.1374	0.0312	NaN	0.0261	0.2743
119.3999	0.1373	0.0312	NaN	0.0261	0.2745
119.4006	0.1375	0.0313	NaN	0.0261	0.2742
119.4030	0.1373	0.0312	NaN	0.0261	0.2739
119.4027	0.1373	0.0312	NaN	0.0261	0.2739
119.4040	0.1372	0.0312	NaN	0.0261	0.2737
119.4047	0.1370	0.0312	NaN	0.0261	0.2735
119.4059	0.1368	0.0312	NaN	0.0261	0.2734
119.4089	0.1367	0.0312	NaN	0.0261	0.2735
119.4089	0.1367	0.0312	NaN	0.0261	0.2735
119.4109	0.1366	0.0312	NaN	0.0261	0.2735
119.4106	0.1365	0.0312	NaN	0.0261	0.2736
119.4126	0.1364	0.0312	NaN	0.0261	0.2738
119.4148	0.1364	0.0312	NaN	0.0261	0.2738
119.4142	0.1365	0.0312	NaN	0.0261	0.2737
119.4165	0.1365	0.0312	NaN	0.0261	0.2738
119.4183	0.1364	0.0312	NaN	0.0261	0.2738
119.4173	0.1365	0.0312	NaN	0.0261	0.2741
119.4187	0.1367	0.0312	NaN	0.0261	0.2745
119.4202	0.1369	0.0313	NaN	0.0261	0.2745
119.4206	0.1372	0.0313	NaN	0.0261	0.2744
119.4233	0.1373	0.0313	NaN	0.0261	0.2744
119.4240	0.1374	0.0313	NaN	0.0261	0.2746
119.4243	0.1376	0.0313	NaN	0.0261	0.2749
119.4255	0.1377	0.0313	NaN	0.0262	0.2748
119.4263	0.1377	0.0313	NaN	0.0261	0.2748
119.4287	0.1378	0.0313	NaN	0.0261	0.2749
119.4275	0.1374	0.0313	NaN	0.0261	0.2747
119.4311	0.1376	0.0313	NaN	0.0261	0.2746
119.4327	0.1382	0.0313	NaN	0.0261	0.2745
119.4321	0.1383	0.0313	NaN	0.0261	0.2743
119.4340	0.1384	0.0313	NaN	0.0261	0.2742
119.4347	0.1387	0.0313	NaN	0.0261	0.2742
119.4379	0.1389	0.0313	NaN	0.0261	0.2741
119.4388	0.1396	0.0314	NaN	0.0261	0.2743
119.4395	0.1398	0.0314	NaN	0.0261	0.2743
119.4415	0.1407	0.0314	NaN	0.0261	0.2744
119.4435	0.1417	0.0315	NaN	0.0261	0.2746
119.4429	0.1425	0.0315	NaN	0.0262	0.2746
119.4446	0.1429	0.0315	NaN	0.0261	0.2746
119.4467	0.1434	0.0315	NaN	0.0262	0.2748
119.4463	0.1439	0.0316	NaN	0.0262	0.2750
119.4476	0.1444	0.0316	NaN	0.0262	0.2753
119.4492	0.1444	0.0316	NaN	0.0262	0.2754
119.4499	0.1442	0.0316	NaN	0.0262	0.2754
119.4504	0.1439	0.0316	NaN	0.0262	0.2755
119.4526	0.1429	0.0315	NaN	0.0262	0.2755
119.4546	0.1420	0.0315	NaN	0.0262	0.2752
119.4560	0.1415	0.0315	NaN	0.0262	0.2750
119.4581	0.1416	0.0315	NaN	0.0262	0.2751
119.4581	0.1419	0.0315	NaN	0.0262	0.2749
119.4584	0.1420	0.0315	NaN	0.0262	0.2743
119.4610	0.1417	0.0315	NaN	0.0262	0.2742
119.4601	0.1416	0.0315	NaN	0.0262	0.2743
119.4628	0.1405	0.0315	NaN	0.0262	0.2743
119.4637	0.1396	0.0314	NaN	0.0262	0.2743
119.4643	0.1388	0.0314	NaN	0.0262	0.2741
119.4655	0.1383	0.0314	NaN	0.0262	0.2740
119.4683	0.1381	0.0314	NaN	0.0262	0.2742
119.4674	0.1382	0.0314	NaN	0.0262	0.2741
119.4708	0.1380	0.0314	NaN	0.0262	0.2740
119.4710	0.1378	0.0314	NaN	0.0262	0.2739
119.4711	0.1374	0.0314	NaN	0.0262	0.2739
119.4716	0.1373	0.0314	NaN	0.0262	0.2741
119.4737	0.1374	0.0314	NaN	0.0262	0.2743
119.4746	0.1374	0.0314	NaN	0.0262	0.2745
119.4772	0.1374	0.0314	NaN	0.0262	0.2747
119.4769	0.1375	0.0314	NaN	0.0262	0.2751
119.4784	0.1374	0.0314	NaN	0.0262	0.2756
119.4792	0.1373	0.0314	NaN	0.0262	0.2757
119.4820	0.1373	0.0314	NaN	0.0262	0.2757
119.4839	0.1376	0.0314	NaN	0.0262	0.2757
119.4827	0.1378	0.0314	NaN	0.0262	0.2758
119.4834	0.1378	0.0314	NaN	0.0262	0.2762
119.4849	0.1377	0.0314	NaN	0.0262	0.2763
119.4853	0.1375	0.0314	NaN	0.0262	0.2763
119.4864	0.1373	0.0314	NaN	0.0263	0.2762
119.4875	0.1372	0.0314	NaN	0.0262	0.2759
119.4899	0.1372	0.0314	NaN	0.0262	0.2757
119.4908	0.1373	0.0314	NaN	0.0263	0.2759
119.4912	0.1374	0.0314	NaN	0.0263	0.2758
119.4923	0.1376	0.0314	NaN	0.0263	0.2761
119.4938	0.1377	0.0314	NaN	0.0262	0.2762
119.4961	0.1377	0.0314	NaN	0.0263	0.2762
119.4989	0.1377	0.0314	NaN	0.0263	0.2762
119.4978	0.1378	0.0315	NaN	0.0263	0.2762
119.5008	0.1377	0.0314	NaN	0.0263	0.2762
119.5010	0.1377	0.0314	NaN	0.0263	0.2762
119.5007	0.1382	0.0314	NaN	0.0263	0.2762
119.5008	0.1385	0.0315	NaN	0.0263	0.2762
119.5015	0.1388	0.0315	NaN	0.0262	0.2762
119.5034	0.1393	0.0315	NaN	0.0263	0.2762
119.5062	0.1397	0.0315	NaN	0.0263	0.2763
119.5073	0.1402	0.0315	NaN	0.0263	0.2762
119.5081	0.1413	0.0316	NaN	0.0263	0.2762
119.5072	0.1415	0.0316	NaN	0.0263	0.2762
119.5125	0.1428	0.0317	NaN	0.0263	0.2761
119.5128	0.1441	0.0317	NaN	0.0263	0.2759
119.5142	0.1453	0.0318	NaN	0.0263	0.2758
119.5149	0.1453	0.0317	NaN	0.0263	0.2758
119.5181	0.1470	0.0318	NaN	0.0263	0.2756
119.5165	0.1471	0.0318	NaN	0.0263	0.2756
119.5186	0.1477	0.0319	NaN	0.0263	0.2759
119.5197	0.1471	0.0318	NaN	0.0263	0.2761
119.5213	0.1472	0.0318	NaN	0.0263	0.2761
119.5224	0.1474	0.0319	NaN	0.0263	0.2762
119.5230	0.1473	0.0318	NaN	0.0263	0.2760
119.5243	0.1474	0.0318	NaN	0.0263	0.2759
119.5263	0.1488	0.0319	NaN	0.0263	0.2756
119.5254	0.1491	0.0319	NaN	0.0263	0.2754
119.5276	0.1495	0.0319	NaN	0.0263	0.2754
119.5282	0.1501	0.0320	NaN	0.0264	0.2752
119.5306	0.1508	0.0320	NaN	0.0263	0.2751
119.5334	0.1509	0.0320	NaN	0.0264	0.2751
119.5330	0.1509	0.0320	NaN	0.0264	0.2751
119.5338	0.1511	0.0320	NaN	0.0264	0.2746
119.5336	0.1511	0.0320	NaN	0.0264	0.2745
119.5356	0.1511	0.0320	NaN	0.0264	0.2745
119.5386	0.1506	0.0320	NaN	0.0264	0.2745
119.5374	0.1497	0.0320	NaN	0.0264	0.2742
119.5398	0.1492	0.0320	NaN	0.0264	0.2740
119.5415	0.1477	0.0319	NaN	0.0264	0.2741
119.5398	0.1482	0.0319	NaN	0.0264	0.2743
119.5422	0.1492	0.0319	NaN	0.0264	0.2745
119.5416	0.1496	0.0320	NaN	0.0264	0.2749
119.5427	0.1491	0.0319	NaN	0.0264	0.2749
119.5471	0.1473	0.0319	NaN	0.0264	0.2746
119.5457	0.1469	0.0319	NaN	0.0264	0.2743
119.5481	0.1456	0.0318	NaN	0.0264	0.2739
119.5512	0.1445	0.0318	NaN	0.0264	0.2738
119.5518	0.1427	0.0317	NaN	0.0264	0.2737
119.5535	0.1413	0.0317	NaN	0.0264	0.2736
119.5525	0.1407	0.0317	NaN	0.0264	0.2736
119.5547	0.1393	0.0316	NaN	0.0264	0.2735
119.5547	0.1383	0.0316	NaN	0.0264	0.2735
119.5563	0.1364	0.0315	NaN	0.0264	0.2735
119.5578	0.1357	0.0315	NaN	0.0264	0.2736
119.5601	0.1346	0.0315	NaN	0.0264	0.2736
119.5590	0.1338	0.0315	NaN	0.0264	0.2736
119.5617	0.1332	0.0314	NaN	0.0264	0.2738
119.5619	0.1333	0.0314	NaN	0.0264	0.2739
119.5646	0.1333	0.0314	NaN	0.0264	0.2740
119.5648	0.1330	0.0314	NaN	0.0264	0.2741
119.5634	0.1340	0.0315	NaN	0.0264	0.2741
119.5649	0.1328	0.0314	NaN	0.0264	0.2743
119.5637	0.1323	0.0314	NaN	0.0264	0.2745
119.5661	0.1320	0.0314	NaN	0.0264	0.2747
119.5686	0.1316	0.0314	NaN	0.0264	0.2750
119.5696	0.1326	0.0314	NaN	0.0264	0.2750
119.5714	0.1316	0.0314	NaN	0.0264	0.2750
119.5736	0.1294	0.0313	NaN	0.0264	0.2752
119.5729	0.1290	0.0313	NaN	0.0265	0.2752
119.5743	0.1284	0.0313	NaN	0.0264	0.2754
119.5745	0.1282	0.0313	NaN	0.0265	0.2753
119.5759	0.1281	0.0313	NaN	0.0264	0.2752
119.5769	0.1280	0.0313	NaN	0.0265	0.2753
119.5798	0.1277	0.0313	NaN	0.0265	0.2755
119.5803	0.1267	0.0312	NaN	0.0265	0.2758
119.5825	0.1258	0.0312	NaN	0.0265	0.2760
119.5827	0.1255	0.0313	NaN	0.0265	0.2759
119.5859	0.1255	0.0312	NaN	0.0265	0.2759
119.5839	0.1257	0.0312	NaN	0.0265	0.2760
119.5862	0.1255	0.0312	NaN	0.0265	0.2762
119.5878	0.1249	0.0312	NaN	0.0265	0.2764
119.5872	0.1245	0.0312	NaN	0.0265	0.2765
119.5895	0.1243	0.0312	NaN	0.0265	0.2762
119.5898	0.1250	0.0312	NaN	0.0265	0.2763
119.5911	0.1247	0.0312	NaN	0.0265	0.2765
119.5933	0.1239	0.0312	NaN	0.0265	0.2766
119.5927	0.1238	0.0312	NaN	0.0265	0.2764
119.5942	0.1231	0.0312	NaN	0.0265	0.2766
119.5971	0.1229	0.0312	NaN	0.0265	0.2766
119.5971	0.1228	0.0312	NaN	0.0265	0.2767
119.5993	0.1222	0.0312	NaN	0.0265	0.2767
119.6003	0.1222	0.0312	NaN	0.0265	0.2768
119.6012	0.1218	0.0312	NaN	0.0265	0.2768
119.6026	0.1212	0.0311	NaN	0.0265	0.2768
119.6039	0.1215	0.0311	NaN	0.0265	0.2768
119.6065	0.1217	0.0311	NaN	0.0265	0.2768
119.6066	0.1216	0.0312	NaN	0.0265	0.2768
119.6065	0.1214	0.0311	NaN	0.0265	0.2768
119.6089	0.1209	0.0311	NaN	0.0265	0.2768
119.6079	0.1202	0.0311	NaN	0.0265	0.2768
119.6091	0.1197	0.0311	NaN	0.0265	0.2769
119.6114	0.1197	0.0311	NaN	0.0266	0.2768
119.6126	0.1190	0.0311	NaN	0.0265	0.2768
119.6143	0.1181	0.0310	NaN	0.0266	0.2768
119.6156	0.1175	0.0310	NaN	0.0266	0.2769
119.6149	0.1170	0.0310	NaN	0.0266	0.2769
119.6181	0.1168	0.0310	NaN	0.0266	0.2768
119.6176	0.1168	0.0310	NaN	0.0266	0.2768
119.6208	0.1162	0.0310	NaN	0.0266	0.2768
119.6217	0.1161	0.0310	NaN	0.0266	0.2769
119.6213	0.1164	0.0310	NaN	0.0266	0.2769
119.6239	0.1170	0.0311	NaN	0.0266	0.2769
119.6237	0.1173	0.0311	NaN	0.0266	0.2769
119.6263	0.1175	0.0311	NaN	0.0267	0.2769
119.6291	0.1179	0.0311	NaN	0.0266	0.2769
119.6286	0.1181	0.0311	NaN	0.0267	0.2769
119.6304	0.1186	0.0312	NaN	0.0267	0.2770
119.6334	0.1190	0.0312	NaN	0.0267	0.2770
119.6320	0.1192	0.0312	NaN	0.0267	0.2770
119.6347	0.1194	0.0312	NaN	0.0267	0.2768
119.6331	0.1195	0.0312	NaN	0.0267	0.2766
119.6362	0.1192	0.0312	NaN	0.0267	0.2763
119.6374	0.1189	0.0312	NaN	0.0267	0.2763
119.6363	0.1187	0.0311	NaN	0.0267	0.2763
119.6383	0.1189	0.0312	NaN	0.0267	0.2763
119.6408	0.1192	0.0312	NaN	0.0267	0.2762
119.6410	0.1194	0.0312	NaN	0.0267	0.2762
119.6426	0.1196	0.0312	NaN	0.0267	0.2758
119.6416	0.1194	0.0312	NaN	0.0267	0.2758
119.6438	0.1195	0.0312	NaN	0.0267	0.2754
119.6462	0.1196	0.0312	NaN	0.0267	0.2755
119.6466	0.1195	0.0312	NaN	0.0267	0.2755
119.6479	0.1199	0.0312	NaN	0.0267	0.2756
119.6484	0.1200	0.0312	NaN	0.0267	0.2757
119.6495	0.1204	0.0313	NaN	0.0267	0.2757
119.6509	0.1207	0.0313	NaN	0.0267	0.2756
119.6515	0.1208	0.0313	NaN	0.0267	0.2754
119.6530	0.1209	0.0313	NaN	0.0267	0.2755
119.6552	0.1210	0.0313	NaN	0.0267	0.2756
119.6547	0.1212	0.0313	NaN	0.0267	0.2756
119.6567	0.1213	0.0313	NaN	0.0267	0.2756
119.6571	0.1213	0.0313	NaN	0.0267	0.2754
119.6594	0.1212	0.0313	NaN	0.0267	0.2754
119.6617	0.1213	0.0313	NaN	0.0267	0.2752
119.6610	0.1213	0.0313	NaN	0.0267	0.2753
119.6632	0.1213	0.0314	NaN	0.0267	0.2754
119.6642	0.1213	0.0313	NaN	0.0268	0.2757
119.6651	0.1214	0.0313	NaN	0.0268	0.2755
119.6673	0.1213	0.0314	NaN	0.0268	0.2752
119.6668	0.1212	0.0314	NaN	0.0268	0.2749
119.6693	0.1212	0.0314	NaN	0.0268	0.2748
119.6714	0.1212	0.0314	NaN	0.0268	0.2747
119.6699	0.1212	0.0314	NaN	0.0268	0.2746
119.6724	0.1211	0.0314	NaN	0.0268	0.2745
119.6733	0.1211	0.0314	NaN	0.0268	0.2744
119.6745	0.1211	0.0314	NaN	0.0268	0.2744
119.6761	0.1211	0.0314	NaN	0.0268	0.2744
119.6761	0.1211	0.0314	NaN	0.0268	0.2745
119.6775	0.1211	0.0314	NaN	0.0268	0.2745
119.6796	0.1211	0.0314	NaN	0.0268	0.2745
119.6807	0.1211	0.0314	NaN	0.0268	0.2745
119.6815	0.1211	0.0314	NaN	0.0268	0.2744
119.6834	0.1211	0.0314	NaN	0.0268	0.2743
119.6845	0.1211	0.0314	NaN	0.0268	0.2743
119.6852	0.1210	0.0314	NaN	0.0268	0.2744
119.6845	0.1209	0.0314	NaN	0.0268	0.2744
119.6866	0.1208	0.0314	NaN	0.0268	0.2744
119.6896	0.1207	0.0314	NaN	0.0268	0.2744
119.6895	0.1208	0.0314	NaN	0.0268	0.2744
119.6915	0.1209	0.0314	NaN	0.0268	0.2744
119.6918	0.1210	0.0314	NaN	0.0268	0.2746
119.6935	0.1210	0.0314	NaN	0.0268	0.2747
119.6946	0.1210	0.0314	NaN	0.0269	0.2752
119.6944	0.1210	0.0314	NaN	0.0268	0.2757
119.6969	0.1209	0.0314	NaN	0.0268	0.2761
119.6989	0.1208	0.0315	NaN	0.0269	0.2764
119.6986	0.1207	0.0314	NaN	0.0269	0.2764
119.6995	0.1206	0.0315	NaN	0.0269	0.2765
119.7003	0.1206	0.0314	NaN	0.0269	0.2764
119.7010	0.1207	0.0315	NaN	0.0269	0.2762
119.7035	0.1207	0.0315	NaN	0.0269	0.2762
119.7042	0.1206	0.0315	NaN	0.0269	0.2760
119.7051	0.1205	0.0315	NaN	0.0269	0.2759
119.7055	0.1205	0.0315	NaN	0.0269	0.2759
119.7069	0.1206	0.0315	NaN	0.0269	0.2758
119.7095	0.1207	0.0315	NaN	0.0269	0.2761
119.7071	0.1208	0.0315	NaN	0.0269	0.2761
119.7120	0.1209	0.0315	NaN	0.0269	0.2762
119.7123	0.1209	0.0315	NaN	0.0269	0.2763
119.7118	0.1208	0.0315	NaN	0.0269	0.2760
119.7138	0.1207	0.0315	NaN	0.0269	0.2760
119.7132	0.1206	0.0315	NaN	0.0269	0.2760
119.7138	0.1207	0.0315	NaN	0.0269	0.2759
119.7168	0.1206	0.0315	NaN	0.0269	0.2759
119.7178	0.1205	0.0315	NaN	0.0269	0.2758
119.7204	0.1204	0.0315	NaN	0.0269	0.2759
119.7218	0.1203	0.0315	NaN	0.0270	0.2764
119.7230	0.1202	0.0315	NaN	0.0270	0.2768
119.7239	0.1202	0.0315	NaN	0.0270	0.2771
119.7234	0.1202	0.0315	NaN	0.0270	0.2772
119.7253	0.1203	0.0315	NaN	0.0270	0.2768
119.7275	0.1202	0.0315	NaN	0.0270	0.2765
119.7262	0.1201	0.0315	NaN	0.0270	0.2763
119.7297	0.1201	0.0316	NaN	0.0270	0.2766
119.7303	0.1201	0.0316	NaN	0.0270	0.2768
119.7318	0.1200	0.0315	NaN	0.0270	0.2768
119.7323	0.1201	0.0316	NaN	0.0270	0.2767
119.7321	0.1200	0.0316	NaN	0.0270	0.2767
119.7333	0.1200	0.0316	NaN	0.0270	0.2766
119.7358	0.1200	0.0316	NaN	0.0270	0.2768
119.7360	0.1200	0.0316	NaN	0.0270	0.2768
119.7387	0.1200	0.0316	NaN	0.0271	0.2770
119.7390	0.1199	0.0316	NaN	0.0271	0.2770
119.7406	0.1199	0.0316	NaN	0.0271	0.2772
119.7426	0.1199	0.0316	NaN	0.0270	0.2773
119.7415	0.1199	0.0316	NaN	0.0271	0.2773
119.7427	0.1200	0.0316	NaN	0.0271	0.2775
119.7452	0.1200	0.0316	NaN	0.0271	0.2775
119.7450	0.1198	0.0316	NaN	0.0271	0.2775
119.7482	0.1198	0.0316	NaN	0.0271	0.2777
119.7484	0.1199	0.0316	NaN	0.0271	0.2777
119.7499	0.1199	0.0316	NaN	0.0271	0.2777
119.7522	0.1199	0.0316	NaN	0.0271	0.2778
119.7531	0.1199	0.0316	NaN	0.0271	0.2779
119.7542	0.1200	0.0316	NaN	0.0271	0.2779
119.7547	0.1199	0.0317	NaN	0.0271	0.2779
119.7560	0.1198	0.0317	NaN	0.0271	0.2778
119.7571	0.1196	0.0317	NaN	0.0271	0.2777
119.7569	0.1197	0.0317	NaN	0.0271	0.2776
119.7594	0.1197	0.0317	NaN	0.0271	0.2777
119.7618	0.1197	0.0317	NaN	0.0271	0.2776
119.7618	0.1197	0.0317	NaN	0.0271	0.2775
119.7627	0.1196	0.0317	NaN	0.0271	0.2774
119.7625	0.1197	0.0317	NaN	0.0271	0.2774
119.7660	0.1197	0.0317	NaN	0.0272	0.2773
119.7658	0.1196	0.0317	NaN	0.0272	0.2773
119.7645	0.1194	0.0317	NaN	0.0272	0.2773
119.7674	0.1195	0.0317	NaN	0.0272	0.2771
119.7703	0.1196	0.0317	NaN	0.0272	0.2770
119.7725	0.1196	0.0317	NaN	0.0272	0.2768
119.7731	0.1196	0.0317	NaN	0.0272	0.2766
119.7740	0.1196	0.0317	NaN	0.0272	0.2761
119.7758	0.1196	0.0317	NaN	0.0272	0.2764
119.7766	0.1195	0.0317	NaN	0.0272	0.2763
119.7769	0.1196	0.0317	NaN	0.0272	0.2761
119.7786	0.1196	0.0318	NaN	0.0272	0.2763
119.7799	0.1196	0.0317	NaN	0.0272	0.2763
119.7803	0.1196	0.0318	NaN	0.0272	0.2763
119.7822	0.1195	0.0318	NaN	0.0272	0.2762
119.7817	0.1193	0.0317	NaN	0.0272	0.2762
119.7838	0.1195	0.0318	NaN	0.0272	0.2763
119.7857	0.1196	0.0318	NaN	0.0272	0.2761
119.7863	0.1197	0.0318	NaN	0.0272	0.2760
119.7877	0.1197	0.0318	NaN	0.0272	0.2761
119.7869	0.1196	0.0318	NaN	0.0272	0.2761
119.7884	0.1196	0.0318	NaN	0.0272	0.2761
119.7911	0.1196	0.0318	NaN	0.0273	0.2761
119.7915	0.1195	0.0318	NaN	0.0273	0.2760
119.7938	0.1196	0.0318	NaN	0.0273	0.2763
119.7954	0.1196	0.0318	NaN	0.0273	0.2761
119.7954	0.1195	0.0318	NaN	0.0273	0.2762
119.7974	0.1195	0.0318	NaN	0.0273	0.2763
119.7988	0.1194	0.0318	NaN	0.0273	0.2762
119.7992	0.1195	0.0318	NaN	0.0273	0.2761
119.8010	0.1195	0.0318	NaN	0.0273	0.2762
119.8010	0.1194	0.0318	NaN	0.0273	0.2764
119.8035	0.1193	0.0318	NaN	0.0273	0.2765
119.8053	0.1193	0.0318	NaN	0.0273	0.2763
119.8045	0.1192	0.0318	NaN	0.0273	0.2765
119.8057	0.1193	0.0318	NaN	0.0273	0.2763
119.8059	0.1193	0.0319	NaN	0.0273	0.2761
119.8088	0.1192	0.0318	NaN	0.0273	0.2760
119.8103	0.1191	0.0319	NaN	0.0274	0.2760
119.8097	0.1192	0.0319	NaN	0.0274	0.2759
119.8112	0.1193	0.0319	NaN	0.0274	0.2760
119.8117	0.1194	0.0319	NaN	0.0274	0.2763
119.8135	0.1194	0.0319	NaN	0.0274	0.2762
119.8162	0.1194	0.0319	NaN	0.0274	0.2764
119.8159	0.1194	0.0319	NaN	0.0274	0.2769
119.8179	0.1194	0.0319	NaN	0.0274	0.2770
119.8193	0.1194	0.0319	NaN	0.0274	0.2768
119.8193	0.1194	0.0319	NaN	0.0274	0.2767
119.8224	0.1194	0.0319	NaN	0.0274	0.2763
119.8211	0.1194	0.0319	NaN	0.0274	0.2762
119.8237	0.1193	0.0319	NaN	0.0274	0.2760
119.8247	0.1192	0.0319	NaN	0.0274	0.2763
119.8249	0.1192	0.0319	NaN	0.0274	0.2763
119.8262	0.1193	0.0319	NaN	0.0274	0.2764
119.8275	0.1193	0.0320	NaN	0.0274	0.2763
119.8289	0.1192	0.0320	NaN	0.0274	0.2763
119.8303	0.1192	0.0320	NaN	0.0274	0.2762
119.8301	0.1191	0.0320	NaN	0.0275	0.2761
119.8331	0.1191	0.0320	NaN	0.0275	0.2761
119.8351	0.1191	0.0320	NaN	0.0275	0.2761
119.8339	0.1191	0.0320	NaN	0.0275	0.2761
119.8365	0.1190	0.0320	NaN	0.0275	0.2761
119.8360	0.1191	0.0320	NaN	0.0275	0.2760
119.8389	0.1190	0.0320	NaN	0.0275	0.2760
119.8409	0.1191	0.0320	NaN	0.0275	0.2759
119.8405	0.1191	0.0320	NaN	0.0275	0.2760
119.8416	0.1191	0.0320	NaN	0.0275	0.2759
119.8452	0.1191	0.0320	NaN	0.0275	0.2760
119.8451	0.1190	0.0320	NaN	0.0275	0.2760
119.8462	0.1190	0.0320	NaN	0.0275	0.2760
119.8463	0.1190	0.0320	NaN	0.0275	0.2760
119.8497	0.1191	0.0320	NaN	0.0275	0.2762
119.8514	0.1190	0.0320	NaN	0.0275	0.2762
119.8504	0.1191	0.0321	NaN	0.0275	0.2762
119.8522	0.1190	0.0321	NaN	0.0275	0.2763
119.8538	0.1190	0.0321	NaN	0.0276	0.2764
119.8543	0.1190	0.0321	NaN	0.0276	0.2764
119.8568	0.1191	0.0321	NaN	0.0275	0.2764
119.8554	0.1190	0.0321	NaN	0.0275	0.2766
119.8580	0.1190	0.0321	NaN	0.0276	0.2768
119.8584	0.1191	0.0321	NaN	0.0276	0.2768
119.8577	0.1191	0.0321	NaN	0.0276	0.2767
119.8593	0.1191	0.0321	NaN	0.0276	0.2768
119.8623	0.1191	0.0321	NaN	0.0276	0.2768
119.8618	0.1190	0.0321	NaN	0.0276	0.2768
119.8640	0.1190	0.0321	NaN	0.0276	0.2768
119.8633	0.1190	0.0321	NaN	0.0276	0.2768
119.8652	0.1190	0.0321	NaN	0.0276	0.2769
119.8671	0.1190	0.0321	NaN	0.0276	0.2771
119.8671	0.1190	0.0321	NaN	0.0276	0.2773
119.8691	0.1191	0.0321	NaN	0.0276	0.2773
119.8708	0.1191	0.0322	NaN	0.0276	0.2773
119.8716	0.1190	0.0322	NaN	0.0276	0.2773
119.8741	0.1190	0.0322	NaN	0.0276	0.2774
119.8743	0.1189	0.0322	NaN	0.0276	0.2775
119.8756	0.1189	0.0322	NaN	0.0276	0.2775
119.8773	0.1189	0.0322	NaN	0.0277	0.2776
119.8783	0.1189	0.0322	NaN	0.0277	0.2776
119.8789	0.1189	0.0322	NaN	0.0277	0.2778
119.8799	0.1190	0.0322	NaN	0.0277	0.2778
119.8808	0.1190	0.0322	NaN	0.0277	0.2777
119.8824	0.1190	0.0322	NaN	0.0277	0.2777
119.8836	0.1190	0.0322	NaN	0.0277	0.2778
119.8841	0.1190	0.0322	NaN	0.0277	0.2780
119.8862	0.1190	0.0322	NaN	0.0277	0.2781
119.8869	0.1190	0.0322	NaN	0.0277	0.2782
119.8884	0.1190	0.0322	NaN	0.0277	0.2781
119.8887	0.1191	0.0322	NaN	0.0277	0.2782
119.8904	0.1191	0.0322	NaN	0.0277	0.2785
119.8922	0.1191	0.0322	NaN	0.0277	0.2784
119.8914	0.1190	0.0322	NaN	0.0277	0.2784
119.8930	0.1189	0.0322	NaN	0.0277	0.2784
119.8925	0.1188	0.0323	NaN	0.0277	0.2784
119.8964	0.1188	0.0323	NaN	0.0278	0.2784
119.8976	0.1188	0.0323	NaN	0.0278	0.2784
119.8978	0.1188	0.0323	NaN	0.0278	0.2787
119.9011	0.1188	0.0323	NaN	0.0278	0.2786
119.9022	0.1189	0.0323	NaN	0.0278	0.2787
119.9035	0.1189	0.0323	NaN	0.0278	0.2788
119.9051	0.1188	0.0323	NaN	0.0278	0.2788
119.9036	0.1188	0.0323	NaN	0.0278	0.2787
119.9050	0.1188	0.0323	NaN	0.0278	0.2789
119.9077	0.1187	0.0323	NaN	0.0278	0.2790
119.9073	0.1187	0.0323	NaN	0.0278	0.2788
119.9081	0.1188	0.0323	NaN	0.0278	0.2789
119.9125	0.1189	0.0323	NaN	0.0278	0.2790
119.9114	0.1190	0.0323	NaN	0.0278	0.2790
119.9151	0.1190	0.0324	NaN	0.0278	0.2790
119.9131	0.1189	0.0324	NaN	0.0279	0.2790
119.9156	0.1189	0.0324	NaN	0.0279	0.2791
119.9168	0.1189	0.0324	NaN	0.0279	0.2790
119.9176	0.1189	0.0324	NaN	0.0278	0.2790
119.9200	0.1189	0.0324	NaN	0.0279	0.2792
119.9212	0.1189	0.0324	NaN	0.0279	0.2792
119.9221	0.1189	0.0324	NaN	0.0279	0.2793
119.9241	0.1189	0.0324	NaN	0.0279	0.2792
119.9246	0.1189	0.0324	NaN	0.0279	0.2792
119.9257	0.1190	0.0324	NaN	0.0279	0.2792
119.9260	0.1188	0.0324	NaN	0.0279	0.2791
119.9256	0.1187	0.0324	NaN	0.0279	0.2791
119.9292	0.1186	0.0324	NaN	0.0279	0.2791
119.9291	0.1186	0.0324	NaN	0.0279	0.2791
119.9317	0.1187	0.0324	NaN	0.0279	0.2792
119.9337	0.1187	0.0324	NaN	0.0279	0.2793
119.9325	0.1187	0.0324	NaN	0.0279	0.2793
119.9342	0.1188	0.0324	NaN	0.0279	0.2792
119.9360	0.1189	0.0324	NaN	0.0279	0.2791
119.9363	0.1189	0.0324	NaN	0.0279	0.2792
119.9390	0.1189	0.0324	NaN	0.0279	0.2792
119.9389	0.1189	0.0324	NaN	0.0279	0.2791
119.9401	0.1189	0.0325	NaN	0.0279	0.2791
119.9414	0.1189	0.0325	NaN	0.0280	0.2790
119.9422	0.1188	0.0325	NaN	0.0280	0.2790
119.9440	0.1187	0.0325	NaN	0.0280	0.2791
119.9451	0.1187	0.0325	NaN	0.0280	0.2790
119.9444	0.1187	0.0325	NaN	0.0280	0.2791
119.9484	0.1187	0.0325	NaN	0.0280	0.2790
119.9479	0.1187	0.0325	NaN	0.0280	0.2790
119.9513	0.1187	0.0325	NaN	0.0280	0.2789
119.9518	0.1187	0.0325	NaN	0.0280	0.2790
119.9525	0.1188	0.0325	NaN	0.0281	0.2790
119.9539	0.1190	0.0326	NaN	0.0281	0.2787
119.9546	0.1191	0.0326	NaN	0.0281	0.2786
119.9555	0.1190	0.0326	NaN	0.0280	0.2787
119.9575	0.1190	0.0325	NaN	0.0281	0.2787
119.9567	0.1188	0.0326	NaN	0.0281	0.2788
119.9599	0.1188	0.0325	NaN	0.0281	0.2788
119.9621	0.1188	0.0326	NaN	0.0281	0.2788
119.9613	0.1188	0.0325	NaN	0.0281	0.2789
119.9648	0.1187	0.0326	NaN	0.0281	0.2789
119.9647	0.1188	0.0326	NaN	0.0281	0.2790
119.9666	0.1188	0.0326	NaN	0.0281	0.2787
119.9684	0.1188	0.0326	NaN	0.0281	0.2787
119.9704	0.1188	0.0326	NaN	0.0281	0.2787
119.9700	0.1189	0.0326	NaN	0.0281	0.2784
119.9717	0.1190	0.0326	NaN	0.0281	0.2785
119.9726	0.1190	0.0326	NaN	0.0281	0.2785
119.9744	0.1190	0.0326	NaN	0.0281	0.2786
119.9741	0.1190	0.0326	NaN	0.0281	0.2785
119.9769	0.1189	0.0326	NaN	0.0281	0.2783
119.9778	0.1190	0.0326	NaN	0.0281	0.2782
119.9795	0.1189	0.0327	NaN	0.0281	0.2781
119.9815	0.1189	0.0327	NaN	0.0282	0.2781
119.9821	0.1189	0.0327	NaN	0.0282	0.2781
119.9835	0.1189	0.0327	NaN	0.0282	0.2782
119.9853	0.1190	0.0327	NaN	0.0282	0.2779
119.9863	0.1190	0.0327	NaN	0.0282	0.2780
119.9875	0.1189	0.0327	NaN	0.0282	0.2776
119.9871	0.1188	0.0327	NaN	0.0282	0.2777
119.9879	0.1188	0.0327	NaN	0.0282	0.2777
119.9915	0.1189	0.0327	NaN	0.0282	0.2775
119.9907	0.1189	0.0327	NaN	0.0283	0.2775
119.9922	0.1189	0.0327	NaN	0.0282	0.2776
119.9932	0.1189	0.0327	NaN	0.0282	0.2778
119.9927	0.1191	0.0327	NaN	0.0283	0.2778
119.9955	0.1191	0.0327	NaN	0.0282	0.2778
119.9982	0.1191	0.0327	NaN	0.0282	0.2780
119.9967	0.1191	0.0327	NaN	0.0283	0.2778
119.9988	0.1191	0.0327	NaN	0.0283	0.2776
120.0008	0.1191	0.0328	NaN	0.0283	0.2777
120.0019	0.1192	0.0328	NaN	0.0283	0.2778
120.0023	0.1192	0.0328	NaN	0.0283	0.2776
120.0040	0.1191	0.0328	NaN	0.0283	0.2776
120.0047	0.1192	0.0328	NaN	0.0283	0.2778
120.0079	0.1193	0.0328	NaN	0.0283	0.2776
120.0058	0.1195	0.0328	NaN	0.0283	0.2777
120.0084	0.1194	0.0328	NaN	0.0283	0.2775
120.0076	0.1192	0.0328	NaN	0.0283	0.2775
120.0109	0.1191	0.0328	NaN	0.0283	0.2773
120.0104	0.1192	0.0328	NaN	0.0284	0.2772
120.0132	0.1192	0.0328	NaN	0.0284	0.2771
120.0154	0.1193	0.0329	NaN	0.0284	0.2773
120.0166	0.1192	0.0329	NaN	0.0284	0.2773
120.0171	0.1192	0.0329	NaN	0.0284	0.2775
120.0183	0.1191	0.0328	NaN	0.0284	0.2772
120.0188	0.1191	0.0329	NaN	0.0284	0.2774
120.0209	0.1192	0.0329	NaN	0.0284	0.2778
120.0234	0.1192	0.0329	NaN	0.0284	0.2777
120.0218	0.1192	0.0329	NaN	0.0284	0.2777
120.0237	0.1192	0.0329	NaN	0.0284	0.2778
120.0242	0.1192	0.0329	NaN	0.0284	0.2779
120.0260	0.1191	0.0329	NaN	0.0284	0.2778
120.0271	0.1192	0.0329	NaN	0.0284	0.2778
120.0269	0.1193	0.0329	NaN	0.0284	0.2778
120.0303	0.1193	0.0329	NaN	0.0284	0.2777
120.0317	0.1192	0.0329	NaN	0.0284	0.2776
120.0314	0.1192	0.0329	NaN	0.0284	0.2777
120.0330	0.1192	0.0329	NaN	0.0284	0.2776
120.0326	0.1192	0.0330	NaN	0.0285	0.2775
120.0356	0.1191	0.0330	NaN	0.0285	0.2773
120.0377	0.1191	0.0330	NaN	0.0285	0.2773
120.0377	0.1191	0.0330	NaN	0.0285	0.2773
120.0387	0.1190	0.0330	NaN	0.0285	0.2772
120.0388	0.1189	0.0330	NaN	0.0285	0.2772
120.0403	0.1188	0.0330	NaN	0.0285	0.2772
120.0413	0.1189	0.0329	NaN	0.0285	0.2772
120.0426	0.1189	0.0330	NaN	0.0285	0.2772
120.0447	0.1189	0.0330	NaN	0.0285	0.2772
120.0471	0.1190	0.0330	NaN	0.0285	0.2776
120.0453	0.1190	0.0330	NaN	0.0285	0.2773
120.0478	0.1191	0.0330	NaN	0.0285	0.2772
120.0479	0.1191	0.0330	NaN	0.0285	0.2772
120.0518	0.1191	0.0330	NaN	0.0285	0.2773
120.0502	0.1191	0.0330	NaN	0.0285	0.2772
120.0502	0.1191	0.0330	NaN	0.0286	0.2772
120.0525	0.1191	0.0331	NaN	0.0286	0.2772
120.0558	0.1191	0.0331	NaN	0.0286	0.2772
120.0564	0.1192	0.0331	NaN	0.0286	0.2772
120.0584	0.1192	0.0331	NaN	0.0286	0.2772
120.0572	0.1192	0.0330	NaN	0.0286	0.2772
120.0591	0.1192	0.0331	NaN	0.0286	0.2773
120.0609	0.1192	0.0330	NaN	0.0286	0.2773
120.0602	0.1192	0.0331	NaN	0.0286	0.2774
120.0639	0.1192	0.0331	NaN	0.0286	0.2775
120.0638	0.1192	0.0331	NaN	0.0286	0.2775
120.0662	0.1192	0.0331	NaN	0.0286	0.2774
120.0693	0.1192	0.0331	NaN	0.0286	0.2774
120.0681	0.1192	0.0331	NaN	0.0286	0.2774
120.0706	0.1192	0.0331	NaN	0.0286	0.2776
120.0720	0.1192	0.0331	NaN	0.0286	0.2776
120.0700	0.1192	0.0331	NaN	0.0286	0.2777
120.0732	0.1192	0.0331	NaN	0.0286	0.2777
120.0727	0.1192	0.0331	NaN	0.0286	0.2776
120.0755	0.1192	0.0331	NaN	0.0286	0.2778
120.0762	0.1191	0.0331	NaN	0.0286	0.2776
120.0765	0.1192	0.0331	NaN	0.0286	0.2776
120.0794	0.1192	0.0331	NaN	0.0286	0.2777
120.0809	0.1191	0.0331	NaN	0.0286	0.2777
120.0805	0.1191	0.0331	NaN	0.0286	0.2780
120.0820	0.1191	0.0331	NaN	0.0287	0.2775
120.0826	0.1191	0.0331	NaN	0.0287	0.2774
120.0824	0.1191	0.0331	NaN	0.0287	0.2774
120.0844	0.1191	0.0332	NaN	0.0287	0.2775
120.0850	0.1191	0.0332	NaN	0.0287	0.2774
120.0876	0.1191	0.0332	NaN	0.0287	0.2774
120.0890	0.1191	0.0332	NaN	0.0287	0.2775
120.0901	0.1191	0.0332	NaN	0.0287	0.2775
120.0918	0.1191	0.0332	NaN	0.0287	0.2775
120.0924	0.1191	0.0332	NaN	0.0287	0.2775
120.0940	0.1192	0.0332	NaN	0.0287	0.2775
120.0953	0.1191	0.0332	NaN	0.0287	0.2774
120.0944	0.1190	0.0332	NaN	0.0287	0.2774
120.0971	0.1190	0.0332	NaN	0.0287	0.2774
120.0967	0.1189	0.0332	NaN	0.0287	0.2774
120.0992	0.1190	0.0332	NaN	0.0288	0.2775
120.1007	0.1191	0.0332	NaN	0.0287	0.2775
120.0997	0.1191	0.0332	NaN	0.0288	0.2774
120.1031	0.1191	0.0332	NaN	0.0287	0.2775
120.1059	0.1192	0.0332	NaN	0.0288	0.2775
120.1048	0.1193	0.0333	NaN	0.0288	0.2775
120.1056	0.1192	0.0333	NaN	0.0288	0.2776
120.1054	0.1192	0.0333	NaN	0.0288	0.2775
120.1081	0.1193	0.0333	NaN	0.0288	0.2776
120.1099	0.1192	0.0333	NaN	0.0288	0.2777
120.1093	0.1193	0.0333	NaN	0.0288	0.2777
120.1104	0.1193	0.0333	NaN	0.0288	0.2777
120.1140	0.1192	0.0333	NaN	0.0288	0.2775
120.1135	0.1192	0.0333	NaN	0.0288	0.2776
120.1152	0.1192	0.0333	NaN	0.0288	0.2776
120.1154	0.1191	0.0333	NaN	0.0288	0.2777
120.1170	0.1191	0.0333	NaN	0.0288	0.2778
120.1190	0.1191	0.0333	NaN	0.0288	0.2779
120.1190	0.1191	0.0333	NaN	0.0288	0.2778
120.1202	0.1191	0.0333	NaN	0.0288	0.2779
120.1199	0.1191	0.0333	NaN	0.0288	0.2779
120.1217	0.1190	0.0333	NaN	0.0288	0.2779
120.1240	0.1191	0.0333	NaN	0.0288	0.2780
120.1235	0.1191	0.0333	NaN	0.0288	0.2785
120.1254	0.1191	0.0333	NaN	0.0288	0.2783
120.1259	0.1191	0.0333	NaN	0.0289	0.2784
120.1247	0.1191	0.0334	NaN	0.0289	0.2785
120.1268	0.1191	0.0334	NaN	0.0289	0.2787
120.1268	0.1191	0.0334	NaN	0.0289	0.2788
120.1304	0.1191	0.0334	NaN	0.0289	0.2789
120.1336	0.1191	0.0334	NaN	0.0289	0.2792
120.1335	0.1192	0.0334	NaN	0.0289	0.2793
120.1338	0.1192	0.0334	NaN	0.0289	0.2795
120.1365	0.1192	0.0334	NaN	0.0289	0.2798
120.1372	0.1193	0.0334	NaN	0.0289	0.2801
120.1399	0.1193	0.0334	NaN	0.0289	0.2801
120.1406	0.1193	0.0334	NaN	0.0289	0.2801
120.1420	0.1193	0.0334	NaN	0.0289	0.2801
120.1430	0.1193	0.0334	NaN	0.0289	0.2803
120.1450	0.1193	0.0335	NaN	0.0289	0.2804
120.1467	0.1193	0.0335	NaN	0.0290	0.2805
120.1461	0.1194	0.0335	NaN	0.0290	0.2803
120.1470	0.1194	0.0335	NaN	0.0290	0.2802
120.1497	0.1193	0.0335	NaN	0.0290	0.2801
120.1515	0.1193	0.0335	NaN	0.0290	0.2800
120.1524	0.1193	0.0335	NaN	0.0290	0.2799
120.1543	0.1193	0.0335	NaN	0.0290	0.2800
120.1536	0.1192	0.0335	NaN	0.0290	0.2799
120.1565	0.1192	0.0335	NaN	0.0290	0.2800
120.1564	0.1192	0.0335	NaN	0.0290	0.2800
120.1573	0.1192	0.0335	NaN	0.0290	0.2800
120.1592	0.1192	0.0335	NaN	0.0290	0.2801
120.1585	0.1192	0.0335	NaN	0.0290	0.2803
120.1605	0.1192	0.0335	NaN	0.0290	0.2804
120.1627	0.1192	0.0335	NaN	0.0290	0.2804
120.1605	0.1192	0.0335	NaN	0.0290	0.2804
120.1616	0.1192	0.0335	NaN	0.0290	0.2805
120.1629	0.1193	0.0335	NaN	0.0290	0.2805
120.1650	0.1192	0.0335	NaN	0.0290	0.2805
120.1671	0.1193	0.0335	NaN	0.0290	0.2805
120.1672	0.1192	0.0335	NaN	0.0291	0.2805
120.1690	0.1192	0.0335	NaN	0.0291	0.2805
120.1702	0.1191	0.0336	NaN	0.0291	0.2806
120.1704	0.1192	0.0336	NaN	0.0291	0.2807
120.1724	0.1192	0.0336	NaN	0.0291	0.2807
120.1736	0.1193	0.0336	NaN	0.0291	0.2804
120.1750	0.1192	0.0336	NaN	0.0291	0.2806
120.1772	0.1192	0.0336	NaN	0.0291	0.2807
120.1785	0.1192	0.0336	NaN	0.0291	0.2807
120.1809	0.1191	0.0336	NaN	0.0291	0.2806
120.1801	0.1191	0.0336	NaN	0.0291	0.2807
120.1819	0.1191	0.0336	NaN	0.0291	0.2808
120.1835	0.1191	0.0336	NaN	0.0291	0.2807
120.1827	0.1191	0.0336	NaN	0.0291	0.2807
120.1851	0.1192	0.0336	NaN	0.0291	0.2807
120.1863	0.1192	0.0336	NaN	0.0291	0.2807
120.1858	0.1192	0.0336	NaN	0.0291	0.2807
120.1886	0.1192	0.0336	NaN	0.0291	0.2807
120.1878	0.1191	0.0336	NaN	0.0291	0.2807
120.1896	0.1192	0.0336	NaN	0.0291	0.2807
120.1928	0.1192	0.0337	NaN	0.0291	0.2808
120.1920	0.1191	0.0337	NaN	0.0292	0.2808
120.1927	0.1189	0.0337	NaN	0.0292	0.2807
120.1947	0.1190	0.0337	NaN	0.0292	0.2808
120.1953	0.1191	0.0337	NaN	0.0292	0.2807
120.1988	0.1191	0.0337	NaN	0.0292	0.2808
120.1989	0.1191	0.0337	NaN	0.0292	0.2808
120.2004	0.1190	0.0337	NaN	0.0292	0.2808
120.2021	0.1190	0.0337	NaN	0.0292	0.2808
120.2020	0.1191	0.0337	NaN	0.0292	0.2807
120.2031	0.1190	0.0337	NaN	0.0292	0.2807
120.2032	0.1189	0.0337	NaN	0.0292	0.2807
120.2063	0.1190	0.0337	NaN	0.0292	0.2807
120.2082	0.1191	0.0337	NaN	0.0292	0.2808
120.2080	0.1191	0.0337	NaN	0.0292	0.2807
120.2100	0.1192	0.0337	NaN	0.0292	0.2808
120.2113	0.1191	0.0337	NaN	0.0292	0.2808
120.2131	0.1190	0.0337	NaN	0.0292	0.2807
120.2145	0.1190	0.0338	NaN	0.0292	0.2807
120.2160	0.1191	0.0338	NaN	0.0292	0.2809
120.2155	0.1190	0.0338	NaN	0.0293	0.2809
120.2190	0.1190	0.0338	NaN	0.0293	0.2810
120.2175	0.1192	0.0338	NaN	0.0293	0.2810
120.2196	0.1192	0.0338	NaN	0.0293	0.2810
120.2214	0.1192	0.0338	NaN	0.0293	0.2810
120.2210	0.1191	0.0338	NaN	0.0293	0.2810
120.2226	0.1192	0.0338	NaN	0.0293	0.2806
120.2213	0.1191	0.0338	NaN	0.0293	0.2808
120.2253	0.1192	0.0338	NaN	0.0293	0.2810
120.2272	0.1192	0.0338	NaN	0.0293	0.2810
120.2266	0.1191	0.0338	NaN	0.0293	0.2809
120.2294	0.1192	0.0338	NaN	0.0293	0.2810
120.2303	0.1194	0.0338	NaN	0.0293	0.2810
120.2320	0.1194	0.0338	NaN	0.0293	0.2810
120.2328	0.1194	0.0338	NaN	0.0293	0.2809
120.2323	0.1194	0.0338	NaN	0.0293	0.2809
120.2330	0.1195	0.0338	NaN	0.0293	0.2810
120.2361	0.1194	0.0338	NaN	0.0293	0.2808
120.2355	0.1193	0.0338	NaN	0.0293	0.2809
120.2385	0.1192	0.0338	NaN	0.0293	0.2808
120.2364	0.1192	0.0339	NaN	0.0293	0.2807
120.2393	0.1192	0.0339	NaN	0.0293	0.2807
120.2407	0.1192	0.0338	NaN	0.0294	0.2808
120.2408	0.1193	0.0339	NaN	0.0293	0.2808
120.2429	0.1193	0.0339	NaN	0.0293	0.2807
120.2458	0.1192	0.0339	NaN	0.0294	0.2806
120.2462	0.1192	0.0339	NaN	0.0294	0.2805
120.2490	0.1192	0.0339	NaN	0.0294	0.2806
120.2465	0.1193	0.0339	NaN	0.0294	0.2805
120.2494	0.1193	0.0339	NaN	0.0294	0.2806
120.2508	0.1193	0.0339	NaN	0.0294	0.2805
120.2510	0.1193	0.0339	NaN	0.0294	0.2805
120.2527	0.1193	0.0339	NaN	0.0294	0.2803
120.2551	0.1193	0.0339	NaN	0.0294	0.2804
120.2561	0.1194	0.0339	NaN	0.0294	0.2805
120.2576	0.1194	0.0340	NaN	0.0294	0.2805
120.2575	0.1194	0.0340	NaN	0.0295	0.2804
120.2585	0.1194	0.0340	NaN	0.0294	0.2804
120.2612	0.1193	0.0340	NaN	0.0294	0.2805
120.2607	0.1193	0.0339	NaN	0.0294	0.2803
120.2627	0.1193	0.0339	NaN	0.0294	0.2806
120.2609	0.1193	0.0339	NaN	0.0294	0.2806
120.2629	0.1193	0.0339	NaN	0.0294	0.2807
120.2646	0.1193	0.0339	NaN	0.0294	0.2806
120.2639	0.1193	0.0340	NaN	0.0294	0.2806
120.2670	0.1193	0.0340	NaN	0.0294	0.2807
