# 20092021_14_41_48_group6_40_full.dat
# Measuring of the Zeemann splitting 
# modus: scanning laser current/frequency via I/P MOD
# 
x(A/Hz/V/nm) yai0(V) yai1(V) yai2(V) yai3(V) yai4(V)
134.0480	0.1604	0.0446	NaN	0.0386	0.3363
134.0667	0.1590	0.0453	NaN	0.0393	0.3417
134.0843	0.1536	0.0455	NaN	0.0397	0.3465
134.1028	0.1539	0.0456	NaN	0.0398	0.3472
134.1200	0.1549	0.0457	NaN	0.0398	0.3467
134.1365	0.1549	0.0457	NaN	0.0399	0.3481
134.1540	0.1557	0.0458	NaN	0.0400	0.3473
134.1701	0.1558	0.0458	NaN	0.0400	0.3478
134.1880	0.1564	0.0457	NaN	0.0399	0.3482
134.2056	0.1571	0.0455	NaN	0.0396	0.3476
134.2225	0.1574	0.0451	NaN	0.0392	0.3475
134.2408	0.1579	0.0444	NaN	0.0385	0.3479
134.2572	0.1588	0.0434	NaN	0.0375	0.3487
134.2738	0.1597	0.0422	NaN	0.0363	0.3479
134.2927	0.1598	0.0409	NaN	0.0350	0.3469
134.3107	0.1652	0.0398	NaN	0.0337	0.3477
134.3285	0.1628	0.0385	NaN	0.0325	0.3476
134.3464	0.1772	0.0378	NaN	0.0313	0.3466
134.3649	0.1933	0.0374	NaN	0.0303	0.3488
134.3824	0.1621	0.0354	NaN	0.0293	0.3487
134.3998	0.1721	0.0349	NaN	0.0286	0.3469
134.4163	0.2004	0.0353	NaN	0.0279	0.3463
134.4339	0.1779	0.0339	NaN	0.0273	0.3474
134.4515	0.1830	0.0336	NaN	0.0268	0.3486
134.4715	0.2464	0.0355	NaN	0.0265	0.3486
134.4849	0.3170	0.0377	NaN	0.0261	0.3478
134.5033	0.2345	0.0345	NaN	0.0259	0.3470
134.5199	0.1889	0.0326	NaN	0.0256	0.3464
134.5372	0.1749	0.0320	NaN	0.0255	0.3463
134.5545	0.1701	0.0317	NaN	0.0253	0.3459
134.5727	0.1692	0.0315	NaN	0.0253	0.3458
134.5921	0.1693	0.0315	NaN	0.0252	0.3458
134.6084	0.1705	0.0315	NaN	0.0252	0.3458
134.6256	0.1715	0.0315	NaN	0.0251	0.3459
134.6429	0.1720	0.0315	NaN	0.0251	0.3459
134.6618	0.1714	0.0315	NaN	0.0251	0.3460
134.6792	0.1712	0.0315	NaN	0.0252	0.3461
134.6962	0.1711	0.0315	NaN	0.0252	0.3462
134.7155	0.1707	0.0315	NaN	0.0252	0.3463
134.7301	0.1703	0.0315	NaN	0.0252	0.3463
134.7477	0.1700	0.0316	NaN	0.0253	0.3464
134.7665	0.1700	0.0316	NaN	0.0254	0.3466
134.7834	0.1704	0.0317	NaN	0.0254	0.3467
134.7995	0.1714	0.0318	NaN	0.0255	0.3469
134.8156	0.1733	0.0320	NaN	0.0255	0.3471
134.8339	0.1774	0.0322	NaN	0.0256	0.3473
134.8525	0.1826	0.0325	NaN	0.0257	0.3475
134.8675	0.1886	0.0327	NaN	0.0258	0.3478
134.8870	0.1998	0.0332	NaN	0.0259	0.3481
134.9041	0.2129	0.0338	NaN	0.0259	0.3485
134.9211	0.2359	0.0347	NaN	0.0260	0.3489
134.9395	0.2800	0.0364	NaN	0.0262	0.3493
134.9558	0.3250	0.0381	NaN	0.0263	0.3495
134.9736	0.3488	0.0391	NaN	0.0264	0.3498
134.9927	0.3276	0.0384	NaN	0.0265	0.3501
135.0115	0.2806	0.0368	NaN	0.0266	0.3505
135.0261	0.2500	0.0359	NaN	0.0266	0.3507
135.0442	0.2192	0.0349	NaN	0.0268	0.3510
135.0622	0.1972	0.0342	NaN	0.0269	0.3514
135.0792	0.1878	0.0340	NaN	0.0270	0.3516
135.0960	0.1812	0.0338	NaN	0.0271	0.3517
135.1127	0.1780	0.0338	NaN	0.0272	0.3518
135.1306	0.1759	0.0339	NaN	0.0273	0.3518
135.1489	0.1762	0.0340	NaN	0.0275	0.3517
135.1653	0.1785	0.0342	NaN	0.0276	0.3514
135.1848	0.1836	0.0346	NaN	0.0278	0.3511
135.2006	0.1921	0.0350	NaN	0.0279	0.3507
135.2171	0.2038	0.0356	NaN	0.0281	0.3502
135.2356	0.2147	0.0362	NaN	0.0282	0.3499
135.2531	0.2110	0.0361	NaN	0.0284	0.3498
135.2696	0.1965	0.0358	NaN	0.0286	0.3498
135.2877	0.1858	0.0355	NaN	0.0287	0.3499
135.3059	0.1769	0.0354	NaN	0.0288	0.3502
135.3254	0.1711	0.0353	NaN	0.0290	0.3506
135.3414	0.1670	0.0354	NaN	0.0292	0.3510
135.3604	0.1648	0.0355	NaN	0.0294	0.3517
135.3765	0.1639	0.0356	NaN	0.0295	0.3520
135.3940	0.1635	0.0357	NaN	0.0296	0.3524
135.4138	0.1636	0.0359	NaN	0.0298	0.3526
135.4306	0.1646	0.0361	NaN	0.0300	0.3532
135.4470	0.1665	0.0363	NaN	0.0302	0.3534
135.4630	0.1690	0.0366	NaN	0.0303	0.3538
135.4822	0.1736	0.0369	NaN	0.0305	0.3541
135.4987	0.1800	0.0373	NaN	0.0306	0.3543
135.5173	0.1902	0.0378	NaN	0.0308	0.3545
135.5347	0.2077	0.0386	NaN	0.0310	0.3543
135.5522	0.2287	0.0395	NaN	0.0311	0.3541
135.5681	0.2229	0.0395	NaN	0.0313	0.3537
135.5885	0.1990	0.0388	NaN	0.0315	0.3533
135.6044	0.1844	0.0385	NaN	0.0317	0.3528
135.6218	0.1767	0.0384	NaN	0.0318	0.3528
135.6387	0.1720	0.0384	NaN	0.0320	0.3528
135.6579	0.1686	0.0384	NaN	0.0322	0.3527
135.6761	0.1667	0.0385	NaN	0.0323	0.3526
135.6915	0.1654	0.0387	NaN	0.0325	0.3525
135.7104	0.1647	0.0388	NaN	0.0327	0.3525
135.7275	0.1642	0.0390	NaN	0.0329	0.3525
135.7430	0.1642	0.0392	NaN	0.0331	0.3527
135.7592	0.1647	0.0394	NaN	0.0333	0.3530
135.7784	0.1663	0.0396	NaN	0.0335	0.3535
135.7941	0.1698	0.0399	NaN	0.0336	0.3540
135.8120	0.1767	0.0404	NaN	0.0338	0.3545
135.8303	0.1769	0.0406	NaN	0.0340	0.3549
135.8476	0.1700	0.0405	NaN	0.0342	0.3554
135.8637	0.1668	0.0406	NaN	0.0344	0.3555
135.8825	0.1653	0.0407	NaN	0.0345	0.3557
135.8998	0.1646	0.0408	NaN	0.0347	0.3554
135.9162	0.1642	0.0410	NaN	0.0349	0.3555
135.9317	0.1640	0.0411	NaN	0.0350	0.3551
135.9505	0.1637	0.0413	NaN	0.0352	0.3547
135.9681	0.1636	0.0415	NaN	0.0354	0.3543
135.9844	0.1637	0.0416	NaN	0.0355	0.3538
136.0040	0.1637	0.0418	NaN	0.0357	0.3535
136.0209	0.1637	0.0420	NaN	0.0359	0.3534
136.0378	0.1638	0.0421	NaN	0.0360	0.3535
136.0561	0.1639	0.0423	NaN	0.0362	0.3537
136.0728	0.1640	0.0424	NaN	0.0363	0.3542
136.0902	0.1640	0.0426	NaN	0.0365	0.3546
136.1048	0.1640	0.0427	NaN	0.0366	0.3550
136.1257	0.1642	0.0429	NaN	0.0368	0.3556
136.1415	0.1643	0.0430	NaN	0.0369	0.3563
136.1589	0.1643	0.0432	NaN	0.0371	0.3567
136.1780	0.1643	0.0433	NaN	0.0372	0.3571
136.1938	0.1644	0.0435	NaN	0.0374	0.3572
136.2106	0.1644	0.0436	NaN	0.0375	0.3574
136.2300	0.1644	0.0438	NaN	0.0376	0.3571
136.2477	0.1644	0.0439	NaN	0.0378	0.3570
136.2650	0.1642	0.0440	NaN	0.0379	0.3566
136.2826	0.1641	0.0442	NaN	0.0380	0.3564
136.3018	0.1640	0.0443	NaN	0.0382	0.3559
136.3188	0.1639	0.0444	NaN	0.0383	0.3556
136.3346	0.1639	0.0445	NaN	0.0384	0.3558
136.3542	0.1637	0.0447	NaN	0.0385	0.3560
136.3691	0.1636	0.0448	NaN	0.0386	0.3562
136.3869	0.1636	0.0449	NaN	0.0388	0.3569
136.4024	0.1638	0.0450	NaN	0.0389	0.3577
136.4210	0.1638	0.0451	NaN	0.0390	0.3581
136.4386	0.1637	0.0452	NaN	0.0391	0.3585
136.4554	0.1636	0.0453	NaN	0.0392	0.3588
136.4743	0.1636	0.0454	NaN	0.0393	0.3592
136.4919	0.1635	0.0455	NaN	0.0394	0.3595
136.5082	0.1636	0.0456	NaN	0.0395	0.3597
136.5266	0.1634	0.0457	NaN	0.0396	0.3597
136.5433	0.1633	0.0458	NaN	0.0396	0.3595
136.5615	0.1633	0.0458	NaN	0.0397	0.3592
136.5762	0.1632	0.0459	NaN	0.0398	0.3586
136.5949	0.1630	0.0460	NaN	0.0399	0.3581
136.6114	0.1631	0.0461	NaN	0.0400	0.3577
136.6292	0.1631	0.0461	NaN	0.0400	0.3575
136.6494	0.1630	0.0462	NaN	0.0401	0.3573
136.6667	0.1629	0.0463	NaN	0.0402	0.3574
136.6829	0.1627	0.0464	NaN	0.0403	0.3578
136.6999	0.1628	0.0464	NaN	0.0403	0.3582
136.7186	0.1628	0.0465	NaN	0.0404	0.3585
136.7358	0.1628	0.0466	NaN	0.0405	0.3590
136.7520	0.1628	0.0466	NaN	0.0405	0.3594
136.7704	0.1627	0.0467	NaN	0.0406	0.3597
136.7869	0.1627	0.0467	NaN	0.0406	0.3600
136.8050	0.1627	0.0468	NaN	0.0407	0.3601
136.8228	0.1628	0.0468	NaN	0.0407	0.3601
136.8406	0.1628	0.0469	NaN	0.0408	0.3598
136.8569	0.1629	0.0469	NaN	0.0409	0.3592
136.8734	0.1629	0.0470	NaN	0.0409	0.3586
136.8931	0.1630	0.0470	NaN	0.0409	0.3579
136.9078	0.1628	0.0471	NaN	0.0410	0.3576
136.9246	0.1628	0.0471	NaN	0.0410	0.3576
136.9443	0.1628	0.0472	NaN	0.0411	0.3579
136.9615	0.1628	0.0472	NaN	0.0411	0.3579
136.9792	0.1626	0.0472	NaN	0.0411	0.3580
136.9967	0.1625	0.0473	NaN	0.0412	0.3582
137.0143	0.1624	0.0473	NaN	0.0412	0.3585
137.0309	0.1625	0.0473	NaN	0.0413	0.3591
137.0470	0.1625	0.0473	NaN	0.0413	0.3594
137.0654	0.1626	0.0474	NaN	0.0413	0.3598
137.0836	0.1628	0.0474	NaN	0.0413	0.3602
137.0984	0.1630	0.0475	NaN	0.0414	0.3608
137.1184	0.1632	0.0475	NaN	0.0414	0.3610
137.1372	0.1633	0.0475	NaN	0.0414	0.3614
137.1553	0.1633	0.0475	NaN	0.0414	0.3615
137.1712	0.1633	0.0476	NaN	0.0415	0.3614
137.1908	0.1634	0.0476	NaN	0.0415	0.3611
137.2043	0.1634	0.0476	NaN	0.0415	0.3607
137.2200	0.1634	0.0476	NaN	0.0415	0.3602
137.2373	0.1633	0.0477	NaN	0.0416	0.3597
137.2543	0.1632	0.0477	NaN	0.0416	0.3597
137.2694	0.1632	0.0477	NaN	0.0416	0.3600
137.2890	0.1632	0.0477	NaN	0.0416	0.3606
137.3059	0.1631	0.0477	NaN	0.0416	0.3611
137.3231	0.1631	0.0478	NaN	0.0416	0.3617
137.3401	0.1630	0.0478	NaN	0.0417	0.3621
137.3595	0.1631	0.0478	NaN	0.0417	0.3627
137.3763	0.1629	0.0478	NaN	0.0417	0.3631
137.3926	0.1627	0.0478	NaN	0.0417	0.3632
137.4126	0.1628	0.0478	NaN	0.0417	0.3631
137.4277	0.1628	0.0479	NaN	0.0418	0.3629
137.4452	0.1630	0.0479	NaN	0.0418	0.3625
137.4626	0.1629	0.0479	NaN	0.0418	0.3620
137.4803	0.1628	0.0479	NaN	0.0418	0.3615
137.4965	0.1628	0.0479	NaN	0.0418	0.3610
137.5158	0.1630	0.0479	NaN	0.0418	0.3608
137.5339	0.1630	0.0479	NaN	0.0418	0.3610
137.5501	0.1629	0.0479	NaN	0.0418	0.3613
137.5680	0.1629	0.0479	NaN	0.0418	0.3617
137.5856	0.1631	0.0480	NaN	0.0418	0.3621
137.6051	0.1632	0.0480	NaN	0.0419	0.3624
137.6212	0.1630	0.0480	NaN	0.0419	0.3627
137.6377	0.1634	0.0480	NaN	0.0419	0.3630
137.6566	0.1639	0.0480	NaN	0.0419	0.3631
137.6740	0.1637	0.0480	NaN	0.0419	0.3630
137.6884	0.1635	0.0480	NaN	0.0419	0.3633
137.7082	0.1638	0.0480	NaN	0.0419	0.3633
137.7230	0.1640	0.0480	NaN	0.0419	0.3633
137.7408	0.1638	0.0480	NaN	0.0419	0.3627
137.7587	0.1637	0.0480	NaN	0.0419	0.3621
137.7761	0.1636	0.0481	NaN	0.0419	0.3615
137.7938	0.1636	0.0481	NaN	0.0419	0.3612
137.8099	0.1634	0.0481	NaN	0.0420	0.3613
137.8284	0.1635	0.0481	NaN	0.0419	0.3616
137.8456	0.1638	0.0481	NaN	0.0419	0.3620
137.8627	0.1641	0.0481	NaN	0.0420	0.3625
137.8800	0.1640	0.0481	NaN	0.0420	0.3629
137.8988	0.1641	0.0481	NaN	0.0420	0.3634
137.9163	0.1640	0.0481	NaN	0.0420	0.3637
137.9341	0.1642	0.0482	NaN	0.0420	0.3639
137.9510	0.1643	0.0481	NaN	0.0420	0.3642
137.9689	0.1644	0.0482	NaN	0.0420	0.3646
137.9841	0.1643	0.0482	NaN	0.0420	0.3649
138.0026	0.1642	0.0482	NaN	0.0420	0.3648
138.0188	0.1643	0.0482	NaN	0.0420	0.3645
138.0360	0.1645	0.0482	NaN	0.0421	0.3639
138.0532	0.1646	0.0482	NaN	0.0420	0.3632
138.0710	0.1647	0.0482	NaN	0.0420	0.3631
138.0879	0.1646	0.0482	NaN	0.0421	0.3630
138.1057	0.1643	0.0482	NaN	0.0421	0.3629
138.1250	0.1643	0.0482	NaN	0.0421	0.3632
138.1393	0.1642	0.0482	NaN	0.0421	0.3637
138.1572	0.1641	0.0482	NaN	0.0421	0.3641
138.1779	0.1636	0.0482	NaN	0.0421	0.3644
138.1943	0.1637	0.0482	NaN	0.0421	0.3650
138.2115	0.1637	0.0482	NaN	0.0421	0.3654
138.2305	0.1636	0.0483	NaN	0.0421	0.3660
138.2485	0.1635	0.0483	NaN	0.0421	0.3665
138.2662	0.1632	0.0483	NaN	0.0421	0.3665
138.2833	0.1633	0.0483	NaN	0.0421	0.3663
138.3024	0.1635	0.0483	NaN	0.0422	0.3658
138.3190	0.1636	0.0483	NaN	0.0422	0.3652
138.3360	0.1639	0.0483	NaN	0.0422	0.3645
138.3534	0.1640	0.0483	NaN	0.0422	0.3642
138.3702	0.1641	0.0483	NaN	0.0422	0.3641
138.3880	0.1643	0.0483	NaN	0.0422	0.3641
138.4060	0.1645	0.0483	NaN	0.0422	0.3641
138.4227	0.1647	0.0483	NaN	0.0422	0.3643
138.4375	0.1648	0.0483	NaN	0.0422	0.3646
138.4558	0.1651	0.0484	NaN	0.0422	0.3651
138.4747	0.1651	0.0484	NaN	0.0422	0.3656
138.4897	0.1649	0.0484	NaN	0.0422	0.3660
138.5067	0.1649	0.0484	NaN	0.0422	0.3664
138.5272	0.1648	0.0484	NaN	0.0422	0.3665
138.5436	0.1647	0.0484	NaN	0.0422	0.3662
138.5602	0.1647	0.0484	NaN	0.0422	0.3656
138.5789	0.1647	0.0484	NaN	0.0422	0.3650
138.5940	0.1646	0.0484	NaN	0.0422	0.3646
138.6111	0.1645	0.0484	NaN	0.0422	0.3641
138.6287	0.1647	0.0484	NaN	0.0422	0.3641
138.6502	0.1670	0.0484	NaN	0.0422	0.3644
138.6653	0.1695	0.0482	NaN	0.0418	0.3602
138.6815	0.1696	0.0482	NaN	0.0419	0.3608
138.6988	0.1696	0.0483	NaN	0.0419	0.3612
138.7155	0.1699	0.0482	NaN	0.0419	0.3611
138.7323	0.1701	0.0483	NaN	0.0420	0.3616
138.7490	0.1703	0.0484	NaN	0.0420	0.3619
138.7687	0.1705	0.0484	NaN	0.0420	0.3622
138.7862	0.1706	0.0484	NaN	0.0421	0.3625
138.8022	0.1707	0.0485	NaN	0.0421	0.3628
138.8204	0.1707	0.0485	NaN	0.0421	0.3629
138.8375	0.1707	0.0485	NaN	0.0421	0.3630
138.8545	0.1711	0.0485	NaN	0.0421	0.3626
138.8734	0.1709	0.0482	NaN	0.0418	0.3602
138.8905	0.1706	0.0481	NaN	0.0417	0.3590
138.9090	0.1706	0.0481	NaN	0.0417	0.3595
138.9255	0.1706	0.0482	NaN	0.0418	0.3601
138.9432	0.1706	0.0482	NaN	0.0419	0.3605
138.9611	0.1707	0.0483	NaN	0.0419	0.3608
138.9788	0.1708	0.0483	NaN	0.0419	0.3611
138.9975	0.1709	0.0484	NaN	0.0420	0.3613
139.0139	0.1711	0.0484	NaN	0.0420	0.3615
139.0305	0.1712	0.0484	NaN	0.0420	0.3617
139.0473	0.1712	0.0484	NaN	0.0420	0.3616
139.0646	0.1706	0.0479	NaN	0.0415	0.3575
139.0810	0.1710	0.0480	NaN	0.0416	0.3585
139.0972	0.1714	0.0481	NaN	0.0417	0.3591
139.1167	0.1715	0.0482	NaN	0.0418	0.3594
139.1345	0.1714	0.0482	NaN	0.0418	0.3596
139.1537	0.1714	0.0482	NaN	0.0418	0.3597
139.1735	0.1711	0.0480	NaN	0.0416	0.3584
139.1890	0.1710	0.0479	NaN	0.0415	0.3577
139.2073	0.1713	0.0480	NaN	0.0416	0.3583
139.2225	0.1713	0.0480	NaN	0.0417	0.3586
139.2427	0.1714	0.0481	NaN	0.0417	0.3587
139.2591	0.1712	0.0479	NaN	0.0416	0.3578
139.2756	0.1710	0.0479	NaN	0.0415	0.3572
139.2945	0.1711	0.0479	NaN	0.0415	0.3575
139.3116	0.1713	0.0479	NaN	0.0415	0.3577
139.3294	0.1716	0.0479	NaN	0.0415	0.3574
139.3474	0.1717	0.0479	NaN	0.0414	0.3572
139.3632	0.1718	0.0479	NaN	0.0415	0.3572
139.3812	0.1719	0.0479	NaN	0.0415	0.3573
139.3973	0.1719	0.0479	NaN	0.0414	0.3573
139.4181	0.1718	0.0478	NaN	0.0414	0.3572
139.4344	0.1716	0.0478	NaN	0.0414	0.3572
139.4505	0.1716	0.0478	NaN	0.0414	0.3572
139.4698	0.1716	0.0478	NaN	0.0414	0.3571
139.4871	0.1717	0.0478	NaN	0.0414	0.3569
139.5033	0.1716	0.0478	NaN	0.0414	0.3569
139.5216	0.1717	0.0477	NaN	0.0413	0.3568
139.5376	0.1718	0.0477	NaN	0.0413	0.3566
139.5551	0.1719	0.0477	NaN	0.0413	0.3564
139.5712	0.1718	0.0477	NaN	0.0413	0.3561
139.5920	0.1719	0.0476	NaN	0.0412	0.3557
139.6082	0.1722	0.0476	NaN	0.0412	0.3556
139.6236	0.1720	0.0476	NaN	0.0411	0.3558
139.6431	0.1719	0.0475	NaN	0.0411	0.3551
139.6598	0.1718	0.0475	NaN	0.0410	0.3548
139.6763	0.1715	0.0474	NaN	0.0410	0.3555
139.6969	0.1715	0.0473	NaN	0.0409	0.3548
139.7113	0.1715	0.0472	NaN	0.0408	0.3539
139.7288	0.1718	0.0471	NaN	0.0407	0.3538
139.7452	0.1723	0.0472	NaN	0.0407	0.3513
139.7642	0.1724	0.0472	NaN	0.0407	0.3533
139.7817	0.1724	0.0472	NaN	0.0407	0.3547
139.7985	0.1725	0.0472	NaN	0.0408	0.3544
139.8172	0.1726	0.0472	NaN	0.0407	0.3528
139.8342	0.1726	0.0472	NaN	0.0408	0.3523
139.8519	0.1724	0.0472	NaN	0.0408	0.3530
139.8691	0.1722	0.0472	NaN	0.0408	0.3544
139.8870	0.1721	0.0472	NaN	0.0408	0.3560
139.9039	0.1718	0.0472	NaN	0.0408	0.3568
139.9213	0.1720	0.0473	NaN	0.0408	0.3567
139.9397	0.1719	0.0472	NaN	0.0409	0.3560
139.9551	0.1718	0.0473	NaN	0.0408	0.3550
139.9736	0.1718	0.0473	NaN	0.0409	0.3541
139.9913	0.1718	0.0473	NaN	0.0409	0.3541
140.0097	0.1717	0.0473	NaN	0.0409	0.3548
140.0231	0.1715	0.0473	NaN	0.0409	0.3559
140.0397	0.1715	0.0473	NaN	0.0409	0.3568
140.0595	0.1717	0.0473	NaN	0.0409	0.3576
140.0779	0.1719	0.0473	NaN	0.0409	0.3579
140.0944	0.1720	0.0474	NaN	0.0409	0.3576
140.1131	0.1721	0.0474	NaN	0.0409	0.3567
140.1305	0.1720	0.0474	NaN	0.0410	0.3557
140.1488	0.1721	0.0474	NaN	0.0410	0.3552
140.1677	0.1721	0.0474	NaN	0.0410	0.3546
140.1840	0.1723	0.0474	NaN	0.0410	0.3547
140.1999	0.1723	0.0474	NaN	0.0410	0.3552
140.2190	0.1723	0.0474	NaN	0.0410	0.3559
140.2358	0.1723	0.0474	NaN	0.0410	0.3567
140.2526	0.1726	0.0475	NaN	0.0410	0.3574
140.2700	0.1728	0.0475	NaN	0.0410	0.3576
140.2873	0.1733	0.0475	NaN	0.0410	0.3581
140.3060	0.1734	0.0475	NaN	0.0410	0.3583
140.3225	0.1732	0.0475	NaN	0.0410	0.3581
140.3388	0.1733	0.0475	NaN	0.0410	0.3576
140.3561	0.1734	0.0475	NaN	0.0410	0.3569
140.3722	0.1732	0.0475	NaN	0.0410	0.3563
140.3892	0.1732	0.0475	NaN	0.0410	0.3559
140.4092	0.1732	0.0475	NaN	0.0411	0.3558
140.4258	0.1733	0.0475	NaN	0.0411	0.3562
140.4429	0.1736	0.0475	NaN	0.0411	0.3571
140.4603	0.1742	0.0476	NaN	0.0411	0.3582
140.4775	0.1740	0.0475	NaN	0.0410	0.3588
140.4965	0.1737	0.0475	NaN	0.0411	0.3595
140.5133	0.1736	0.0475	NaN	0.0410	0.3599
140.5314	0.1737	0.0475	NaN	0.0410	0.3601
140.5479	0.1739	0.0475	NaN	0.0410	0.3600
140.5654	0.1736	0.0475	NaN	0.0410	0.3594
140.5825	0.1735	0.0475	NaN	0.0410	0.3588
140.5988	0.1739	0.0475	NaN	0.0410	0.3580
140.6140	0.1742	0.0475	NaN	0.0409	0.3579
140.6347	0.1743	0.0474	NaN	0.0409	0.3588
140.6520	0.1745	0.0474	NaN	0.0409	0.3597
140.6679	0.1744	0.0474	NaN	0.0409	0.3605
140.6864	0.1744	0.0474	NaN	0.0408	0.3613
140.7047	0.1746	0.0473	NaN	0.0408	0.3618
140.7208	0.1747	0.0473	NaN	0.0408	0.3621
140.7400	0.1750	0.0473	NaN	0.0408	0.3617
140.7552	0.1749	0.0473	NaN	0.0407	0.3612
140.7722	0.1749	0.0472	NaN	0.0407	0.3603
140.7895	0.1749	0.0472	NaN	0.0406	0.3594
140.8072	0.1752	0.0471	NaN	0.0406	0.3591
140.8271	0.1759	0.0471	NaN	0.0405	0.3593
140.8434	0.1759	0.0471	NaN	0.0405	0.3596
140.8596	0.1753	0.0470	NaN	0.0405	0.3598
140.8791	0.1754	0.0470	NaN	0.0404	0.3603
140.8962	0.1757	0.0470	NaN	0.0404	0.3611
140.9138	0.1759	0.0469	NaN	0.0403	0.3617
140.9321	0.1763	0.0469	NaN	0.0403	0.3621
140.9498	0.1768	0.0468	NaN	0.0402	0.3625
140.9643	0.1776	0.0467	NaN	0.0401	0.3624
140.9835	0.1779	0.0467	NaN	0.0400	0.3627
141.0025	0.1786	0.0466	NaN	0.0399	0.3622
141.0195	0.1784	0.0465	NaN	0.0399	0.3615
141.0376	0.1788	0.0464	NaN	0.0398	0.3607
141.0561	0.1790	0.0463	NaN	0.0397	0.3601
141.0712	0.1792	0.0463	NaN	0.0396	0.3598
141.0871	0.1795	0.0462	NaN	0.0395	0.3604
141.1061	0.1797	0.0460	NaN	0.0394	0.3616
141.1214	0.1803	0.0460	NaN	0.0392	0.3626
141.1374	0.1805	0.0458	NaN	0.0391	0.3634
141.1545	0.1807	0.0457	NaN	0.0390	0.3643
141.1733	0.1810	0.0456	NaN	0.0389	0.3647
141.1913	0.1816	0.0455	NaN	0.0387	0.3647
141.2093	0.1818	0.0454	NaN	0.0386	0.3643
141.2259	0.1823	0.0452	NaN	0.0384	0.3637
141.2428	0.1824	0.0451	NaN	0.0383	0.3631
141.2608	0.1821	0.0450	NaN	0.0382	0.3626
141.2764	0.1823	0.0448	NaN	0.0380	0.3623
141.2956	0.1826	0.0447	NaN	0.0379	0.3620
141.3120	0.1834	0.0445	NaN	0.0377	0.3625
141.3280	0.1842	0.0444	NaN	0.0376	0.3634
141.3473	0.1845	0.0443	NaN	0.0374	0.3643
141.3652	0.1849	0.0441	NaN	0.0373	0.3650
141.3819	0.1851	0.0440	NaN	0.0371	0.3657
141.4004	0.1853	0.0438	NaN	0.0369	0.3661
141.4173	0.1854	0.0437	NaN	0.0368	0.3665
141.4347	0.1856	0.0435	NaN	0.0366	0.3665
141.4505	0.1859	0.0433	NaN	0.0364	0.3661
141.4702	0.1862	0.0431	NaN	0.0362	0.3654
141.4877	0.1865	0.0429	NaN	0.0360	0.3646
141.5044	0.1870	0.0427	NaN	0.0358	0.3638
141.5224	0.1875	0.0426	NaN	0.0356	0.3631
141.5394	0.1879	0.0424	NaN	0.0355	0.3628
141.5556	0.1885	0.0422	NaN	0.0353	0.3632
141.5749	0.1893	0.0421	NaN	0.0351	0.3641
141.5913	0.1905	0.0419	NaN	0.0349	0.3649
141.6088	0.1915	0.0418	NaN	0.0347	0.3657
141.6273	0.1927	0.0417	NaN	0.0346	0.3665
141.6451	0.1944	0.0416	NaN	0.0344	0.3667
141.6611	0.1964	0.0415	NaN	0.0343	0.3669
141.6776	0.1989	0.0415	NaN	0.0341	0.3671
141.6967	0.2029	0.0414	NaN	0.0340	0.3665
141.7144	0.2094	0.0415	NaN	0.0338	0.3653
141.7308	0.2196	0.0418	NaN	0.0337	0.3646
141.7506	0.2384	0.0423	NaN	0.0336	0.3645
141.7654	0.2554	0.0428	NaN	0.0335	0.3646
141.7840	0.2436	0.0423	NaN	0.0334	0.3654
141.8010	0.2260	0.0415	NaN	0.0332	0.3665
141.8186	0.2179	0.0411	NaN	0.0331	0.3673
141.8363	0.2149	0.0409	NaN	0.0330	0.3683
141.8517	0.2157	0.0409	NaN	0.0329	0.3689
141.8727	0.2210	0.0410	NaN	0.0328	0.3693
141.8888	0.2320	0.0413	NaN	0.0328	0.3694
141.9049	0.2523	0.0420	NaN	0.0327	0.3688
141.9220	0.2860	0.0431	NaN	0.0327	0.3682
141.9408	0.3228	0.0445	NaN	0.0327	0.3674
141.9570	0.2920	0.0433	NaN	0.0326	0.3669
141.9757	0.2654	0.0422	NaN	0.0326	0.3666
141.9930	0.2587	0.0420	NaN	0.0325	0.3670
142.0108	0.2622	0.0421	NaN	0.0325	0.3677
142.0283	0.2537	0.0418	NaN	0.0325	0.3687
142.0474	0.2371	0.0412	NaN	0.0325	0.3698
142.0646	0.2273	0.0409	NaN	0.0325	0.3705
142.0816	0.2265	0.0409	NaN	0.0326	0.3708
142.0979	0.2360	0.0413	NaN	0.0326	0.3711
142.1159	0.2408	0.0415	NaN	0.0327	0.3710
142.1334	0.2314	0.0412	NaN	0.0327	0.3702
142.1504	0.2345	0.0414	NaN	0.0328	0.3692
142.1676	0.2507	0.0421	NaN	0.0329	0.3682
142.1841	0.2606	0.0425	NaN	0.0330	0.3677
142.2029	0.2287	0.0415	NaN	0.0330	0.3679
142.2225	0.2027	0.0406	NaN	0.0332	0.3687
142.2383	0.1868	0.0402	NaN	0.0333	0.3699
142.2541	0.1716	0.0397	NaN	0.0334	0.3710
142.2712	0.1725	0.0399	NaN	0.0335	0.3716
142.2900	0.1811	0.0404	NaN	0.0337	0.3719
142.3080	0.1832	0.0406	NaN	0.0338	0.3716
142.3240	0.1825	0.0407	NaN	0.0339	0.3708
142.3447	0.1816	0.0408	NaN	0.0341	0.3699
142.3629	0.1811	0.0410	NaN	0.0343	0.3693
142.3806	0.1805	0.0412	NaN	0.0345	0.3690
142.3984	0.1799	0.0413	NaN	0.0347	0.3685
142.4181	0.1797	0.0415	NaN	0.0348	0.3686
142.4341	0.1795	0.0416	NaN	0.0350	0.3691
142.4506	0.1794	0.0418	NaN	0.0352	0.3699
142.4692	0.1790	0.0420	NaN	0.0354	0.3708
142.4860	0.1784	0.0422	NaN	0.0356	0.3717
142.5012	0.1782	0.0424	NaN	0.0358	0.3724
142.5210	0.1781	0.0426	NaN	0.0360	0.3730
142.5378	0.1779	0.0428	NaN	0.0362	0.3731
142.5547	0.1777	0.0430	NaN	0.0364	0.3725
142.5722	0.1775	0.0432	NaN	0.0366	0.3718
142.5903	0.1773	0.0434	NaN	0.0368	0.3709
142.6086	0.1770	0.0436	NaN	0.0370	0.3705
142.6260	0.1770	0.0438	NaN	0.0372	0.3702
142.6456	0.1769	0.0440	NaN	0.0374	0.3706
142.6627	0.1769	0.0442	NaN	0.0376	0.3715
142.6788	0.1767	0.0444	NaN	0.0378	0.3726
142.6982	0.1766	0.0446	NaN	0.0380	0.3738
142.7165	0.1766	0.0448	NaN	0.0382	0.3746
142.7315	0.1766	0.0450	NaN	0.0384	0.3751
142.7499	0.1764	0.0452	NaN	0.0386	0.3752
142.7678	0.1763	0.0454	NaN	0.0389	0.3751
142.7858	0.1764	0.0456	NaN	0.0390	0.3746
142.8018	0.1762	0.0458	NaN	0.0392	0.3740
142.8196	0.1760	0.0460	NaN	0.0394	0.3731
142.8384	0.1759	0.0462	NaN	0.0396	0.3722
142.8535	0.1758	0.0463	NaN	0.0398	0.3719
142.8691	0.1758	0.0465	NaN	0.0399	0.3723
142.8869	0.1758	0.0467	NaN	0.0401	0.3733
142.9039	0.1757	0.0468	NaN	0.0403	0.3741
142.9216	0.1757	0.0470	NaN	0.0404	0.3751
142.9411	0.1758	0.0472	NaN	0.0406	0.3760
142.9582	0.1760	0.0473	NaN	0.0407	0.3762
142.9758	0.1762	0.0474	NaN	0.0409	0.3759
142.9944	0.1763	0.0476	NaN	0.0410	0.3754
143.0105	0.1764	0.0477	NaN	0.0411	0.3744
143.0276	0.1766	0.0479	NaN	0.0413	0.3736
143.0452	0.1767	0.0480	NaN	0.0414	0.3728
143.0646	0.1768	0.0481	NaN	0.0415	0.3723
143.0808	0.1768	0.0482	NaN	0.0416	0.3723
143.0976	0.1768	0.0483	NaN	0.0417	0.3727
143.1158	0.1769	0.0484	NaN	0.0418	0.3734
143.1317	0.1770	0.0485	NaN	0.0419	0.3741
143.1501	0.1771	0.0486	NaN	0.0420	0.3747
143.1686	0.1773	0.0487	NaN	0.0421	0.3753
143.1850	0.1777	0.0488	NaN	0.0422	0.3763
143.2029	0.1778	0.0488	NaN	0.0422	0.3768
143.2193	0.1779	0.0489	NaN	0.0423	0.3767
143.2375	0.1780	0.0490	NaN	0.0424	0.3762
143.2530	0.1781	0.0491	NaN	0.0424	0.3753
143.2695	0.1782	0.0492	NaN	0.0425	0.3740
143.2887	0.1782	0.0492	NaN	0.0426	0.3736
143.3045	0.1784	0.0493	NaN	0.0426	0.3738
143.3228	0.1785	0.0493	NaN	0.0427	0.3746
143.3405	0.1784	0.0494	NaN	0.0427	0.3758
143.3608	0.1785	0.0494	NaN	0.0428	0.3771
143.3775	0.1786	0.0495	NaN	0.0428	0.3779
143.3917	0.1787	0.0495	NaN	0.0429	0.3783
143.4122	0.1787	0.0495	NaN	0.0429	0.3787
143.4284	0.1786	0.0496	NaN	0.0430	0.3789
143.4493	0.1789	0.0496	NaN	0.0430	0.3783
143.4670	0.1789	0.0497	NaN	0.0430	0.3775
143.4852	0.1788	0.0497	NaN	0.0430	0.3769
143.5024	0.1788	0.0497	NaN	0.0431	0.3761
143.5174	0.1788	0.0497	NaN	0.0431	0.3759
143.5374	0.1787	0.0497	NaN	0.0431	0.3760
143.5516	0.1785	0.0498	NaN	0.0432	0.3768
143.5700	0.1783	0.0498	NaN	0.0432	0.3777
143.5893	0.1782	0.0498	NaN	0.0432	0.3782
143.6065	0.1782	0.0498	NaN	0.0432	0.3789
143.6229	0.1782	0.0499	NaN	0.0433	0.3791
143.6402	0.1784	0.0499	NaN	0.0433	0.3792
143.6565	0.1786	0.0499	NaN	0.0433	0.3791
143.6746	0.1786	0.0499	NaN	0.0433	0.3784
143.6919	0.1790	0.0499	NaN	0.0433	0.3776
143.7097	0.1792	0.0499	NaN	0.0433	0.3765
143.7262	0.1791	0.0499	NaN	0.0433	0.3759
143.7437	0.1792	0.0500	NaN	0.0434	0.3757
143.7615	0.1793	0.0500	NaN	0.0434	0.3760
143.7797	0.1794	0.0500	NaN	0.0434	0.3766
143.7959	0.1794	0.0500	NaN	0.0434	0.3775
143.8147	0.1795	0.0500	NaN	0.0434	0.3785
143.8303	0.1795	0.0500	NaN	0.0435	0.3792
143.8475	0.1795	0.0501	NaN	0.0435	0.3800
143.8646	0.1794	0.0500	NaN	0.0435	0.3806
143.8848	0.1795	0.0501	NaN	0.0435	0.3807
143.8998	0.1800	0.0501	NaN	0.0435	0.3802
143.9178	0.1802	0.0501	NaN	0.0435	0.3790
143.9360	0.1802	0.0501	NaN	0.0435	0.3784
143.9532	0.1802	0.0501	NaN	0.0436	0.3779
143.9696	0.1803	0.0501	NaN	0.0436	0.3779
143.9850	0.1799	0.0501	NaN	0.0436	0.3784
144.0044	0.1801	0.0502	NaN	0.0436	0.3795
144.0217	0.1807	0.0502	NaN	0.0436	0.3809
144.0369	0.1808	0.0502	NaN	0.0436	0.3819
144.0563	0.1806	0.0502	NaN	0.0436	0.3822
144.0723	0.1804	0.0502	NaN	0.0436	0.3817
144.0871	0.1802	0.0502	NaN	0.0437	0.3807
144.1071	0.1801	0.0502	NaN	0.0437	0.3796
144.1242	0.1801	0.0503	NaN	0.0437	0.3790
144.1414	0.1799	0.0503	NaN	0.0437	0.3794
144.1585	0.1798	0.0503	NaN	0.0437	0.3804
144.1776	0.1798	0.0503	NaN	0.0437	0.3815
144.1939	0.1799	0.0503	NaN	0.0437	0.3822
144.2104	0.1799	0.0503	NaN	0.0438	0.3826
144.2284	0.1800	0.0503	NaN	0.0438	0.3828
144.2462	0.1801	0.0503	NaN	0.0438	0.3825
144.2629	0.1802	0.0503	NaN	0.0438	0.3818
144.2819	0.1801	0.0503	NaN	0.0438	0.3805
144.2983	0.1801	0.0503	NaN	0.0438	0.3794
144.3159	0.1803	0.0504	NaN	0.0439	0.3792
144.3327	0.1805	0.0504	NaN	0.0439	0.3791
144.3514	0.1806	0.0504	NaN	0.0439	0.3795
144.3696	0.1807	0.0504	NaN	0.0439	0.3803
144.3868	0.1808	0.0504	NaN	0.0439	0.3812
144.4085	0.1809	0.0504	NaN	0.0439	0.3820
144.4236	0.1810	0.0504	NaN	0.0439	0.3827
144.4395	0.1811	0.0505	NaN	0.0439	0.3831
144.4577	0.1813	0.0505	NaN	0.0439	0.3831
144.4762	0.1815	0.0505	NaN	0.0439	0.3828
144.4921	0.1816	0.0505	NaN	0.0439	0.3822
144.5100	0.1817	0.0505	NaN	0.0439	0.3814
144.5286	0.1818	0.0505	NaN	0.0440	0.3803
144.5451	0.1818	0.0505	NaN	0.0440	0.3800
144.5647	0.1819	0.0506	NaN	0.0440	0.3807
144.5828	0.1816	0.0505	NaN	0.0440	0.3820
144.5981	0.1816	0.0506	NaN	0.0440	0.3830
144.6161	0.1817	0.0506	NaN	0.0440	0.3839
144.6327	0.1818	0.0506	NaN	0.0440	0.3843
144.6510	0.1819	0.0506	NaN	0.0441	0.3847
144.6682	0.1819	0.0506	NaN	0.0441	0.3848
144.6846	0.1819	0.0506	NaN	0.0441	0.3845
144.7036	0.1820	0.0507	NaN	0.0441	0.3840
144.7204	0.1818	0.0507	NaN	0.0441	0.3834
144.7348	0.1818	0.0507	NaN	0.0441	0.3826
144.7534	0.1816	0.0507	NaN	0.0441	0.3820
144.7703	0.1814	0.0507	NaN	0.0442	0.3819
144.7870	0.1812	0.0507	NaN	0.0442	0.3823
144.8032	0.1812	0.0507	NaN	0.0442	0.3830
144.8227	0.1812	0.0507	NaN	0.0442	0.3839
144.8401	0.1812	0.0507	NaN	0.0442	0.3847
144.8563	0.1812	0.0508	NaN	0.0442	0.3856
144.8752	0.1811	0.0508	NaN	0.0442	0.3862
144.8922	0.1810	0.0508	NaN	0.0443	0.3863
144.9099	0.1810	0.0508	NaN	0.0443	0.3863
144.9278	0.1811	0.0508	NaN	0.0443	0.3859
144.9464	0.1812	0.0508	NaN	0.0443	0.3849
144.9631	0.1814	0.0508	NaN	0.0443	0.3836
144.9793	0.1816	0.0508	NaN	0.0443	0.3831
144.9985	0.1819	0.0509	NaN	0.0443	0.3828
145.0144	0.1821	0.0509	NaN	0.0443	0.3823
145.0312	0.1823	0.0509	NaN	0.0443	0.3831
145.0501	0.1823	0.0509	NaN	0.0443	0.3840
145.0686	0.1823	0.0509	NaN	0.0443	0.3850
145.0839	0.1824	0.0509	NaN	0.0444	0.3857
145.1005	0.1824	0.0509	NaN	0.0444	0.3863
145.1190	0.1825	0.0509	NaN	0.0444	0.3865
145.1363	0.1826	0.0509	NaN	0.0444	0.3861
145.1540	0.1826	0.0509	NaN	0.0444	0.3854
145.1712	0.1825	0.0510	NaN	0.0444	0.3844
145.1886	0.1826	0.0510	NaN	0.0444	0.3832
145.2053	0.1828	0.0510	NaN	0.0444	0.3831
145.2237	0.1828	0.0510	NaN	0.0444	0.3832
145.2403	0.1830	0.0510	NaN	0.0444	0.3838
145.2580	0.1830	0.0510	NaN	0.0444	0.3848
145.2748	0.1830	0.0510	NaN	0.0444	0.3860
145.2948	0.1830	0.0510	NaN	0.0445	0.3871
145.3113	0.1829	0.0511	NaN	0.0445	0.3878
145.3282	0.1828	0.0511	NaN	0.0445	0.3883
145.3463	0.1827	0.0511	NaN	0.0445	0.3883
145.3646	0.1829	0.0511	NaN	0.0445	0.3877
145.3818	0.1829	0.0511	NaN	0.0445	0.3869
145.3974	0.1829	0.0511	NaN	0.0445	0.3861
145.4156	0.1827	0.0511	NaN	0.0446	0.3851
145.4333	0.1826	0.0511	NaN	0.0446	0.3852
145.4526	0.1827	0.0511	NaN	0.0446	0.3857
145.4679	0.1827	0.0512	NaN	0.0446	0.3864
145.4849	0.1827	0.0512	NaN	0.0446	0.3873
145.5020	0.1827	0.0512	NaN	0.0446	0.3881
145.5208	0.1827	0.0512	NaN	0.0446	0.3891
145.5379	0.1826	0.0512	NaN	0.0446	0.3895
145.5539	0.1825	0.0512	NaN	0.0446	0.3898
145.5702	0.1826	0.0512	NaN	0.0446	0.3897
145.5897	0.1827	0.0512	NaN	0.0446	0.3890
145.6092	0.1827	0.0512	NaN	0.0446	0.3879
145.6264	0.1827	0.0512	NaN	0.0446	0.3864
145.6438	0.1828	0.0512	NaN	0.0446	0.3858
145.6607	0.1827	0.0512	NaN	0.0446	0.3858
145.6763	0.1828	0.0511	NaN	0.0446	0.3863
145.6962	0.1830	0.0511	NaN	0.0445	0.3872
145.7127	0.1832	0.0511	NaN	0.0445	0.3883
145.7313	0.1833	0.0511	NaN	0.0445	0.3891
145.7475	0.1835	0.0511	NaN	0.0445	0.3897
145.7665	0.1836	0.0511	NaN	0.0445	0.3900
145.7809	0.1838	0.0510	NaN	0.0444	0.3897
145.8000	0.1841	0.0510	NaN	0.0444	0.3885
145.8187	0.1845	0.0510	NaN	0.0444	0.3874
145.8344	0.1847	0.0510	NaN	0.0443	0.3867
145.8505	0.1848	0.0509	NaN	0.0443	0.3865
145.8695	0.1848	0.0509	NaN	0.0442	0.3866
145.8853	0.1851	0.0508	NaN	0.0442	0.3872
145.9038	0.1858	0.0508	NaN	0.0441	0.3881
145.9198	0.1859	0.0507	NaN	0.0440	0.3887
145.9381	0.1861	0.0506	NaN	0.0439	0.3898
145.9552	0.1862	0.0505	NaN	0.0438	0.3905
145.9739	0.1863	0.0505	NaN	0.0437	0.3912
145.9904	0.1866	0.0503	NaN	0.0436	0.3916
146.0069	0.1867	0.0502	NaN	0.0434	0.3913
146.0235	0.1871	0.0501	NaN	0.0433	0.3906
146.0391	0.1875	0.0501	NaN	0.0432	0.3898
146.0589	0.1878	0.0499	NaN	0.0430	0.3888
146.0768	0.1882	0.0498	NaN	0.0428	0.3883
146.0919	0.1886	0.0496	NaN	0.0427	0.3885
146.1111	0.1889	0.0495	NaN	0.0425	0.3888
146.1279	0.1891	0.0493	NaN	0.0423	0.3896
146.1457	0.1895	0.0490	NaN	0.0420	0.3907
146.1639	0.1900	0.0488	NaN	0.0418	0.3921
146.1820	0.1905	0.0486	NaN	0.0415	0.3929
146.1980	0.1910	0.0483	NaN	0.0412	0.3932
146.2132	0.1915	0.0480	NaN	0.0409	0.3927
146.2327	0.1920	0.0477	NaN	0.0406	0.3915
146.2497	0.1924	0.0474	NaN	0.0403	0.3906
146.2654	0.1928	0.0471	NaN	0.0400	0.3896
146.2844	0.1932	0.0468	NaN	0.0396	0.3895
146.3011	0.1936	0.0464	NaN	0.0392	0.3896
146.3193	0.1940	0.0461	NaN	0.0389	0.3898
146.3380	0.1943	0.0458	NaN	0.0386	0.3906
146.3558	0.1947	0.0454	NaN	0.0382	0.3916
146.3728	0.1952	0.0450	NaN	0.0377	0.3922
146.3890	0.1957	0.0445	NaN	0.0373	0.3925
146.4071	0.1963	0.0441	NaN	0.0368	0.3929
146.4247	0.1968	0.0436	NaN	0.0363	0.3934
146.4416	0.1971	0.0431	NaN	0.0358	0.3933
146.4596	0.1976	0.0425	NaN	0.0352	0.3912
146.4765	0.1981	0.0420	NaN	0.0347	0.3897
146.4956	0.1984	0.0414	NaN	0.0341	0.3895
146.5108	0.1985	0.0408	NaN	0.0335	0.3894
146.5297	0.1989	0.0403	NaN	0.0329	0.3900
146.5461	0.1990	0.0398	NaN	0.0324	0.3909
146.5641	0.1991	0.0392	NaN	0.0319	0.3919
146.5828	0.1992	0.0386	NaN	0.0313	0.3933
146.5987	0.1992	0.0380	NaN	0.0307	0.3943
146.6149	0.1991	0.0375	NaN	0.0302	0.3946
146.6347	0.1993	0.0370	NaN	0.0297	0.3942
146.6495	0.1993	0.0365	NaN	0.0291	0.3932
146.6671	0.1991	0.0359	NaN	0.0286	0.3919
146.6829	0.1986	0.0353	NaN	0.0280	0.3914
146.7028	0.1981	0.0347	NaN	0.0274	0.3916
146.7197	0.1981	0.0341	NaN	0.0268	0.3917
146.7345	0.1980	0.0336	NaN	0.0263	0.3920
146.7564	0.1977	0.0330	NaN	0.0257	0.3930
146.7719	0.1975	0.0324	NaN	0.0251	0.3945
146.7871	0.1973	0.0319	NaN	0.0247	0.3955
146.8061	0.1967	0.0314	NaN	0.0242	0.3961
146.8227	0.1967	0.0309	NaN	0.0236	0.3960
146.8395	0.1970	0.0305	NaN	0.0232	0.3956
146.8563	0.1976	0.0300	NaN	0.0227	0.3944
146.8741	0.1985	0.0296	NaN	0.0223	0.3935
146.8920	0.2000	0.0292	NaN	0.0219	0.3924
146.9094	0.2020	0.0290	NaN	0.0215	0.3923
146.9275	0.2052	0.0288	NaN	0.0212	0.3930
146.9439	0.2092	0.0286	NaN	0.0209	0.3942
146.9616	0.2149	0.0285	NaN	0.0206	0.3953
146.9794	0.2236	0.0286	NaN	0.0203	0.3960
146.9971	0.2391	0.0289	NaN	0.0201	0.3966
147.0162	0.2632	0.0295	NaN	0.0199	0.3969
147.0317	0.3063	0.0308	NaN	0.0197	0.3959
147.0498	0.3667	0.0328	NaN	0.0195	0.3941
147.0656	0.3770	0.0330	NaN	0.0193	0.3929
147.0813	0.4125	0.0341	NaN	0.0192	0.3928
147.1008	0.5286	0.0382	NaN	0.0191	0.3931
147.1173	0.6357	0.0420	NaN	0.0191	0.3938
147.1363	0.6128	0.0412	NaN	0.0191	0.3948
147.1548	0.5590	0.0392	NaN	0.0190	0.3960
147.1736	0.5309	0.0381	NaN	0.0190	0.3968
147.1919	0.5340	0.0383	NaN	0.0190	0.3973
147.2093	0.5376	0.0384	NaN	0.0191	0.3970
147.2279	0.4006	0.0336	NaN	0.0191	0.3961
147.2449	0.2782	0.0293	NaN	0.0191	0.3949
147.2617	0.2563	0.0286	NaN	0.0193	0.3938
147.2807	0.2369	0.0281	NaN	0.0194	0.3937
147.2956	0.2233	0.0277	NaN	0.0195	0.3944
147.3136	0.2141	0.0275	NaN	0.0197	0.3946
147.3307	0.2070	0.0274	NaN	0.0198	0.3949
147.3483	0.2016	0.0275	NaN	0.0201	0.3956
147.3647	0.1971	0.0275	NaN	0.0203	0.3966
147.3807	0.1944	0.0277	NaN	0.0206	0.3978
147.3993	0.1919	0.0279	NaN	0.0209	0.3987
147.4160	0.1899	0.0283	NaN	0.0212	0.3988
147.4327	0.1888	0.0285	NaN	0.0216	0.3984
147.4494	0.1879	0.0289	NaN	0.0220	0.3973
147.4684	0.1871	0.0293	NaN	0.0224	0.3966
147.4854	0.1866	0.0298	NaN	0.0229	0.3960
147.5014	0.1865	0.0302	NaN	0.0233	0.3958
147.5177	0.1864	0.0307	NaN	0.0238	0.3968
147.5327	0.1864	0.0312	NaN	0.0243	0.3987
147.5472	0.1865	0.0316	NaN	0.0247	0.3998
147.5653	0.1866	0.0322	NaN	0.0253	0.4003
147.5822	0.1867	0.0327	NaN	0.0258	0.4007
147.6003	0.1869	0.0332	NaN	0.0263	0.4005
147.6145	0.1870	0.0338	NaN	0.0268	0.4001
147.6342	0.1873	0.0344	NaN	0.0274	0.3986
147.6495	0.1876	0.0349	NaN	0.0279	0.3975
147.6676	0.1882	0.0354	NaN	0.0285	0.3970
147.6864	0.1886	0.0361	NaN	0.0291	0.3971
147.7017	0.1889	0.0366	NaN	0.0296	0.3975
147.7178	0.1890	0.0372	NaN	0.0302	0.3983
147.7367	0.1892	0.0379	NaN	0.0309	0.3993
147.7522	0.1896	0.0385	NaN	0.0315	0.4000
147.7701	0.1897	0.0392	NaN	0.0322	0.4008
147.7883	0.1897	0.0398	NaN	0.0327	0.4011
147.8074	0.1902	0.0404	NaN	0.0334	0.4010
147.8224	0.1904	0.0410	NaN	0.0339	0.4003
147.8409	0.1905	0.0415	NaN	0.0345	0.3993
147.8573	0.1907	0.0422	NaN	0.0351	0.3980
147.8753	0.1907	0.0427	NaN	0.0356	0.3974
147.8925	0.1910	0.0432	NaN	0.0362	0.3972
147.9117	0.1910	0.0438	NaN	0.0367	0.3981
147.9273	0.1910	0.0444	NaN	0.0373	0.3992
147.9431	0.1910	0.0448	NaN	0.0377	0.4005
147.9622	0.1910	0.0453	NaN	0.0382	0.4012
147.9795	0.1909	0.0458	NaN	0.0387	0.4016
147.9976	0.1910	0.0462	NaN	0.0391	0.4021
148.0140	0.1910	0.0467	NaN	0.0395	0.4021
148.0328	0.1908	0.0471	NaN	0.0400	0.4017
148.0508	0.1907	0.0475	NaN	0.0404	0.4008
148.0645	0.1906	0.0479	NaN	0.0408	0.3996
148.0821	0.1905	0.0483	NaN	0.0411	0.3990
148.1007	0.1903	0.0486	NaN	0.0415	0.3988
148.1186	0.1904	0.0489	NaN	0.0418	0.3992
148.1339	0.1903	0.0492	NaN	0.0421	0.4000
148.1534	0.1901	0.0495	NaN	0.0424	0.4012
148.1699	0.1902	0.0498	NaN	0.0427	0.4025
148.1889	0.1901	0.0500	NaN	0.0430	0.4037
148.2067	0.1901	0.0503	NaN	0.0433	0.4040
148.2244	0.1899	0.0505	NaN	0.0436	0.4037
148.2419	0.1898	0.0507	NaN	0.0439	0.4030
148.2596	0.1896	0.0509	NaN	0.0441	0.4020
148.2789	0.1891	0.0512	NaN	0.0443	0.4009
148.2959	0.1889	0.0513	NaN	0.0445	0.4004
148.3129	0.1886	0.0515	NaN	0.0447	0.4003
148.3320	0.1886	0.0516	NaN	0.0448	0.4008
148.3486	0.1888	0.0518	NaN	0.0450	0.4019
148.3657	0.1886	0.0520	NaN	0.0452	0.4029
148.3839	0.1885	0.0521	NaN	0.0453	0.4036
148.4004	0.1887	0.0522	NaN	0.0455	0.4040
148.4185	0.1888	0.0524	NaN	0.0456	0.4040
148.4345	0.1889	0.0525	NaN	0.0457	0.4029
148.4532	0.1896	0.0526	NaN	0.0458	0.4017
148.4704	0.1898	0.0527	NaN	0.0459	0.4005
148.4872	0.1899	0.0528	NaN	0.0460	0.4000
148.5048	0.1903	0.0529	NaN	0.0460	0.3998
148.5217	0.1903	0.0530	NaN	0.0461	0.4001
148.5386	0.1902	0.0530	NaN	0.0462	0.4009
148.5552	0.1900	0.0531	NaN	0.0462	0.4021
148.5757	0.1901	0.0531	NaN	0.0463	0.4028
148.5905	0.1902	0.0532	NaN	0.0463	0.4031
148.6069	0.1902	0.0532	NaN	0.0464	0.4043
148.6265	0.1905	0.0533	NaN	0.0464	0.4045
148.6415	0.1906	0.0534	NaN	0.0465	0.4044
148.6586	0.1906	0.0534	NaN	0.0465	0.4035
148.6796	0.1908	0.0534	NaN	0.0466	0.4025
148.6962	0.1910	0.0535	NaN	0.0466	0.4018
148.7133	0.1909	0.0535	NaN	0.0466	0.4015
148.7307	0.1907	0.0535	NaN	0.0467	0.4018
148.7492	0.1905	0.0536	NaN	0.0467	0.4024
148.7670	0.1904	0.0536	NaN	0.0467	0.4033
148.7823	0.1907	0.0536	NaN	0.0468	0.4043
148.8005	0.1909	0.0537	NaN	0.0468	0.4054
148.8170	0.1909	0.0537	NaN	0.0468	0.4063
148.8344	0.1908	0.0537	NaN	0.0468	0.4067
148.8530	0.1910	0.0537	NaN	0.0468	0.4066
148.8703	0.1905	0.0537	NaN	0.0469	0.4058
148.8848	0.1899	0.0537	NaN	0.0469	0.4050
148.9022	0.1900	0.0537	NaN	0.0469	0.4039
148.9216	0.1901	0.0538	NaN	0.0469	0.4032
148.9381	0.1904	0.0538	NaN	0.0469	0.4028
148.9542	0.1901	0.0538	NaN	0.0470	0.4033
148.9737	0.1904	0.0538	NaN	0.0470	0.4041
148.9895	0.1906	0.0538	NaN	0.0470	0.4049
149.0068	0.1909	0.0539	NaN	0.0470	0.4058
149.0233	0.1905	0.0539	NaN	0.0470	0.4069
149.0434	0.1902	0.0539	NaN	0.0470	0.4074
149.0592	0.1901	0.0539	NaN	0.0470	0.4072
149.0758	0.1904	0.0539	NaN	0.0471	0.4066
149.0984	0.1906	0.0539	NaN	0.0471	0.4058
149.1128	0.1904	0.0539	NaN	0.0471	0.4045
149.1306	0.1901	0.0539	NaN	0.0471	0.4035
149.1484	0.1903	0.0540	NaN	0.0471	0.4026
149.1651	0.1904	0.0540	NaN	0.0471	0.4027
149.1803	0.1905	0.0540	NaN	0.0471	0.4028
149.2001	0.1906	0.0540	NaN	0.0471	0.4035
149.2188	0.1905	0.0540	NaN	0.0471	0.4043
149.2352	0.1906	0.0540	NaN	0.0472	0.4050
149.2530	0.1909	0.0540	NaN	0.0472	0.4057
149.2723	0.1911	0.0541	NaN	0.0472	0.4065
149.2878	0.1912	0.0541	NaN	0.0472	0.4070
149.3039	0.1913	0.0541	NaN	0.0472	0.4066
149.3230	0.1915	0.0541	NaN	0.0472	0.4066
149.3394	0.1915	0.0541	NaN	0.0472	0.4057
149.3573	0.1916	0.0541	NaN	0.0473	0.4042
149.3732	0.1917	0.0542	NaN	0.0473	0.4038
149.3925	0.1918	0.0542	NaN	0.0473	0.4035
149.4096	0.1917	0.0542	NaN	0.0473	0.4040
149.4267	0.1917	0.0542	NaN	0.0473	0.4050
149.4461	0.1920	0.0542	NaN	0.0473	0.4060
149.4636	0.1926	0.0542	NaN	0.0473	0.4072
149.4788	0.1918	0.0542	NaN	0.0474	0.4082
149.4955	0.1916	0.0543	NaN	0.0474	0.4089
149.5144	0.1915	0.0543	NaN	0.0474	0.4087
149.5306	0.1912	0.0543	NaN	0.0474	0.4079
149.5480	0.1912	0.0543	NaN	0.0474	0.4066
149.5657	0.1915	0.0543	NaN	0.0474	0.4055
149.5830	0.1911	0.0543	NaN	0.0474	0.4051
149.6002	0.1909	0.0543	NaN	0.0474	0.4053
149.6202	0.1912	0.0543	NaN	0.0475	0.4059
149.6350	0.1914	0.0543	NaN	0.0475	0.4069
149.6522	0.1916	0.0543	NaN	0.0475	0.4082
149.6698	0.1915	0.0544	NaN	0.0475	0.4091
149.6878	0.1915	0.0544	NaN	0.0475	0.4094
149.7050	0.1917	0.0544	NaN	0.0475	0.4093
149.7201	0.1917	0.0544	NaN	0.0475	0.4087
149.7396	0.1917	0.0544	NaN	0.0475	0.4078
149.7564	0.1916	0.0544	NaN	0.0475	0.4066
149.7728	0.1915	0.0544	NaN	0.0476	0.4055
149.7914	0.1915	0.0545	NaN	0.0475	0.4048
149.8090	0.1916	0.0545	NaN	0.0476	0.4047
149.8247	0.1915	0.0545	NaN	0.0476	0.4053
149.8396	0.1915	0.0545	NaN	0.0476	0.4059
149.8598	0.1915	0.0545	NaN	0.0476	0.4066
149.8754	0.1919	0.0545	NaN	0.0476	0.4073
149.8920	0.1916	0.0545	NaN	0.0476	0.4082
149.9119	0.1921	0.0545	NaN	0.0476	0.4090
149.9280	0.1926	0.0546	NaN	0.0476	0.4092
149.9459	0.1921	0.0546	NaN	0.0477	0.4086
149.9652	0.1917	0.0546	NaN	0.0477	0.4079
149.9821	0.1921	0.0546	NaN	0.0477	0.4070
149.9987	0.1925	0.0546	NaN	0.0477	0.4063
150.0158	0.1929	0.0546	NaN	0.0477	0.4055
150.0357	0.1932	0.0546	NaN	0.0477	0.4054
150.0529	0.1929	0.0546	NaN	0.0477	0.4059
150.0701	0.1928	0.0547	NaN	0.0477	0.4066
150.0874	0.1923	0.0546	NaN	0.0478	0.4075
150.1039	0.1920	0.0547	NaN	0.0478	0.4081
150.1213	0.1924	0.0547	NaN	0.0478	0.4088
150.1396	0.1923	0.0547	NaN	0.0478	0.4095
150.1562	0.1919	0.0547	NaN	0.0478	0.4099
150.1743	0.1920	0.0547	NaN	0.0478	0.4096
150.1920	0.1919	0.0547	NaN	0.0479	0.4092
150.2100	0.1911	0.0547	NaN	0.0479	0.4080
150.2269	0.1920	0.0548	NaN	0.0478	0.4074
150.2437	0.1925	0.0548	NaN	0.0479	0.4069
150.2629	0.1922	0.0548	NaN	0.0479	0.4072
150.2807	0.1925	0.0548	NaN	0.0479	0.4076
150.2975	0.1924	0.0548	NaN	0.0479	0.4084
150.3152	0.1916	0.0548	NaN	0.0479	0.4096
150.3336	0.1917	0.0548	NaN	0.0479	0.4104
150.3483	0.1919	0.0548	NaN	0.0479	0.4112
150.3671	0.1924	0.0548	NaN	0.0479	0.4114
150.3865	0.1926	0.0549	NaN	0.0479	0.4110
150.4034	0.1929	0.0549	NaN	0.0479	0.4106
150.4198	0.1933	0.0549	NaN	0.0479	0.4097
150.4388	0.1933	0.0549	NaN	0.0480	0.4082
150.4542	0.1929	0.0549	NaN	0.0480	0.4075
150.4724	0.1938	0.0549	NaN	0.0480	0.4070
150.4899	0.1935	0.0550	NaN	0.0480	0.4073
150.5090	0.1929	0.0550	NaN	0.0480	0.4078
150.5242	0.1928	0.0549	NaN	0.0480	0.4079
150.5414	0.1931	0.0550	NaN	0.0480	0.4091
150.5596	0.1930	0.0550	NaN	0.0480	0.4100
150.5781	0.1932	0.0550	NaN	0.0480	0.4107
150.5939	0.1931	0.0550	NaN	0.0480	0.4112
150.6103	0.1930	0.0550	NaN	0.0481	0.4116
150.6295	0.1929	0.0550	NaN	0.0481	0.4115
150.6466	0.1931	0.0550	NaN	0.0481	0.4110
150.6649	0.1934	0.0551	NaN	0.0481	0.4104
150.6836	0.1932	0.0551	NaN	0.0481	0.4093
150.6987	0.1930	0.0551	NaN	0.0481	0.4082
150.7162	0.1931	0.0551	NaN	0.0482	0.4078
150.7340	0.1934	0.0551	NaN	0.0481	0.4079
150.7507	0.1934	0.0551	NaN	0.0482	0.4085
150.7681	0.1932	0.0551	NaN	0.0482	0.4095
150.7850	0.1932	0.0551	NaN	0.0482	0.4106
150.8047	0.1934	0.0552	NaN	0.0482	0.4115
150.8221	0.1937	0.0552	NaN	0.0482	0.4123
150.8377	0.1938	0.0552	NaN	0.0482	0.4128
150.8536	0.1940	0.0552	NaN	0.0482	0.4129
150.8721	0.1940	0.0552	NaN	0.0482	0.4126
150.8887	0.1937	0.0552	NaN	0.0483	0.4120
150.9080	0.1937	0.0552	NaN	0.0483	0.4110
150.9238	0.1936	0.0552	NaN	0.0483	0.4099
150.9408	0.1936	0.0552	NaN	0.0483	0.4094
150.9586	0.1936	0.0552	NaN	0.0483	0.4098
150.9788	0.1937	0.0552	NaN	0.0483	0.4109
150.9952	0.1934	0.0553	NaN	0.0483	0.4121
151.0110	0.1932	0.0553	NaN	0.0483	0.4131
151.0305	0.1931	0.0553	NaN	0.0483	0.4139
151.0485	0.1935	0.0553	NaN	0.0483	0.4144
151.0649	0.1937	0.0553	NaN	0.0483	0.4144
151.0832	0.1934	0.0553	NaN	0.0484	0.4139
151.1027	0.1939	0.0553	NaN	0.0484	0.4130
151.1195	0.1943	0.0554	NaN	0.0484	0.4123
151.1353	0.1942	0.0554	NaN	0.0484	0.4114
151.1535	0.1936	0.0554	NaN	0.0484	0.4103
151.1707	0.1933	0.0554	NaN	0.0484	0.4102
151.1891	0.1934	0.0554	NaN	0.0484	0.4105
151.2073	0.1931	0.0554	NaN	0.0484	0.4112
151.2234	0.1930	0.0554	NaN	0.0484	0.4119
151.2394	0.1932	0.0554	NaN	0.0484	0.4127
151.2560	0.1934	0.0554	NaN	0.0485	0.4133
151.2744	0.1935	0.0554	NaN	0.0485	0.4138
151.2915	0.1934	0.0554	NaN	0.0485	0.4140
151.3088	0.1933	0.0555	NaN	0.0485	0.4137
151.3270	0.1933	0.0555	NaN	0.0485	0.4130
151.3428	0.1934	0.0555	NaN	0.0485	0.4117
151.3594	0.1937	0.0555	NaN	0.0485	0.4109
151.3781	0.1938	0.0555	NaN	0.0485	0.4101
151.3941	0.1941	0.0555	NaN	0.0485	0.4098
151.4112	0.1943	0.0555	NaN	0.0485	0.4103
151.4284	0.1945	0.0555	NaN	0.0485	0.4111
151.4457	0.1945	0.0555	NaN	0.0485	0.4122
151.4629	0.1945	0.0555	NaN	0.0485	0.4131
151.4793	0.1945	0.0555	NaN	0.0485	0.4139
151.4986	0.1945	0.0555	NaN	0.0485	0.4144
151.5149	0.1944	0.0555	NaN	0.0485	0.4148
151.5304	0.1943	0.0555	NaN	0.0485	0.4151
151.5481	0.1941	0.0555	NaN	0.0485	0.4152
151.5663	0.1940	0.0555	NaN	0.0485	0.4149
151.5820	0.1939	0.0555	NaN	0.0485	0.4142
151.5985	0.1941	0.0555	NaN	0.0485	0.4134
151.6179	0.1940	0.0555	NaN	0.0485	0.4122
151.6352	0.1936	0.0555	NaN	0.0485	0.4120
151.6534	0.1934	0.0554	NaN	0.0485	0.4124
151.6716	0.1937	0.0554	NaN	0.0484	0.4130
151.6887	0.1936	0.0554	NaN	0.0484	0.4139
151.7059	0.1936	0.0554	NaN	0.0484	0.4149
151.7215	0.1934	0.0553	NaN	0.0484	0.4157
151.7398	0.1932	0.0553	NaN	0.0484	0.4162
151.7563	0.1930	0.0553	NaN	0.0483	0.4164
151.7745	0.1929	0.0552	NaN	0.0483	0.4167
151.7922	0.1931	0.0552	NaN	0.0482	0.4165
151.8104	0.1932	0.0552	NaN	0.0482	0.4160
151.8259	0.1931	0.0551	NaN	0.0482	0.4153
151.8446	0.1929	0.0550	NaN	0.0481	0.4144
151.8624	0.1928	0.0550	NaN	0.0480	0.4132
151.8785	0.1926	0.0549	NaN	0.0480	0.4125
151.8947	0.1923	0.0548	NaN	0.0479	0.4120
151.9130	0.1916	0.0547	NaN	0.0478	0.4120
151.9307	0.1911	0.0546	NaN	0.0477	0.4125
151.9472	0.1909	0.0545	NaN	0.0476	0.4129
151.9677	0.1911	0.0543	NaN	0.0475	0.4140
151.9842	0.1909	0.0542	NaN	0.0473	0.4148
152.0028	0.1910	0.0541	NaN	0.0472	0.4154
152.0221	0.1906	0.0539	NaN	0.0471	0.4160
152.0394	0.1903	0.0538	NaN	0.0469	0.4163
152.0555	0.1901	0.0536	NaN	0.0468	0.4160
152.0723	0.1897	0.0534	NaN	0.0466	0.4150
152.0904	0.1892	0.0532	NaN	0.0463	0.4142
152.1071	0.1888	0.0529	NaN	0.0461	0.4129
152.1241	0.1885	0.0527	NaN	0.0459	0.4121
152.1422	0.1885	0.0525	NaN	0.0457	0.4121
152.1600	0.1880	0.0522	NaN	0.0454	0.4123
152.1782	0.1871	0.0519	NaN	0.0452	0.4130
152.1947	0.1863	0.0516	NaN	0.0449	0.4144
152.2123	0.1855	0.0513	NaN	0.0446	0.4160
152.2309	0.1846	0.0509	NaN	0.0443	0.4169
152.2462	0.1834	0.0505	NaN	0.0439	0.4175
152.2647	0.1824	0.0501	NaN	0.0435	0.4178
152.2823	0.1813	0.0498	NaN	0.0431	0.4176
152.2989	0.1807	0.0493	NaN	0.0426	0.4170
152.3171	0.1798	0.0489	NaN	0.0422	0.4160
152.3362	0.1786	0.0483	NaN	0.0417	0.4149
152.3524	0.1778	0.0479	NaN	0.0412	0.4141
152.3700	0.1768	0.0474	NaN	0.0408	0.4137
152.3892	0.1755	0.0468	NaN	0.0402	0.4139
152.4052	0.1741	0.0462	NaN	0.0396	0.4144
152.4221	0.1729	0.0455	NaN	0.0391	0.4158
152.4394	0.1713	0.0448	NaN	0.0384	0.4170
152.4568	0.1698	0.0441	NaN	0.0378	0.4178
152.4733	0.1682	0.0434	NaN	0.0371	0.4179
152.4924	0.1664	0.0426	NaN	0.0364	0.4172
152.5080	0.1647	0.0419	NaN	0.0357	0.4162
152.5254	0.1629	0.0411	NaN	0.0351	0.4156
152.5431	0.1613	0.0403	NaN	0.0343	0.4146
152.5628	0.1595	0.0396	NaN	0.0336	0.4134
152.5800	0.1577	0.0388	NaN	0.0329	0.4133
152.5954	0.1560	0.0381	NaN	0.0323	0.4136
152.6143	0.1542	0.0373	NaN	0.0315	0.4143
152.6324	0.1526	0.0366	NaN	0.0309	0.4150
152.6520	0.1508	0.0358	NaN	0.0302	0.4160
152.6679	0.1492	0.0351	NaN	0.0296	0.4164
152.6874	0.1473	0.0343	NaN	0.0288	0.4170
152.7038	0.1452	0.0334	NaN	0.0280	0.4167
152.7208	0.1431	0.0326	NaN	0.0272	0.4158
152.7418	0.1411	0.0317	NaN	0.0265	0.4146
152.7619	0.1388	0.0309	NaN	0.0257	0.4132
152.7766	0.1366	0.0300	NaN	0.0249	0.4124
152.7950	0.1346	0.0292	NaN	0.0241	0.4124
152.8115	0.1325	0.0285	NaN	0.0235	0.4128
152.8276	0.1307	0.0277	NaN	0.0228	0.4135
152.8449	0.1288	0.0270	NaN	0.0222	0.4144
152.8637	0.1268	0.0262	NaN	0.0214	0.4154
152.8800	0.1250	0.0255	NaN	0.0208	0.4160
152.8971	0.1232	0.0248	NaN	0.0202	0.4166
152.9153	0.1213	0.0241	NaN	0.0196	0.4167
152.9327	0.1196	0.0234	NaN	0.0189	0.4162
152.9498	0.1180	0.0228	NaN	0.0184	0.4156
152.9682	0.1162	0.0221	NaN	0.0178	0.4143
152.9861	0.1147	0.0215	NaN	0.0172	0.4132
153.0017	0.1135	0.0210	NaN	0.0167	0.4129
153.0185	0.1124	0.0205	NaN	0.0163	0.4130
153.0384	0.1112	0.0200	NaN	0.0158	0.4132
153.0555	0.1103	0.0195	NaN	0.0153	0.4137
153.0713	0.1095	0.0190	NaN	0.0149	0.4147
153.0900	0.1089	0.0186	NaN	0.0145	0.4156
153.1079	0.1085	0.0182	NaN	0.0141	0.4164
153.1237	0.1081	0.0179	NaN	0.0138	0.4172
153.1404	0.1079	0.0175	NaN	0.0134	0.4176
153.1587	0.1079	0.0172	NaN	0.0131	0.4176
153.1744	0.1082	0.0170	NaN	0.0129	0.4170
153.1919	0.1086	0.0168	NaN	0.0126	0.4161
153.2099	0.1092	0.0165	NaN	0.0124	0.4149
153.2278	0.1107	0.0164	NaN	0.0121	0.4140
153.2443	0.1138	0.0163	NaN	0.0119	0.4138
153.2635	0.1209	0.0163	NaN	0.0117	0.4139
153.2815	0.1339	0.0166	NaN	0.0116	0.4145
153.2958	0.1650	0.0175	NaN	0.0114	0.4150
153.3136	0.2515	0.0206	NaN	0.0113	0.4156
153.3325	0.3080	0.0224	NaN	0.0112	0.4163
153.3499	0.2183	0.0192	NaN	0.0112	0.4171
153.3661	0.1874	0.0180	NaN	0.0111	0.4174
153.3861	0.1911	0.0182	NaN	0.0111	0.4173
153.4016	0.2140	0.0190	NaN	0.0111	0.4160
153.4207	0.2706	0.0210	NaN	0.0111	0.4146
153.4376	0.3916	0.0254	NaN	0.0112	0.4140
153.4551	0.5935	0.0327	NaN	0.0113	0.4139
153.4706	0.6378	0.0344	NaN	0.0114	0.4149
153.4877	0.4748	0.0286	NaN	0.0114	0.4159
153.5055	0.4083	0.0263	NaN	0.0115	0.4164
153.5219	0.5128	0.0302	NaN	0.0116	0.4168
153.5392	0.6718	0.0360	NaN	0.0118	0.4177
153.5578	0.4818	0.0294	NaN	0.0119	0.4182
153.5760	0.3404	0.0245	NaN	0.0121	0.4185
153.5934	0.3035	0.0233	NaN	0.0123	0.4185
153.6092	0.3022	0.0235	NaN	0.0125	0.4179
153.6293	0.2495	0.0219	NaN	0.0128	0.4174
153.6473	0.2352	0.0217	NaN	0.0130	0.4167
153.6635	0.2649	0.0230	NaN	0.0133	0.4158
153.6830	0.2981	0.0245	NaN	0.0137	0.4152
153.6985	0.2358	0.0226	NaN	0.0140	0.4151
153.7162	0.1954	0.0216	NaN	0.0144	0.4156
153.7352	0.1850	0.0216	NaN	0.0148	0.4167
153.7526	0.1862	0.0220	NaN	0.0152	0.4178
153.7692	0.1660	0.0218	NaN	0.0157	0.4185
153.7855	0.1543	0.0218	NaN	0.0161	0.4193
153.8053	0.1485	0.0221	NaN	0.0166	0.4201
153.8192	0.1461	0.0225	NaN	0.0170	0.4206
153.8369	0.1452	0.0229	NaN	0.0175	0.4206
153.8561	0.1451	0.0234	NaN	0.0180	0.4201
153.8726	0.1455	0.0239	NaN	0.0185	0.4201
153.8886	0.1465	0.0245	NaN	0.0190	0.4196
153.9087	0.1477	0.0251	NaN	0.0197	0.4186
153.9246	0.1489	0.0257	NaN	0.0202	0.4181
153.9422	0.1504	0.0264	NaN	0.0208	0.4179
153.9586	0.1522	0.0271	NaN	0.0214	0.4178
153.9771	0.1545	0.0278	NaN	0.0221	0.4181
153.9943	0.1568	0.0287	NaN	0.0228	0.4187
154.0094	0.1591	0.0294	NaN	0.0235	0.4196
154.0294	0.1614	0.0303	NaN	0.0243	0.4209
154.0455	0.1632	0.0311	NaN	0.0250	0.4219
154.0632	0.1656	0.0319	NaN	0.0258	0.4225
154.0820	0.1683	0.0329	NaN	0.0266	0.4226
154.0979	0.1705	0.0337	NaN	0.0274	0.4221
154.1149	0.1723	0.0345	NaN	0.0281	0.4209
154.1328	0.1741	0.0352	NaN	0.0288	0.4199
154.1515	0.1758	0.0360	NaN	0.0295	0.4192
154.1684	0.1774	0.0368	NaN	0.0302	0.4188
154.1844	0.1796	0.0375	NaN	0.0309	0.4190
154.2021	0.1817	0.0383	NaN	0.0316	0.4198
154.2202	0.1831	0.0389	NaN	0.0322	0.4206
154.2365	0.1843	0.0396	NaN	0.0328	0.4216
154.2529	0.1856	0.0404	NaN	0.0335	0.4226
154.2712	0.1873	0.0411	NaN	0.0342	0.4230
154.2893	0.1886	0.0420	NaN	0.0350	0.4236
154.3046	0.1899	0.0427	NaN	0.0357	0.4239
154.3244	0.1911	0.0434	NaN	0.0364	0.4241
154.3399	0.1922	0.0442	NaN	0.0370	0.4242
154.3585	0.1934	0.0449	NaN	0.0377	0.4243
154.3765	0.1942	0.0456	NaN	0.0384	0.4235
154.3937	0.1947	0.0462	NaN	0.0390	0.4216
154.4103	0.1952	0.0468	NaN	0.0395	0.4211
154.4270	0.1953	0.0474	NaN	0.0401	0.4217
154.4474	0.1962	0.0479	NaN	0.0406	0.4231
154.4627	0.1965	0.0484	NaN	0.0411	0.4246
154.4787	0.1968	0.0489	NaN	0.0416	0.4253
154.4978	0.1969	0.0493	NaN	0.0421	0.4259
154.5179	0.1969	0.0498	NaN	0.0425	0.4258
154.5352	0.1977	0.0501	NaN	0.0429	0.4254
154.5552	0.1983	0.0505	NaN	0.0433	0.4252
154.5718	0.1982	0.0508	NaN	0.0437	0.4254
154.5879	0.1979	0.0511	NaN	0.0440	0.4245
154.6044	0.1981	0.0514	NaN	0.0443	0.4242
154.6225	0.1972	0.0517	NaN	0.0446	0.4229
154.6395	0.1969	0.0520	NaN	0.0449	0.4227
154.6563	0.1970	0.0522	NaN	0.0451	0.4229
154.6737	0.1966	0.0524	NaN	0.0454	0.4231
154.6907	0.1960	0.0526	NaN	0.0456	0.4235
154.7057	0.1961	0.0528	NaN	0.0457	0.4238
154.7234	0.1953	0.0529	NaN	0.0459	0.4249
154.7434	0.1961	0.0531	NaN	0.0461	0.4247
154.7606	0.1961	0.0532	NaN	0.0462	0.4256
154.7754	0.1957	0.0533	NaN	0.0463	0.4262
154.7952	0.1954	0.0534	NaN	0.0463	0.4261
154.8130	0.1951	0.0534	NaN	0.0464	0.4267
154.8311	0.1946	0.0535	NaN	0.0465	0.4272
154.8503	0.1936	0.0535	NaN	0.0465	0.4281
154.8652	0.1933	0.0534	NaN	0.0465	0.4287
154.8829	0.1929	0.0534	NaN	0.0465	0.4288
154.8987	0.1924	0.0533	NaN	0.0464	0.4280
154.9185	0.1920	0.0533	NaN	0.0464	0.4268
154.9345	0.1914	0.0532	NaN	0.0463	0.4257
154.9517	0.1907	0.0531	NaN	0.0462	0.4251
154.9706	0.1898	0.0529	NaN	0.0461	0.4250
154.9868	0.1896	0.0528	NaN	0.0460	0.4251
155.0035	0.1885	0.0527	NaN	0.0459	0.4252
155.0233	0.1879	0.0525	NaN	0.0457	0.4256
155.0394	0.1876	0.0523	NaN	0.0456	0.4256
155.0572	0.1866	0.0521	NaN	0.0454	0.4257
155.0732	0.1858	0.0519	NaN	0.0452	0.4264
155.0920	0.1851	0.0516	NaN	0.0450	0.4274
155.1090	0.1848	0.0514	NaN	0.0447	0.4283
155.1262	0.1842	0.0511	NaN	0.0444	0.4287
155.1452	0.1829	0.0507	NaN	0.0441	0.4280
155.1614	0.1823	0.0504	NaN	0.0438	0.4260
155.1799	0.1816	0.0502	NaN	0.0435	0.4251
155.1968	0.1812	0.0499	NaN	0.0432	0.4256
155.2150	0.1801	0.0496	NaN	0.0429	0.4270
155.2312	0.1787	0.0492	NaN	0.0426	0.4284
155.2490	0.1778	0.0489	NaN	0.0423	0.4293
155.2663	0.1761	0.0485	NaN	0.0419	0.4295
155.2824	0.1756	0.0481	NaN	0.0416	0.4295
155.3026	0.1747	0.0478	NaN	0.0412	0.4294
155.3205	0.1736	0.0473	NaN	0.0408	0.4290
155.3368	0.1731	0.0469	NaN	0.0404	0.4277
155.3515	0.1721	0.0465	NaN	0.0401	0.4264
155.3684	0.1711	0.0462	NaN	0.0398	0.4263
155.3856	0.1701	0.0457	NaN	0.0394	0.4268
155.4025	0.1691	0.0453	NaN	0.0390	0.4277
155.4185	0.1682	0.0449	NaN	0.0386	0.4287
155.4384	0.1668	0.0444	NaN	0.0382	0.4296
155.4556	0.1663	0.0440	NaN	0.0378	0.4306
155.4740	0.1659	0.0437	NaN	0.0375	0.4311
155.4936	0.1648	0.0432	NaN	0.0371	0.4313
155.5123	0.1638	0.0428	NaN	0.0367	0.4312
155.5289	0.1632	0.0425	NaN	0.0364	0.4310
155.5445	0.1622	0.0421	NaN	0.0361	0.4303
155.5644	0.1611	0.0418	NaN	0.0358	0.4297
155.5790	0.1604	0.0414	NaN	0.0355	0.4287
155.5965	0.1598	0.0411	NaN	0.0351	0.4279
155.6156	0.1592	0.0407	NaN	0.0348	0.4277
155.6333	0.1592	0.0404	NaN	0.0345	0.4280
155.6495	0.1584	0.0401	NaN	0.0342	0.4287
155.6659	0.1573	0.0397	NaN	0.0339	0.4293
155.6847	0.1566	0.0394	NaN	0.0335	0.4301
155.7005	0.1559	0.0391	NaN	0.0332	0.4308
155.7170	0.1553	0.0388	NaN	0.0330	0.4316
155.7345	0.1548	0.0385	NaN	0.0328	0.4317
155.7526	0.1545	0.0382	NaN	0.0325	0.4311
155.7700	0.1543	0.0380	NaN	0.0323	0.4303
155.7892	0.1540	0.0378	NaN	0.0320	0.4296
155.8059	0.1538	0.0375	NaN	0.0318	0.4288
155.8225	0.1539	0.0373	NaN	0.0316	0.4277
155.8394	0.1542	0.0371	NaN	0.0314	0.4277
155.8574	0.1549	0.0370	NaN	0.0312	0.4284
155.8738	0.1559	0.0368	NaN	0.0311	0.4290
155.8935	0.1581	0.0368	NaN	0.0309	0.4295
155.9111	0.1626	0.0368	NaN	0.0308	0.4306
155.9284	0.1713	0.0370	NaN	0.0306	0.4315
155.9449	0.1906	0.0375	NaN	0.0305	0.4321
155.9635	0.2463	0.0394	NaN	0.0304	0.4324
155.9798	0.3120	0.0417	NaN	0.0303	0.4326
155.9966	0.2411	0.0391	NaN	0.0303	0.4324
156.0145	0.1974	0.0375	NaN	0.0302	0.4315
156.0342	0.1794	0.0368	NaN	0.0302	0.4302
156.0501	0.1733	0.0366	NaN	0.0302	0.4297
156.0657	0.1714	0.0365	NaN	0.0302	0.4298
156.0851	0.1714	0.0365	NaN	0.0302	0.4302
156.1012	0.1726	0.0366	NaN	0.0302	0.4307
156.1188	0.1747	0.0367	NaN	0.0303	0.4316
156.1378	0.1783	0.0369	NaN	0.0303	0.4324
156.1542	0.1831	0.0372	NaN	0.0304	0.4336
156.1706	0.1903	0.0375	NaN	0.0305	0.4341
156.1882	0.2010	0.0380	NaN	0.0306	0.4348
156.2057	0.2172	0.0387	NaN	0.0307	0.4348
156.2227	0.2394	0.0397	NaN	0.0309	0.4341
156.2405	0.2775	0.0412	NaN	0.0311	0.4333
156.2586	0.3420	0.0437	NaN	0.0313	0.4319
156.2765	0.4375	0.0473	NaN	0.0315	0.4316
156.2928	0.5272	0.0506	NaN	0.0317	0.4319
156.3098	0.5025	0.0500	NaN	0.0319	0.4323
156.3295	0.3956	0.0464	NaN	0.0320	0.4328
156.3466	0.3181	0.0437	NaN	0.0321	0.4337
156.3637	0.2718	0.0423	NaN	0.0323	0.4347
156.3816	0.2458	0.0415	NaN	0.0325	0.4359
156.3982	0.2329	0.0413	NaN	0.0328	0.4364
156.4177	0.2295	0.0414	NaN	0.0330	0.4364
156.4351	0.2370	0.0420	NaN	0.0333	0.4359
156.4519	0.2609	0.0431	NaN	0.0335	0.4351
156.4688	0.3201	0.0455	NaN	0.0338	0.4340
156.4842	0.4261	0.0495	NaN	0.0341	0.4336
156.5023	0.4089	0.0492	NaN	0.0344	0.4333
156.5176	0.2998	0.0456	NaN	0.0347	0.4330
156.5353	0.2548	0.0443	NaN	0.0350	0.4329
156.5537	0.2359	0.0440	NaN	0.0353	0.4330
156.5697	0.2322	0.0441	NaN	0.0356	0.4335
156.5879	0.2368	0.0446	NaN	0.0359	0.4343
156.6074	0.2515	0.0454	NaN	0.0362	0.4356
156.6246	0.2708	0.0464	NaN	0.0365	0.4365
156.6407	0.2540	0.0462	NaN	0.0368	0.4372
156.6576	0.2317	0.0457	NaN	0.0371	0.4375
156.6770	0.2198	0.0456	NaN	0.0374	0.4370
156.6948	0.2141	0.0457	NaN	0.0378	0.4359
156.7107	0.2122	0.0460	NaN	0.0382	0.4349
156.7278	0.2131	0.0464	NaN	0.0385	0.4343
156.7464	0.2166	0.0468	NaN	0.0388	0.4345
156.7613	0.2232	0.0474	NaN	0.0391	0.4349
156.7783	0.2368	0.0482	NaN	0.0394	0.4357
156.7973	0.2672	0.0496	NaN	0.0398	0.4369
156.8137	0.2855	0.0504	NaN	0.0401	0.4378
156.8307	0.2509	0.0497	NaN	0.0405	0.4388
156.8494	0.2295	0.0492	NaN	0.0408	0.4396
156.8659	0.2200	0.0492	NaN	0.0411	0.4396
156.8817	0.2147	0.0493	NaN	0.0414	0.4397
156.9004	0.2116	0.0495	NaN	0.0417	0.4393
156.9165	0.2103	0.0497	NaN	0.0420	0.4384
156.9374	0.2101	0.0500	NaN	0.0423	0.4372
156.9515	0.2108	0.0503	NaN	0.0426	0.4369
156.9690	0.2130	0.0506	NaN	0.0428	0.4368
156.9856	0.2187	0.0511	NaN	0.0431	0.4371
157.0038	0.2261	0.0516	NaN	0.0434	0.4377
157.0216	0.2183	0.0516	NaN	0.0437	0.4379
157.0386	0.2120	0.0516	NaN	0.0440	0.4379
157.0542	0.2090	0.0518	NaN	0.0443	0.4388
157.0745	0.2073	0.0520	NaN	0.0446	0.4399
157.0917	0.2067	0.0523	NaN	0.0449	0.4405
157.1092	0.2064	0.0526	NaN	0.0451	0.4413
157.1248	0.2063	0.0528	NaN	0.0454	0.4418
157.1460	0.2062	0.0531	NaN	0.0457	0.4421
157.1630	0.2061	0.0533	NaN	0.0459	0.4420
157.1793	0.2060	0.0536	NaN	0.0462	0.4421
157.1982	0.2060	0.0538	NaN	0.0464	0.4417
157.2159	0.2060	0.0540	NaN	0.0467	0.4402
157.2338	0.2061	0.0543	NaN	0.0469	0.4391
157.2498	0.2062	0.0545	NaN	0.0471	0.4390
157.2699	0.2062	0.0547	NaN	0.0473	0.4387
157.2879	0.2061	0.0549	NaN	0.0475	0.4387
157.3038	0.2063	0.0551	NaN	0.0477	0.4392
157.3213	0.2065	0.0553	NaN	0.0478	0.4401
157.3376	0.2066	0.0554	NaN	0.0480	0.4406
157.3556	0.2066	0.0556	NaN	0.0482	0.4410
157.3739	0.2066	0.0558	NaN	0.0484	0.4418
157.3906	0.2066	0.0560	NaN	0.0485	0.4425
157.4078	0.2065	0.0561	NaN	0.0487	0.4429
157.4245	0.2063	0.0563	NaN	0.0489	0.4428
157.4412	0.2060	0.0565	NaN	0.0491	0.4415
157.4614	0.2059	0.0566	NaN	0.0492	0.4403
157.4761	0.2059	0.0568	NaN	0.0494	0.4395
157.4953	0.2057	0.0570	NaN	0.0495	0.4393
157.5108	0.2056	0.0571	NaN	0.0497	0.4397
157.5291	0.2054	0.0572	NaN	0.0498	0.4407
157.5476	0.2053	0.0573	NaN	0.0499	0.4419
157.5641	0.2051	0.0574	NaN	0.0500	0.4429
157.5816	0.2049	0.0575	NaN	0.0501	0.4436
157.5991	0.2049	0.0577	NaN	0.0502	0.4441
157.6174	0.2050	0.0578	NaN	0.0503	0.4445
157.6329	0.2051	0.0579	NaN	0.0504	0.4447
157.6507	0.2045	0.0580	NaN	0.0504	0.4447
157.6698	0.2041	0.0581	NaN	0.0506	0.4437
157.6863	0.2041	0.0582	NaN	0.0507	0.4428
157.7048	0.2041	0.0583	NaN	0.0508	0.4420
157.7213	0.2042	0.0584	NaN	0.0509	0.4417
157.7390	0.2042	0.0585	NaN	0.0509	0.4422
157.7562	0.2042	0.0586	NaN	0.0510	0.4429
157.7717	0.2039	0.0586	NaN	0.0511	0.4438
157.7882	0.2035	0.0587	NaN	0.0512	0.4448
157.8023	0.2036	0.0588	NaN	0.0513	0.4461
157.8194	0.2031	0.0589	NaN	0.0514	0.4466
157.8388	0.2030	0.0589	NaN	0.0514	0.4465
157.8549	0.2030	0.0590	NaN	0.0515	0.4455
157.8722	0.2033	0.0591	NaN	0.0516	0.4442
157.8890	0.2031	0.0591	NaN	0.0516	0.4435
157.9069	0.2032	0.0592	NaN	0.0517	0.4430
157.9241	0.2033	0.0592	NaN	0.0518	0.4427
157.9414	0.2031	0.0593	NaN	0.0518	0.4424
157.9597	0.2031	0.0593	NaN	0.0518	0.4427
157.9771	0.2031	0.0594	NaN	0.0519	0.4430
157.9926	0.2031	0.0594	NaN	0.0519	0.4441
158.0117	0.2034	0.0595	NaN	0.0520	0.4443
158.0297	0.2032	0.0595	NaN	0.0520	0.4447
158.0459	0.2035	0.0596	NaN	0.0521	0.4452
158.0630	0.2034	0.0596	NaN	0.0521	0.4458
158.0806	0.2035	0.0596	NaN	0.0521	0.4463
158.0973	0.2032	0.0597	NaN	0.0522	0.4466
158.1153	0.2030	0.0597	NaN	0.0522	0.4466
158.1342	0.2028	0.0597	NaN	0.0522	0.4459
158.1532	0.2026	0.0597	NaN	0.0522	0.4447
158.1698	0.2027	0.0597	NaN	0.0523	0.4439
158.1884	0.2028	0.0598	NaN	0.0523	0.4434
158.2052	0.2029	0.0598	NaN	0.0523	0.4435
158.2217	0.2030	0.0598	NaN	0.0523	0.4438
158.2400	0.2029	0.0598	NaN	0.0524	0.4444
158.2590	0.2028	0.0599	NaN	0.0524	0.4455
158.2758	0.2029	0.0599	NaN	0.0524	0.4461
158.2905	0.2028	0.0599	NaN	0.0524	0.4469
158.3093	0.2029	0.0599	NaN	0.0524	0.4474
158.3268	0.2028	0.0599	NaN	0.0525	0.4479
158.3432	0.2027	0.0600	NaN	0.0525	0.4483
158.3604	0.2029	0.0600	NaN	0.0525	0.4483
158.3793	0.2031	0.0600	NaN	0.0525	0.4478
158.3963	0.2031	0.0600	NaN	0.0525	0.4470
158.4122	0.2031	0.0600	NaN	0.0525	0.4457
158.4311	0.2030	0.0601	NaN	0.0526	0.4452
158.4478	0.2031	0.0601	NaN	0.0526	0.4455
158.4645	0.2031	0.0601	NaN	0.0526	0.4460
158.4834	0.2031	0.0601	NaN	0.0526	0.4463
158.5012	0.2032	0.0601	NaN	0.0526	0.4469
158.5180	0.2031	0.0601	NaN	0.0526	0.4477
158.5335	0.2030	0.0602	NaN	0.0527	0.4485
158.5520	0.2030	0.0602	NaN	0.0527	0.4494
158.5707	0.2030	0.0602	NaN	0.0527	0.4500
158.5867	0.2031	0.0602	NaN	0.0527	0.4502
158.6043	0.2029	0.0602	NaN	0.0527	0.4497
158.6215	0.2028	0.0602	NaN	0.0527	0.4488
158.6402	0.2028	0.0603	NaN	0.0527	0.4482
158.6590	0.2029	0.0603	NaN	0.0528	0.4473
158.6746	0.2030	0.0603	NaN	0.0528	0.4470
158.6915	0.2031	0.0603	NaN	0.0528	0.4471
158.7075	0.2029	0.0603	NaN	0.0528	0.4474
158.7272	0.2032	0.0603	NaN	0.0528	0.4480
158.7423	0.2035	0.0604	NaN	0.0529	0.4489
158.7619	0.2036	0.0604	NaN	0.0529	0.4496
158.7801	0.2036	0.0604	NaN	0.0529	0.4504
158.7952	0.2037	0.0604	NaN	0.0529	0.4510
158.8135	0.2038	0.0604	NaN	0.0529	0.4510
158.8300	0.2037	0.0604	NaN	0.0529	0.4506
158.8481	0.2037	0.0604	NaN	0.0529	0.4499
158.8656	0.2038	0.0604	NaN	0.0529	0.4489
158.8819	0.2036	0.0604	NaN	0.0529	0.4479
158.8999	0.2036	0.0605	NaN	0.0529	0.4477
158.9158	0.2037	0.0605	NaN	0.0529	0.4473
158.9321	0.2039	0.0605	NaN	0.0530	0.4474
158.9514	0.2041	0.0605	NaN	0.0529	0.4474
158.9677	0.2041	0.0605	NaN	0.0530	0.4471
158.9857	0.2041	0.0605	NaN	0.0530	0.4477
159.0018	0.2041	0.0605	NaN	0.0530	0.4480
159.0226	0.2041	0.0605	NaN	0.0530	0.4485
159.0390	0.2039	0.0605	NaN	0.0530	0.4490
159.0552	0.2039	0.0605	NaN	0.0530	0.4493
159.0726	0.2043	0.0605	NaN	0.0530	0.4495
159.0896	0.2044	0.0605	NaN	0.0530	0.4504
159.1078	0.2043	0.0605	NaN	0.0530	0.4512
159.1262	0.2040	0.0606	NaN	0.0530	0.4518
159.1425	0.2038	0.0605	NaN	0.0530	0.4518
159.1604	0.2038	0.0606	NaN	0.0530	0.4517
159.1771	0.2038	0.0606	NaN	0.0530	0.4508
159.1951	0.2040	0.0606	NaN	0.0530	0.4495
159.2130	0.2040	0.0606	NaN	0.0531	0.4492
159.2303	0.2040	0.0606	NaN	0.0531	0.4490
159.2482	0.2040	0.0606	NaN	0.0531	0.4491
159.2655	0.2040	0.0606	NaN	0.0531	0.4496
159.2829	0.2040	0.0606	NaN	0.0531	0.4503
159.2994	0.2040	0.0607	NaN	0.0531	0.4507
159.3184	0.2039	0.0607	NaN	0.0531	0.4503
159.3342	0.2040	0.0607	NaN	0.0531	0.4510
159.3518	0.2042	0.0607	NaN	0.0531	0.4517
159.3697	0.2043	0.0607	NaN	0.0531	0.4532
159.3868	0.2044	0.0607	NaN	0.0532	0.4535
159.4026	0.2043	0.0607	NaN	0.0532	0.4537
159.4227	0.2041	0.0608	NaN	0.0532	0.4534
159.4395	0.2041	0.0607	NaN	0.0532	0.4530
159.4559	0.2040	0.0608	NaN	0.0532	0.4517
159.4736	0.2040	0.0608	NaN	0.0532	0.4522
159.4928	0.2039	0.0608	NaN	0.0532	0.4508
159.5103	0.2039	0.0608	NaN	0.0532	0.4509
159.5258	0.2040	0.0608	NaN	0.0532	0.4513
159.5464	0.2041	0.0608	NaN	0.0533	0.4522
159.5602	0.2042	0.0608	NaN	0.0533	0.4536
159.5785	0.2044	0.0609	NaN	0.0533	0.4540
159.5974	0.2041	0.0608	NaN	0.0533	0.4543
159.6139	0.2040	0.0609	NaN	0.0533	0.4545
159.6309	0.2041	0.0609	NaN	0.0533	0.4544
159.6466	0.2041	0.0609	NaN	0.0533	0.4533
159.6644	0.2039	0.0609	NaN	0.0533	0.4522
159.6822	0.2041	0.0609	NaN	0.0533	0.4513
159.6985	0.2043	0.0609	NaN	0.0533	0.4507
159.7169	0.2044	0.0609	NaN	0.0533	0.4508
159.7343	0.2047	0.0609	NaN	0.0533	0.4509
159.7505	0.2048	0.0609	NaN	0.0533	0.4516
159.7683	0.2049	0.0609	NaN	0.0533	0.4527
159.7868	0.2051	0.0609	NaN	0.0533	0.4541
159.8047	0.2052	0.0609	NaN	0.0533	0.4547
159.8209	0.2053	0.0609	NaN	0.0533	0.4547
159.8393	0.2051	0.0609	NaN	0.0533	0.4542
159.8566	0.2048	0.0609	NaN	0.0534	0.4533
159.8719	0.2047	0.0610	NaN	0.0534	0.4526
159.8905	0.2047	0.0610	NaN	0.0534	0.4521
159.9082	0.2046	0.0610	NaN	0.0534	0.4517
159.9239	0.2027	0.0609	NaN	0.0534	0.4516
159.9397	0.2048	0.0610	NaN	0.0534	0.4518
159.9602	0.2050	0.0610	NaN	0.0534	0.4521
159.9774	0.2050	0.0610	NaN	0.0534	0.4527
159.9945	0.2050	0.0610	NaN	0.0534	0.4536
160.0135	0.2050	0.0610	NaN	0.0534	0.4545
160.0316	0.2050	0.0611	NaN	0.0534	0.4556
160.0498	0.2051	0.0611	NaN	0.0535	0.4563
160.0691	0.2054	0.0611	NaN	0.0535	0.4563
160.0844	0.2055	0.0611	NaN	0.0535	0.4555
160.1007	0.2052	0.0611	NaN	0.0535	0.4545
160.1180	0.2049	0.0611	NaN	0.0535	0.4537
160.1366	0.2049	0.0611	NaN	0.0535	0.4532
160.1536	0.2051	0.0612	NaN	0.0535	0.4534
160.1706	0.2048	0.0611	NaN	0.0535	0.4542
160.1895	0.2046	0.0612	NaN	0.0536	0.4552
160.2063	0.2043	0.0612	NaN	0.0536	0.4560
160.2235	0.2043	0.0612	NaN	0.0536	0.4565
160.2408	0.2042	0.0612	NaN	0.0536	0.4571
160.2591	0.2043	0.0612	NaN	0.0536	0.4573
160.2750	0.2044	0.0612	NaN	0.0536	0.4577
160.2921	0.2044	0.0612	NaN	0.0536	0.4579
160.3111	0.2047	0.0612	NaN	0.0536	0.4572
160.3271	0.2043	0.0612	NaN	0.0536	0.4574
160.3437	0.2044	0.0612	NaN	0.0536	0.4567
160.3630	0.2046	0.0612	NaN	0.0537	0.4559
160.3800	0.2044	0.0612	NaN	0.0537	0.4552
160.3964	0.2044	0.0612	NaN	0.0537	0.4549
160.4141	0.2043	0.0613	NaN	0.0537	0.4550
160.4329	0.2045	0.0613	NaN	0.0537	0.4553
160.4503	0.2044	0.0613	NaN	0.0537	0.4559
160.4654	0.2044	0.0613	NaN	0.0537	0.4566
160.4840	0.2041	0.0613	NaN	0.0537	0.4572
160.4997	0.2041	0.0613	NaN	0.0537	0.4579
160.5194	0.2038	0.0613	NaN	0.0537	0.4586
160.5378	0.2038	0.0613	NaN	0.0537	0.4588
160.5547	0.2041	0.0613	NaN	0.0537	0.4585
160.5711	0.2043	0.0613	NaN	0.0538	0.4578
160.5890	0.2045	0.0614	NaN	0.0538	0.4568
160.6063	0.2047	0.0613	NaN	0.0538	0.4565
160.6225	0.2047	0.0614	NaN	0.0538	0.4548
160.6404	0.2044	0.0614	NaN	0.0538	0.4545
160.6603	0.2042	0.0614	NaN	0.0538	0.4548
160.6755	0.2043	0.0614	NaN	0.0538	0.4553
160.6913	0.2047	0.0614	NaN	0.0538	0.4559
160.7093	0.2045	0.0614	NaN	0.0538	0.4564
160.7271	0.2048	0.0614	NaN	0.0538	0.4572
160.7430	0.2052	0.0614	NaN	0.0538	0.4579
160.7596	0.2059	0.0614	NaN	0.0538	0.4588
160.7795	0.2061	0.0615	NaN	0.0538	0.4590
160.7952	0.2065	0.0615	NaN	0.0538	0.4593
160.8104	0.2066	0.0615	NaN	0.0538	0.4593
160.8288	0.2068	0.0615	NaN	0.0538	0.4588
160.8452	0.2067	0.0615	NaN	0.0538	0.4583
160.8628	0.2069	0.0615	NaN	0.0538	0.4573
160.8806	0.2071	0.0615	NaN	0.0538	0.4568
160.8982	0.2073	0.0616	NaN	0.0539	0.4564
160.9150	0.2073	0.0616	NaN	0.0539	0.4562
160.9339	0.2070	0.0616	NaN	0.0539	0.4564
160.9550	0.2068	0.0616	NaN	0.0539	0.4572
160.9721	0.2069	0.0616	NaN	0.0539	0.4580
160.9911	0.2068	0.0616	NaN	0.0539	0.4589
161.0094	0.2067	0.0616	NaN	0.0539	0.4598
161.0269	0.2068	0.0616	NaN	0.0540	0.4605
161.0444	0.2069	0.0616	NaN	0.0540	0.4610
161.0604	0.2068	0.0616	NaN	0.0540	0.4613
161.0772	0.2069	0.0616	NaN	0.0539	0.4613
161.0947	0.2068	0.0616	NaN	0.0540	0.4611
161.1130	0.2068	0.0617	NaN	0.0540	0.4607
161.1302	0.2067	0.0617	NaN	0.0540	0.4597
161.1463	0.2067	0.0617	NaN	0.0540	0.4589
161.1639	0.2064	0.0617	NaN	0.0540	0.4584
161.1827	0.2061	0.0617	NaN	0.0540	0.4581
161.1993	0.2064	0.0617	NaN	0.0540	0.4581
161.2148	0.2067	0.0617	NaN	0.0540	0.4583
161.2330	0.2067	0.0617	NaN	0.0540	0.4587
161.2506	0.2069	0.0617	NaN	0.0540	0.4595
161.2658	0.2069	0.0617	NaN	0.0540	0.4599
161.2830	0.2067	0.0617	NaN	0.0541	0.4605
161.3019	0.2068	0.0617	NaN	0.0541	0.4612
161.3185	0.2067	0.0617	NaN	0.0541	0.4618
161.3362	0.2065	0.0617	NaN	0.0541	0.4621
161.3515	0.2065	0.0617	NaN	0.0541	0.4617
161.3720	0.2066	0.0617	NaN	0.0541	0.4611
161.3894	0.2069	0.0617	NaN	0.0541	0.4603
161.4061	0.2069	0.0617	NaN	0.0541	0.4593
161.4244	0.2069	0.0618	NaN	0.0541	0.4584
161.4424	0.2072	0.0618	NaN	0.0541	0.4580
161.4569	0.2075	0.0618	NaN	0.0541	0.4578
161.4761	0.2073	0.0618	NaN	0.0541	0.4579
161.4927	0.2071	0.0618	NaN	0.0541	0.4584
161.5094	0.2070	0.0618	NaN	0.0541	0.4589
161.5277	0.2072	0.0618	NaN	0.0541	0.4598
161.5456	0.2073	0.0618	NaN	0.0541	0.4606
161.5624	0.2074	0.0619	NaN	0.0542	0.4613
161.5790	0.2076	0.0619	NaN	0.0541	0.4622
161.5966	0.2075	0.0619	NaN	0.0542	0.4626
161.6131	0.2073	0.0619	NaN	0.0542	0.4626
161.6331	0.2073	0.0619	NaN	0.0542	0.4624
161.6493	0.2077	0.0619	NaN	0.0542	0.4616
161.6644	0.2080	0.0619	NaN	0.0542	0.4611
161.6817	0.2083	0.0619	NaN	0.0542	0.4605
161.7001	0.2084	0.0619	NaN	0.0542	0.4595
161.7191	0.2084	0.0619	NaN	0.0542	0.4594
161.7368	0.2086	0.0620	NaN	0.0542	0.4595
161.7518	0.2087	0.0620	NaN	0.0542	0.4598
161.7720	0.2083	0.0620	NaN	0.0543	0.4602
161.7867	0.2083	0.0620	NaN	0.0543	0.4607
161.8039	0.2081	0.0620	NaN	0.0543	0.4613
161.8206	0.2086	0.0620	NaN	0.0543	0.4619
161.8389	0.2085	0.0620	NaN	0.0543	0.4626
161.8561	0.2083	0.0620	NaN	0.0543	0.4633
161.8740	0.2082	0.0620	NaN	0.0543	0.4638
161.8931	0.2085	0.0620	NaN	0.0543	0.4641
161.9125	0.2085	0.0621	NaN	0.0543	0.4647
161.9292	0.2085	0.0621	NaN	0.0543	0.4649
161.9483	0.2079	0.0621	NaN	0.0543	0.4648
161.9641	0.2080	0.0621	NaN	0.0544	0.4643
161.9814	0.2080	0.0621	NaN	0.0543	0.4636
161.9975	0.2079	0.0621	NaN	0.0544	0.4632
162.0171	0.2077	0.0621	NaN	0.0544	0.4620
162.0331	0.2080	0.0621	NaN	0.0544	0.4614
162.0509	0.2082	0.0621	NaN	0.0544	0.4614
162.0694	0.2085	0.0621	NaN	0.0544	0.4617
162.0873	0.2086	0.0622	NaN	0.0544	0.4619
162.1034	0.2087	0.0622	NaN	0.0544	0.4626
162.1205	0.2086	0.0622	NaN	0.0544	0.4631
162.1368	0.2089	0.0622	NaN	0.0544	0.4636
162.1569	0.2091	0.0622	NaN	0.0544	0.4640
162.1718	0.2089	0.0622	NaN	0.0544	0.4644
162.1892	0.2089	0.0622	NaN	0.0544	0.4648
162.2073	0.2091	0.0622	NaN	0.0544	0.4650
162.2226	0.2172	0.0619	NaN	0.0538	0.4564
162.2414	0.2181	0.0616	NaN	0.0535	0.4535
162.2600	0.2179	0.0614	NaN	0.0533	0.4528
162.2782	0.2179	0.0614	NaN	0.0533	0.4527
162.2963	0.2171	0.0609	NaN	0.0529	0.4511
162.3124	0.2174	0.0609	NaN	0.0529	0.4513
162.3284	0.2174	0.0607	NaN	0.0527	0.4506
162.3439	0.2170	0.0605	NaN	0.0525	0.4504
162.3633	0.2175	0.0605	NaN	0.0524	0.4502
162.3823	0.2172	0.0602	NaN	0.0522	0.4497
162.3986	0.2169	0.0601	NaN	0.0521	0.4496
162.4167	0.2178	0.0600	NaN	0.0519	0.4493
162.4336	0.2187	0.0598	NaN	0.0517	0.4495
162.4503	0.2180	0.0595	NaN	0.0515	0.4488
162.4667	0.2189	0.0592	NaN	0.0511	0.4490
162.4839	0.2200	0.0588	NaN	0.0507	0.4492
162.5012	0.2201	0.0583	NaN	0.0503	0.4485
162.5180	0.2210	0.0577	NaN	0.0497	0.4486
162.5364	0.2226	0.0569	NaN	0.0489	0.4480
162.5535	0.2250	0.0557	NaN	0.0476	0.4474
162.5706	0.2312	0.0535	NaN	0.0453	0.4464
162.5876	0.2479	0.0523	NaN	0.0434	0.4456
162.6062	0.2959	0.0531	NaN	0.0425	0.4463
162.6231	0.2742	0.0517	NaN	0.0419	0.4482
162.6392	0.2938	0.0521	NaN	0.0415	0.4453
162.6577	0.3775	0.0549	NaN	0.0413	0.4443
162.6772	0.3334	0.0531	NaN	0.0412	0.4471
162.6941	0.3222	0.0527	NaN	0.0411	0.4484
162.7146	0.2915	0.0516	NaN	0.0411	0.4482
162.7307	0.2968	0.0518	NaN	0.0412	0.4471
162.7483	0.2954	0.0518	NaN	0.0412	0.4454
162.7652	0.3088	0.0524	NaN	0.0413	0.4453
162.7839	0.3118	0.0527	NaN	0.0415	0.4472
162.7982	0.2548	0.0509	NaN	0.0417	0.4495
162.8157	0.2208	0.0500	NaN	0.0419	0.4506
162.8344	0.2209	0.0502	NaN	0.0421	0.4504
162.8518	0.2291	0.0506	NaN	0.0423	0.4488
162.8688	0.2283	0.0508	NaN	0.0426	0.4472
162.8875	0.2264	0.0510	NaN	0.0429	0.4465
162.9055	0.2250	0.0513	NaN	0.0432	0.4477
162.9237	0.2240	0.0515	NaN	0.0434	0.4495
162.9422	0.2233	0.0518	NaN	0.0437	0.4506
162.9617	0.2227	0.0520	NaN	0.0440	0.4515
162.9779	0.2219	0.0522	NaN	0.0442	0.4515
162.9958	0.2212	0.0525	NaN	0.0445	0.4501
163.0137	0.2206	0.0528	NaN	0.0449	0.4483
163.0317	0.2202	0.0531	NaN	0.0451	0.4470
163.0469	0.2200	0.0533	NaN	0.0454	0.4472
163.0654	0.2191	0.0536	NaN	0.0457	0.4486
163.0824	0.2185	0.0539	NaN	0.0460	0.4498
163.0986	0.2183	0.0541	NaN	0.0463	0.4508
163.1162	0.2181	0.0544	NaN	0.0466	0.4516
163.1346	0.2184	0.0547	NaN	0.0469	0.4517
163.1492	0.2181	0.0549	NaN	0.0471	0.4510
163.1665	0.2181	0.0551	NaN	0.0473	0.4495
163.1861	0.2184	0.0554	NaN	0.0475	0.4476
163.2049	0.2193	0.0557	NaN	0.0478	0.4474
163.2192	0.2187	0.0559	NaN	0.0480	0.4471
163.2381	0.2186	0.0561	NaN	0.0482	0.4476
163.2544	0.2185	0.0563	NaN	0.0485	0.4488
163.2711	0.2186	0.0566	NaN	0.0487	0.4497
163.2881	0.2190	0.0568	NaN	0.0489	0.4514
163.3073	0.2193	0.0570	NaN	0.0491	0.4525
163.3246	0.2191	0.0572	NaN	0.0493	0.4531
163.3430	0.2189	0.0574	NaN	0.0495	0.4525
163.3614	0.2184	0.0576	NaN	0.0497	0.4520
163.3784	0.2178	0.0578	NaN	0.0499	0.4511
163.3970	0.2181	0.0579	NaN	0.0500	0.4492
163.4128	0.2183	0.0581	NaN	0.0501	0.4501
163.4311	0.2183	0.0583	NaN	0.0503	0.4504
163.4488	0.2182	0.0584	NaN	0.0504	0.4513
163.4649	0.2178	0.0586	NaN	0.0505	0.4526
163.4846	0.2176	0.0587	NaN	0.0507	0.4536
163.5034	0.2176	0.0589	NaN	0.0509	0.4542
163.5192	0.2179	0.0590	NaN	0.0510	0.4546
163.5369	0.2176	0.0591	NaN	0.0511	0.4544
163.5533	0.2174	0.0592	NaN	0.0512	0.4538
163.5711	0.2177	0.0593	NaN	0.0513	0.4525
163.5878	0.2180	0.0595	NaN	0.0514	0.4511
163.6087	0.2181	0.0596	NaN	0.0515	0.4500
163.6251	0.2179	0.0597	NaN	0.0516	0.4502
163.6421	0.2180	0.0598	NaN	0.0517	0.4511
163.6605	0.2182	0.0599	NaN	0.0518	0.4524
163.6770	0.2181	0.0600	NaN	0.0519	0.4538
163.6940	0.2179	0.0600	NaN	0.0520	0.4543
163.7125	0.2181	0.0601	NaN	0.0520	0.4543
163.7310	0.2185	0.0602	NaN	0.0521	0.4540
163.7459	0.2189	0.0603	NaN	0.0522	0.4531
163.7624	0.2194	0.0603	NaN	0.0522	0.4516
163.7810	0.2194	0.0604	NaN	0.0523	0.4501
163.7981	0.2192	0.0604	NaN	0.0523	0.4497
163.8161	0.2189	0.0605	NaN	0.0524	0.4499
163.8339	0.2193	0.0605	NaN	0.0524	0.4510
163.8507	0.2196	0.0606	NaN	0.0524	0.4522
163.8669	0.2197	0.0606	NaN	0.0525	0.4535
163.8838	0.2193	0.0607	NaN	0.0525	0.4543
163.9045	0.2190	0.0607	NaN	0.0526	0.4551
163.9203	0.2189	0.0607	NaN	0.0526	0.4553
163.9372	0.2192	0.0607	NaN	0.0526	0.4548
163.9543	0.2201	0.0608	NaN	0.0526	0.4546
163.9714	0.2207	0.0608	NaN	0.0527	0.4544
163.9877	0.2205	0.0609	NaN	0.0527	0.4525
164.0072	0.2202	0.0609	NaN	0.0527	0.4518
164.0238	0.2199	0.0609	NaN	0.0528	0.4524
164.0401	0.2200	0.0609	NaN	0.0528	0.4536
164.0571	0.2198	0.0610	NaN	0.0528	0.4547
164.0750	0.2204	0.0610	NaN	0.0528	0.4562
164.0927	0.2200	0.0610	NaN	0.0529	0.4569
164.1096	0.2194	0.0610	NaN	0.0529	0.4565
164.1268	0.2194	0.0610	NaN	0.0529	0.4546
164.1421	0.2196	0.0610	NaN	0.0529	0.4523
164.1621	0.2195	0.0611	NaN	0.0529	0.4514
164.1778	0.2194	0.0611	NaN	0.0529	0.4515
164.1947	0.2201	0.0611	NaN	0.0529	0.4522
164.2106	0.2203	0.0611	NaN	0.0529	0.4521
164.2278	0.2205	0.0611	NaN	0.0530	0.4529
164.2491	0.2206	0.0612	NaN	0.0530	0.4548
164.2631	0.2206	0.0612	NaN	0.0530	0.4561
164.2808	0.2209	0.0612	NaN	0.0530	0.4568
164.3007	0.2210	0.0612	NaN	0.0530	0.4568
164.3184	0.2210	0.0612	NaN	0.0530	0.4568
164.3349	0.2211	0.0613	NaN	0.0530	0.4561
164.3554	0.2207	0.0612	NaN	0.0530	0.4544
164.3723	0.2205	0.0612	NaN	0.0530	0.4535
164.3887	0.2208	0.0613	NaN	0.0531	0.4534
164.4050	0.2205	0.0613	NaN	0.0531	0.4533
164.4243	0.2205	0.0613	NaN	0.0531	0.4530
164.4405	0.2210	0.0613	NaN	0.0531	0.4535
164.4569	0.2208	0.0613	NaN	0.0531	0.4553
164.4757	0.2209	0.0613	NaN	0.0531	0.4572
164.4926	0.2212	0.0613	NaN	0.0531	0.4584
164.5092	0.2213	0.0613	NaN	0.0531	0.4586
164.5271	0.2211	0.0613	NaN	0.0531	0.4591
164.5461	0.2210	0.0613	NaN	0.0532	0.4586
164.5639	0.2211	0.0614	NaN	0.0531	0.4564
164.5817	0.2213	0.0614	NaN	0.0532	0.4546
164.5997	0.2212	0.0614	NaN	0.0532	0.4544
164.6153	0.2211	0.0614	NaN	0.0532	0.4555
164.6344	0.2207	0.0614	NaN	0.0532	0.4568
164.6521	0.2206	0.0614	NaN	0.0532	0.4579
164.6675	0.2205	0.0614	NaN	0.0532	0.4584
164.6858	0.2206	0.0614	NaN	0.0532	0.4591
164.6996	0.2210	0.0614	NaN	0.0532	0.4597
164.7188	0.2210	0.0615	NaN	0.0533	0.4594
164.7352	0.2210	0.0615	NaN	0.0533	0.4576
164.7529	0.2211	0.0615	NaN	0.0533	0.4555
164.7739	0.2213	0.0615	NaN	0.0533	0.4550
164.7878	0.2214	0.0615	NaN	0.0533	0.4562
164.8056	0.2216	0.0615	NaN	0.0533	0.4572
164.8246	0.2215	0.0615	NaN	0.0533	0.4576
164.8403	0.2208	0.0615	NaN	0.0533	0.4586
164.8570	0.2213	0.0616	NaN	0.0534	0.4593
164.8745	0.2218	0.0616	NaN	0.0534	0.4596
164.8937	0.2218	0.0616	NaN	0.0534	0.4583
164.9110	0.2220	0.0616	NaN	0.0534	0.4564
164.9273	0.2226	0.0616	NaN	0.0534	0.4548
164.9472	0.2228	0.0616	NaN	0.0534	0.4549
164.9638	0.2229	0.0617	NaN	0.0534	0.4559
164.9807	0.2229	0.0617	NaN	0.0534	0.4572
164.9975	0.2228	0.0617	NaN	0.0534	0.4560
165.0153	0.2227	0.0617	NaN	0.0534	0.4561
165.0306	0.2225	0.0617	NaN	0.0534	0.4571
165.0482	0.2227	0.0617	NaN	0.0534	0.4583
165.0675	0.2224	0.0617	NaN	0.0534	0.4589
165.0843	0.2220	0.0617	NaN	0.0535	0.4601
165.1003	0.2221	0.0617	NaN	0.0535	0.4606
165.1195	0.2223	0.0617	NaN	0.0534	0.4610
165.1371	0.2217	0.0617	NaN	0.0535	0.4616
165.1548	0.2219	0.0617	NaN	0.0535	0.4602
165.1715	0.2218	0.0617	NaN	0.0535	0.4596
165.1925	0.2220	0.0618	NaN	0.0535	0.4586
165.2098	0.2216	0.0618	NaN	0.0535	0.4584
165.2269	0.2222	0.0618	NaN	0.0535	0.4578
165.2452	0.2226	0.0618	NaN	0.0535	0.4573
165.2623	0.2228	0.0618	NaN	0.0536	0.4568
165.2768	0.2226	0.0618	NaN	0.0535	0.4578
165.2981	0.2224	0.0618	NaN	0.0536	0.4598
165.3139	0.2221	0.0618	NaN	0.0536	0.4605
165.3300	0.2219	0.0618	NaN	0.0536	0.4621
165.3467	0.2219	0.0618	NaN	0.0536	0.4622
165.3652	0.2220	0.0618	NaN	0.0536	0.4608
165.3817	0.2216	0.0619	NaN	0.0536	0.4585
165.4008	0.2214	0.0619	NaN	0.0536	0.4574
165.4192	0.2215	0.0619	NaN	0.0537	0.4588
165.4364	0.2217	0.0619	NaN	0.0537	0.4590
165.4525	0.2220	0.0619	NaN	0.0537	0.4601
165.4688	0.2221	0.0619	NaN	0.0537	0.4612
165.4880	0.2222	0.0619	NaN	0.0537	0.4617
165.5030	0.2224	0.0620	NaN	0.0537	0.4615
165.5204	0.2223	0.0619	NaN	0.0537	0.4603
165.5388	0.2223	0.0619	NaN	0.0537	0.4591
165.5562	0.2225	0.0619	NaN	0.0537	0.4575
165.5731	0.2228	0.0619	NaN	0.0537	0.4569
165.5908	0.2229	0.0620	NaN	0.0537	0.4575
165.6087	0.2231	0.0620	NaN	0.0537	0.4591
165.6237	0.2226	0.0620	NaN	0.0537	0.4610
165.6422	0.2224	0.0620	NaN	0.0537	0.4623
165.6604	0.2227	0.0620	NaN	0.0537	0.4632
165.6759	0.2229	0.0620	NaN	0.0537	0.4626
165.6920	0.2232	0.0620	NaN	0.0537	0.4610
165.7109	0.2232	0.0620	NaN	0.0537	0.4594
165.7287	0.2233	0.0620	NaN	0.0537	0.4586
165.7461	0.2232	0.0620	NaN	0.0538	0.4585
165.7641	0.2233	0.0620	NaN	0.0538	0.4589
165.7815	0.2233	0.0621	NaN	0.0538	0.4598
165.7993	0.2234	0.0621	NaN	0.0538	0.4610
165.8175	0.2234	0.0621	NaN	0.0538	0.4629
165.8330	0.2236	0.0621	NaN	0.0538	0.4642
165.8498	0.2236	0.0621	NaN	0.0538	0.4645
165.8674	0.2235	0.0621	NaN	0.0538	0.4641
165.8849	0.2232	0.0621	NaN	0.0538	0.4628
165.9016	0.2228	0.0621	NaN	0.0538	0.4612
165.9191	0.2219	0.0620	NaN	0.0538	0.4600
165.9351	0.2220	0.0620	NaN	0.0538	0.4597
165.9553	0.2221	0.0620	NaN	0.0538	0.4608
165.9718	0.2228	0.0620	NaN	0.0537	0.4626
165.9887	0.2231	0.0620	NaN	0.0537	0.4639
166.0083	0.2227	0.0619	NaN	0.0537	0.4647
166.0238	0.2228	0.0619	NaN	0.0536	0.4647
166.0401	0.2230	0.0619	NaN	0.0536	0.4636
166.0598	0.2235	0.0619	NaN	0.0536	0.4618
166.0766	0.2240	0.0618	NaN	0.0535	0.4599
166.0933	0.2243	0.0618	NaN	0.0535	0.4591
166.1092	0.2243	0.0617	NaN	0.0534	0.4597
166.1285	0.2250	0.0617	NaN	0.0533	0.4611
166.1455	0.2252	0.0616	NaN	0.0533	0.4626
166.1644	0.2255	0.0616	NaN	0.0532	0.4638
166.1852	0.2253	0.0615	NaN	0.0531	0.4645
166.2021	0.2255	0.0613	NaN	0.0530	0.4647
166.2188	0.2255	0.0612	NaN	0.0529	0.4645
166.2371	0.2256	0.0611	NaN	0.0528	0.4635
166.2547	0.2256	0.0610	NaN	0.0526	0.4619
166.2711	0.2266	0.0609	NaN	0.0525	0.4607
166.2888	0.2271	0.0608	NaN	0.0524	0.4601
166.3077	0.2272	0.0606	NaN	0.0522	0.4605
166.3242	0.2272	0.0604	NaN	0.0520	0.4621
166.3431	0.2282	0.0602	NaN	0.0518	0.4638
166.3599	0.2291	0.0600	NaN	0.0515	0.4655
166.3758	0.2295	0.0598	NaN	0.0513	0.4660
166.3940	0.2301	0.0596	NaN	0.0511	0.4662
166.4121	0.2307	0.0593	NaN	0.0508	0.4654
166.4278	0.2312	0.0590	NaN	0.0505	0.4639
166.4446	0.2320	0.0587	NaN	0.0503	0.4620
166.4620	0.2329	0.0584	NaN	0.0500	0.4615
166.4815	0.2333	0.0581	NaN	0.0497	0.4623
166.4974	0.2329	0.0577	NaN	0.0493	0.4637
166.5148	0.2337	0.0573	NaN	0.0489	0.4645
166.5332	0.2353	0.0569	NaN	0.0485	0.4659
166.5509	0.2362	0.0565	NaN	0.0480	0.4670
166.5673	0.2368	0.0560	NaN	0.0475	0.4670
166.5848	0.2370	0.0556	NaN	0.0471	0.4665
166.6038	0.2379	0.0551	NaN	0.0466	0.4652
166.6206	0.2386	0.0547	NaN	0.0461	0.4638
166.6369	0.2395	0.0542	NaN	0.0456	0.4619
166.6559	0.2413	0.0536	NaN	0.0449	0.4617
166.6722	0.2410	0.0529	NaN	0.0443	0.4627
166.6893	0.2424	0.0523	NaN	0.0436	0.4637
166.7084	0.2430	0.0517	NaN	0.0429	0.4649
166.7245	0.2435	0.0511	NaN	0.0423	0.4654
166.7400	0.2440	0.0505	NaN	0.0417	0.4663
166.7576	0.2443	0.0500	NaN	0.0411	0.4669
166.7761	0.2449	0.0494	NaN	0.0404	0.4665
166.7928	0.2451	0.0488	NaN	0.0397	0.4657
166.8075	0.2455	0.0481	NaN	0.0391	0.4644
166.8269	0.2457	0.0474	NaN	0.0383	0.4626
166.8428	0.2455	0.0466	NaN	0.0376	0.4623
166.8612	0.2457	0.0459	NaN	0.0368	0.4641
166.8782	0.2454	0.0451	NaN	0.0360	0.4666
166.8950	0.2459	0.0444	NaN	0.0353	0.4681
166.9132	0.2465	0.0436	NaN	0.0345	0.4688
166.9293	0.2468	0.0429	NaN	0.0338	0.4685
166.9476	0.2462	0.0421	NaN	0.0331	0.4675
166.9626	0.2457	0.0414	NaN	0.0324	0.4657
166.9807	0.2455	0.0408	NaN	0.0318	0.4642
166.9992	0.2454	0.0401	NaN	0.0311	0.4640
167.0154	0.2456	0.0395	NaN	0.0305	0.4648
167.0339	0.2460	0.0389	NaN	0.0299	0.4660
167.0495	0.2462	0.0383	NaN	0.0293	0.4668
167.0680	0.2470	0.0378	NaN	0.0287	0.4680
167.0835	0.2483	0.0373	NaN	0.0282	0.4687
167.1013	0.2510	0.0368	NaN	0.0276	0.4691
167.1217	0.2551	0.0364	NaN	0.0271	0.4686
167.1385	0.2598	0.0361	NaN	0.0266	0.4669
167.1555	0.2669	0.0360	NaN	0.0262	0.4654
167.1754	0.2775	0.0359	NaN	0.0258	0.4647
167.1919	0.2925	0.0361	NaN	0.0255	0.4651
167.2090	0.3198	0.0368	NaN	0.0251	0.4657
167.2251	0.3653	0.0381	NaN	0.0249	0.4669
167.2437	0.4377	0.0405	NaN	0.0247	0.4684
167.2609	0.4693	0.0414	NaN	0.0245	0.4691
167.2789	0.5015	0.0424	NaN	0.0243	0.4696
167.2955	0.6211	0.0466	NaN	0.0242	0.4695
167.3128	0.7651	0.0515	NaN	0.0242	0.4699
167.3305	0.7452	0.0507	NaN	0.0241	0.4698
167.3485	0.6756	0.0484	NaN	0.0240	0.4693
167.3638	0.6593	0.0478	NaN	0.0240	0.4675
167.3819	0.6529	0.0476	NaN	0.0240	0.4655
167.3982	0.6366	0.0470	NaN	0.0241	0.4644
167.4182	0.4383	0.0400	NaN	0.0241	0.4652
167.4360	0.3414	0.0366	NaN	0.0242	0.4676
167.4516	0.3195	0.0359	NaN	0.0243	0.4695
167.4692	0.2954	0.0352	NaN	0.0245	0.4701
167.4868	0.2766	0.0348	NaN	0.0247	0.4704
167.5037	0.2636	0.0346	NaN	0.0250	0.4698
167.5222	0.2547	0.0346	NaN	0.0252	0.4683
167.5403	0.2482	0.0347	NaN	0.0256	0.4670
167.5568	0.2437	0.0349	NaN	0.0260	0.4663
167.5743	0.2404	0.0352	NaN	0.0264	0.4665
167.5908	0.2381	0.0355	NaN	0.0268	0.4679
167.6076	0.2363	0.0359	NaN	0.0272	0.4691
167.6246	0.2349	0.0363	NaN	0.0277	0.4702
167.6439	0.2338	0.0368	NaN	0.0282	0.4712
167.6607	0.2330	0.0374	NaN	0.0288	0.4720
167.6781	0.2326	0.0379	NaN	0.0294	0.4725
167.6951	0.2324	0.0384	NaN	0.0299	0.4728
167.7148	0.2321	0.0390	NaN	0.0305	0.4729
167.7305	0.2319	0.0396	NaN	0.0311	0.4730
167.7456	0.2319	0.0403	NaN	0.0318	0.4730
167.7672	0.2318	0.0411	NaN	0.0326	0.4723
167.7819	0.2317	0.0418	NaN	0.0333	0.4704
167.7989	0.2315	0.0425	NaN	0.0341	0.4690
167.8175	0.2315	0.0434	NaN	0.0349	0.4678
167.8345	0.2318	0.0442	NaN	0.0357	0.4681
167.8511	0.2319	0.0450	NaN	0.0364	0.4696
167.8685	0.2320	0.0456	NaN	0.0371	0.4709
167.8872	0.2320	0.0464	NaN	0.0378	0.4720
167.9034	0.2319	0.0471	NaN	0.0385	0.4732
167.9196	0.2318	0.0478	NaN	0.0393	0.4734
167.9383	0.2319	0.0486	NaN	0.0401	0.4719
167.9560	0.2320	0.0493	NaN	0.0408	0.4702
167.9726	0.2318	0.0499	NaN	0.0415	0.4694
167.9892	0.2316	0.0505	NaN	0.0421	0.4688
168.0086	0.2315	0.0512	NaN	0.0428	0.4679
168.0258	0.2315	0.0518	NaN	0.0435	0.4678
168.0442	0.2313	0.0525	NaN	0.0442	0.4689
168.0607	0.2310	0.0531	NaN	0.0448	0.4714
168.0766	0.2307	0.0538	NaN	0.0455	0.4727
168.0915	0.2306	0.0544	NaN	0.0461	0.4734
168.1079	0.2305	0.0550	NaN	0.0467	0.4733
168.1248	0.2303	0.0555	NaN	0.0473	0.4722
168.1390	0.2300	0.0561	NaN	0.0479	0.4699
168.1565	0.2298	0.0567	NaN	0.0484	0.4686
168.1759	0.2296	0.0572	NaN	0.0489	0.4685
168.1918	0.2292	0.0577	NaN	0.0495	0.4693
168.2083	0.2290	0.0582	NaN	0.0499	0.4709
168.2277	0.2290	0.0586	NaN	0.0503	0.4729
168.2459	0.2289	0.0591	NaN	0.0507	0.4746
168.2622	0.2289	0.0595	NaN	0.0511	0.4744
168.2796	0.2287	0.0598	NaN	0.0514	0.4728
168.2961	0.2290	0.0602	NaN	0.0517	0.4707
168.3121	0.2290	0.0605	NaN	0.0520	0.4696
168.3284	0.2291	0.0607	NaN	0.0523	0.4699
168.3478	0.2285	0.0610	NaN	0.0525	0.4711
168.3652	0.2282	0.0613	NaN	0.0528	0.4722
168.3812	0.2280	0.0615	NaN	0.0530	0.4736
168.3999	0.2287	0.0617	NaN	0.0532	0.4753
168.4190	0.2282	0.0619	NaN	0.0534	0.4762
168.4342	0.2271	0.0620	NaN	0.0536	0.4764
168.4539	0.2269	0.0622	NaN	0.0538	0.4751
168.4705	0.2272	0.0624	NaN	0.0540	0.4722
168.4872	0.2276	0.0625	NaN	0.0541	0.4711
168.5050	0.2272	0.0627	NaN	0.0543	0.4716
168.5234	0.2263	0.0628	NaN	0.0544	0.4723
168.5394	0.2261	0.0629	NaN	0.0545	0.4728
168.5562	0.2265	0.0630	NaN	0.0546	0.4740
168.5759	0.2263	0.0631	NaN	0.0547	0.4754
168.5927	0.2260	0.0631	NaN	0.0548	0.4761
168.6093	0.2256	0.0632	NaN	0.0549	0.4761
168.6257	0.2257	0.0633	NaN	0.0549	0.4742
168.6450	0.2266	0.0634	NaN	0.0550	0.4715
168.6609	0.2266	0.0634	NaN	0.0550	0.4710
168.6773	0.2264	0.0635	NaN	0.0551	0.4703
168.6974	0.2261	0.0635	NaN	0.0551	0.4705
168.7145	0.2258	0.0636	NaN	0.0552	0.4717
168.7304	0.2259	0.0636	NaN	0.0552	0.4729
168.7495	0.2265	0.0637	NaN	0.0553	0.4742
168.7671	0.2270	0.0637	NaN	0.0553	0.4757
168.7832	0.2269	0.0638	NaN	0.0554	0.4751
168.7994	0.2271	0.0638	NaN	0.0554	0.4742
