# 20092021_15_34_22_group6_60_full.dat
# Measuring of the Zeemann splitting 
# modus: scanning laser current/frequency via I/P MOD
# 
x(A/Hz/V/nm) yai0(V) yai1(V) yai2(V) yai3(V) yai4(V)
132.2380	0.1462	0.0438	NaN	0.0383	0.3357
132.2585	0.1479	0.0443	NaN	0.0387	0.3384
132.2798	0.1477	0.0444	NaN	0.0389	0.3392
132.2995	0.1473	0.0444	NaN	0.0389	0.3395
132.3197	0.1469	0.0439	NaN	0.0384	0.3395
132.3393	0.1479	0.0420	NaN	0.0365	0.3396
132.3609	0.1486	0.0377	NaN	0.0322	0.3393
132.3818	0.1497	0.0317	NaN	0.0261	0.3383
132.4011	0.1750	0.0264	NaN	0.0199	0.3376
132.4224	0.1917	0.0223	NaN	0.0152	0.3364
132.4429	0.2180	0.0207	NaN	0.0126	0.3365
132.4623	0.1165	0.0164	NaN	0.0120	0.3366
132.4832	0.0810	0.0161	NaN	0.0130	0.3356
132.5057	0.0810	0.0182	NaN	0.0151	0.3357
132.5271	0.0903	0.0215	NaN	0.0181	0.3365
132.5465	0.0997	0.0251	NaN	0.0213	0.3358
132.5674	0.1085	0.0284	NaN	0.0243	0.3379
132.5852	0.1165	0.0313	NaN	0.0268	0.3370
132.6074	0.1229	0.0334	NaN	0.0288	0.3369
132.6278	0.1279	0.0350	NaN	0.0301	0.3384
132.6484	0.1317	0.0359	NaN	0.0310	0.3370
132.6699	0.1344	0.0365	NaN	0.0315	0.3360
132.6903	0.1363	0.0368	NaN	0.0318	0.3364
132.7095	0.1376	0.0370	NaN	0.0318	0.3379
132.7278	0.1386	0.0370	NaN	0.0318	0.3388
132.7495	0.1395	0.0370	NaN	0.0317	0.3390
132.7707	0.1400	0.0369	NaN	0.0316	0.3385
132.7916	0.1404	0.0367	NaN	0.0315	0.3382
132.8118	0.1406	0.0366	NaN	0.0314	0.3380
132.8332	0.1408	0.0365	NaN	0.0313	0.3377
132.8509	0.1410	0.0365	NaN	0.0312	0.3375
132.8729	0.1410	0.0364	NaN	0.0312	0.3372
132.8922	0.1409	0.0364	NaN	0.0311	0.3372
132.9131	0.1411	0.0364	NaN	0.0311	0.3373
132.9329	0.1411	0.0364	NaN	0.0311	0.3375
132.9545	0.1410	0.0364	NaN	0.0311	0.3376
132.9758	0.1413	0.0364	NaN	0.0312	0.3377
132.9935	0.1412	0.0365	NaN	0.0312	0.3379
133.0141	0.1412	0.0366	NaN	0.0313	0.3383
133.0341	0.1411	0.0366	NaN	0.0314	0.3385
133.0556	0.1410	0.0367	NaN	0.0315	0.3388
133.0771	0.1411	0.0368	NaN	0.0315	0.3391
133.0968	0.1409	0.0369	NaN	0.0316	0.3394
133.1153	0.1408	0.0370	NaN	0.0317	0.3396
133.1352	0.1407	0.0370	NaN	0.0318	0.3399
133.1577	0.1407	0.0371	NaN	0.0318	0.3402
133.1790	0.1408	0.0372	NaN	0.0319	0.3406
133.1991	0.1407	0.0372	NaN	0.0320	0.3409
133.2202	0.1404	0.0373	NaN	0.0320	0.3413
133.2389	0.1402	0.0373	NaN	0.0321	0.3415
133.2582	0.1400	0.0373	NaN	0.0321	0.3415
133.2795	0.1398	0.0374	NaN	0.0321	0.3415
133.2992	0.1395	0.0374	NaN	0.0322	0.3416
133.3172	0.1393	0.0374	NaN	0.0322	0.3416
133.3393	0.1392	0.0374	NaN	0.0322	0.3417
133.3575	0.1388	0.0374	NaN	0.0322	0.3414
133.3769	0.1383	0.0373	NaN	0.0322	0.3411
133.3960	0.1380	0.0373	NaN	0.0321	0.3405
133.4184	0.1376	0.0372	NaN	0.0321	0.3401
133.4390	0.1372	0.0372	NaN	0.0321	0.3399
133.4603	0.1366	0.0371	NaN	0.0320	0.3397
133.4822	0.1361	0.0370	NaN	0.0319	0.3396
133.5029	0.1354	0.0369	NaN	0.0319	0.3399
133.5198	0.1350	0.0368	NaN	0.0318	0.3403
133.5412	0.1348	0.0367	NaN	0.0317	0.3406
133.5603	0.1341	0.0366	NaN	0.0316	0.3409
133.5810	0.1336	0.0365	NaN	0.0314	0.3413
133.6024	0.1329	0.0363	NaN	0.0313	0.3418
133.6221	0.1321	0.0361	NaN	0.0311	0.3423
133.6415	0.1314	0.0359	NaN	0.0309	0.3427
133.6609	0.1307	0.0356	NaN	0.0307	0.3431
133.6824	0.1299	0.0354	NaN	0.0306	0.3434
133.7041	0.1290	0.0352	NaN	0.0304	0.3435
133.7246	0.1282	0.0350	NaN	0.0302	0.3435
133.7466	0.1274	0.0348	NaN	0.0300	0.3432
133.7668	0.1264	0.0345	NaN	0.0297	0.3428
133.7860	0.1256	0.0342	NaN	0.0295	0.3425
133.8053	0.1246	0.0340	NaN	0.0292	0.3420
133.8254	0.1237	0.0336	NaN	0.0290	0.3419
133.8462	0.1229	0.0333	NaN	0.0287	0.3419
133.8679	0.1220	0.0330	NaN	0.0284	0.3420
133.8867	0.1208	0.0326	NaN	0.0281	0.3422
133.9057	0.1199	0.0324	NaN	0.0278	0.3425
133.9282	0.1190	0.0320	NaN	0.0275	0.3431
133.9487	0.1181	0.0316	NaN	0.0272	0.3436
133.9700	0.1171	0.0313	NaN	0.0268	0.3440
133.9889	0.1160	0.0309	NaN	0.0265	0.3443
134.0094	0.1150	0.0305	NaN	0.0262	0.3447
134.0298	0.1140	0.0301	NaN	0.0259	0.3450
134.0481	0.1129	0.0298	NaN	0.0255	0.3453
134.0697	0.1119	0.0293	NaN	0.0251	0.3454
134.0887	0.1108	0.0289	NaN	0.0247	0.3451
134.1109	0.1098	0.0285	NaN	0.0244	0.3445
134.1317	0.1088	0.0281	NaN	0.0240	0.3440
134.1520	0.1077	0.0277	NaN	0.0236	0.3436
134.1718	0.1067	0.0273	NaN	0.0232	0.3432
134.1920	0.1055	0.0268	NaN	0.0229	0.3431
134.2116	0.1044	0.0264	NaN	0.0225	0.3431
134.2327	0.1032	0.0260	NaN	0.0221	0.3434
134.2542	0.1020	0.0255	NaN	0.0217	0.3439
134.2741	0.1009	0.0251	NaN	0.0213	0.3444
134.2952	0.0998	0.0247	NaN	0.0209	0.3448
134.3143	0.0988	0.0243	NaN	0.0205	0.3451
134.3347	0.0976	0.0238	NaN	0.0201	0.3455
134.3584	0.0967	0.0234	NaN	0.0198	0.3457
134.3775	0.0956	0.0230	NaN	0.0194	0.3458
134.3988	0.0945	0.0226	NaN	0.0191	0.3456
134.4175	0.0935	0.0223	NaN	0.0187	0.3451
134.4362	0.0927	0.0219	NaN	0.0184	0.3445
134.4571	0.0917	0.0215	NaN	0.0181	0.3439
134.4779	0.0907	0.0212	NaN	0.0177	0.3434
134.4990	0.0897	0.0208	NaN	0.0173	0.3432
134.5194	0.0887	0.0204	NaN	0.0169	0.3433
134.5403	0.0877	0.0200	NaN	0.0166	0.3437
134.5596	0.0866	0.0197	NaN	0.0163	0.3441
134.5789	0.0855	0.0193	NaN	0.0160	0.3447
134.6006	0.0844	0.0190	NaN	0.0158	0.3455
134.6207	0.0835	0.0187	NaN	0.0155	0.3461
134.6416	0.0825	0.0184	NaN	0.0153	0.3465
134.6618	0.0817	0.0181	NaN	0.0150	0.3469
134.6822	0.0810	0.0179	NaN	0.0148	0.3470
134.7016	0.0806	0.0177	NaN	0.0146	0.3467
134.7217	0.0801	0.0174	NaN	0.0144	0.3466
134.7412	0.0797	0.0172	NaN	0.0142	0.3458
134.7625	0.0795	0.0170	NaN	0.0139	0.3452
134.7831	0.0795	0.0168	NaN	0.0137	0.3448
134.8039	0.0796	0.0167	NaN	0.0136	0.3449
134.8238	0.0803	0.0165	NaN	0.0134	0.3453
134.8431	0.0815	0.0164	NaN	0.0132	0.3459
134.8647	0.0838	0.0164	NaN	0.0131	0.3464
134.8851	0.0894	0.0164	NaN	0.0130	0.3472
134.9064	0.1041	0.0168	NaN	0.0128	0.3479
134.9272	0.1450	0.0182	NaN	0.0127	0.3482
134.9453	0.2394	0.0215	NaN	0.0126	0.3485
134.9670	0.1926	0.0197	NaN	0.0126	0.3485
134.9854	0.1256	0.0173	NaN	0.0125	0.3478
135.0069	0.1023	0.0164	NaN	0.0125	0.3469
135.0276	0.0942	0.0161	NaN	0.0124	0.3466
135.0492	0.0908	0.0159	NaN	0.0125	0.3465
135.0693	0.0897	0.0159	NaN	0.0125	0.3466
135.0909	0.0898	0.0159	NaN	0.0124	0.3467
135.1084	0.0907	0.0160	NaN	0.0125	0.3470
135.1287	0.0930	0.0161	NaN	0.0125	0.3474
135.1494	0.0960	0.0162	NaN	0.0125	0.3480
135.1714	0.1005	0.0165	NaN	0.0126	0.3487
135.1902	0.1073	0.0168	NaN	0.0127	0.3491
135.2108	0.1164	0.0172	NaN	0.0128	0.3493
135.2305	0.1300	0.0178	NaN	0.0129	0.3495
135.2513	0.1506	0.0186	NaN	0.0130	0.3493
135.2716	0.1853	0.0200	NaN	0.0131	0.3490
135.2929	0.2564	0.0227	NaN	0.0133	0.3483
135.3136	0.3788	0.0272	NaN	0.0135	0.3479
135.3347	0.5227	0.0326	NaN	0.0137	0.3480
135.3558	0.4445	0.0300	NaN	0.0139	0.3480
135.3740	0.2974	0.0248	NaN	0.0140	0.3479
135.3954	0.2159	0.0221	NaN	0.0141	0.3480
135.4164	0.1740	0.0208	NaN	0.0144	0.3486
135.4361	0.1549	0.0203	NaN	0.0146	0.3493
135.4577	0.1467	0.0203	NaN	0.0148	0.3500
135.4763	0.1473	0.0205	NaN	0.0150	0.3504
135.4953	0.1581	0.0212	NaN	0.0153	0.3510
135.5153	0.1908	0.0226	NaN	0.0156	0.3513
135.5358	0.2916	0.0265	NaN	0.0159	0.3513
135.5570	0.4269	0.0316	NaN	0.0162	0.3512
135.5794	0.2903	0.0271	NaN	0.0165	0.3509
135.5969	0.2018	0.0242	NaN	0.0168	0.3502
135.6181	0.1695	0.0233	NaN	0.0171	0.3496
135.6384	0.1613	0.0234	NaN	0.0174	0.3495
135.6584	0.1655	0.0239	NaN	0.0177	0.3500
135.6789	0.1813	0.0248	NaN	0.0181	0.3506
135.7010	0.2143	0.0263	NaN	0.0184	0.3515
135.7195	0.2229	0.0270	NaN	0.0188	0.3526
135.7411	0.1849	0.0260	NaN	0.0192	0.3533
135.7603	0.1630	0.0256	NaN	0.0195	0.3537
135.7812	0.1525	0.0256	NaN	0.0199	0.3539
135.8010	0.1483	0.0258	NaN	0.0203	0.3540
135.8225	0.1481	0.0262	NaN	0.0207	0.3539
135.8423	0.1511	0.0267	NaN	0.0211	0.3535
135.8612	0.1577	0.0274	NaN	0.0215	0.3530
135.8829	0.1711	0.0282	NaN	0.0219	0.3525
135.9014	0.1963	0.0295	NaN	0.0223	0.3524
135.9212	0.2507	0.0319	NaN	0.0227	0.3523
135.9420	0.2531	0.0324	NaN	0.0231	0.3525
135.9616	0.2014	0.0309	NaN	0.0235	0.3529
135.9822	0.1743	0.0303	NaN	0.0239	0.3535
136.0031	0.1624	0.0304	NaN	0.0243	0.3542
136.0216	0.1569	0.0306	NaN	0.0247	0.3549
136.0415	0.1544	0.0309	NaN	0.0252	0.3554
136.0625	0.1534	0.0313	NaN	0.0255	0.3557
136.0832	0.1540	0.0317	NaN	0.0259	0.3561
136.1039	0.1565	0.0322	NaN	0.0264	0.3561
136.1236	0.1636	0.0329	NaN	0.0268	0.3556
136.1430	0.1784	0.0338	NaN	0.0272	0.3550
136.1625	0.1748	0.0341	NaN	0.0276	0.3545
136.1865	0.1622	0.0341	NaN	0.0281	0.3541
136.2055	0.1573	0.0344	NaN	0.0285	0.3538
136.2259	0.1557	0.0347	NaN	0.0290	0.3539
136.2468	0.1555	0.0351	NaN	0.0293	0.3542
136.2682	0.1560	0.0355	NaN	0.0297	0.3549
136.2887	0.1563	0.0359	NaN	0.0301	0.3554
136.3075	0.1565	0.0363	NaN	0.0305	0.3561
136.3289	0.1564	0.0367	NaN	0.0309	0.3567
136.3507	0.1566	0.0371	NaN	0.0313	0.3572
136.3698	0.1570	0.0375	NaN	0.0317	0.3575
136.3907	0.1573	0.0379	NaN	0.0321	0.3573
136.4129	0.1577	0.0383	NaN	0.0325	0.3566
136.4311	0.1580	0.0387	NaN	0.0328	0.3557
136.4518	0.1580	0.0390	NaN	0.0331	0.3553
136.4721	0.1581	0.0394	NaN	0.0335	0.3552
136.4924	0.1584	0.0397	NaN	0.0338	0.3554
136.5138	0.1586	0.0401	NaN	0.0341	0.3559
136.5339	0.1588	0.0404	NaN	0.0345	0.3568
136.5519	0.1584	0.0407	NaN	0.0348	0.3576
136.5748	0.1583	0.0410	NaN	0.0351	0.3582
136.5970	0.1583	0.0413	NaN	0.0355	0.3588
136.6151	0.1583	0.0417	NaN	0.0358	0.3594
136.6368	0.1584	0.0420	NaN	0.0361	0.3597
136.6564	0.1584	0.0423	NaN	0.0364	0.3594
136.6776	0.1585	0.0425	NaN	0.0366	0.3589
136.6960	0.1586	0.0428	NaN	0.0368	0.3582
136.7161	0.1586	0.0430	NaN	0.0371	0.3576
136.7363	0.1585	0.0432	NaN	0.0373	0.3574
136.7568	0.1584	0.0434	NaN	0.0375	0.3578
136.7784	0.1583	0.0436	NaN	0.0377	0.3583
136.8001	0.1582	0.0439	NaN	0.0379	0.3590
136.8180	0.1580	0.0440	NaN	0.0381	0.3596
136.8380	0.1579	0.0442	NaN	0.0383	0.3601
136.8588	0.1578	0.0444	NaN	0.0385	0.3607
136.8801	0.1579	0.0446	NaN	0.0387	0.3612
136.9000	0.1578	0.0448	NaN	0.0388	0.3613
136.9207	0.1576	0.0449	NaN	0.0390	0.3611
136.9419	0.1575	0.0451	NaN	0.0392	0.3606
136.9614	0.1575	0.0452	NaN	0.0393	0.3598
136.9814	0.1575	0.0454	NaN	0.0395	0.3593
137.0021	0.1573	0.0455	NaN	0.0396	0.3585
137.0208	0.1572	0.0456	NaN	0.0398	0.3581
137.0425	0.1572	0.0458	NaN	0.0399	0.3583
137.0634	0.1573	0.0459	NaN	0.0400	0.3588
137.0821	0.1576	0.0460	NaN	0.0401	0.3595
137.1032	0.1576	0.0461	NaN	0.0402	0.3601
137.1242	0.1575	0.0462	NaN	0.0403	0.3607
137.1441	0.1574	0.0463	NaN	0.0404	0.3612
137.1653	0.1573	0.0464	NaN	0.0405	0.3615
137.1857	0.1574	0.0465	NaN	0.0406	0.3615
137.2052	0.1575	0.0466	NaN	0.0407	0.3612
137.2232	0.1575	0.0467	NaN	0.0408	0.3604
137.2410	0.1574	0.0468	NaN	0.0409	0.3596
137.2604	0.1576	0.0469	NaN	0.0409	0.3593
137.2812	0.1577	0.0469	NaN	0.0410	0.3592
137.3026	0.1576	0.0470	NaN	0.0411	0.3594
137.3245	0.1577	0.0470	NaN	0.0411	0.3597
137.3425	0.1577	0.0471	NaN	0.0412	0.3601
137.3633	0.1577	0.0472	NaN	0.0412	0.3607
137.3838	0.1576	0.0472	NaN	0.0413	0.3615
137.4045	0.1576	0.0473	NaN	0.0413	0.3620
137.4251	0.1576	0.0473	NaN	0.0414	0.3624
137.4457	0.1574	0.0473	NaN	0.0414	0.3627
137.4661	0.1573	0.0474	NaN	0.0415	0.3629
137.4860	0.1572	0.0474	NaN	0.0415	0.3630
137.5058	0.1572	0.0474	NaN	0.0415	0.3627
137.5270	0.1572	0.0475	NaN	0.0416	0.3621
137.5466	0.1572	0.0475	NaN	0.0416	0.3614
137.5673	0.1573	0.0475	NaN	0.0416	0.3612
137.5880	0.1572	0.0476	NaN	0.0417	0.3612
137.6065	0.1571	0.0476	NaN	0.0417	0.3616
137.6272	0.1571	0.0477	NaN	0.0418	0.3622
137.6477	0.1571	0.0477	NaN	0.0418	0.3628
137.6680	0.1571	0.0477	NaN	0.0418	0.3636
137.6871	0.1571	0.0478	NaN	0.0418	0.3640
137.7079	0.1571	0.0478	NaN	0.0418	0.3642
137.7299	0.1572	0.0478	NaN	0.0419	0.3645
137.7475	0.1574	0.0478	NaN	0.0419	0.3646
137.7685	0.1575	0.0478	NaN	0.0419	0.3647
137.7886	0.1577	0.0479	NaN	0.0419	0.3642
137.8090	0.1577	0.0479	NaN	0.0420	0.3636
137.8309	0.1578	0.0479	NaN	0.0420	0.3630
137.8496	0.1578	0.0479	NaN	0.0420	0.3626
137.8701	0.1578	0.0479	NaN	0.0420	0.3624
137.8921	0.1579	0.0479	NaN	0.0420	0.3625
137.9133	0.1582	0.0480	NaN	0.0420	0.3626
137.9330	0.1583	0.0480	NaN	0.0421	0.3630
137.9537	0.1585	0.0480	NaN	0.0421	0.3635
137.9761	0.1585	0.0480	NaN	0.0421	0.3641
137.9940	0.1589	0.0480	NaN	0.0421	0.3645
138.0156	0.1591	0.0481	NaN	0.0421	0.3648
138.0340	0.1592	0.0481	NaN	0.0421	0.3651
138.0542	0.1593	0.0481	NaN	0.0421	0.3650
138.0746	0.1595	0.0481	NaN	0.0421	0.3647
138.0943	0.1594	0.0481	NaN	0.0421	0.3639
138.1151	0.1595	0.0481	NaN	0.0421	0.3631
138.1332	0.1597	0.0481	NaN	0.0421	0.3626
138.1539	0.1598	0.0482	NaN	0.0422	0.3624
138.1752	0.1601	0.0482	NaN	0.0422	0.3625
138.1974	0.1602	0.0482	NaN	0.0422	0.3629
138.2186	0.1601	0.0482	NaN	0.0422	0.3634
138.2396	0.1598	0.0482	NaN	0.0422	0.3641
138.2577	0.1598	0.0482	NaN	0.0422	0.3646
138.2794	0.1597	0.0482	NaN	0.0422	0.3652
138.2999	0.1595	0.0482	NaN	0.0422	0.3658
138.3206	0.1595	0.0482	NaN	0.0422	0.3660
138.3392	0.1596	0.0482	NaN	0.0422	0.3659
138.3612	0.1597	0.0482	NaN	0.0422	0.3656
138.3825	0.1598	0.0482	NaN	0.0422	0.3651
138.3996	0.1598	0.0482	NaN	0.0422	0.3646
138.4200	0.1597	0.0482	NaN	0.0422	0.3642
138.4415	0.1596	0.0482	NaN	0.0422	0.3643
138.4612	0.1594	0.0482	NaN	0.0423	0.3648
138.4822	0.1597	0.0483	NaN	0.0423	0.3650
138.5028	0.1600	0.0483	NaN	0.0423	0.3656
138.5211	0.1599	0.0483	NaN	0.0423	0.3662
138.5427	0.1600	0.0483	NaN	0.0423	0.3666
138.5631	0.1602	0.0483	NaN	0.0423	0.3670
138.5842	0.1603	0.0483	NaN	0.0423	0.3674
138.6033	0.1603	0.0484	NaN	0.0423	0.3676
138.6273	0.1604	0.0484	NaN	0.0424	0.3677
138.6460	0.1606	0.0484	NaN	0.0424	0.3675
138.6646	0.1607	0.0484	NaN	0.0424	0.3671
138.6862	0.1607	0.0484	NaN	0.0424	0.3664
138.7064	0.1605	0.0484	NaN	0.0424	0.3667
138.7258	0.1605	0.0484	NaN	0.0424	0.3663
138.7477	0.1607	0.0484	NaN	0.0424	0.3662
138.7690	0.1608	0.0484	NaN	0.0424	0.3655
138.7861	0.1610	0.0484	NaN	0.0424	0.3655
138.8061	0.1611	0.0485	NaN	0.0424	0.3658
138.8267	0.1613	0.0485	NaN	0.0424	0.3665
138.8474	0.1614	0.0485	NaN	0.0424	0.3672
138.8699	0.1614	0.0485	NaN	0.0424	0.3678
138.8888	0.1616	0.0485	NaN	0.0425	0.3680
138.9104	0.1611	0.0484	NaN	0.0424	0.3667
138.9286	0.1587	0.0480	NaN	0.0421	0.3640
138.9487	0.1560	0.0475	NaN	0.0416	0.3611
138.9679	0.1563	0.0475	NaN	0.0416	0.3616
138.9889	0.1568	0.0475	NaN	0.0416	0.3617
139.0105	0.1571	0.0476	NaN	0.0417	0.3623
139.0303	0.1570	0.0476	NaN	0.0417	0.3627
139.0481	0.1569	0.0477	NaN	0.0418	0.3631
139.0685	0.1572	0.0477	NaN	0.0418	0.3633
139.0899	0.1574	0.0477	NaN	0.0418	0.3635
139.1114	0.1571	0.0477	NaN	0.0418	0.3635
139.1334	0.1573	0.0477	NaN	0.0418	0.3632
139.1554	0.1565	0.0474	NaN	0.0415	0.3603
139.1757	0.1563	0.0473	NaN	0.0414	0.3595
139.1955	0.1566	0.0474	NaN	0.0415	0.3604
139.2145	0.1566	0.0474	NaN	0.0415	0.3609
139.2379	0.1569	0.0475	NaN	0.0416	0.3613
139.2575	0.1572	0.0475	NaN	0.0416	0.3616
139.2768	0.1572	0.0475	NaN	0.0416	0.3619
139.2976	0.1573	0.0475	NaN	0.0416	0.3621
139.3146	0.1573	0.0474	NaN	0.0415	0.3612
139.3369	0.1565	0.0471	NaN	0.0412	0.3585
139.3573	0.1568	0.0473	NaN	0.0414	0.3595
139.3774	0.1568	0.0473	NaN	0.0414	0.3599
139.3977	0.1569	0.0473	NaN	0.0415	0.3602
139.4179	0.1569	0.0473	NaN	0.0415	0.3603
139.4383	0.1563	0.0472	NaN	0.0413	0.3588
139.4573	0.1561	0.0471	NaN	0.0413	0.3586
139.4775	0.1561	0.0472	NaN	0.0413	0.3591
139.5001	0.1561	0.0472	NaN	0.0414	0.3593
139.5185	0.1559	0.0472	NaN	0.0413	0.3590
139.5395	0.1556	0.0471	NaN	0.0412	0.3580
139.5601	0.1558	0.0471	NaN	0.0412	0.3583
139.5785	0.1559	0.0471	NaN	0.0413	0.3584
139.6008	0.1558	0.0471	NaN	0.0412	0.3582
139.6209	0.1555	0.0470	NaN	0.0412	0.3581
139.6405	0.1555	0.0470	NaN	0.0412	0.3582
139.6613	0.1553	0.0470	NaN	0.0412	0.3581
139.6828	0.1553	0.0470	NaN	0.0412	0.3581
139.7021	0.1553	0.0470	NaN	0.0412	0.3580
139.7211	0.1552	0.0470	NaN	0.0411	0.3579
139.7431	0.1551	0.0470	NaN	0.0411	0.3578
139.7619	0.1551	0.0469	NaN	0.0411	0.3574
139.7839	0.1551	0.0469	NaN	0.0411	0.3571
139.8040	0.1552	0.0468	NaN	0.0410	0.3568
139.8238	0.1549	0.0468	NaN	0.0410	0.3562
139.8446	0.1549	0.0467	NaN	0.0409	0.3562
139.8641	0.1550	0.0467	NaN	0.0408	0.3561
139.8864	0.1549	0.0466	NaN	0.0408	0.3555
139.9045	0.1547	0.0465	NaN	0.0407	0.3561
139.9272	0.1545	0.0465	NaN	0.0407	0.3551
139.9475	0.1550	0.0464	NaN	0.0406	0.3540
139.9676	0.1552	0.0462	NaN	0.0404	0.3526
139.9859	0.1557	0.0462	NaN	0.0404	0.3529
140.0054	0.1557	0.0463	NaN	0.0404	0.3553
140.0267	0.1555	0.0463	NaN	0.0404	0.3560
140.0463	0.1554	0.0463	NaN	0.0405	0.3546
140.0677	0.1555	0.0463	NaN	0.0405	0.3536
140.0879	0.1554	0.0463	NaN	0.0405	0.3548
140.1081	0.1553	0.0463	NaN	0.0405	0.3562
140.1310	0.1555	0.0463	NaN	0.0405	0.3573
140.1530	0.1557	0.0464	NaN	0.0405	0.3574
140.1740	0.1559	0.0464	NaN	0.0405	0.3565
140.1944	0.1563	0.0464	NaN	0.0405	0.3548
140.2154	0.1564	0.0464	NaN	0.0405	0.3540
140.2343	0.1563	0.0464	NaN	0.0406	0.3545
140.2517	0.1565	0.0464	NaN	0.0406	0.3555
140.2732	0.1567	0.0464	NaN	0.0406	0.3570
140.2931	0.1568	0.0465	NaN	0.0405	0.3578
140.3122	0.1567	0.0465	NaN	0.0406	0.3580
140.3341	0.1569	0.0465	NaN	0.0406	0.3572
140.3557	0.1570	0.0465	NaN	0.0406	0.3560
140.3733	0.1571	0.0465	NaN	0.0406	0.3553
140.3929	0.1572	0.0465	NaN	0.0406	0.3554
140.4141	0.1573	0.0465	NaN	0.0406	0.3561
140.4348	0.1573	0.0465	NaN	0.0406	0.3573
140.4574	0.1572	0.0465	NaN	0.0406	0.3583
140.4773	0.1574	0.0465	NaN	0.0406	0.3591
140.4967	0.1575	0.0465	NaN	0.0406	0.3593
140.5166	0.1574	0.0465	NaN	0.0406	0.3591
140.5362	0.1574	0.0465	NaN	0.0406	0.3587
140.5587	0.1578	0.0465	NaN	0.0406	0.3576
140.5784	0.1582	0.0465	NaN	0.0405	0.3565
140.5977	0.1581	0.0465	NaN	0.0405	0.3572
140.6196	0.1580	0.0465	NaN	0.0405	0.3589
140.6372	0.1580	0.0465	NaN	0.0405	0.3596
140.6586	0.1582	0.0464	NaN	0.0405	0.3607
140.6778	0.1582	0.0464	NaN	0.0405	0.3612
140.6996	0.1584	0.0464	NaN	0.0404	0.3611
140.7193	0.1585	0.0464	NaN	0.0404	0.3605
140.7392	0.1586	0.0463	NaN	0.0404	0.3596
140.7595	0.1588	0.0463	NaN	0.0404	0.3587
140.7800	0.1592	0.0463	NaN	0.0403	0.3587
140.8002	0.1595	0.0463	NaN	0.0403	0.3592
140.8207	0.1595	0.0462	NaN	0.0402	0.3601
140.8418	0.1597	0.0461	NaN	0.0402	0.3612
140.8620	0.1597	0.0461	NaN	0.0401	0.3619
140.8835	0.1598	0.0460	NaN	0.0400	0.3624
140.9029	0.1602	0.0460	NaN	0.0400	0.3629
140.9227	0.1605	0.0459	NaN	0.0399	0.3626
140.9424	0.1609	0.0458	NaN	0.0398	0.3616
140.9622	0.1614	0.0457	NaN	0.0396	0.3608
140.9841	0.1616	0.0456	NaN	0.0396	0.3598
141.0050	0.1621	0.0455	NaN	0.0394	0.3596
141.0271	0.1624	0.0454	NaN	0.0393	0.3602
141.0449	0.1630	0.0453	NaN	0.0392	0.3607
141.0654	0.1635	0.0452	NaN	0.0391	0.3615
141.0838	0.1638	0.0450	NaN	0.0389	0.3620
141.1047	0.1644	0.0449	NaN	0.0387	0.3629
141.1247	0.1654	0.0447	NaN	0.0385	0.3632
141.1458	0.1660	0.0445	NaN	0.0383	0.3631
141.1640	0.1666	0.0443	NaN	0.0381	0.3625
141.1849	0.1674	0.0441	NaN	0.0379	0.3614
141.2050	0.1677	0.0439	NaN	0.0376	0.3610
141.2266	0.1681	0.0437	NaN	0.0374	0.3609
141.2457	0.1685	0.0434	NaN	0.0372	0.3616
141.2658	0.1691	0.0432	NaN	0.0369	0.3625
141.2870	0.1698	0.0429	NaN	0.0367	0.3636
141.3070	0.1705	0.0427	NaN	0.0364	0.3645
141.3282	0.1712	0.0424	NaN	0.0361	0.3650
141.3476	0.1719	0.0422	NaN	0.0358	0.3649
141.3680	0.1725	0.0419	NaN	0.0355	0.3641
141.3889	0.1730	0.0416	NaN	0.0352	0.3634
141.4097	0.1734	0.0413	NaN	0.0349	0.3626
141.4287	0.1737	0.0410	NaN	0.0345	0.3627
141.4506	0.1743	0.0406	NaN	0.0342	0.3633
141.4718	0.1751	0.0403	NaN	0.0338	0.3644
141.4915	0.1758	0.0399	NaN	0.0334	0.3654
141.5128	0.1759	0.0395	NaN	0.0330	0.3664
141.5336	0.1763	0.0391	NaN	0.0326	0.3670
141.5523	0.1768	0.0387	NaN	0.0322	0.3668
141.5720	0.1773	0.0384	NaN	0.0318	0.3662
141.5924	0.1776	0.0379	NaN	0.0313	0.3647
141.6122	0.1781	0.0375	NaN	0.0309	0.3638
141.6317	0.1786	0.0371	NaN	0.0305	0.3632
141.6524	0.1792	0.0367	NaN	0.0301	0.3639
141.6761	0.1798	0.0363	NaN	0.0297	0.3650
141.6923	0.1800	0.0360	NaN	0.0293	0.3662
141.7133	0.1805	0.0356	NaN	0.0289	0.3668
141.7328	0.1812	0.0352	NaN	0.0286	0.3673
141.7551	0.1822	0.0349	NaN	0.0281	0.3674
141.7738	0.1833	0.0346	NaN	0.0278	0.3667
141.7944	0.1850	0.0343	NaN	0.0274	0.3657
141.8145	0.1874	0.0340	NaN	0.0271	0.3646
141.8366	0.1904	0.0339	NaN	0.0268	0.3644
141.8556	0.1949	0.0337	NaN	0.0265	0.3647
141.8753	0.2021	0.0337	NaN	0.0262	0.3656
141.8969	0.2134	0.0338	NaN	0.0260	0.3665
141.9173	0.2346	0.0344	NaN	0.0257	0.3676
141.9385	0.2749	0.0355	NaN	0.0255	0.3686
141.9560	0.3006	0.0363	NaN	0.0253	0.3691
141.9774	0.2622	0.0346	NaN	0.0251	0.3691
141.9990	0.2314	0.0333	NaN	0.0248	0.3687
142.0208	0.2216	0.0327	NaN	0.0246	0.3678
142.0406	0.2243	0.0326	NaN	0.0243	0.3670
142.0610	0.2402	0.0330	NaN	0.0242	0.3669
142.0821	0.2747	0.0341	NaN	0.0241	0.3673
142.1012	0.3508	0.0367	NaN	0.0240	0.3681
142.1219	0.4225	0.0393	NaN	0.0240	0.3692
142.1424	0.3616	0.0370	NaN	0.0239	0.3701
142.1623	0.3085	0.0350	NaN	0.0238	0.3708
142.1841	0.2989	0.0346	NaN	0.0237	0.3712
142.2045	0.3024	0.0348	NaN	0.0237	0.3711
142.2231	0.2761	0.0338	NaN	0.0237	0.3705
142.2434	0.2490	0.0328	NaN	0.0237	0.3695
142.2639	0.2386	0.0325	NaN	0.0237	0.3686
142.2848	0.2567	0.0332	NaN	0.0238	0.3685
142.3044	0.2653	0.0336	NaN	0.0239	0.3689
142.3249	0.2480	0.0331	NaN	0.0240	0.3694
142.3480	0.2594	0.0336	NaN	0.0241	0.3701
142.3666	0.2957	0.0350	NaN	0.0242	0.3710
142.3895	0.2776	0.0346	NaN	0.0244	0.3718
142.4095	0.2139	0.0325	NaN	0.0246	0.3723
142.4328	0.1785	0.0314	NaN	0.0248	0.3720
142.4525	0.1507	0.0306	NaN	0.0250	0.3712
142.4736	0.1506	0.0309	NaN	0.0252	0.3697
142.4911	0.1656	0.0316	NaN	0.0255	0.3688
142.5110	0.1675	0.0320	NaN	0.0258	0.3689
142.5330	0.1661	0.0323	NaN	0.0261	0.3698
142.5538	0.1646	0.0325	NaN	0.0264	0.3706
142.5719	0.1636	0.0328	NaN	0.0267	0.3718
142.5941	0.1629	0.0331	NaN	0.0271	0.3726
142.6162	0.1622	0.0335	NaN	0.0274	0.3731
142.6352	0.1617	0.0338	NaN	0.0278	0.3730
142.6558	0.1613	0.0342	NaN	0.0282	0.3723
142.6776	0.1609	0.0346	NaN	0.0287	0.3711
142.6969	0.1607	0.0350	NaN	0.0290	0.3702
142.7181	0.1604	0.0354	NaN	0.0294	0.3701
142.7403	0.1601	0.0358	NaN	0.0299	0.3706
142.7595	0.1600	0.0362	NaN	0.0303	0.3716
142.7788	0.1598	0.0367	NaN	0.0307	0.3725
142.7978	0.1598	0.0371	NaN	0.0311	0.3735
142.8185	0.1597	0.0375	NaN	0.0316	0.3743
142.8384	0.1596	0.0379	NaN	0.0320	0.3749
142.8589	0.1594	0.0385	NaN	0.0325	0.3746
142.8797	0.1592	0.0389	NaN	0.0330	0.3735
142.9003	0.1592	0.0394	NaN	0.0334	0.3722
142.9194	0.1590	0.0398	NaN	0.0339	0.3720
142.9404	0.1588	0.0403	NaN	0.0344	0.3721
142.9601	0.1584	0.0407	NaN	0.0348	0.3722
142.9813	0.1582	0.0411	NaN	0.0352	0.3727
143.0027	0.1582	0.0415	NaN	0.0357	0.3729
143.0224	0.1582	0.0419	NaN	0.0360	0.3730
143.0423	0.1583	0.0422	NaN	0.0364	0.3739
143.0613	0.1583	0.0426	NaN	0.0367	0.3747
143.0831	0.1583	0.0430	NaN	0.0371	0.3757
143.1031	0.1583	0.0433	NaN	0.0374	0.3759
143.1244	0.1585	0.0437	NaN	0.0378	0.3754
143.1451	0.1586	0.0440	NaN	0.0381	0.3742
143.1630	0.1586	0.0443	NaN	0.0384	0.3729
143.1826	0.1587	0.0446	NaN	0.0387	0.3725
143.2044	0.1588	0.0449	NaN	0.0390	0.3727
143.2233	0.1590	0.0452	NaN	0.0392	0.3739
143.2452	0.1593	0.0454	NaN	0.0395	0.3753
143.2661	0.1596	0.0457	NaN	0.0397	0.3763
143.2839	0.1598	0.0459	NaN	0.0399	0.3766
143.3035	0.1599	0.0462	NaN	0.0402	0.3763
143.3250	0.1600	0.0464	NaN	0.0404	0.3752
143.3454	0.1603	0.0466	NaN	0.0406	0.3740
143.3652	0.1605	0.0468	NaN	0.0408	0.3735
143.3871	0.1605	0.0470	NaN	0.0409	0.3735
143.4094	0.1606	0.0471	NaN	0.0411	0.3739
143.4270	0.1605	0.0472	NaN	0.0412	0.3752
143.4496	0.1607	0.0474	NaN	0.0414	0.3763
143.4706	0.1611	0.0476	NaN	0.0415	0.3774
143.4906	0.1616	0.0477	NaN	0.0416	0.3782
143.5125	0.1618	0.0478	NaN	0.0418	0.3784
143.5315	0.1615	0.0479	NaN	0.0419	0.3777
143.5503	0.1614	0.0480	NaN	0.0420	0.3768
143.5705	0.1613	0.0481	NaN	0.0421	0.3759
143.5926	0.1613	0.0482	NaN	0.0422	0.3753
143.6123	0.1612	0.0483	NaN	0.0423	0.3755
143.6333	0.1610	0.0484	NaN	0.0423	0.3765
143.6537	0.1611	0.0484	NaN	0.0424	0.3778
143.6744	0.1610	0.0485	NaN	0.0425	0.3791
143.6920	0.1612	0.0485	NaN	0.0425	0.3799
143.7116	0.1610	0.0486	NaN	0.0426	0.3802
143.7323	0.1610	0.0487	NaN	0.0426	0.3793
143.7527	0.1614	0.0487	NaN	0.0427	0.3783
143.7745	0.1616	0.0488	NaN	0.0427	0.3773
143.7960	0.1615	0.0488	NaN	0.0428	0.3765
143.8139	0.1616	0.0489	NaN	0.0428	0.3766
143.8355	0.1616	0.0489	NaN	0.0429	0.3771
143.8555	0.1618	0.0489	NaN	0.0429	0.3776
143.8749	0.1622	0.0490	NaN	0.0429	0.3786
143.8951	0.1623	0.0490	NaN	0.0429	0.3798
143.9150	0.1627	0.0490	NaN	0.0429	0.3806
143.9359	0.1630	0.0491	NaN	0.0430	0.3809
143.9553	0.1632	0.0491	NaN	0.0430	0.3802
143.9757	0.1630	0.0491	NaN	0.0430	0.3787
143.9968	0.1629	0.0492	NaN	0.0431	0.3769
144.0174	0.1632	0.0492	NaN	0.0431	0.3771
144.0368	0.1633	0.0492	NaN	0.0431	0.3784
144.0591	0.1637	0.0492	NaN	0.0431	0.3795
144.0788	0.1641	0.0493	NaN	0.0431	0.3806
144.0979	0.1639	0.0493	NaN	0.0432	0.3815
144.1217	0.1638	0.0493	NaN	0.0432	0.3818
144.1393	0.1636	0.0493	NaN	0.0432	0.3815
144.1595	0.1636	0.0493	NaN	0.0432	0.3807
144.1794	0.1639	0.0494	NaN	0.0433	0.3798
144.2003	0.1639	0.0494	NaN	0.0433	0.3792
144.2204	0.1637	0.0494	NaN	0.0433	0.3791
144.2405	0.1637	0.0494	NaN	0.0433	0.3794
144.2612	0.1638	0.0494	NaN	0.0433	0.3803
144.2820	0.1639	0.0494	NaN	0.0433	0.3816
144.3051	0.1642	0.0495	NaN	0.0433	0.3827
144.3235	0.1646	0.0495	NaN	0.0433	0.3834
144.3420	0.1645	0.0495	NaN	0.0434	0.3835
144.3629	0.1644	0.0495	NaN	0.0434	0.3829
144.3849	0.1645	0.0495	NaN	0.0434	0.3817
144.4059	0.1645	0.0495	NaN	0.0434	0.3808
144.4268	0.1647	0.0495	NaN	0.0434	0.3803
144.4468	0.1648	0.0495	NaN	0.0434	0.3802
144.4672	0.1650	0.0496	NaN	0.0434	0.3810
144.4866	0.1650	0.0496	NaN	0.0434	0.3819
144.5075	0.1650	0.0496	NaN	0.0434	0.3828
144.5271	0.1651	0.0496	NaN	0.0435	0.3836
144.5478	0.1655	0.0496	NaN	0.0435	0.3843
144.5688	0.1658	0.0496	NaN	0.0435	0.3838
144.5900	0.1661	0.0497	NaN	0.0435	0.3821
144.6079	0.1663	0.0497	NaN	0.0435	0.3809
144.6280	0.1665	0.0497	NaN	0.0435	0.3802
144.6498	0.1665	0.0497	NaN	0.0435	0.3804
144.6703	0.1669	0.0497	NaN	0.0435	0.3809
144.6908	0.1669	0.0497	NaN	0.0436	0.3821
144.7110	0.1669	0.0498	NaN	0.0436	0.3837
144.7328	0.1664	0.0498	NaN	0.0436	0.3849
144.7497	0.1665	0.0498	NaN	0.0436	0.3856
144.7696	0.1665	0.0498	NaN	0.0436	0.3855
144.7897	0.1660	0.0498	NaN	0.0436	0.3842
144.8118	0.1663	0.0498	NaN	0.0437	0.3828
144.8336	0.1665	0.0498	NaN	0.0437	0.3821
144.8538	0.1672	0.0499	NaN	0.0437	0.3823
144.8725	0.1678	0.0499	NaN	0.0437	0.3832
144.8939	0.1668	0.0499	NaN	0.0437	0.3852
144.9137	0.1670	0.0499	NaN	0.0437	0.3866
144.9341	0.1675	0.0499	NaN	0.0437	0.3869
144.9549	0.1673	0.0499	NaN	0.0437	0.3866
144.9768	0.1672	0.0499	NaN	0.0437	0.3844
144.9968	0.1673	0.0499	NaN	0.0438	0.3834
145.0155	0.1671	0.0499	NaN	0.0438	0.3832
145.0361	0.1674	0.0499	NaN	0.0438	0.3830
145.0563	0.1676	0.0499	NaN	0.0438	0.3837
145.0763	0.1675	0.0500	NaN	0.0438	0.3848
145.0975	0.1675	0.0500	NaN	0.0438	0.3862
145.1174	0.1679	0.0500	NaN	0.0438	0.3868
145.1359	0.1683	0.0500	NaN	0.0438	0.3866
145.1557	0.1678	0.0500	NaN	0.0438	0.3865
145.1762	0.1680	0.0500	NaN	0.0439	0.3855
145.1967	0.1685	0.0500	NaN	0.0439	0.3838
145.2177	0.1688	0.0501	NaN	0.0439	0.3831
145.2391	0.1687	0.0501	NaN	0.0439	0.3844
145.2588	0.1684	0.0501	NaN	0.0440	0.3859
145.2784	0.1683	0.0501	NaN	0.0439	0.3870
145.2992	0.1684	0.0501	NaN	0.0440	0.3879
145.3190	0.1687	0.0501	NaN	0.0440	0.3882
145.3445	0.1687	0.0502	NaN	0.0440	0.3884
145.3637	0.1691	0.0502	NaN	0.0440	0.3878
145.3830	0.1691	0.0502	NaN	0.0440	0.3864
145.4016	0.1692	0.0502	NaN	0.0440	0.3851
145.4237	0.1690	0.0502	NaN	0.0440	0.3852
145.4425	0.1688	0.0502	NaN	0.0440	0.3859
145.4642	0.1686	0.0502	NaN	0.0440	0.3876
145.4848	0.1683	0.0502	NaN	0.0440	0.3889
145.5063	0.1683	0.0502	NaN	0.0440	0.3898
145.5246	0.1683	0.0502	NaN	0.0441	0.3897
145.5450	0.1680	0.0502	NaN	0.0440	0.3888
145.5652	0.1679	0.0502	NaN	0.0440	0.3877
145.5860	0.1682	0.0502	NaN	0.0440	0.3865
145.6059	0.1684	0.0502	NaN	0.0440	0.3862
145.6268	0.1684	0.0502	NaN	0.0440	0.3867
145.6463	0.1684	0.0501	NaN	0.0440	0.3881
145.6650	0.1683	0.0501	NaN	0.0440	0.3894
145.6857	0.1685	0.0501	NaN	0.0440	0.3901
145.7056	0.1686	0.0501	NaN	0.0440	0.3907
145.7261	0.1688	0.0501	NaN	0.0439	0.3910
145.7476	0.1690	0.0501	NaN	0.0439	0.3909
145.7678	0.1692	0.0501	NaN	0.0439	0.3904
145.7882	0.1692	0.0500	NaN	0.0438	0.3898
145.8069	0.1691	0.0500	NaN	0.0438	0.3881
145.8281	0.1693	0.0500	NaN	0.0438	0.3865
145.8479	0.1697	0.0499	NaN	0.0437	0.3866
145.8681	0.1697	0.0499	NaN	0.0436	0.3873
145.8881	0.1699	0.0498	NaN	0.0435	0.3888
145.9086	0.1702	0.0497	NaN	0.0434	0.3898
145.9273	0.1707	0.0496	NaN	0.0433	0.3906
145.9497	0.1712	0.0496	NaN	0.0432	0.3906
145.9672	0.1716	0.0495	NaN	0.0431	0.3896
145.9876	0.1720	0.0493	NaN	0.0429	0.3881
146.0092	0.1722	0.0492	NaN	0.0428	0.3877
146.0300	0.1724	0.0490	NaN	0.0426	0.3879
146.0499	0.1729	0.0488	NaN	0.0424	0.3877
146.0697	0.1735	0.0487	NaN	0.0422	0.3881
146.0902	0.1744	0.0484	NaN	0.0420	0.3892
146.1103	0.1751	0.0482	NaN	0.0416	0.3904
146.1314	0.1755	0.0479	NaN	0.0413	0.3919
146.1523	0.1757	0.0475	NaN	0.0410	0.3926
146.1724	0.1758	0.0471	NaN	0.0406	0.3924
146.1919	0.1760	0.0468	NaN	0.0402	0.3915
146.2128	0.1767	0.0464	NaN	0.0398	0.3901
146.2314	0.1771	0.0460	NaN	0.0393	0.3895
146.2527	0.1779	0.0455	NaN	0.0388	0.3896
146.2733	0.1786	0.0449	NaN	0.0383	0.3908
146.2936	0.1795	0.0444	NaN	0.0377	0.3920
146.3163	0.1803	0.0438	NaN	0.0371	0.3926
146.3351	0.1807	0.0432	NaN	0.0365	0.3932
146.3552	0.1816	0.0425	NaN	0.0358	0.3930
146.3762	0.1823	0.0418	NaN	0.0350	0.3922
146.3951	0.1829	0.0412	NaN	0.0344	0.3914
146.4161	0.1834	0.0404	NaN	0.0337	0.3899
146.4361	0.1836	0.0397	NaN	0.0329	0.3896
146.4555	0.1838	0.0389	NaN	0.0321	0.3900
146.4754	0.1841	0.0380	NaN	0.0312	0.3910
146.4964	0.1844	0.0370	NaN	0.0302	0.3919
146.5164	0.1845	0.0360	NaN	0.0292	0.3928
146.5371	0.1841	0.0351	NaN	0.0283	0.3934
146.5598	0.1839	0.0340	NaN	0.0272	0.3935
146.5780	0.1832	0.0330	NaN	0.0262	0.3932
146.5980	0.1823	0.0320	NaN	0.0252	0.3921
146.6177	0.1811	0.0309	NaN	0.0242	0.3911
146.6388	0.1795	0.0298	NaN	0.0231	0.3903
146.6592	0.1779	0.0286	NaN	0.0221	0.3906
146.6813	0.1761	0.0276	NaN	0.0211	0.3908
146.7016	0.1741	0.0265	NaN	0.0200	0.3917
146.7201	0.1719	0.0254	NaN	0.0191	0.3928
146.7401	0.1693	0.0243	NaN	0.0181	0.3940
146.7610	0.1663	0.0232	NaN	0.0171	0.3949
146.7809	0.1636	0.0222	NaN	0.0162	0.3948
146.8014	0.1605	0.0212	NaN	0.0153	0.3931
146.8224	0.1570	0.0201	NaN	0.0143	0.3921
146.8427	0.1537	0.0191	NaN	0.0134	0.3917
146.8610	0.1505	0.0182	NaN	0.0126	0.3921
146.8812	0.1472	0.0174	NaN	0.0118	0.3934
146.9020	0.1444	0.0166	NaN	0.0112	0.3950
146.9233	0.1416	0.0158	NaN	0.0105	0.3957
146.9440	0.1390	0.0151	NaN	0.0099	0.3965
146.9649	0.1369	0.0145	NaN	0.0093	0.3966
146.9828	0.1353	0.0139	NaN	0.0088	0.3957
147.0034	0.1341	0.0133	NaN	0.0083	0.3946
147.0240	0.1336	0.0128	NaN	0.0078	0.3932
147.0436	0.1342	0.0123	NaN	0.0073	0.3934
147.0644	0.1366	0.0120	NaN	0.0069	0.3942
147.0832	0.1408	0.0118	NaN	0.0066	0.3953
147.1056	0.1494	0.0118	NaN	0.0063	0.3965
147.1252	0.1640	0.0121	NaN	0.0060	0.3975
147.1449	0.1915	0.0128	NaN	0.0058	0.3978
147.1673	0.2502	0.0148	NaN	0.0056	0.3974
147.1850	0.3321	0.0175	NaN	0.0055	0.3961
147.2096	0.3428	0.0178	NaN	0.0053	0.3942
147.2293	0.4372	0.0210	NaN	0.0052	0.3931
147.2496	0.6835	0.0298	NaN	0.0052	0.3937
147.2696	0.6928	0.0301	NaN	0.0051	0.3952
147.2915	0.5970	0.0266	NaN	0.0051	0.3965
147.3109	0.5461	0.0248	NaN	0.0051	0.3975
147.3319	0.5464	0.0248	NaN	0.0051	0.3979
147.3521	0.4961	0.0230	NaN	0.0051	0.3970
147.3726	0.2583	0.0146	NaN	0.0052	0.3958
147.3906	0.1858	0.0121	NaN	0.0053	0.3948
147.4117	0.1642	0.0114	NaN	0.0054	0.3942
147.4315	0.1463	0.0110	NaN	0.0055	0.3945
147.4527	0.1351	0.0108	NaN	0.0057	0.3951
147.4720	0.1284	0.0107	NaN	0.0059	0.3958
147.4921	0.1243	0.0108	NaN	0.0062	0.3964
147.5092	0.1217	0.0110	NaN	0.0065	0.3967
147.5270	0.1203	0.0113	NaN	0.0068	0.3978
147.5439	0.1200	0.0117	NaN	0.0072	0.3981
147.5654	0.1205	0.0122	NaN	0.0076	0.3989
147.5861	0.1216	0.0126	NaN	0.0081	0.3994
147.6056	0.1231	0.0132	NaN	0.0086	0.3999
147.6270	0.1249	0.0138	NaN	0.0091	0.4000
147.6453	0.1268	0.0145	NaN	0.0097	0.4002
147.6657	0.1293	0.0152	NaN	0.0104	0.4006
147.6872	0.1318	0.0160	NaN	0.0111	0.4005
147.7085	0.1345	0.0169	NaN	0.0118	0.3998
147.7272	0.1374	0.0177	NaN	0.0126	0.3993
147.7477	0.1401	0.0186	NaN	0.0133	0.3980
147.7684	0.1429	0.0195	NaN	0.0142	0.3969
147.7869	0.1457	0.0205	NaN	0.0151	0.3972
147.8078	0.1486	0.0216	NaN	0.0161	0.3989
147.8275	0.1512	0.0227	NaN	0.0171	0.3999
147.8484	0.1538	0.0238	NaN	0.0181	0.4013
147.8699	0.1563	0.0250	NaN	0.0191	0.4013
147.8892	0.1585	0.0260	NaN	0.0201	0.4006
147.9068	0.1603	0.0269	NaN	0.0210	0.3996
147.9294	0.1621	0.0280	NaN	0.0220	0.3976
147.9495	0.1639	0.0291	NaN	0.0230	0.3974
147.9700	0.1655	0.0302	NaN	0.0240	0.3984
147.9895	0.1670	0.0312	NaN	0.0250	0.3994
148.0110	0.1684	0.0323	NaN	0.0260	0.4007
148.0306	0.1695	0.0333	NaN	0.0270	0.4017
148.0489	0.1706	0.0343	NaN	0.0280	0.4015
148.0686	0.1715	0.0353	NaN	0.0289	0.4000
148.0901	0.1723	0.0363	NaN	0.0299	0.3984
148.1116	0.1731	0.0372	NaN	0.0308	0.3976
148.1318	0.1737	0.0382	NaN	0.0318	0.3987
148.1536	0.1742	0.0391	NaN	0.0327	0.4006
148.1739	0.1745	0.0400	NaN	0.0336	0.4020
148.1932	0.1748	0.0409	NaN	0.0344	0.4025
148.2141	0.1752	0.0418	NaN	0.0353	0.4017
148.2365	0.1755	0.0427	NaN	0.0362	0.4005
148.2565	0.1756	0.0434	NaN	0.0369	0.3995
148.2763	0.1756	0.0442	NaN	0.0377	0.3992
148.2946	0.1758	0.0449	NaN	0.0383	0.3999
148.3171	0.1759	0.0456	NaN	0.0390	0.4015
148.3363	0.1758	0.0462	NaN	0.0396	0.4028
148.3573	0.1758	0.0467	NaN	0.0402	0.4039
148.3784	0.1758	0.0472	NaN	0.0407	0.4047
148.3969	0.1758	0.0477	NaN	0.0412	0.4041
148.4182	0.1757	0.0482	NaN	0.0416	0.4027
148.4366	0.1757	0.0486	NaN	0.0420	0.4015
148.4562	0.1757	0.0490	NaN	0.0424	0.4009
148.4788	0.1755	0.0493	NaN	0.0428	0.4013
148.4989	0.1751	0.0497	NaN	0.0432	0.4024
148.5193	0.1750	0.0499	NaN	0.0435	0.4038
148.5405	0.1750	0.0502	NaN	0.0438	0.4051
148.5586	0.1751	0.0504	NaN	0.0440	0.4056
148.5814	0.1751	0.0506	NaN	0.0443	0.4052
148.6002	0.1752	0.0508	NaN	0.0445	0.4043
148.6222	0.1754	0.0510	NaN	0.0447	0.4030
148.6417	0.1756	0.0512	NaN	0.0448	0.4017
148.6632	0.1761	0.0514	NaN	0.0450	0.4010
148.6852	0.1763	0.0515	NaN	0.0452	0.4010
148.7022	0.1765	0.0517	NaN	0.0453	0.4013
148.7229	0.1768	0.0518	NaN	0.0454	0.4026
148.7431	0.1767	0.0519	NaN	0.0456	0.4038
148.7650	0.1764	0.0520	NaN	0.0457	0.4049
148.7842	0.1764	0.0521	NaN	0.0457	0.4054
148.8044	0.1765	0.0522	NaN	0.0458	0.4054
148.8222	0.1767	0.0523	NaN	0.0459	0.4044
148.8438	0.1768	0.0523	NaN	0.0460	0.4030
148.8649	0.1769	0.0524	NaN	0.0460	0.4022
148.8836	0.1769	0.0525	NaN	0.0461	0.4020
148.9039	0.1769	0.0525	NaN	0.0461	0.4028
148.9243	0.1773	0.0526	NaN	0.0462	0.4042
148.9450	0.1771	0.0526	NaN	0.0462	0.4052
148.9632	0.1770	0.0526	NaN	0.0463	0.4065
148.9835	0.1769	0.0527	NaN	0.0463	0.4073
149.0035	0.1769	0.0527	NaN	0.0463	0.4074
149.0233	0.1767	0.0527	NaN	0.0464	0.4068
149.0443	0.1766	0.0528	NaN	0.0464	0.4057
149.0648	0.1768	0.0528	NaN	0.0465	0.4042
149.0830	0.1769	0.0529	NaN	0.0465	0.4037
149.1039	0.1771	0.0529	NaN	0.0465	0.4042
149.1249	0.1771	0.0529	NaN	0.0465	0.4057
149.1457	0.1771	0.0529	NaN	0.0466	0.4072
149.1666	0.1770	0.0530	NaN	0.0466	0.4081
149.1879	0.1773	0.0530	NaN	0.0466	0.4078
149.2090	0.1776	0.0530	NaN	0.0466	0.4062
149.2297	0.1782	0.0530	NaN	0.0466	0.4046
149.2505	0.1781	0.0530	NaN	0.0466	0.4045
149.2702	0.1783	0.0531	NaN	0.0467	0.4040
149.2900	0.1784	0.0531	NaN	0.0467	0.4043
149.3110	0.1782	0.0531	NaN	0.0467	0.4059
149.3305	0.1783	0.0531	NaN	0.0467	0.4072
149.3505	0.1785	0.0531	NaN	0.0467	0.4077
149.3709	0.1787	0.0532	NaN	0.0467	0.4079
149.3917	0.1789	0.0532	NaN	0.0467	0.4077
149.4130	0.1794	0.0532	NaN	0.0468	0.4069
149.4330	0.1796	0.0532	NaN	0.0468	0.4050
149.4540	0.1792	0.0532	NaN	0.0468	0.4041
149.4745	0.1796	0.0533	NaN	0.0468	0.4039
149.4936	0.1799	0.0533	NaN	0.0468	0.4042
149.5132	0.1799	0.0533	NaN	0.0468	0.4052
149.5332	0.1797	0.0533	NaN	0.0468	0.4063
149.5541	0.1797	0.0533	NaN	0.0469	0.4073
149.5752	0.1794	0.0533	NaN	0.0469	0.4083
149.5988	0.1809	0.0534	NaN	0.0469	0.4083
149.6157	0.1815	0.0534	NaN	0.0469	0.4078
149.6352	0.1810	0.0534	NaN	0.0469	0.4074
149.6557	0.1801	0.0534	NaN	0.0469	0.4062
149.6771	0.1802	0.0534	NaN	0.0470	0.4055
149.6978	0.1788	0.0534	NaN	0.0470	0.4054
149.7180	0.1790	0.0535	NaN	0.0470	0.4061
149.7391	0.1798	0.0535	NaN	0.0470	0.4078
149.7582	0.1798	0.0535	NaN	0.0470	0.4090
149.7777	0.1799	0.0535	NaN	0.0470	0.4097
149.7983	0.1807	0.0536	NaN	0.0471	0.4092
149.8189	0.1807	0.0536	NaN	0.0471	0.4090
149.8401	0.1806	0.0536	NaN	0.0471	0.4076
149.8604	0.1807	0.0536	NaN	0.0471	0.4059
149.8792	0.1820	0.0537	NaN	0.0471	0.4051
149.8999	0.1814	0.0536	NaN	0.0471	0.4050
149.9213	0.1810	0.0536	NaN	0.0471	0.4057
149.9403	0.1809	0.0537	NaN	0.0471	0.4065
149.9616	0.1806	0.0537	NaN	0.0472	0.4080
149.9809	0.1811	0.0537	NaN	0.0472	0.4086
150.0012	0.1812	0.0537	NaN	0.0472	0.4091
150.0198	0.1812	0.0537	NaN	0.0472	0.4096
150.0410	0.1813	0.0537	NaN	0.0472	0.4091
150.0614	0.1815	0.0537	NaN	0.0472	0.4088
150.0818	0.1820	0.0537	NaN	0.0472	0.4079
150.1021	0.1822	0.0538	NaN	0.0472	0.4061
150.1237	0.1821	0.0538	NaN	0.0472	0.4059
150.1426	0.1820	0.0538	NaN	0.0472	0.4065
150.1636	0.1824	0.0538	NaN	0.0472	0.4072
150.1862	0.1823	0.0538	NaN	0.0473	0.4087
150.2101	0.1821	0.0538	NaN	0.0473	0.4099
150.2275	0.1819	0.0539	NaN	0.0473	0.4105
150.2484	0.1819	0.0539	NaN	0.0473	0.4102
150.2686	0.1821	0.0539	NaN	0.0473	0.4091
150.2880	0.1822	0.0539	NaN	0.0473	0.4075
150.3067	0.1818	0.0539	NaN	0.0474	0.4072
150.3278	0.1812	0.0539	NaN	0.0474	0.4080
150.3474	0.1810	0.0539	NaN	0.0474	0.4088
150.3677	0.1806	0.0539	NaN	0.0474	0.4100
150.3887	0.1808	0.0539	NaN	0.0474	0.4109
150.4081	0.1810	0.0540	NaN	0.0475	0.4113
150.4286	0.1809	0.0540	NaN	0.0475	0.4120
150.4494	0.1804	0.0540	NaN	0.0475	0.4122
150.4697	0.1805	0.0540	NaN	0.0475	0.4109
150.4900	0.1818	0.0540	NaN	0.0475	0.4091
150.5106	0.1822	0.0541	NaN	0.0475	0.4078
150.5315	0.1819	0.0541	NaN	0.0475	0.4073
150.5505	0.1817	0.0541	NaN	0.0476	0.4077
150.5703	0.1819	0.0541	NaN	0.0476	0.4083
150.5909	0.1818	0.0541	NaN	0.0476	0.4094
150.6115	0.1818	0.0542	NaN	0.0476	0.4105
150.6324	0.1816	0.0542	NaN	0.0476	0.4113
150.6527	0.1817	0.0542	NaN	0.0476	0.4116
150.6721	0.1815	0.0542	NaN	0.0476	0.4107
150.6922	0.1816	0.0542	NaN	0.0476	0.4093
150.7138	0.1822	0.0542	NaN	0.0476	0.4082
150.7347	0.1823	0.0542	NaN	0.0476	0.4078
150.7545	0.1825	0.0542	NaN	0.0477	0.4078
150.7773	0.1824	0.0543	NaN	0.0477	0.4085
150.7973	0.1823	0.0542	NaN	0.0477	0.4101
150.8168	0.1823	0.0543	NaN	0.0477	0.4114
150.8357	0.1824	0.0543	NaN	0.0477	0.4120
150.8569	0.1822	0.0543	NaN	0.0477	0.4122
150.8746	0.1824	0.0543	NaN	0.0477	0.4109
150.8980	0.1824	0.0543	NaN	0.0478	0.4094
150.9165	0.1824	0.0543	NaN	0.0478	0.4086
150.9358	0.1822	0.0543	NaN	0.0478	0.4088
150.9549	0.1821	0.0543	NaN	0.0478	0.4094
150.9768	0.1822	0.0544	NaN	0.0478	0.4099
150.9961	0.1823	0.0544	NaN	0.0478	0.4103
151.0175	0.1822	0.0544	NaN	0.0478	0.4111
151.0392	0.1821	0.0544	NaN	0.0478	0.4120
151.0601	0.1820	0.0544	NaN	0.0479	0.4129
151.0800	0.1821	0.0545	NaN	0.0479	0.4137
151.0996	0.1816	0.0545	NaN	0.0479	0.4144
151.1214	0.1812	0.0544	NaN	0.0479	0.4142
151.1409	0.1819	0.0545	NaN	0.0479	0.4127
151.1607	0.1817	0.0545	NaN	0.0479	0.4110
151.1819	0.1817	0.0545	NaN	0.0479	0.4104
151.2003	0.1818	0.0545	NaN	0.0480	0.4106
151.2205	0.1813	0.0545	NaN	0.0480	0.4113
151.2409	0.1814	0.0545	NaN	0.0480	0.4125
151.2618	0.1816	0.0545	NaN	0.0480	0.4134
151.2821	0.1817	0.0546	NaN	0.0480	0.4141
151.3037	0.1817	0.0546	NaN	0.0480	0.4145
151.3242	0.1816	0.0546	NaN	0.0480	0.4142
151.3422	0.1816	0.0546	NaN	0.0480	0.4130
151.3632	0.1818	0.0546	NaN	0.0480	0.4112
151.3826	0.1818	0.0546	NaN	0.0480	0.4101
151.4040	0.1819	0.0546	NaN	0.0481	0.4097
151.4261	0.1816	0.0546	NaN	0.0481	0.4102
151.4459	0.1819	0.0546	NaN	0.0480	0.4117
151.4641	0.1817	0.0546	NaN	0.0480	0.4121
151.4843	0.1819	0.0546	NaN	0.0481	0.4138
151.5031	0.1818	0.0546	NaN	0.0480	0.4152
151.5241	0.1818	0.0546	NaN	0.0480	0.4153
151.5449	0.1817	0.0546	NaN	0.0480	0.4147
151.5650	0.1816	0.0546	NaN	0.0480	0.4133
151.5867	0.1817	0.0546	NaN	0.0480	0.4120
151.6038	0.1817	0.0546	NaN	0.0480	0.4115
151.6256	0.1814	0.0545	NaN	0.0480	0.4122
151.6466	0.1812	0.0545	NaN	0.0480	0.4132
151.6656	0.1813	0.0545	NaN	0.0480	0.4144
151.6878	0.1813	0.0545	NaN	0.0480	0.4155
151.7077	0.1814	0.0544	NaN	0.0479	0.4163
151.7257	0.1814	0.0544	NaN	0.0479	0.4165
151.7476	0.1811	0.0544	NaN	0.0479	0.4161
151.7687	0.1809	0.0543	NaN	0.0478	0.4149
151.7889	0.1807	0.0542	NaN	0.0477	0.4136
151.8109	0.1806	0.0542	NaN	0.0477	0.4124
151.8298	0.1805	0.0541	NaN	0.0476	0.4124
151.8507	0.1805	0.0540	NaN	0.0475	0.4132
151.8687	0.1805	0.0539	NaN	0.0474	0.4141
151.8879	0.1802	0.0538	NaN	0.0473	0.4149
151.9091	0.1792	0.0536	NaN	0.0472	0.4158
151.9310	0.1792	0.0535	NaN	0.0470	0.4167
151.9510	0.1791	0.0533	NaN	0.0469	0.4171
151.9717	0.1788	0.0532	NaN	0.0467	0.4167
151.9909	0.1787	0.0530	NaN	0.0465	0.4163
152.0108	0.1784	0.0528	NaN	0.0463	0.4151
152.0359	0.1781	0.0525	NaN	0.0461	0.4138
152.0581	0.1775	0.0522	NaN	0.0458	0.4125
152.0777	0.1771	0.0519	NaN	0.0455	0.4119
152.0976	0.1774	0.0515	NaN	0.0451	0.4123
152.1190	0.1764	0.0511	NaN	0.0448	0.4134
152.1367	0.1755	0.0508	NaN	0.0444	0.4143
152.1554	0.1746	0.0504	NaN	0.0440	0.4146
152.1756	0.1739	0.0500	NaN	0.0437	0.4154
152.1972	0.1732	0.0496	NaN	0.0432	0.4160
152.2165	0.1722	0.0491	NaN	0.0427	0.4161
152.2383	0.1709	0.0484	NaN	0.0421	0.4157
152.2582	0.1695	0.0478	NaN	0.0414	0.4147
152.2782	0.1682	0.0471	NaN	0.0408	0.4141
152.2980	0.1670	0.0463	NaN	0.0401	0.4133
152.3197	0.1654	0.0455	NaN	0.0393	0.4120
152.3401	0.1637	0.0447	NaN	0.0385	0.4121
152.3606	0.1620	0.0438	NaN	0.0377	0.4127
152.3779	0.1605	0.0430	NaN	0.0370	0.4136
152.3992	0.1583	0.0421	NaN	0.0362	0.4150
152.4198	0.1559	0.0410	NaN	0.0352	0.4161
152.4393	0.1532	0.0398	NaN	0.0341	0.4169
152.4615	0.1504	0.0387	NaN	0.0331	0.4164
152.4828	0.1476	0.0375	NaN	0.0320	0.4150
152.5029	0.1447	0.0363	NaN	0.0309	0.4136
152.5208	0.1419	0.0352	NaN	0.0299	0.4127
152.5399	0.1392	0.0341	NaN	0.0289	0.4127
152.5602	0.1362	0.0329	NaN	0.0278	0.4134
152.5812	0.1328	0.0316	NaN	0.0266	0.4143
152.6022	0.1294	0.0303	NaN	0.0254	0.4153
152.6230	0.1259	0.0290	NaN	0.0242	0.4160
152.6459	0.1227	0.0278	NaN	0.0232	0.4164
152.6673	0.1187	0.0264	NaN	0.0219	0.4166
152.6888	0.1147	0.0250	NaN	0.0207	0.4162
152.7084	0.1107	0.0236	NaN	0.0195	0.4152
152.7293	0.1068	0.0223	NaN	0.0183	0.4133
152.7502	0.1029	0.0211	NaN	0.0172	0.4120
152.7712	0.0989	0.0198	NaN	0.0161	0.4115
152.7901	0.0953	0.0187	NaN	0.0151	0.4117
152.8107	0.0914	0.0176	NaN	0.0141	0.4123
152.8323	0.0879	0.0166	NaN	0.0132	0.4129
152.8515	0.0841	0.0155	NaN	0.0122	0.4142
152.8726	0.0806	0.0145	NaN	0.0114	0.4150
152.8934	0.0771	0.0135	NaN	0.0105	0.4155
152.9118	0.0736	0.0125	NaN	0.0097	0.4151
152.9333	0.0701	0.0116	NaN	0.0089	0.4144
152.9541	0.0665	0.0107	NaN	0.0081	0.4128
152.9729	0.0635	0.0099	NaN	0.0074	0.4118
152.9939	0.0607	0.0092	NaN	0.0068	0.4112
153.0138	0.0580	0.0085	NaN	0.0062	0.4114
153.0348	0.0552	0.0078	NaN	0.0057	0.4124
153.0535	0.0528	0.0072	NaN	0.0052	0.4137
153.0732	0.0507	0.0067	NaN	0.0047	0.4144
153.0950	0.0487	0.0061	NaN	0.0042	0.4151
153.1157	0.0465	0.0056	NaN	0.0038	0.4158
153.1369	0.0446	0.0051	NaN	0.0034	0.4156
153.1562	0.0428	0.0047	NaN	0.0030	0.4142
153.1746	0.0412	0.0043	NaN	0.0027	0.4129
153.1951	0.0400	0.0040	NaN	0.0024	0.4118
153.2164	0.0389	0.0037	NaN	0.0021	0.4118
153.2377	0.0377	0.0033	NaN	0.0018	0.4122
153.2607	0.0367	0.0031	NaN	0.0016	0.4126
153.2798	0.0358	0.0028	NaN	0.0014	0.4131
153.3001	0.0351	0.0026	NaN	0.0011	0.4141
153.3190	0.0347	0.0024	NaN	0.0010	0.4152
153.3382	0.0344	0.0023	NaN	0.0008	0.4161
153.3595	0.0347	0.0022	NaN	0.0007	0.4164
153.3795	0.0362	0.0021	NaN	0.0006	0.4160
153.3992	0.0401	0.0021	NaN	0.0005	0.4152
153.4201	0.0516	0.0024	NaN	0.0004	0.4135
153.4386	0.0969	0.0040	NaN	0.0004	0.4126
153.4579	0.1554	0.0060	NaN	0.0003	0.4126
153.4792	0.0850	0.0035	NaN	0.0003	0.4130
153.4990	0.0660	0.0028	NaN	0.0002	0.4138
153.5208	0.0722	0.0030	NaN	0.0002	0.4149
153.5419	0.0956	0.0038	NaN	0.0002	0.4158
153.5631	0.1572	0.0060	NaN	0.0002	0.4167
153.5816	0.3116	0.0116	NaN	0.0003	0.4171
153.6045	0.4649	0.0171	NaN	0.0003	0.4172
153.6242	0.2584	0.0097	NaN	0.0003	0.4164
153.6453	0.2100	0.0080	NaN	0.0004	0.4147
153.6666	0.3822	0.0143	NaN	0.0004	0.4134
153.6872	0.3855	0.0145	NaN	0.0005	0.4137
153.7064	0.1891	0.0075	NaN	0.0006	0.4145
153.7269	0.1521	0.0063	NaN	0.0007	0.4153
153.7459	0.1605	0.0067	NaN	0.0008	0.4162
153.7671	0.1191	0.0054	NaN	0.0010	0.4171
153.7863	0.1235	0.0057	NaN	0.0011	0.4179
153.8065	0.1800	0.0079	NaN	0.0013	0.4177
153.8277	0.1275	0.0063	NaN	0.0015	0.4170
153.8473	0.0926	0.0052	NaN	0.0017	0.4160
153.8691	0.0876	0.0053	NaN	0.0020	0.4149
153.8885	0.0827	0.0055	NaN	0.0023	0.4144
153.9076	0.0689	0.0053	NaN	0.0027	0.4147
153.9275	0.0641	0.0055	NaN	0.0030	0.4154
153.9489	0.0630	0.0058	NaN	0.0034	0.4158
153.9659	0.0636	0.0062	NaN	0.0038	0.4167
153.9865	0.0650	0.0067	NaN	0.0042	0.4179
154.0077	0.0672	0.0073	NaN	0.0047	0.4190
154.0283	0.0697	0.0079	NaN	0.0052	0.4195
154.0490	0.0724	0.0085	NaN	0.0057	0.4196
154.0695	0.0756	0.0091	NaN	0.0062	0.4197
154.0891	0.0790	0.0098	NaN	0.0068	0.4189
154.1088	0.0826	0.0105	NaN	0.0074	0.4181
154.1272	0.0868	0.0113	NaN	0.0081	0.4171
154.1494	0.0908	0.0122	NaN	0.0088	0.4167
154.1685	0.0951	0.0131	NaN	0.0095	0.4174
154.1895	0.0994	0.0141	NaN	0.0103	0.4185
154.2096	0.1041	0.0151	NaN	0.0112	0.4195
154.2284	0.1089	0.0162	NaN	0.0120	0.4206
154.2486	0.1133	0.0172	NaN	0.0129	0.4217
154.2699	0.1181	0.0184	NaN	0.0139	0.4223
154.2926	0.1231	0.0196	NaN	0.0150	0.4222
154.3128	0.1279	0.0208	NaN	0.0161	0.4214
154.3335	0.1324	0.0220	NaN	0.0171	0.4200
154.3541	0.1371	0.0233	NaN	0.0182	0.4191
154.3732	0.1414	0.0246	NaN	0.0193	0.4193
154.3951	0.1458	0.0259	NaN	0.0205	0.4203
154.4144	0.1497	0.0271	NaN	0.0216	0.4214
154.4366	0.1536	0.0285	NaN	0.0228	0.4226
154.4561	0.1571	0.0297	NaN	0.0239	0.4236
154.4783	0.1608	0.0311	NaN	0.0251	0.4237
154.4953	0.1634	0.0323	NaN	0.0262	0.4228
154.5176	0.1663	0.0334	NaN	0.0272	0.4220
154.5391	0.1691	0.0345	NaN	0.0283	0.4213
154.5590	0.1717	0.0357	NaN	0.0293	0.4204
154.5803	0.1739	0.0368	NaN	0.0304	0.4204
154.6005	0.1758	0.0379	NaN	0.0314	0.4213
154.6199	0.1778	0.0390	NaN	0.0325	0.4227
154.6395	0.1796	0.0401	NaN	0.0334	0.4235
154.6593	0.1807	0.0410	NaN	0.0343	0.4240
154.6802	0.1815	0.0419	NaN	0.0352	0.4239
154.6997	0.1823	0.0427	NaN	0.0360	0.4236
154.7187	0.1832	0.0435	NaN	0.0367	0.4246
154.7416	0.1837	0.0442	NaN	0.0374	0.4254
154.7584	0.1835	0.0448	NaN	0.0379	0.4258
154.7792	0.1830	0.0453	NaN	0.0385	0.4267
154.7992	0.1822	0.0459	NaN	0.0391	0.4267
154.8198	0.1826	0.0463	NaN	0.0395	0.4249
154.8411	0.1821	0.0467	NaN	0.0399	0.4233
154.8603	0.1827	0.0470	NaN	0.0402	0.4226
154.8818	0.1821	0.0473	NaN	0.0405	0.4234
154.9004	0.1814	0.0475	NaN	0.0407	0.4250
154.9210	0.1809	0.0477	NaN	0.0409	0.4260
154.9418	0.1804	0.0478	NaN	0.0411	0.4269
154.9613	0.1797	0.0479	NaN	0.0412	0.4276
154.9829	0.1788	0.0479	NaN	0.0412	0.4277
155.0050	0.1777	0.0479	NaN	0.0413	0.4266
155.0239	0.1773	0.0478	NaN	0.0412	0.4256
155.0440	0.1766	0.0477	NaN	0.0411	0.4246
155.0639	0.1754	0.0476	NaN	0.0410	0.4239
155.0853	0.1743	0.0473	NaN	0.0408	0.4241
155.1046	0.1738	0.0471	NaN	0.0406	0.4249
155.1256	0.1725	0.0468	NaN	0.0404	0.4257
155.1452	0.1713	0.0465	NaN	0.0401	0.4268
155.1644	0.1698	0.0460	NaN	0.0397	0.4276
155.1853	0.1682	0.0456	NaN	0.0393	0.4281
155.2053	0.1666	0.0451	NaN	0.0389	0.4279
155.2262	0.1650	0.0446	NaN	0.0384	0.4269
155.2470	0.1630	0.0439	NaN	0.0379	0.4256
155.2671	0.1610	0.0433	NaN	0.0373	0.4249
155.2847	0.1590	0.0427	NaN	0.0368	0.4252
155.3071	0.1571	0.0420	NaN	0.0362	0.4258
155.3284	0.1553	0.0413	NaN	0.0356	0.4269
155.3492	0.1536	0.0406	NaN	0.0349	0.4277
155.3703	0.1518	0.0400	NaN	0.0343	0.4289
155.3903	0.1497	0.0392	NaN	0.0336	0.4295
155.4100	0.1475	0.0385	NaN	0.0329	0.4298
155.4274	0.1456	0.0377	NaN	0.0323	0.4295
155.4501	0.1436	0.0370	NaN	0.0317	0.4285
155.4718	0.1414	0.0362	NaN	0.0309	0.4274
155.4935	0.1394	0.0354	NaN	0.0302	0.4265
155.5136	0.1377	0.0346	NaN	0.0295	0.4260
155.5353	0.1357	0.0338	NaN	0.0287	0.4260
155.5536	0.1338	0.0330	NaN	0.0280	0.4269
155.5750	0.1319	0.0323	NaN	0.0273	0.4284
155.5975	0.1300	0.0315	NaN	0.0266	0.4289
155.6165	0.1282	0.0307	NaN	0.0259	0.4295
155.6373	0.1264	0.0300	NaN	0.0252	0.4295
155.6577	0.1247	0.0293	NaN	0.0247	0.4287
155.6771	0.1231	0.0287	NaN	0.0240	0.4275
155.6972	0.1215	0.0281	NaN	0.0235	0.4262
155.7165	0.1198	0.0275	NaN	0.0230	0.4257
155.7366	0.1182	0.0269	NaN	0.0224	0.4263
155.7572	0.1168	0.0263	NaN	0.0219	0.4270
155.7788	0.1155	0.0256	NaN	0.0213	0.4277
155.7979	0.1136	0.0251	NaN	0.0208	0.4286
155.8165	0.1118	0.0245	NaN	0.0203	0.4295
155.8360	0.1100	0.0240	NaN	0.0199	0.4299
155.8584	0.1086	0.0235	NaN	0.0194	0.4297
155.8788	0.1074	0.0231	NaN	0.0190	0.4292
155.8992	0.1064	0.0227	NaN	0.0187	0.4286
155.9215	0.1057	0.0223	NaN	0.0183	0.4274
155.9420	0.1055	0.0220	NaN	0.0180	0.4268
155.9595	0.1054	0.0217	NaN	0.0177	0.4271
155.9803	0.1060	0.0215	NaN	0.0175	0.4276
155.9995	0.1072	0.0213	NaN	0.0172	0.4284
156.0205	0.1095	0.0211	NaN	0.0170	0.4294
156.0408	0.1141	0.0211	NaN	0.0168	0.4304
156.0611	0.1243	0.0213	NaN	0.0167	0.4312
156.0803	0.1468	0.0219	NaN	0.0165	0.4317
156.1003	0.2177	0.0244	NaN	0.0164	0.4317
156.1209	0.3172	0.0278	NaN	0.0163	0.4313
156.1417	0.2056	0.0237	NaN	0.0162	0.4308
156.1628	0.1468	0.0215	NaN	0.0161	0.4297
156.1839	0.1282	0.0208	NaN	0.0161	0.4291
156.2026	0.1222	0.0206	NaN	0.0160	0.4288
156.2228	0.1213	0.0206	NaN	0.0161	0.4289
156.2431	0.1233	0.0207	NaN	0.0161	0.4297
156.2646	0.1274	0.0209	NaN	0.0161	0.4309
156.2851	0.1337	0.0212	NaN	0.0162	0.4322
156.3090	0.1432	0.0217	NaN	0.0163	0.4328
156.3264	0.1579	0.0223	NaN	0.0164	0.4331
156.3466	0.1788	0.0232	NaN	0.0166	0.4335
156.3664	0.2114	0.0245	NaN	0.0168	0.4338
156.3863	0.2659	0.0267	NaN	0.0170	0.4339
156.4067	0.3701	0.0306	NaN	0.0172	0.4341
156.4252	0.5537	0.0374	NaN	0.0174	0.4340
156.4481	0.6846	0.0424	NaN	0.0178	0.4342
156.4678	0.5060	0.0362	NaN	0.0179	0.4335
156.4865	0.3459	0.0307	NaN	0.0181	0.4325
156.5059	0.2588	0.0279	NaN	0.0184	0.4323
156.5266	0.2176	0.0267	NaN	0.0188	0.4312
156.5493	0.2041	0.0266	NaN	0.0191	0.4308
156.5686	0.2071	0.0270	NaN	0.0195	0.4315
156.5896	0.2322	0.0283	NaN	0.0198	0.4325
156.6081	0.3057	0.0313	NaN	0.0202	0.4337
156.6283	0.5120	0.0391	NaN	0.0207	0.4349
156.6484	0.4526	0.0375	NaN	0.0212	0.4354
156.6660	0.2975	0.0324	NaN	0.0215	0.4354
156.6879	0.2353	0.0306	NaN	0.0220	0.4350
156.7071	0.2197	0.0305	NaN	0.0224	0.4346
156.7284	0.2279	0.0314	NaN	0.0230	0.4338
156.7488	0.2609	0.0331	NaN	0.0235	0.4327
156.7694	0.2902	0.0347	NaN	0.0241	0.4323
156.7885	0.2430	0.0335	NaN	0.0246	0.4325
156.8101	0.2146	0.0330	NaN	0.0251	0.4331
156.8299	0.2013	0.0331	NaN	0.0257	0.4339
156.8497	0.1966	0.0334	NaN	0.0262	0.4349
156.8692	0.1971	0.0340	NaN	0.0268	0.4359
156.8900	0.2034	0.0348	NaN	0.0273	0.4369
156.9120	0.2179	0.0360	NaN	0.0279	0.4377
156.9314	0.2529	0.0378	NaN	0.0286	0.4377
156.9508	0.3248	0.0410	NaN	0.0292	0.4375
156.9717	0.2962	0.0406	NaN	0.0298	0.4367
156.9921	0.2387	0.0392	NaN	0.0304	0.4357
157.0109	0.2164	0.0390	NaN	0.0310	0.4352
157.0301	0.2068	0.0392	NaN	0.0316	0.4351
157.0516	0.2021	0.0397	NaN	0.0322	0.4358
157.0725	0.2005	0.0402	NaN	0.0328	0.4371
157.0928	0.2021	0.0409	NaN	0.0335	0.4379
157.1142	0.2097	0.0418	NaN	0.0341	0.4392
157.1313	0.2276	0.0431	NaN	0.0347	0.4403
157.1530	0.2212	0.0435	NaN	0.0354	0.4404
157.1761	0.2069	0.0436	NaN	0.0360	0.4408
157.1946	0.2019	0.0440	NaN	0.0366	0.4410
157.2171	0.2003	0.0445	NaN	0.0371	0.4406
157.2396	0.1997	0.0450	NaN	0.0376	0.4403
157.2605	0.1995	0.0456	NaN	0.0381	0.4393
157.2810	0.1997	0.0460	NaN	0.0386	0.4383
157.3004	0.1999	0.0466	NaN	0.0391	0.4381
157.3228	0.2001	0.0471	NaN	0.0397	0.4393
157.3433	0.2002	0.0476	NaN	0.0402	0.4404
157.3626	0.2004	0.0482	NaN	0.0407	0.4414
157.3842	0.2007	0.0487	NaN	0.0413	0.4420
157.4034	0.2009	0.0492	NaN	0.0417	0.4426
157.4235	0.2012	0.0496	NaN	0.0422	0.4425
157.4423	0.2013	0.0500	NaN	0.0426	0.4415
157.4630	0.2009	0.0504	NaN	0.0431	0.4403
157.4842	0.2010	0.0508	NaN	0.0435	0.4395
157.5042	0.2011	0.0512	NaN	0.0440	0.4393
157.5254	0.2013	0.0516	NaN	0.0444	0.4397
157.5429	0.2012	0.0520	NaN	0.0447	0.4401
157.5632	0.2012	0.0523	NaN	0.0451	0.4405
157.5837	0.2016	0.0527	NaN	0.0455	0.4415
157.6072	0.2016	0.0531	NaN	0.0458	0.4428
157.6274	0.2015	0.0534	NaN	0.0462	0.4435
157.6478	0.2010	0.0538	NaN	0.0465	0.4434
157.6653	0.2005	0.0540	NaN	0.0469	0.4429
157.6867	0.2001	0.0543	NaN	0.0472	0.4421
157.7054	0.1995	0.0546	NaN	0.0475	0.4413
157.7277	0.1995	0.0549	NaN	0.0477	0.4407
157.7478	0.1995	0.0552	NaN	0.0480	0.4415
157.7665	0.1991	0.0554	NaN	0.0482	0.4425
157.7860	0.1987	0.0556	NaN	0.0485	0.4431
157.8034	0.1985	0.0559	NaN	0.0487	0.4432
157.8240	0.1983	0.0561	NaN	0.0490	0.4438
157.8445	0.1981	0.0564	NaN	0.0492	0.4450
157.8653	0.1979	0.0566	NaN	0.0495	0.4459
157.8859	0.1976	0.0568	NaN	0.0496	0.4458
157.9053	0.1973	0.0570	NaN	0.0498	0.4437
157.9229	0.1970	0.0571	NaN	0.0499	0.4432
157.9440	0.1968	0.0573	NaN	0.0501	0.4432
157.9651	0.1964	0.0574	NaN	0.0502	0.4428
157.9854	0.1959	0.0576	NaN	0.0504	0.4432
158.0056	0.1957	0.0577	NaN	0.0505	0.4441
158.0266	0.1960	0.0579	NaN	0.0506	0.4454
158.0475	0.1959	0.0580	NaN	0.0508	0.4464
158.0661	0.1961	0.0582	NaN	0.0509	0.4473
158.0852	0.1961	0.0583	NaN	0.0510	0.4474
158.1053	0.1958	0.0584	NaN	0.0511	0.4472
158.1303	0.1957	0.0585	NaN	0.0513	0.4462
158.1480	0.1953	0.0586	NaN	0.0514	0.4455
158.1709	0.1958	0.0587	NaN	0.0515	0.4442
158.1893	0.1959	0.0588	NaN	0.0515	0.4435
158.2102	0.1958	0.0588	NaN	0.0516	0.4436
158.2311	0.1960	0.0589	NaN	0.0517	0.4445
158.2520	0.1966	0.0590	NaN	0.0518	0.4453
158.2726	0.1968	0.0591	NaN	0.0518	0.4461
158.2929	0.1966	0.0592	NaN	0.0519	0.4470
158.3133	0.1967	0.0593	NaN	0.0520	0.4476
158.3316	0.1966	0.0593	NaN	0.0520	0.4475
158.3503	0.1964	0.0594	NaN	0.0521	0.4463
158.3712	0.1965	0.0594	NaN	0.0521	0.4451
158.3932	0.1967	0.0595	NaN	0.0522	0.4443
158.4131	0.1967	0.0595	NaN	0.0523	0.4444
158.4341	0.1969	0.0596	NaN	0.0523	0.4454
158.4527	0.1969	0.0596	NaN	0.0523	0.4464
158.4731	0.1969	0.0596	NaN	0.0524	0.4469
158.4923	0.1969	0.0597	NaN	0.0524	0.4477
158.5145	0.1964	0.0597	NaN	0.0524	0.4484
158.5339	0.1963	0.0597	NaN	0.0525	0.4491
158.5546	0.1964	0.0598	NaN	0.0525	0.4490
158.5747	0.1967	0.0598	NaN	0.0525	0.4487
158.5951	0.1966	0.0598	NaN	0.0525	0.4476
158.6135	0.1967	0.0598	NaN	0.0525	0.4471
158.6327	0.1966	0.0598	NaN	0.0526	0.4465
158.6549	0.1966	0.0599	NaN	0.0526	0.4463
158.6764	0.1964	0.0599	NaN	0.0526	0.4469
158.6972	0.1963	0.0599	NaN	0.0527	0.4474
158.7162	0.1962	0.0599	NaN	0.0527	0.4481
158.7379	0.1964	0.0600	NaN	0.0527	0.4490
158.7588	0.1965	0.0600	NaN	0.0527	0.4499
158.7785	0.1966	0.0600	NaN	0.0527	0.4508
158.7988	0.1965	0.0600	NaN	0.0528	0.4512
158.8192	0.1966	0.0600	NaN	0.0528	0.4505
158.8407	0.1969	0.0601	NaN	0.0528	0.4496
158.8583	0.1967	0.0601	NaN	0.0528	0.4486
158.8804	0.1968	0.0601	NaN	0.0528	0.4478
158.9009	0.1970	0.0601	NaN	0.0528	0.4477
158.9203	0.1968	0.0602	NaN	0.0528	0.4481
158.9407	0.1967	0.0602	NaN	0.0529	0.4489
158.9618	0.1972	0.0602	NaN	0.0529	0.4501
158.9799	0.1978	0.0602	NaN	0.0529	0.4508
159.0010	0.1979	0.0603	NaN	0.0529	0.4509
159.0220	0.1979	0.0603	NaN	0.0530	0.4508
159.0415	0.1978	0.0603	NaN	0.0530	0.4503
159.0645	0.1982	0.0603	NaN	0.0530	0.4492
159.0830	0.1980	0.0603	NaN	0.0530	0.4490
159.1039	0.1976	0.0603	NaN	0.0530	0.4482
159.1220	0.1984	0.0603	NaN	0.0530	0.4476
159.1419	0.1986	0.0604	NaN	0.0530	0.4476
159.1640	0.1988	0.0604	NaN	0.0530	0.4481
159.1815	0.1990	0.0604	NaN	0.0530	0.4496
159.2034	0.1994	0.0604	NaN	0.0530	0.4508
159.2250	0.1988	0.0604	NaN	0.0530	0.4524
159.2448	0.1987	0.0604	NaN	0.0530	0.4528
159.2640	0.1987	0.0604	NaN	0.0530	0.4525
159.2839	0.1981	0.0604	NaN	0.0530	0.4519
159.3042	0.1983	0.0604	NaN	0.0530	0.4506
159.3250	0.1989	0.0604	NaN	0.0531	0.4493
159.3474	0.1988	0.0605	NaN	0.0531	0.4488
159.3674	0.1990	0.0605	NaN	0.0531	0.4491
159.3852	0.1996	0.0605	NaN	0.0531	0.4495
159.4048	0.2002	0.0605	NaN	0.0531	0.4501
159.4262	0.1998	0.0605	NaN	0.0531	0.4512
159.4489	0.1999	0.0606	NaN	0.0531	0.4523
159.4699	0.2004	0.0606	NaN	0.0531	0.4534
159.4898	0.2005	0.0606	NaN	0.0532	0.4540
159.5094	0.1998	0.0606	NaN	0.0532	0.4542
159.5295	0.1996	0.0606	NaN	0.0532	0.4536
159.5490	0.2000	0.0606	NaN	0.0532	0.4523
159.5698	0.2006	0.0606	NaN	0.0532	0.4511
159.5904	0.2005	0.0607	NaN	0.0532	0.4510
159.6106	0.2006	0.0607	NaN	0.0532	0.4511
159.6313	0.2007	0.0607	NaN	0.0532	0.4518
159.6499	0.2009	0.0607	NaN	0.0533	0.4522
159.6706	0.2007	0.0607	NaN	0.0533	0.4530
159.6921	0.2011	0.0607	NaN	0.0533	0.4533
159.7127	0.2018	0.0608	NaN	0.0533	0.4539
159.7332	0.2021	0.0608	NaN	0.0533	0.4538
159.7544	0.2021	0.0608	NaN	0.0533	0.4531
159.7716	0.2020	0.0608	NaN	0.0534	0.4526
159.7918	0.2020	0.0609	NaN	0.0533	0.4520
159.8130	0.2021	0.0609	NaN	0.0533	0.4515
159.8336	0.2023	0.0608	NaN	0.0534	0.4510
159.8540	0.2026	0.0609	NaN	0.0534	0.4509
159.8754	0.2023	0.0609	NaN	0.0534	0.4511
159.8952	0.2019	0.0609	NaN	0.0534	0.4519
159.9140	0.2030	0.0609	NaN	0.0534	0.4527
159.9354	0.2027	0.0609	NaN	0.0534	0.4539
159.9580	0.2026	0.0609	NaN	0.0534	0.4547
159.9783	0.2023	0.0609	NaN	0.0534	0.4553
159.9996	0.2027	0.0609	NaN	0.0534	0.4551
160.0195	0.2028	0.0609	NaN	0.0534	0.4546
160.0377	0.2029	0.0609	NaN	0.0534	0.4537
160.0588	0.2028	0.0610	NaN	0.0534	0.4527
160.0786	0.2032	0.0610	NaN	0.0534	0.4524
160.1004	0.2032	0.0610	NaN	0.0535	0.4526
160.1207	0.2034	0.0610	NaN	0.0534	0.4527
160.1409	0.2037	0.0610	NaN	0.0535	0.4525
160.1613	0.2037	0.0611	NaN	0.0535	0.4527
160.1803	0.2036	0.0611	NaN	0.0535	0.4533
160.2005	0.2032	0.0610	NaN	0.0535	0.4546
160.2201	0.2030	0.0611	NaN	0.0535	0.4554
160.2416	0.2035	0.0611	NaN	0.0535	0.4561
160.2614	0.2035	0.0611	NaN	0.0535	0.4567
160.2824	0.2031	0.0611	NaN	0.0536	0.4572
160.3009	0.2035	0.0611	NaN	0.0536	0.4576
160.3224	0.2036	0.0611	NaN	0.0536	0.4578
160.3416	0.2034	0.0611	NaN	0.0536	0.4573
160.3622	0.2037	0.0612	NaN	0.0536	0.4569
160.3839	0.2036	0.0612	NaN	0.0536	0.4560
160.4034	0.2034	0.0612	NaN	0.0536	0.4549
160.4237	0.2035	0.0612	NaN	0.0537	0.4540
160.4431	0.2039	0.0612	NaN	0.0537	0.4535
160.4629	0.2037	0.0613	NaN	0.0537	0.4539
160.4845	0.2039	0.0613	NaN	0.0537	0.4546
160.5045	0.2040	0.0613	NaN	0.0537	0.4552
160.5246	0.2042	0.0613	NaN	0.0537	0.4558
160.5438	0.2043	0.0613	NaN	0.0537	0.4568
160.5651	0.2044	0.0613	NaN	0.0537	0.4581
160.5845	0.2043	0.0613	NaN	0.0537	0.4577
160.6052	0.2043	0.0613	NaN	0.0537	0.4563
160.6258	0.2045	0.0613	NaN	0.0538	0.4551
160.6475	0.2045	0.0614	NaN	0.0538	0.4544
160.6682	0.2044	0.0614	NaN	0.0538	0.4545
160.6870	0.2045	0.0614	NaN	0.0538	0.4547
160.7051	0.2048	0.0614	NaN	0.0538	0.4553
160.7262	0.2049	0.0614	NaN	0.0538	0.4558
160.7446	0.2049	0.0614	NaN	0.0538	0.4566
160.7663	0.2054	0.0614	NaN	0.0538	0.4575
160.7868	0.2055	0.0614	NaN	0.0538	0.4581
160.8066	0.2050	0.0614	NaN	0.0538	0.4584
160.8252	0.2051	0.0614	NaN	0.0538	0.4586
160.8462	0.2052	0.0615	NaN	0.0538	0.4581
160.8650	0.2052	0.0614	NaN	0.0538	0.4575
160.8841	0.2052	0.0615	NaN	0.0538	0.4576
160.9059	0.2052	0.0615	NaN	0.0538	0.4566
160.9277	0.2052	0.0615	NaN	0.0539	0.4566
160.9485	0.2052	0.0615	NaN	0.0539	0.4562
160.9689	0.2048	0.0615	NaN	0.0539	0.4565
160.9914	0.2049	0.0615	NaN	0.0539	0.4573
161.0132	0.2042	0.0615	NaN	0.0539	0.4582
161.0336	0.2046	0.0615	NaN	0.0539	0.4590
161.0547	0.2050	0.0615	NaN	0.0539	0.4601
161.0748	0.2049	0.0615	NaN	0.0539	0.4606
161.0933	0.2047	0.0616	NaN	0.0539	0.4609
161.1141	0.2047	0.0616	NaN	0.0540	0.4610
161.1344	0.2044	0.0616	NaN	0.0540	0.4612
161.1542	0.2045	0.0616	NaN	0.0540	0.4607
161.1771	0.2049	0.0617	NaN	0.0540	0.4595
161.1972	0.2048	0.0617	NaN	0.0541	0.4582
161.2181	0.2047	0.0617	NaN	0.0541	0.4571
161.2361	0.2048	0.0617	NaN	0.0541	0.4565
161.2577	0.2053	0.0617	NaN	0.0541	0.4569
161.2788	0.2054	0.0617	NaN	0.0541	0.4575
161.2977	0.2053	0.0617	NaN	0.0541	0.4584
161.3179	0.2051	0.0617	NaN	0.0541	0.4595
161.3389	0.2054	0.0618	NaN	0.0541	0.4602
161.3584	0.2055	0.0618	NaN	0.0541	0.4607
161.3792	0.2053	0.0618	NaN	0.0541	0.4609
161.3999	0.2055	0.0618	NaN	0.0542	0.4604
161.4197	0.2056	0.0618	NaN	0.0542	0.4599
161.4396	0.2056	0.0618	NaN	0.0542	0.4593
161.4609	0.2057	0.0618	NaN	0.0542	0.4586
161.4813	0.2060	0.0618	NaN	0.0542	0.4584
161.4981	0.2050	0.0618	NaN	0.0541	0.4592
161.5192	0.2052	0.0618	NaN	0.0541	0.4603
161.5412	0.2050	0.0618	NaN	0.0542	0.4604
161.5601	0.2052	0.0618	NaN	0.0541	0.4616
161.5813	0.2059	0.0618	NaN	0.0542	0.4620
161.6021	0.2055	0.0618	NaN	0.0542	0.4625
161.6190	0.2050	0.0618	NaN	0.0542	0.4625
161.6396	0.2048	0.0618	NaN	0.0542	0.4619
161.6600	0.2050	0.0619	NaN	0.0543	0.4613
161.6800	0.2052	0.0619	NaN	0.0543	0.4595
161.7019	0.2053	0.0619	NaN	0.0543	0.4594
161.7221	0.2055	0.0619	NaN	0.0543	0.4599
161.7413	0.2057	0.0619	NaN	0.0543	0.4606
161.7599	0.2061	0.0619	NaN	0.0543	0.4613
161.7824	0.2059	0.0620	NaN	0.0543	0.4623
161.8011	0.2053	0.0620	NaN	0.0543	0.4636
161.8208	0.2051	0.0620	NaN	0.0544	0.4638
161.8407	0.2048	0.0620	NaN	0.0544	0.4633
161.8635	0.2048	0.0620	NaN	0.0544	0.4632
161.8829	0.2052	0.0620	NaN	0.0544	0.4627
161.9050	0.2052	0.0620	NaN	0.0544	0.4618
161.9266	0.2053	0.0620	NaN	0.0544	0.4609
161.9459	0.2055	0.0621	NaN	0.0544	0.4605
161.9674	0.2055	0.0621	NaN	0.0544	0.4608
161.9873	0.2054	0.0621	NaN	0.0544	0.4619
162.0087	0.2056	0.0621	NaN	0.0544	0.4627
162.0257	0.2057	0.0621	NaN	0.0545	0.4637
162.0470	0.2056	0.0621	NaN	0.0545	0.4639
162.0689	0.2057	0.0621	NaN	0.0545	0.4637
162.0894	0.2057	0.0621	NaN	0.0545	0.4635
162.1101	0.2060	0.0622	NaN	0.0545	0.4628
162.1289	0.2065	0.0622	NaN	0.0545	0.4617
162.1488	0.2069	0.0622	NaN	0.0545	0.4605
162.1689	0.2065	0.0622	NaN	0.0545	0.4602
162.1902	0.2069	0.0622	NaN	0.0545	0.4603
162.2098	0.2069	0.0622	NaN	0.0545	0.4607
162.2298	0.2067	0.0622	NaN	0.0545	0.4614
162.2507	0.2068	0.0622	NaN	0.0545	0.4623
162.2705	0.2061	0.0622	NaN	0.0545	0.4632
162.2903	0.2064	0.0622	NaN	0.0545	0.4642
162.3107	0.2066	0.0622	NaN	0.0546	0.4648
162.3306	0.2068	0.0622	NaN	0.0546	0.4646
162.3507	0.2068	0.0622	NaN	0.0545	0.4642
162.3700	0.2066	0.0622	NaN	0.0546	0.4634
162.3925	0.2069	0.0623	NaN	0.0546	0.4623
162.4103	0.2072	0.0623	NaN	0.0546	0.4627
162.4300	0.2071	0.0623	NaN	0.0546	0.4624
162.4508	0.2014	0.0610	NaN	0.0535	0.4565
162.4728	0.1998	0.0603	NaN	0.0529	0.4539
162.4917	0.1990	0.0600	NaN	0.0526	0.4531
162.5130	0.1986	0.0599	NaN	0.0525	0.4530
162.5340	0.1979	0.0594	NaN	0.0521	0.4514
162.5528	0.1970	0.0593	NaN	0.0521	0.4519
162.5721	0.1971	0.0589	NaN	0.0517	0.4513
162.5943	0.1967	0.0588	NaN	0.0515	0.4511
162.6152	0.1974	0.0585	NaN	0.0511	0.4513
162.6354	0.1975	0.0582	NaN	0.0509	0.4509
162.6559	0.1969	0.0578	NaN	0.0505	0.4508
162.6750	0.1998	0.0574	NaN	0.0502	0.4501
162.6989	0.2001	0.0569	NaN	0.0496	0.4499
162.7197	0.2006	0.0561	NaN	0.0489	0.4500
162.7401	0.2033	0.0553	NaN	0.0480	0.4493
162.7612	0.2039	0.0540	NaN	0.0467	0.4494
162.7806	0.2061	0.0524	NaN	0.0450	0.4493
162.8006	0.2088	0.0502	NaN	0.0426	0.4488
162.8181	0.2143	0.0462	NaN	0.0382	0.4479
162.8391	0.2702	0.0435	NaN	0.0335	0.4452
162.8595	0.3157	0.0434	NaN	0.0319	0.4487
162.8781	0.3398	0.0433	NaN	0.0310	0.4471
162.9025	0.4611	0.0473	NaN	0.0306	0.4467
162.9244	0.3789	0.0442	NaN	0.0304	0.4502
162.9456	0.3150	0.0418	NaN	0.0304	0.4499
162.9685	0.3365	0.0427	NaN	0.0305	0.4471
162.9868	0.3428	0.0432	NaN	0.0308	0.4476
163.0111	0.3379	0.0434	NaN	0.0312	0.4500
163.0292	0.2263	0.0398	NaN	0.0315	0.4508
163.0490	0.1909	0.0390	NaN	0.0320	0.4496
163.0699	0.2126	0.0403	NaN	0.0325	0.4473
163.0892	0.2107	0.0408	NaN	0.0331	0.4462
163.1096	0.2080	0.0413	NaN	0.0337	0.4469
163.1296	0.2057	0.0419	NaN	0.0343	0.4488
163.1501	0.2040	0.0424	NaN	0.0349	0.4503
163.1704	0.2028	0.0431	NaN	0.0356	0.4513
163.1923	0.2018	0.0438	NaN	0.0363	0.4500
163.2105	0.2012	0.0444	NaN	0.0369	0.4481
163.2298	0.2006	0.0450	NaN	0.0376	0.4469
163.2498	0.2001	0.0456	NaN	0.0382	0.4473
163.2723	0.1998	0.0462	NaN	0.0388	0.4493
163.2925	0.1996	0.0469	NaN	0.0395	0.4508
163.3116	0.1994	0.0475	NaN	0.0402	0.4517
163.3334	0.1992	0.0482	NaN	0.0409	0.4524
163.3543	0.1989	0.0488	NaN	0.0415	0.4524
163.3756	0.1984	0.0493	NaN	0.0420	0.4512
163.3956	0.1977	0.0498	NaN	0.0426	0.4496
163.4166	0.1971	0.0503	NaN	0.0431	0.4490
163.4359	0.1966	0.0508	NaN	0.0437	0.4488
163.4572	0.1964	0.0513	NaN	0.0442	0.4495
163.4755	0.1961	0.0517	NaN	0.0447	0.4507
163.4956	0.1961	0.0522	NaN	0.0452	0.4521
163.5158	0.1960	0.0526	NaN	0.0456	0.4533
163.5359	0.1959	0.0531	NaN	0.0460	0.4536
163.5576	0.1957	0.0535	NaN	0.0465	0.4533
163.5786	0.1958	0.0539	NaN	0.0469	0.4523
163.5990	0.1958	0.0543	NaN	0.0473	0.4502
163.6191	0.1956	0.0547	NaN	0.0477	0.4489
163.6379	0.1956	0.0550	NaN	0.0480	0.4494
163.6604	0.1955	0.0554	NaN	0.0483	0.4503
163.6796	0.1955	0.0557	NaN	0.0487	0.4520
163.7007	0.1956	0.0560	NaN	0.0490	0.4533
163.7221	0.1956	0.0563	NaN	0.0493	0.4537
163.7395	0.1956	0.0566	NaN	0.0495	0.4535
163.7592	0.1958	0.0568	NaN	0.0498	0.4525
163.7791	0.1959	0.0571	NaN	0.0500	0.4512
163.8017	0.1961	0.0573	NaN	0.0501	0.4499
163.8214	0.1962	0.0575	NaN	0.0503	0.4493
163.8422	0.1962	0.0577	NaN	0.0504	0.4497
163.8627	0.1964	0.0578	NaN	0.0506	0.4510
163.8821	0.1965	0.0580	NaN	0.0508	0.4526
163.9030	0.1967	0.0582	NaN	0.0509	0.4541
163.9234	0.1969	0.0583	NaN	0.0511	0.4545
163.9437	0.1971	0.0585	NaN	0.0512	0.4541
163.9660	0.1972	0.0586	NaN	0.0513	0.4532
163.9860	0.1974	0.0587	NaN	0.0514	0.4517
164.0034	0.1975	0.0588	NaN	0.0515	0.4507
164.0233	0.1973	0.0589	NaN	0.0516	0.4513
164.0438	0.1970	0.0590	NaN	0.0517	0.4530
164.0662	0.1969	0.0591	NaN	0.0518	0.4545
164.0846	0.1969	0.0591	NaN	0.0519	0.4560
164.1043	0.1966	0.0592	NaN	0.0519	0.4565
164.1246	0.1965	0.0593	NaN	0.0520	0.4563
164.1446	0.1966	0.0593	NaN	0.0520	0.4549
164.1652	0.1969	0.0594	NaN	0.0521	0.4532
164.1857	0.1968	0.0594	NaN	0.0521	0.4522
164.2058	0.1964	0.0594	NaN	0.0522	0.4518
164.2290	0.1964	0.0595	NaN	0.0522	0.4524
164.2483	0.1964	0.0595	NaN	0.0522	0.4539
164.2667	0.1967	0.0595	NaN	0.0523	0.4557
164.2874	0.1969	0.0596	NaN	0.0523	0.4570
164.3077	0.1973	0.0596	NaN	0.0523	0.4566
164.3281	0.1976	0.0596	NaN	0.0524	0.4551
164.3495	0.1979	0.0597	NaN	0.0524	0.4540
164.3693	0.1977	0.0597	NaN	0.0524	0.4530
164.3894	0.1980	0.0597	NaN	0.0524	0.4522
164.4078	0.1982	0.0598	NaN	0.0524	0.4523
164.4298	0.1986	0.0598	NaN	0.0524	0.4539
164.4502	0.1990	0.0598	NaN	0.0525	0.4555
164.4701	0.1994	0.0598	NaN	0.0525	0.4566
164.4924	0.1998	0.0599	NaN	0.0525	0.4572
164.5122	0.2002	0.0599	NaN	0.0525	0.4572
164.5313	0.2002	0.0599	NaN	0.0525	0.4565
164.5510	0.2003	0.0599	NaN	0.0526	0.4547
164.5715	0.2002	0.0599	NaN	0.0526	0.4533
164.5920	0.2003	0.0600	NaN	0.0526	0.4534
164.6135	0.2004	0.0600	NaN	0.0526	0.4549
164.6349	0.2004	0.0600	NaN	0.0526	0.4565
164.6556	0.2004	0.0600	NaN	0.0526	0.4581
164.6722	0.2002	0.0600	NaN	0.0526	0.4592
164.6926	0.2002	0.0600	NaN	0.0526	0.4590
164.7142	0.2004	0.0600	NaN	0.0526	0.4578
164.7338	0.2005	0.0601	NaN	0.0526	0.4560
164.7545	0.2006	0.0601	NaN	0.0527	0.4550
164.7762	0.2007	0.0601	NaN	0.0527	0.4550
164.7949	0.2008	0.0601	NaN	0.0527	0.4562
164.8167	0.2008	0.0601	NaN	0.0527	0.4575
164.8373	0.2008	0.0601	NaN	0.0527	0.4589
164.8572	0.2008	0.0601	NaN	0.0527	0.4599
164.8757	0.2008	0.0601	NaN	0.0527	0.4604
164.8970	0.2008	0.0602	NaN	0.0527	0.4599
164.9188	0.2009	0.0602	NaN	0.0527	0.4584
164.9370	0.2010	0.0602	NaN	0.0527	0.4568
164.9572	0.2011	0.0602	NaN	0.0528	0.4555
164.9785	0.2012	0.0602	NaN	0.0528	0.4552
165.0006	0.2015	0.0602	NaN	0.0528	0.4550
165.0207	0.2016	0.0602	NaN	0.0528	0.4558
165.0413	0.2017	0.0603	NaN	0.0528	0.4574
165.0575	0.2019	0.0603	NaN	0.0528	0.4594
165.0786	0.2023	0.0603	NaN	0.0528	0.4602
165.0993	0.2027	0.0603	NaN	0.0528	0.4597
165.1212	0.2031	0.0604	NaN	0.0529	0.4583
165.1414	0.2036	0.0604	NaN	0.0528	0.4569
165.1612	0.2034	0.0604	NaN	0.0529	0.4560
165.1820	0.2037	0.0604	NaN	0.0529	0.4559
165.2018	0.2036	0.0604	NaN	0.0529	0.4568
165.2220	0.2040	0.0604	NaN	0.0529	0.4589
165.2435	0.2043	0.0605	NaN	0.0529	0.4608
165.2633	0.2045	0.0605	NaN	0.0529	0.4611
165.2850	0.2042	0.0605	NaN	0.0529	0.4600
165.3074	0.2042	0.0605	NaN	0.0529	0.4576
165.3247	0.2044	0.0605	NaN	0.0529	0.4564
165.3453	0.2044	0.0605	NaN	0.0529	0.4575
165.3663	0.2042	0.0605	NaN	0.0529	0.4596
165.3852	0.2042	0.0605	NaN	0.0529	0.4609
165.4063	0.2042	0.0605	NaN	0.0530	0.4621
165.4279	0.2041	0.0605	NaN	0.0530	0.4625
165.4511	0.2033	0.0605	NaN	0.0530	0.4615
165.4678	0.2038	0.0606	NaN	0.0530	0.4595
165.4875	0.2041	0.0606	NaN	0.0530	0.4582
165.5082	0.2041	0.0606	NaN	0.0530	0.4584
165.5279	0.2039	0.0606	NaN	0.0530	0.4593
165.5486	0.2037	0.0606	NaN	0.0531	0.4608
165.5686	0.2036	0.0606	NaN	0.0531	0.4624
165.5875	0.2038	0.0606	NaN	0.0531	0.4633
165.6080	0.2039	0.0606	NaN	0.0531	0.4630
165.6274	0.2039	0.0606	NaN	0.0531	0.4622
165.6476	0.2040	0.0606	NaN	0.0531	0.4609
165.6676	0.2042	0.0607	NaN	0.0531	0.4590
165.6871	0.2044	0.0607	NaN	0.0531	0.4579
165.7091	0.2046	0.0607	NaN	0.0531	0.4589
165.7268	0.2046	0.0607	NaN	0.0531	0.4604
165.7468	0.2047	0.0607	NaN	0.0531	0.4616
165.7702	0.2049	0.0607	NaN	0.0531	0.4627
165.7889	0.2051	0.0607	NaN	0.0531	0.4631
165.8114	0.2053	0.0607	NaN	0.0531	0.4627
165.8314	0.2054	0.0607	NaN	0.0531	0.4618
165.8516	0.2056	0.0607	NaN	0.0531	0.4602
165.8717	0.2056	0.0607	NaN	0.0531	0.4587
165.8931	0.2058	0.0607	NaN	0.0531	0.4588
165.9130	0.2059	0.0607	NaN	0.0530	0.4603
165.9333	0.2051	0.0606	NaN	0.0530	0.4625
165.9523	0.2046	0.0606	NaN	0.0530	0.4640
165.9736	0.2050	0.0606	NaN	0.0530	0.4646
165.9924	0.2054	0.0606	NaN	0.0530	0.4648
166.0123	0.2057	0.0605	NaN	0.0529	0.4644
166.0334	0.2058	0.0605	NaN	0.0529	0.4631
166.0561	0.2058	0.0605	NaN	0.0529	0.4616
166.0733	0.2058	0.0604	NaN	0.0528	0.4606
166.0940	0.2058	0.0604	NaN	0.0527	0.4608
166.1140	0.2057	0.0603	NaN	0.0527	0.4620
166.1346	0.2057	0.0602	NaN	0.0526	0.4636
166.1573	0.2058	0.0601	NaN	0.0525	0.4649
166.1787	0.2059	0.0600	NaN	0.0524	0.4658
166.1977	0.2061	0.0599	NaN	0.0522	0.4657
166.2198	0.2064	0.0597	NaN	0.0521	0.4647
166.2379	0.2069	0.0596	NaN	0.0519	0.4627
166.2581	0.2074	0.0594	NaN	0.0517	0.4610
166.2791	0.2081	0.0592	NaN	0.0515	0.4603
166.2990	0.2088	0.0589	NaN	0.0512	0.4612
166.3196	0.2096	0.0587	NaN	0.0509	0.4628
166.3413	0.2103	0.0584	NaN	0.0506	0.4643
166.3618	0.2110	0.0581	NaN	0.0503	0.4647
166.3807	0.2118	0.0577	NaN	0.0500	0.4651
166.4017	0.2127	0.0574	NaN	0.0497	0.4643
166.4216	0.2135	0.0570	NaN	0.0493	0.4630
166.4437	0.2143	0.0566	NaN	0.0489	0.4614
166.4633	0.2149	0.0561	NaN	0.0484	0.4608
166.4833	0.2158	0.0556	NaN	0.0478	0.4616
166.5027	0.2166	0.0550	NaN	0.0472	0.4636
166.5230	0.2175	0.0544	NaN	0.0465	0.4654
166.5437	0.2184	0.0537	NaN	0.0458	0.4664
166.5643	0.2197	0.0530	NaN	0.0451	0.4668
166.5842	0.2209	0.0522	NaN	0.0443	0.4665
166.6050	0.2215	0.0514	NaN	0.0434	0.4653
166.6254	0.2225	0.0506	NaN	0.0425	0.4635
166.6448	0.2235	0.0498	NaN	0.0416	0.4627
166.6671	0.2242	0.0489	NaN	0.0406	0.4629
166.6864	0.2250	0.0479	NaN	0.0396	0.4639
166.7057	0.2258	0.0469	NaN	0.0385	0.4655
166.7259	0.2262	0.0457	NaN	0.0374	0.4670
166.7461	0.2265	0.0445	NaN	0.0362	0.4677
166.7642	0.2266	0.0434	NaN	0.0350	0.4678
166.7841	0.2264	0.0420	NaN	0.0337	0.4670
166.8055	0.2259	0.0406	NaN	0.0323	0.4658
166.8264	0.2251	0.0392	NaN	0.0310	0.4639
166.8455	0.2240	0.0379	NaN	0.0297	0.4626
166.8666	0.2227	0.0365	NaN	0.0284	0.4632
166.8867	0.2213	0.0353	NaN	0.0272	0.4647
166.9056	0.2196	0.0340	NaN	0.0260	0.4656
166.9259	0.2174	0.0327	NaN	0.0247	0.4666
166.9444	0.2149	0.0313	NaN	0.0234	0.4677
166.9656	0.2121	0.0300	NaN	0.0222	0.4673
166.9863	0.2089	0.0286	NaN	0.0209	0.4652
167.0077	0.2056	0.0273	NaN	0.0197	0.4636
167.0258	0.2022	0.0260	NaN	0.0186	0.4628
167.0479	0.1985	0.0247	NaN	0.0174	0.4630
167.0674	0.1949	0.0235	NaN	0.0164	0.4646
167.0867	0.1916	0.0225	NaN	0.0154	0.4665
167.1079	0.1884	0.0214	NaN	0.0145	0.4675
167.1297	0.1855	0.0205	NaN	0.0137	0.4684
167.1503	0.1829	0.0196	NaN	0.0129	0.4684
167.1701	0.1806	0.0188	NaN	0.0122	0.4674
167.1904	0.1789	0.0181	NaN	0.0115	0.4660
167.2113	0.1782	0.0175	NaN	0.0109	0.4649
167.2315	0.1787	0.0169	NaN	0.0103	0.4644
167.2529	0.1812	0.0164	NaN	0.0097	0.4649
167.2742	0.1870	0.0161	NaN	0.0093	0.4664
167.2916	0.1973	0.0161	NaN	0.0088	0.4684
167.3123	0.2164	0.0164	NaN	0.0084	0.4700
167.3332	0.2556	0.0174	NaN	0.0081	0.4705
167.3535	0.3333	0.0199	NaN	0.0078	0.4698
167.3752	0.4372	0.0234	NaN	0.0076	0.4681
167.3952	0.4684	0.0243	NaN	0.0074	0.4660
167.4159	0.6852	0.0319	NaN	0.0073	0.4654
167.4350	0.9037	0.0397	NaN	0.0072	0.4667
167.4553	0.8139	0.0364	NaN	0.0071	0.4677
167.4754	0.7022	0.0324	NaN	0.0071	0.4693
167.4963	0.7066	0.0325	NaN	0.0071	0.4706
167.5167	0.6415	0.0302	NaN	0.0072	0.4708
167.5376	0.3351	0.0194	NaN	0.0072	0.4694
167.5561	0.2499	0.0165	NaN	0.0073	0.4673
167.5770	0.2178	0.0155	NaN	0.0075	0.4665
167.5981	0.1932	0.0149	NaN	0.0077	0.4662
167.6177	0.1780	0.0146	NaN	0.0080	0.4665
167.6388	0.1691	0.0146	NaN	0.0083	0.4680
167.6591	0.1637	0.0147	NaN	0.0087	0.4694
167.6795	0.1604	0.0150	NaN	0.0091	0.4706
167.6980	0.1589	0.0154	NaN	0.0095	0.4713
167.7196	0.1586	0.0159	NaN	0.0101	0.4717
167.7395	0.1592	0.0165	NaN	0.0106	0.4710
167.7589	0.1607	0.0172	NaN	0.0113	0.4692
167.7816	0.1628	0.0181	NaN	0.0120	0.4673
167.8026	0.1652	0.0189	NaN	0.0128	0.4664
167.8211	0.1679	0.0198	NaN	0.0136	0.4675
167.8422	0.1709	0.0208	NaN	0.0145	0.4690
167.8604	0.1739	0.0218	NaN	0.0154	0.4705
167.8837	0.1773	0.0230	NaN	0.0165	0.4718
167.9016	0.1805	0.0241	NaN	0.0175	0.4721
167.9246	0.1840	0.0255	NaN	0.0187	0.4711
167.9442	0.1873	0.0267	NaN	0.0198	0.4688
167.9621	0.1903	0.0280	NaN	0.0210	0.4675
167.9839	0.1938	0.0297	NaN	0.0226	0.4686
168.0056	0.1984	0.0322	NaN	0.0249	0.4716
168.0276	0.2030	0.0355	NaN	0.0280	0.4736
168.0462	0.2061	0.0383	NaN	0.0307	0.4712
168.0646	0.2079	0.0403	NaN	0.0327	0.4692
168.0805	0.2088	0.0417	NaN	0.0340	0.4689
168.0978	0.2096	0.0430	NaN	0.0353	0.4698
168.1153	0.2101	0.0442	NaN	0.0364	0.4709
168.1348	0.2103	0.0452	NaN	0.0375	0.4725
168.1579	0.2106	0.0463	NaN	0.0385	0.4739
168.1794	0.2108	0.0473	NaN	0.0395	0.4743
168.2001	0.2110	0.0483	NaN	0.0405	0.4733
168.2187	0.2112	0.0492	NaN	0.0414	0.4717
168.2400	0.2113	0.0500	NaN	0.0423	0.4694
168.2594	0.2111	0.0509	NaN	0.0432	0.4687
168.2789	0.2110	0.0517	NaN	0.0442	0.4692
168.3011	0.2108	0.0526	NaN	0.0451	0.4708
168.3186	0.2108	0.0533	NaN	0.0457	0.4729
168.3395	0.2107	0.0539	NaN	0.0464	0.4737
168.3600	0.2105	0.0545	NaN	0.0470	0.4742
168.3810	0.2105	0.0551	NaN	0.0476	0.4742
168.4019	0.2104	0.0557	NaN	0.0482	0.4736
168.4220	0.2104	0.0563	NaN	0.0487	0.4722
168.4448	0.2103	0.0568	NaN	0.0493	0.4710
168.4634	0.2103	0.0573	NaN	0.0497	0.4704
168.4830	0.2102	0.0578	NaN	0.0501	0.4707
168.5028	0.2101	0.0582	NaN	0.0505	0.4721
168.5229	0.2098	0.0587	NaN	0.0509	0.4735
168.5442	0.2096	0.0591	NaN	0.0513	0.4750
168.5634	0.2095	0.0594	NaN	0.0517	0.4763
168.5847	0.2092	0.0597	NaN	0.0520	0.4764
168.6028	0.2091	0.0600	NaN	0.0523	0.4758
168.6220	0.2087	0.0603	NaN	0.0526	0.4732
168.6435	0.2085	0.0606	NaN	0.0528	0.4717
168.6632	0.2083	0.0608	NaN	0.0531	0.4713
168.6827	0.2083	0.0610	NaN	0.0533	0.4723
168.7033	0.2083	0.0612	NaN	0.0535	0.4739
168.7239	0.2085	0.0614	NaN	0.0536	0.4758
168.7434	0.2088	0.0615	NaN	0.0538	0.4769
168.7636	0.2089	0.0617	NaN	0.0539	0.4768
168.7853	0.2093	0.0618	NaN	0.0540	0.4756
168.8059	0.2096	0.0619	NaN	0.0542	0.4741
168.8264	0.2096	0.0620	NaN	0.0543	0.4729
168.8465	0.2097	0.0621	NaN	0.0544	0.4717
168.8646	0.2098	0.0622	NaN	0.0544	0.4710
168.8871	0.2097	0.0623	NaN	0.0545	0.4711
168.9066	0.2098	0.0624	NaN	0.0546	0.4720
168.9277	0.2100	0.0624	NaN	0.0547	0.4731
168.9488	0.2104	0.0625	NaN	0.0547	0.4750
168.9681	0.2108	0.0626	NaN	0.0547	0.4763
168.9890	0.2108	0.0626	NaN	0.0548	0.4771
169.0093	0.2111	0.0627	NaN	0.0548	0.4756
169.0303	0.2116	0.0627	NaN	0.0549	0.4748
169.0505	0.2116	0.0628	NaN	0.0549	0.4739
169.0709	0.2116	0.0628	NaN	0.0549	0.4725
169.0931	0.2114	0.0628	NaN	0.0550	0.4724
169.1135	0.2107	0.0628	NaN	0.0550	0.4739
169.1308	0.2109	0.0629	NaN	0.0550	0.4752
169.1507	0.2116	0.0629	NaN	0.0550	0.4766
169.1728	0.2117	0.0629	NaN	0.0551	0.4781
169.1945	0.2120	0.0629	NaN	0.0551	0.4789
169.2145	0.2116	0.0630	NaN	0.0551	0.4776
169.2350	0.2111	0.0630	NaN	0.0551	0.4756
169.2560	0.2108	0.0630	NaN	0.0551	0.4746
169.2736	0.2107	0.0630	NaN	0.0552	0.4737
169.2964	0.2108	0.0630	NaN	0.0552	0.4734
169.3160	0.2113	0.0630	NaN	0.0552	0.4738
169.3364	0.2115	0.0630	NaN	0.0552	0.4737
169.3561	0.2117	0.0631	NaN	0.0552	0.4734
169.3758	0.2121	0.0631	NaN	0.0552	0.4747
169.3953	0.2121	0.0631	NaN	0.0552	0.4762
169.4161	0.2123	0.0631	NaN	0.0553	0.4775
169.4382	0.2124	0.0631	NaN	0.0553	0.4779
169.4578	0.2127	0.0632	NaN	0.0553	0.4759
169.4779	0.2127	0.0632	NaN	0.0553	0.4729
169.4991	0.2131	0.0632	NaN	0.0553	0.4729
169.5189	0.2135	0.0632	NaN	0.0553	0.4748
169.5380	0.2135	0.0632	NaN	0.0553	0.4768
169.5577	0.2136	0.0632	NaN	0.0554	0.4779
169.5765	0.2140	0.0633	NaN	0.0553	0.4777
169.5982	0.2142	0.0633	NaN	0.0554	0.4758
169.6191	0.2133	0.0633	NaN	0.0554	0.4745
169.6378	0.2126	0.0633	NaN	0.0554	0.4746
169.6586	0.2137	0.0633	NaN	0.0554	0.4755
169.6785	0.2140	0.0634	NaN	0.0554	0.4777
169.7015	0.2139	0.0634	NaN	0.0555	0.4790
169.7191	0.2142	0.0634	NaN	0.0555	0.4793
169.7411	0.2144	0.0634	NaN	0.0555	0.4785
169.7607	0.2142	0.0634	NaN	0.0555	0.4768
169.7821	0.2139	0.0634	NaN	0.0555	0.4754
169.8005	0.2136	0.0634	NaN	0.0555	0.4747
169.8193	0.2135	0.0634	NaN	0.0555	0.4751
169.8413	0.2132	0.0634	NaN	0.0555	0.4759
169.8616	0.2135	0.0635	NaN	0.0556	0.4767
169.8812	0.2142	0.0635	NaN	0.0555	0.4770
169.9023	0.2144	0.0635	NaN	0.0556	0.4780
169.9214	0.2140	0.0635	NaN	0.0556	0.4787
169.9422	0.2140	0.0635	NaN	0.0556	0.4783
169.9631	0.2140	0.0635	NaN	0.0556	0.4770
169.9829	0.2142	0.0635	NaN	0.0556	0.4753
170.0056	0.2141	0.0635	NaN	0.0556	0.4737
170.0259	0.2144	0.0636	NaN	0.0556	0.4735
170.0463	0.2148	0.0636	NaN	0.0556	0.4742
170.0643	0.2146	0.0636	NaN	0.0556	0.4754
170.0856	0.2145	0.0636	NaN	0.0556	0.4761
170.1051	0.2147	0.0636	NaN	0.0557	0.4773
170.1263	0.2148	0.0636	NaN	0.0557	0.4788
170.1469	0.2151	0.0637	NaN	0.0557	0.4782
170.1678	0.2154	0.0637	NaN	0.0557	0.4768
170.1865	0.2152	0.0637	NaN	0.0557	0.4746
170.2070	0.2152	0.0637	NaN	0.0557	0.4738
170.2290	0.2152	0.0637	NaN	0.0558	0.4744
170.2486	0.2151	0.0637	NaN	0.0558	0.4758
170.2689	0.2150	0.0638	NaN	0.0558	0.4766
170.2888	0.2150	0.0638	NaN	0.0558	0.4777
170.3120	0.2151	0.0638	NaN	0.0558	0.4795
170.3275	0.2150	0.0638	NaN	0.0558	0.4802
170.3482	0.2150	0.0638	NaN	0.0558	0.4801
170.3687	0.2148	0.0638	NaN	0.0558	0.4796
170.3888	0.2145	0.0638	NaN	0.0558	0.4776
170.4098	0.2135	0.0638	NaN	0.0559	0.4759
170.4293	0.2142	0.0638	NaN	0.0559	0.4761
170.4499	0.2139	0.0638	NaN	0.0559	0.4775
170.4714	0.2139	0.0638	NaN	0.0559	0.4787
170.4914	0.2140	0.0638	NaN	0.0559	0.4799
170.5118	0.2138	0.0639	NaN	0.0559	0.4806
170.5324	0.2135	0.0638	NaN	0.0560	0.4809
170.5530	0.2137	0.0639	NaN	0.0559	0.4803
170.5745	0.2141	0.0639	NaN	0.0559	0.4784
170.5937	0.2146	0.0639	NaN	0.0560	0.4760
170.6144	0.2144	0.0639	NaN	0.0560	0.4752
170.6351	0.2143	0.0639	NaN	0.0560	0.4759
170.6553	0.2141	0.0639	NaN	0.0560	0.4780
170.6764	0.2143	0.0640	NaN	0.0560	0.4793
170.6964	0.2144	0.0640	NaN	0.0560	0.4797
170.7157	0.2147	0.0640	NaN	0.0560	0.4804
170.7366	0.2147	0.0640	NaN	0.0560	0.4799
170.7569	0.2148	0.0640	NaN	0.0561	0.4784
170.7762	0.2148	0.0640	NaN	0.0561	0.4769
170.7977	0.2148	0.0640	NaN	0.0561	0.4753
170.8174	0.2149	0.0641	NaN	0.0561	0.4753
170.8384	0.2147	0.0641	NaN	0.0561	0.4764
170.8576	0.2141	0.0641	NaN	0.0561	0.4786
170.8783	0.2139	0.0641	NaN	0.0561	0.4805
170.8986	0.2138	0.0641	NaN	0.0561	0.4815
170.9216	0.2139	0.0641	NaN	0.0562	0.4817
170.9393	0.2138	0.0641	NaN	0.0562	0.4812
170.9585	0.2133	0.0641	NaN	0.0562	0.4810
170.9795	0.2124	0.0641	NaN	0.0562	0.4792
170.9998	0.2127	0.0641	NaN	0.0562	0.4770
171.0212	0.2131	0.0641	NaN	0.0562	0.4770
171.0418	0.2131	0.0641	NaN	0.0562	0.4780
171.0618	0.2132	0.0641	NaN	0.0562	0.4796
171.0823	0.2130	0.0641	NaN	0.0562	0.4796
171.1026	0.2143	0.0642	NaN	0.0562	0.4803
171.1204	0.2142	0.0642	NaN	0.0562	0.4807
171.1419	0.2141	0.0641	NaN	0.0562	0.4790
171.1621	0.2139	0.0641	NaN	0.0562	0.4768
171.1844	0.2140	0.0641	NaN	0.0562	0.4758
171.2034	0.2137	0.0641	NaN	0.0562	0.4761
171.2234	0.2133	0.0641	NaN	0.0562	0.4776
171.2432	0.2131	0.0641	NaN	0.0562	0.4788
171.2629	0.2134	0.0641	NaN	0.0562	0.4798
171.2839	0.2138	0.0641	NaN	0.0562	0.4807
171.3049	0.2141	0.0641	NaN	0.0562	0.4812
171.3246	0.2140	0.0641	NaN	0.0562	0.4804
171.3455	0.2143	0.0641	NaN	0.0562	0.4785
171.3671	0.2143	0.0641	NaN	0.0561	0.4773
171.3873	0.2140	0.0640	NaN	0.0561	0.4774
171.4060	0.2137	0.0640	NaN	0.0561	0.4789
171.4275	0.2138	0.0639	NaN	0.0560	0.4803
171.4464	0.2134	0.0639	NaN	0.0560	0.4813
171.4676	0.2131	0.0638	NaN	0.0559	0.4823
171.4887	0.2118	0.0637	NaN	0.0559	0.4831
171.5048	0.2118	0.0636	NaN	0.0558	0.4824
171.5273	0.2118	0.0635	NaN	0.0557	0.4806
171.5465	0.2121	0.0634	NaN	0.0555	0.4786
171.5685	0.2121	0.0633	NaN	0.0554	0.4780
171.5894	0.2119	0.0631	NaN	0.0553	0.4795
171.6115	0.2114	0.0629	NaN	0.0550	0.4809
171.6316	0.2109	0.0627	NaN	0.0548	0.4822
171.6508	0.2103	0.0624	NaN	0.0546	0.4834
171.6709	0.2095	0.0621	NaN	0.0544	0.4831
171.6920	0.2088	0.0618	NaN	0.0541	0.4814
171.7106	0.2082	0.0615	NaN	0.0538	0.4787
171.7311	0.2076	0.0612	NaN	0.0535	0.4779
171.7523	0.2071	0.0608	NaN	0.0531	0.4778
171.7716	0.2065	0.0603	NaN	0.0527	0.4786
171.7923	0.2056	0.0598	NaN	0.0522	0.4798
171.8117	0.2048	0.0592	NaN	0.0517	0.4815
171.8330	0.2041	0.0586	NaN	0.0511	0.4824
171.8529	0.2034	0.0580	NaN	0.0505	0.4822
171.8754	0.2024	0.0573	NaN	0.0500	0.4814
171.8953	0.2012	0.0566	NaN	0.0493	0.4789
171.9122	0.1995	0.0557	NaN	0.0486	0.4773
171.9312	0.1971	0.0549	NaN	0.0478	0.4767
171.9536	0.1958	0.0540	NaN	0.0469	0.4773
171.9750	0.1944	0.0530	NaN	0.0460	0.4782
171.9948	0.1927	0.0520	NaN	0.0451	0.4801
172.0162	0.1907	0.0509	NaN	0.0440	0.4809
172.0328	0.1886	0.0499	NaN	0.0430	0.4817
172.0541	0.1863	0.0488	NaN	0.0419	0.4820
172.0735	0.1836	0.0475	NaN	0.0407	0.4809
172.0955	0.1806	0.0461	NaN	0.0394	0.4792
172.1148	0.1777	0.0448	NaN	0.0382	0.4773
172.1373	0.1741	0.0432	NaN	0.0367	0.4769
172.1550	0.1705	0.0416	NaN	0.0353	0.4778
172.1749	0.1666	0.0400	NaN	0.0338	0.4796
172.1971	0.1621	0.0382	NaN	0.0322	0.4814
172.2179	0.1574	0.0365	NaN	0.0306	0.4823
172.2378	0.1527	0.0347	NaN	0.0291	0.4820
172.2584	0.1477	0.0329	NaN	0.0274	0.4810
172.2796	0.1428	0.0312	NaN	0.0259	0.4793
172.2969	0.1384	0.0297	NaN	0.0245	0.4774
172.3195	0.1332	0.0280	NaN	0.0230	0.4764
172.3373	0.1284	0.0264	NaN	0.0216	0.4765
172.3563	0.1233	0.0248	NaN	0.0202	0.4776
172.3782	0.1184	0.0232	NaN	0.0188	0.4787
172.3999	0.1135	0.0216	NaN	0.0174	0.4800
172.4211	0.1087	0.0202	NaN	0.0161	0.4807
172.4409	0.1037	0.0187	NaN	0.0148	0.4807
172.4606	0.0986	0.0173	NaN	0.0135	0.4794
172.4804	0.0937	0.0159	NaN	0.0123	0.4774
172.5003	0.0886	0.0146	NaN	0.0112	0.4756
172.5212	0.0842	0.0134	NaN	0.0101	0.4751
172.5423	0.0798	0.0122	NaN	0.0092	0.4764
172.5593	0.0760	0.0113	NaN	0.0084	0.4779
172.5820	0.0723	0.0104	NaN	0.0076	0.4792
172.6021	0.0687	0.0095	NaN	0.0069	0.4797
172.6225	0.0653	0.0087	NaN	0.0061	0.4804
172.6420	0.0622	0.0079	NaN	0.0055	0.4800
172.6637	0.0591	0.0071	NaN	0.0048	0.4782
172.6834	0.0564	0.0065	NaN	0.0043	0.4764
172.7028	0.0545	0.0060	NaN	0.0038	0.4755
172.7235	0.0527	0.0056	NaN	0.0035	0.4753
172.7451	0.0510	0.0051	NaN	0.0031	0.4762
172.7652	0.0497	0.0047	NaN	0.0027	0.4780
172.7865	0.0483	0.0043	NaN	0.0024	0.4794
