# 20092021_15_10_15_group6_40_L4.dat
# Measuring of the Zeemann splitting 
# modus: scanning laser current/frequency via I/P MOD
# 
x(A/Hz/V/nm) yai0(V) yai1(V) yai2(V) yai3(V) yai4(V)
155.5993	0.2485	0.0393	NaN	0.0302	0.4315
155.5997	0.2021	0.0379	NaN	0.0305	0.4294
155.6010	0.1626	0.0368	NaN	0.0307	0.4277
155.6012	0.1564	0.0368	NaN	0.0310	0.4270
155.6040	0.1546	0.0370	NaN	0.0312	0.4277
155.6034	0.1539	0.0372	NaN	0.0315	0.4294
155.6052	0.1537	0.0374	NaN	0.0317	0.4303
155.6052	0.1538	0.0376	NaN	0.0319	0.4306
155.6058	0.1539	0.0379	NaN	0.0321	0.4308
155.6073	0.1540	0.0380	NaN	0.0323	0.4307
155.6097	0.1542	0.0382	NaN	0.0325	0.4305
155.6101	0.1544	0.0383	NaN	0.0326	0.4301
155.6105	0.1547	0.0385	NaN	0.0327	0.4295
155.6128	0.1551	0.0386	NaN	0.0329	0.4290
155.6145	0.1552	0.0387	NaN	0.0330	0.4290
155.6136	0.1553	0.0389	NaN	0.0331	0.4284
155.6157	0.1555	0.0389	NaN	0.0331	0.4283
155.6165	0.1557	0.0390	NaN	0.0332	0.4281
155.6180	0.1558	0.0391	NaN	0.0333	0.4279
155.6196	0.1557	0.0392	NaN	0.0334	0.4277
155.6202	0.1558	0.0393	NaN	0.0335	0.4275
155.6229	0.1560	0.0393	NaN	0.0335	0.4275
155.6243	0.1561	0.0393	NaN	0.0335	0.4275
155.6240	0.1562	0.0393	NaN	0.0335	0.4273
155.6249	0.1563	0.0394	NaN	0.0335	0.4273
155.6250	0.1563	0.0394	NaN	0.0335	0.4274
155.6272	0.1565	0.0394	NaN	0.0336	0.4274
155.6294	0.1566	0.0394	NaN	0.0336	0.4274
155.6293	0.1568	0.0395	NaN	0.0336	0.4272
155.6327	0.1568	0.0395	NaN	0.0337	0.4272
155.6310	0.1569	0.0395	NaN	0.0337	0.4274
155.6332	0.1569	0.0395	NaN	0.0336	0.4274
155.6355	0.1569	0.0394	NaN	0.0336	0.4273
155.6341	0.1570	0.0395	NaN	0.0336	0.4272
155.6391	0.1571	0.0395	NaN	0.0336	0.4271
155.6400	0.1571	0.0395	NaN	0.0336	0.4271
155.6400	0.1571	0.0395	NaN	0.0336	0.4271
155.6422	0.1571	0.0395	NaN	0.0337	0.4272
155.6421	0.1572	0.0395	NaN	0.0337	0.4271
155.6440	0.1570	0.0395	NaN	0.0337	0.4272
155.6459	0.1570	0.0395	NaN	0.0336	0.4272
155.6445	0.1571	0.0395	NaN	0.0336	0.4272
155.6468	0.1571	0.0395	NaN	0.0336	0.4273
155.6487	0.1570	0.0395	NaN	0.0336	0.4274
155.6501	0.1569	0.0394	NaN	0.0336	0.4272
155.6514	0.1569	0.0394	NaN	0.0336	0.4272
155.6508	0.1568	0.0394	NaN	0.0336	0.4272
155.6535	0.1568	0.0394	NaN	0.0336	0.4271
155.6557	0.1568	0.0394	NaN	0.0336	0.4272
155.6557	0.1569	0.0394	NaN	0.0336	0.4272
155.6572	0.1570	0.0394	NaN	0.0336	0.4273
155.6574	0.1570	0.0395	NaN	0.0336	0.4273
155.6591	0.1570	0.0394	NaN	0.0336	0.4273
155.6602	0.1568	0.0393	NaN	0.0335	0.4274
155.6614	0.1567	0.0393	NaN	0.0335	0.4273
155.6623	0.1566	0.0393	NaN	0.0334	0.4272
155.6636	0.1566	0.0392	NaN	0.0334	0.4273
155.6635	0.1566	0.0392	NaN	0.0334	0.4272
155.6653	0.1565	0.0392	NaN	0.0334	0.4273
155.6644	0.1565	0.0392	NaN	0.0334	0.4273
155.6664	0.1564	0.0392	NaN	0.0334	0.4273
155.6707	0.1564	0.0392	NaN	0.0334	0.4273
155.6695	0.1564	0.0392	NaN	0.0334	0.4274
155.6713	0.1564	0.0392	NaN	0.0334	0.4273
155.6746	0.1564	0.0392	NaN	0.0334	0.4273
155.6745	0.1564	0.0392	NaN	0.0334	0.4273
155.6761	0.1563	0.0391	NaN	0.0333	0.4273
155.6754	0.1562	0.0391	NaN	0.0333	0.4273
155.6779	0.1561	0.0391	NaN	0.0333	0.4274
155.6788	0.1561	0.0390	NaN	0.0332	0.4274
155.6785	0.1561	0.0390	NaN	0.0332	0.4274
155.6798	0.1561	0.0390	NaN	0.0332	0.4274
155.6816	0.1560	0.0390	NaN	0.0332	0.4274
155.6814	0.1560	0.0390	NaN	0.0332	0.4273
155.6833	0.1559	0.0390	NaN	0.0332	0.4273
155.6828	0.1560	0.0390	NaN	0.0332	0.4274
155.6847	0.1559	0.0389	NaN	0.0331	0.4275
155.6873	0.1558	0.0389	NaN	0.0331	0.4275
155.6868	0.1557	0.0389	NaN	0.0331	0.4274
155.6894	0.1554	0.0388	NaN	0.0330	0.4275
155.6897	0.1553	0.0388	NaN	0.0330	0.4274
155.6905	0.1552	0.0388	NaN	0.0330	0.4273
155.6915	0.1552	0.0388	NaN	0.0330	0.4273
155.6922	0.1552	0.0388	NaN	0.0330	0.4274
155.6956	0.1553	0.0387	NaN	0.0330	0.4274
155.6956	0.1554	0.0388	NaN	0.0330	0.4274
155.6989	0.1555	0.0388	NaN	0.0330	0.4274
155.6985	0.1555	0.0388	NaN	0.0330	0.4274
155.6969	0.1555	0.0388	NaN	0.0330	0.4274
155.6985	0.1555	0.0388	NaN	0.0330	0.4276
155.7018	0.1556	0.0387	NaN	0.0329	0.4275
155.7021	0.1556	0.0387	NaN	0.0330	0.4275
155.7050	0.1555	0.0388	NaN	0.0330	0.4274
155.7062	0.1555	0.0388	NaN	0.0330	0.4275
155.7084	0.1554	0.0387	NaN	0.0329	0.4274
155.7084	0.1554	0.0387	NaN	0.0329	0.4274
155.7080	0.1554	0.0387	NaN	0.0329	0.4274
155.7101	0.1555	0.0387	NaN	0.0330	0.4275
155.7117	0.1556	0.0387	NaN	0.0330	0.4275
155.7125	0.1556	0.0388	NaN	0.0330	0.4275
155.7143	0.1555	0.0387	NaN	0.0329	0.4275
155.7136	0.1554	0.0387	NaN	0.0329	0.4275
155.7152	0.1554	0.0387	NaN	0.0329	0.4275
155.7182	0.1554	0.0387	NaN	0.0329	0.4275
155.7167	0.1551	0.0386	NaN	0.0329	0.4274
155.7183	0.1550	0.0386	NaN	0.0329	0.4273
155.7206	0.1548	0.0386	NaN	0.0328	0.4273
155.7213	0.1549	0.0385	NaN	0.0328	0.4274
155.7217	0.1550	0.0385	NaN	0.0328	0.4274
155.7228	0.1550	0.0385	NaN	0.0327	0.4274
155.7241	0.1550	0.0385	NaN	0.0327	0.4275
155.7264	0.1552	0.0385	NaN	0.0327	0.4275
155.7261	0.1552	0.0385	NaN	0.0327	0.4276
155.7285	0.1551	0.0385	NaN	0.0327	0.4275
155.7307	0.1550	0.0384	NaN	0.0327	0.4276
155.7295	0.1550	0.0384	NaN	0.0326	0.4275
155.7320	0.1550	0.0384	NaN	0.0326	0.4276
155.7334	0.1551	0.0384	NaN	0.0326	0.4276
155.7335	0.1552	0.0384	NaN	0.0326	0.4276
155.7354	0.1551	0.0384	NaN	0.0326	0.4277
155.7353	0.1551	0.0384	NaN	0.0326	0.4276
155.7351	0.1550	0.0383	NaN	0.0325	0.4276
155.7369	0.1550	0.0383	NaN	0.0326	0.4276
155.7397	0.1548	0.0383	NaN	0.0325	0.4276
155.7415	0.1546	0.0382	NaN	0.0325	0.4276
155.7418	0.1546	0.0382	NaN	0.0325	0.4277
155.7434	0.1545	0.0382	NaN	0.0324	0.4277
155.7443	0.1543	0.0381	NaN	0.0324	0.4278
155.7449	0.1544	0.0381	NaN	0.0324	0.4278
155.7456	0.1544	0.0381	NaN	0.0324	0.4277
155.7444	0.1544	0.0381	NaN	0.0324	0.4276
155.7474	0.1543	0.0381	NaN	0.0324	0.4275
155.7497	0.1543	0.0381	NaN	0.0324	0.4275
155.7482	0.1544	0.0381	NaN	0.0324	0.4276
155.7513	0.1545	0.0381	NaN	0.0323	0.4276
155.7543	0.1545	0.0381	NaN	0.0323	0.4276
155.7539	0.1544	0.0381	NaN	0.0323	0.4276
155.7566	0.1542	0.0380	NaN	0.0323	0.4277
155.7568	0.1540	0.0380	NaN	0.0323	0.4277
155.7570	0.1540	0.0380	NaN	0.0323	0.4276
155.7598	0.1539	0.0380	NaN	0.0323	0.4276
155.7588	0.1537	0.0380	NaN	0.0323	0.4275
155.7603	0.1537	0.0380	NaN	0.0323	0.4275
155.7616	0.1539	0.0380	NaN	0.0323	0.4275
155.7632	0.1539	0.0380	NaN	0.0323	0.4275
155.7641	0.1540	0.0380	NaN	0.0323	0.4275
155.7656	0.1539	0.0379	NaN	0.0322	0.4275
155.7680	0.1538	0.0379	NaN	0.0322	0.4275
155.7693	0.1539	0.0379	NaN	0.0322	0.4275
155.7683	0.1539	0.0379	NaN	0.0322	0.4275
155.7703	0.1539	0.0378	NaN	0.0321	0.4275
155.7704	0.1539	0.0378	NaN	0.0321	0.4275
155.7718	0.1539	0.0378	NaN	0.0321	0.4275
155.7743	0.1538	0.0378	NaN	0.0321	0.4276
155.7769	0.1539	0.0378	NaN	0.0320	0.4277
155.7758	0.1537	0.0377	NaN	0.0320	0.4277
155.7771	0.1537	0.0377	NaN	0.0320	0.4278
155.7780	0.1538	0.0377	NaN	0.0320	0.4279
155.7810	0.1539	0.0377	NaN	0.0320	0.4278
155.7809	0.1540	0.0377	NaN	0.0320	0.4278
155.7837	0.1541	0.0377	NaN	0.0320	0.4278
155.7851	0.1541	0.0377	NaN	0.0320	0.4279
155.7835	0.1541	0.0377	NaN	0.0320	0.4279
155.7853	0.1542	0.0377	NaN	0.0319	0.4279
155.7880	0.1542	0.0376	NaN	0.0319	0.4281
155.7886	0.1540	0.0376	NaN	0.0319	0.4280
155.7896	0.1539	0.0376	NaN	0.0319	0.4280
155.7898	0.1540	0.0376	NaN	0.0319	0.4280
155.7926	0.1541	0.0376	NaN	0.0319	0.4280
155.7933	0.1542	0.0376	NaN	0.0318	0.4280
155.7941	0.1541	0.0376	NaN	0.0318	0.4281
155.7960	0.1539	0.0375	NaN	0.0318	0.4281
155.7968	0.1539	0.0375	NaN	0.0318	0.4281
155.7985	0.1540	0.0375	NaN	0.0318	0.4281
155.7995	0.1541	0.0375	NaN	0.0318	0.4282
155.8023	0.1541	0.0375	NaN	0.0317	0.4282
155.8008	0.1542	0.0375	NaN	0.0317	0.4282
155.8053	0.1544	0.0375	NaN	0.0317	0.4283
155.8043	0.1543	0.0375	NaN	0.0317	0.4282
155.8062	0.1542	0.0375	NaN	0.0317	0.4280
155.8073	0.1542	0.0374	NaN	0.0317	0.4280
155.8088	0.1541	0.0374	NaN	0.0317	0.4280
155.8103	0.1541	0.0374	NaN	0.0317	0.4280
155.8100	0.1541	0.0374	NaN	0.0317	0.4280
155.8127	0.1540	0.0375	NaN	0.0317	0.4279
155.8132	0.1541	0.0374	NaN	0.0317	0.4279
155.8138	0.1542	0.0374	NaN	0.0317	0.4280
155.8159	0.1542	0.0374	NaN	0.0317	0.4280
155.8171	0.1544	0.0374	NaN	0.0317	0.4281
155.8190	0.1544	0.0374	NaN	0.0316	0.4283
155.8197	0.1544	0.0373	NaN	0.0316	0.4285
155.8196	0.1544	0.0374	NaN	0.0316	0.4284
155.8200	0.1545	0.0373	NaN	0.0316	0.4285
155.8233	0.1544	0.0373	NaN	0.0316	0.4286
155.8233	0.1542	0.0373	NaN	0.0316	0.4290
155.8240	0.1540	0.0373	NaN	0.0315	0.4292
155.8235	0.1542	0.0372	NaN	0.0315	0.4289
155.8261	0.1543	0.0372	NaN	0.0315	0.4288
155.8280	0.1544	0.0372	NaN	0.0315	0.4289
155.8276	0.1544	0.0372	NaN	0.0315	0.4288
155.8321	0.1545	0.0372	NaN	0.0314	0.4289
155.8304	0.1547	0.0372	NaN	0.0314	0.4290
155.8321	0.1546	0.0372	NaN	0.0314	0.4292
155.8345	0.1545	0.0371	NaN	0.0314	0.4293
155.8352	0.1547	0.0371	NaN	0.0314	0.4291
155.8351	0.1550	0.0371	NaN	0.0314	0.4292
155.8374	0.1552	0.0371	NaN	0.0314	0.4292
155.8365	0.1551	0.0371	NaN	0.0313	0.4291
155.8385	0.1552	0.0371	NaN	0.0313	0.4292
155.8392	0.1554	0.0371	NaN	0.0313	0.4295
155.8417	0.1554	0.0371	NaN	0.0313	0.4295
155.8433	0.1554	0.0371	NaN	0.0313	0.4293
155.8438	0.1554	0.0371	NaN	0.0313	0.4292
155.8463	0.1554	0.0371	NaN	0.0313	0.4293
155.8492	0.1555	0.0371	NaN	0.0313	0.4293
155.8473	0.1556	0.0371	NaN	0.0313	0.4293
155.8505	0.1555	0.0371	NaN	0.0313	0.4295
155.8489	0.1556	0.0371	NaN	0.0313	0.4295
155.8506	0.1557	0.0371	NaN	0.0313	0.4294
155.8529	0.1558	0.0370	NaN	0.0313	0.4294
155.8516	0.1557	0.0370	NaN	0.0313	0.4291
155.8550	0.1558	0.0370	NaN	0.0312	0.4291
155.8529	0.1560	0.0370	NaN	0.0312	0.4292
155.8556	0.1562	0.0370	NaN	0.0312	0.4293
155.8575	0.1563	0.0370	NaN	0.0312	0.4292
155.8575	0.1563	0.0370	NaN	0.0312	0.4292
155.8585	0.1563	0.0370	NaN	0.0312	0.4293
155.8619	0.1566	0.0370	NaN	0.0312	0.4293
155.8611	0.1567	0.0370	NaN	0.0312	0.4294
155.8628	0.1566	0.0369	NaN	0.0311	0.4296
155.8631	0.1567	0.0370	NaN	0.0311	0.4295
155.8648	0.1570	0.0369	NaN	0.0311	0.4294
155.8669	0.1570	0.0369	NaN	0.0311	0.4293
155.8676	0.1569	0.0369	NaN	0.0311	0.4292
155.8691	0.1572	0.0369	NaN	0.0311	0.4294
155.8709	0.1576	0.0369	NaN	0.0311	0.4295
155.8699	0.1577	0.0369	NaN	0.0311	0.4296
155.8714	0.1580	0.0369	NaN	0.0311	0.4296
155.8718	0.1580	0.0369	NaN	0.0310	0.4294
155.8727	0.1579	0.0369	NaN	0.0311	0.4293
155.8770	0.1580	0.0369	NaN	0.0311	0.4293
155.8763	0.1581	0.0369	NaN	0.0311	0.4294
155.8790	0.1584	0.0369	NaN	0.0311	0.4296
155.8782	0.1586	0.0369	NaN	0.0310	0.4294
155.8807	0.1590	0.0369	NaN	0.0310	0.4294
155.8816	0.1594	0.0369	NaN	0.0310	0.4295
155.8821	0.1595	0.0369	NaN	0.0310	0.4295
155.8829	0.1598	0.0369	NaN	0.0310	0.4295
155.8848	0.1600	0.0369	NaN	0.0310	0.4297
155.8851	0.1597	0.0369	NaN	0.0310	0.4293
155.8880	0.1598	0.0369	NaN	0.0310	0.4291
155.8882	0.1597	0.0369	NaN	0.0310	0.4293
155.8910	0.1599	0.0369	NaN	0.0310	0.4292
155.8912	0.1605	0.0369	NaN	0.0310	0.4291
155.8915	0.1610	0.0369	NaN	0.0309	0.4290
155.8927	0.1617	0.0369	NaN	0.0309	0.4292
155.8955	0.1626	0.0369	NaN	0.0309	0.4294
155.8964	0.1630	0.0369	NaN	0.0309	0.4294
155.8963	0.1634	0.0369	NaN	0.0309	0.4295
155.8974	0.1635	0.0369	NaN	0.0308	0.4296
155.8995	0.1640	0.0369	NaN	0.0308	0.4296
155.9006	0.1645	0.0369	NaN	0.0308	0.4296
155.9001	0.1649	0.0369	NaN	0.0308	0.4296
155.9017	0.1651	0.0369	NaN	0.0308	0.4296
155.9034	0.1655	0.0369	NaN	0.0308	0.4296
155.9022	0.1654	0.0369	NaN	0.0308	0.4294
155.9049	0.1660	0.0370	NaN	0.0308	0.4294
155.9048	0.1662	0.0369	NaN	0.0308	0.4292
155.9071	0.1667	0.0370	NaN	0.0308	0.4291
155.9087	0.1674	0.0370	NaN	0.0308	0.4292
155.9099	0.1678	0.0370	NaN	0.0308	0.4291
155.9110	0.1678	0.0370	NaN	0.0308	0.4290
155.9123	0.1680	0.0370	NaN	0.0308	0.4290
155.9130	0.1692	0.0370	NaN	0.0307	0.4289
155.9148	0.1701	0.0370	NaN	0.0307	0.4291
155.9152	0.1701	0.0370	NaN	0.0307	0.4292
155.9191	0.1703	0.0370	NaN	0.0308	0.4291
155.9187	0.1706	0.0371	NaN	0.0307	0.4290
155.9198	0.1701	0.0370	NaN	0.0307	0.4290
155.9206	0.1701	0.0370	NaN	0.0308	0.4291
155.9210	0.1704	0.0370	NaN	0.0308	0.4291
155.9224	0.1719	0.0371	NaN	0.0307	0.4293
155.9243	0.1744	0.0371	NaN	0.0307	0.4293
155.9255	0.1763	0.0372	NaN	0.0307	0.4293
155.9264	0.1777	0.0372	NaN	0.0307	0.4292
155.9279	0.1773	0.0372	NaN	0.0307	0.4291
155.9288	0.1779	0.0373	NaN	0.0307	0.4291
155.9313	0.1793	0.0373	NaN	0.0307	0.4289
155.9302	0.1787	0.0373	NaN	0.0307	0.4289
155.9323	0.1805	0.0373	NaN	0.0307	0.4288
155.9343	0.1824	0.0374	NaN	0.0307	0.4289
155.9335	0.1856	0.0375	NaN	0.0307	0.4292
155.9362	0.1903	0.0376	NaN	0.0307	0.4292
155.9359	0.1934	0.0378	NaN	0.0306	0.4292
155.9378	0.1947	0.0378	NaN	0.0306	0.4295
155.9394	0.1969	0.0379	NaN	0.0306	0.4296
155.9411	0.1974	0.0379	NaN	0.0306	0.4298
155.9414	0.2023	0.0380	NaN	0.0306	0.4299
155.9449	0.2094	0.0383	NaN	0.0306	0.4301
155.9447	0.2116	0.0384	NaN	0.0306	0.4303
155.9469	0.2136	0.0384	NaN	0.0306	0.4301
155.9461	0.2174	0.0386	NaN	0.0306	0.4299
155.9492	0.2224	0.0387	NaN	0.0306	0.4298
155.9491	0.2259	0.0388	NaN	0.0305	0.4299
155.9488	0.2284	0.0389	NaN	0.0305	0.4300
155.9505	0.2297	0.0390	NaN	0.0305	0.4301
155.9529	0.2359	0.0392	NaN	0.0305	0.4300
155.9523	0.2408	0.0394	NaN	0.0305	0.4300
155.9544	0.2469	0.0395	NaN	0.0305	0.4300
155.9539	0.2569	0.0399	NaN	0.0305	0.4301
155.9565	0.2614	0.0401	NaN	0.0305	0.4302
155.9594	0.2567	0.0399	NaN	0.0305	0.4301
155.9597	0.2587	0.0400	NaN	0.0305	0.4300
155.9598	0.2522	0.0398	NaN	0.0305	0.4298
155.9603	0.2502	0.0397	NaN	0.0305	0.4298
155.9615	0.2544	0.0398	NaN	0.0305	0.4299
155.9638	0.2614	0.0401	NaN	0.0305	0.4299
155.9665	0.2668	0.0403	NaN	0.0305	0.4299
155.9666	0.2661	0.0402	NaN	0.0305	0.4298
155.9689	0.2743	0.0406	NaN	0.0305	0.4298
155.9697	0.2853	0.0409	NaN	0.0305	0.4297
155.9712	0.2992	0.0414	NaN	0.0305	0.4297
155.9709	0.3055	0.0416	NaN	0.0305	0.4297
155.9723	0.3088	0.0417	NaN	0.0305	0.4296
155.9738	0.3102	0.0418	NaN	0.0305	0.4296
155.9733	0.3160	0.0420	NaN	0.0305	0.4294
155.9763	0.3170	0.0420	NaN	0.0305	0.4294
155.9779	0.3140	0.0419	NaN	0.0305	0.4296
155.9774	0.3134	0.0419	NaN	0.0305	0.4296
155.9792	0.3154	0.0419	NaN	0.0305	0.4296
155.9798	0.3173	0.0420	NaN	0.0305	0.4295
155.9810	0.3159	0.0419	NaN	0.0305	0.4293
155.9831	0.3122	0.0418	NaN	0.0305	0.4293
155.9839	0.3127	0.0418	NaN	0.0305	0.4294
155.9863	0.3104	0.0418	NaN	0.0305	0.4294
155.9877	0.3062	0.0416	NaN	0.0305	0.4295
155.9882	0.3048	0.0416	NaN	0.0305	0.4297
155.9878	0.2990	0.0414	NaN	0.0305	0.4297
155.9872	0.2991	0.0413	NaN	0.0305	0.4297
155.9923	0.2903	0.0410	NaN	0.0304	0.4299
155.9933	0.2800	0.0407	NaN	0.0304	0.4304
155.9939	0.2708	0.0403	NaN	0.0304	0.4308
155.9938	0.2655	0.0401	NaN	0.0304	0.4310
155.9948	0.2582	0.0399	NaN	0.0304	0.4310
155.9971	0.2538	0.0397	NaN	0.0304	0.4310
155.9987	0.2528	0.0397	NaN	0.0304	0.4311
155.9992	0.2536	0.0397	NaN	0.0304	0.4314
156.0009	0.2500	0.0396	NaN	0.0304	0.4315
156.0022	0.2463	0.0394	NaN	0.0304	0.4317
156.0019	0.2418	0.0393	NaN	0.0304	0.4315
156.0031	0.2371	0.0391	NaN	0.0304	0.4316
156.0050	0.2307	0.0389	NaN	0.0304	0.4318
156.0067	0.2219	0.0386	NaN	0.0304	0.4322
156.0098	0.2102	0.0381	NaN	0.0304	0.4326
156.0081	0.2070	0.0380	NaN	0.0304	0.4326
156.0099	0.2058	0.0379	NaN	0.0304	0.4325
156.0113	0.2038	0.0379	NaN	0.0304	0.4325
156.0118	0.2023	0.0378	NaN	0.0304	0.4326
156.0137	0.1979	0.0377	NaN	0.0304	0.4328
156.0140	0.1960	0.0376	NaN	0.0304	0.4328
156.0157	0.1948	0.0375	NaN	0.0304	0.4327
156.0161	0.1954	0.0375	NaN	0.0304	0.4325
156.0154	0.1974	0.0376	NaN	0.0304	0.4325
156.0179	0.1963	0.0376	NaN	0.0304	0.4326
156.0196	0.1947	0.0375	NaN	0.0304	0.4327
156.0209	0.1913	0.0374	NaN	0.0304	0.4326
156.0219	0.1875	0.0373	NaN	0.0303	0.4328
156.0240	0.1868	0.0372	NaN	0.0303	0.4329
156.0247	0.1851	0.0372	NaN	0.0303	0.4330
156.0265	0.1836	0.0371	NaN	0.0303	0.4333
156.0265	0.1829	0.0371	NaN	0.0303	0.4333
156.0292	0.1818	0.0370	NaN	0.0303	0.4333
156.0282	0.1804	0.0370	NaN	0.0303	0.4332
156.0295	0.1796	0.0369	NaN	0.0303	0.4330
156.0319	0.1795	0.0370	NaN	0.0303	0.4329
156.0310	0.1795	0.0370	NaN	0.0303	0.4329
156.0319	0.1799	0.0370	NaN	0.0303	0.4329
156.0356	0.1794	0.0370	NaN	0.0303	0.4329
156.0348	0.1787	0.0369	NaN	0.0303	0.4329
156.0369	0.1780	0.0369	NaN	0.0303	0.4330
156.0366	0.1774	0.0369	NaN	0.0303	0.4325
156.0384	0.1763	0.0368	NaN	0.0303	0.4319
156.0405	0.1753	0.0368	NaN	0.0303	0.4319
156.0403	0.1753	0.0368	NaN	0.0303	0.4320
156.0414	0.1752	0.0368	NaN	0.0303	0.4321
156.0433	0.1751	0.0368	NaN	0.0303	0.4322
156.0430	0.1749	0.0368	NaN	0.0303	0.4320
156.0454	0.1746	0.0368	NaN	0.0303	0.4320
156.0467	0.1751	0.0368	NaN	0.0303	0.4321
156.0479	0.1751	0.0368	NaN	0.0303	0.4320
156.0506	0.1749	0.0368	NaN	0.0303	0.4319
156.0508	0.1749	0.0368	NaN	0.0303	0.4315
156.0523	0.1746	0.0368	NaN	0.0303	0.4310
156.0515	0.1744	0.0368	NaN	0.0303	0.4308
156.0557	0.1739	0.0368	NaN	0.0303	0.4312
156.0565	0.1730	0.0367	NaN	0.0303	0.4310
156.0550	0.1726	0.0367	NaN	0.0303	0.4304
156.0581	0.1723	0.0367	NaN	0.0303	0.4301
156.0606	0.1722	0.0367	NaN	0.0303	0.4299
156.0607	0.1718	0.0367	NaN	0.0303	0.4297
156.0623	0.1719	0.0367	NaN	0.0303	0.4296
156.0618	0.1719	0.0367	NaN	0.0303	0.4295
156.0629	0.1718	0.0367	NaN	0.0303	0.4296
156.0661	0.1719	0.0367	NaN	0.0303	0.4298
156.0659	0.1722	0.0367	NaN	0.0303	0.4296
156.0675	0.1721	0.0367	NaN	0.0303	0.4296
156.0700	0.1720	0.0367	NaN	0.0303	0.4295
156.0695	0.1721	0.0367	NaN	0.0303	0.4295
156.0712	0.1721	0.0367	NaN	0.0303	0.4295
156.0703	0.1721	0.0367	NaN	0.0303	0.4295
156.0729	0.1718	0.0367	NaN	0.0303	0.4296
156.0739	0.1719	0.0367	NaN	0.0303	0.4297
156.0747	0.1720	0.0367	NaN	0.0303	0.4297
156.0762	0.1720	0.0367	NaN	0.0303	0.4296
156.0770	0.1719	0.0367	NaN	0.0303	0.4296
156.0771	0.1719	0.0367	NaN	0.0303	0.4296
156.0790	0.1719	0.0367	NaN	0.0303	0.4298
156.0780	0.1719	0.0367	NaN	0.0303	0.4301
156.0798	0.1719	0.0367	NaN	0.0304	0.4304
156.0821	0.1719	0.0367	NaN	0.0303	0.4300
156.0828	0.1719	0.0367	NaN	0.0304	0.4301
156.0874	0.1720	0.0367	NaN	0.0304	0.4308
156.0858	0.1719	0.0367	NaN	0.0304	0.4317
156.0884	0.1720	0.0367	NaN	0.0304	0.4319
156.0917	0.1720	0.0367	NaN	0.0304	0.4327
156.0893	0.1719	0.0367	NaN	0.0304	0.4323
156.0896	0.1719	0.0367	NaN	0.0304	0.4324
156.0928	0.1720	0.0367	NaN	0.0304	0.4330
156.0925	0.1721	0.0367	NaN	0.0304	0.4324
156.0961	0.1723	0.0367	NaN	0.0304	0.4317
156.0940	0.1724	0.0368	NaN	0.0304	0.4314
156.0976	0.1727	0.0368	NaN	0.0304	0.4314
156.0986	0.1727	0.0368	NaN	0.0304	0.4316
156.0987	0.1727	0.0368	NaN	0.0304	0.4322
156.1010	0.1727	0.0368	NaN	0.0304	0.4327
156.0994	0.1727	0.0368	NaN	0.0304	0.4318
156.1012	0.1727	0.0368	NaN	0.0304	0.4316
156.1040	0.1728	0.0368	NaN	0.0304	0.4319
156.1045	0.1729	0.0368	NaN	0.0304	0.4319
156.1072	0.1731	0.0368	NaN	0.0304	0.4316
156.1091	0.1733	0.0368	NaN	0.0304	0.4316
156.1089	0.1734	0.0368	NaN	0.0304	0.4319
156.1097	0.1738	0.0368	NaN	0.0304	0.4323
156.1104	0.1742	0.0369	NaN	0.0304	0.4317
156.1123	0.1745	0.0369	NaN	0.0304	0.4303
156.1142	0.1745	0.0369	NaN	0.0304	0.4302
156.1150	0.1744	0.0369	NaN	0.0304	0.4300
156.1145	0.1743	0.0369	NaN	0.0304	0.4297
156.1167	0.1745	0.0369	NaN	0.0304	0.4296
156.1170	0.1748	0.0369	NaN	0.0304	0.4296
156.1188	0.1755	0.0369	NaN	0.0304	0.4295
156.1181	0.1757	0.0369	NaN	0.0305	0.4295
156.1197	0.1761	0.0369	NaN	0.0305	0.4295
156.1229	0.1765	0.0370	NaN	0.0305	0.4296
156.1229	0.1765	0.0370	NaN	0.0305	0.4296
156.1241	0.1770	0.0370	NaN	0.0305	0.4297
156.1271	0.1776	0.0370	NaN	0.0305	0.4299
156.1266	0.1776	0.0370	NaN	0.0305	0.4298
156.1282	0.1779	0.0370	NaN	0.0305	0.4297
156.1277	0.1775	0.0370	NaN	0.0305	0.4298
156.1292	0.1776	0.0370	NaN	0.0305	0.4298
156.1323	0.1782	0.0371	NaN	0.0305	0.4300
156.1319	0.1784	0.0371	NaN	0.0305	0.4300
156.1344	0.1786	0.0371	NaN	0.0305	0.4303
156.1328	0.1783	0.0371	NaN	0.0305	0.4303
156.1358	0.1782	0.0371	NaN	0.0305	0.4305
156.1364	0.1784	0.0371	NaN	0.0305	0.4308
156.1370	0.1783	0.0371	NaN	0.0305	0.4311
156.1399	0.1789	0.0371	NaN	0.0305	0.4310
156.1424	0.1793	0.0371	NaN	0.0305	0.4310
156.1424	0.1796	0.0371	NaN	0.0305	0.4311
156.1429	0.1797	0.0371	NaN	0.0305	0.4312
156.1440	0.1798	0.0372	NaN	0.0305	0.4313
156.1441	0.1804	0.0372	NaN	0.0305	0.4317
156.1471	0.1810	0.0372	NaN	0.0305	0.4319
156.1480	0.1810	0.0372	NaN	0.0305	0.4321
156.1491	0.1814	0.0372	NaN	0.0305	0.4321
156.1513	0.1818	0.0372	NaN	0.0305	0.4320
156.1512	0.1820	0.0373	NaN	0.0305	0.4321
156.1517	0.1829	0.0373	NaN	0.0306	0.4326
156.1524	0.1836	0.0373	NaN	0.0306	0.4327
156.1557	0.1843	0.0374	NaN	0.0306	0.4327
156.1587	0.1848	0.0374	NaN	0.0306	0.4326
156.1575	0.1853	0.0374	NaN	0.0306	0.4324
156.1610	0.1862	0.0375	NaN	0.0306	0.4325
156.1592	0.1874	0.0375	NaN	0.0306	0.4327
156.1613	0.1885	0.0376	NaN	0.0306	0.4329
156.1633	0.1891	0.0376	NaN	0.0306	0.4330
156.1637	0.1902	0.0376	NaN	0.0306	0.4330
156.1653	0.1908	0.0377	NaN	0.0307	0.4331
156.1678	0.1912	0.0377	NaN	0.0307	0.4330
156.1695	0.1912	0.0377	NaN	0.0306	0.4328
156.1683	0.1914	0.0377	NaN	0.0307	0.4330
156.1671	0.1911	0.0377	NaN	0.0306	0.4332
156.1700	0.1916	0.0377	NaN	0.0307	0.4335
156.1727	0.1920	0.0377	NaN	0.0307	0.4335
156.1732	0.1925	0.0378	NaN	0.0307	0.4334
156.1756	0.1931	0.0378	NaN	0.0307	0.4336
156.1751	0.1937	0.0378	NaN	0.0307	0.4334
156.1742	0.1935	0.0378	NaN	0.0307	0.4335
156.1768	0.1936	0.0378	NaN	0.0307	0.4336
156.1772	0.1938	0.0378	NaN	0.0307	0.4336
156.1790	0.1946	0.0379	NaN	0.0307	0.4339
156.1813	0.1953	0.0379	NaN	0.0307	0.4342
156.1812	0.1952	0.0379	NaN	0.0307	0.4340
156.1836	0.1955	0.0379	NaN	0.0307	0.4336
156.1809	0.1967	0.0380	NaN	0.0307	0.4332
156.1831	0.1981	0.0380	NaN	0.0307	0.4332
156.1853	0.2002	0.0381	NaN	0.0308	0.4329
156.1867	0.2019	0.0382	NaN	0.0308	0.4323
156.1883	0.2037	0.0383	NaN	0.0308	0.4310
156.1899	0.2047	0.0383	NaN	0.0308	0.4315
156.1910	0.2044	0.0383	NaN	0.0308	0.4317
156.1927	0.2058	0.0384	NaN	0.0308	0.4312
156.1938	0.2055	0.0384	NaN	0.0308	0.4306
156.1938	0.2062	0.0384	NaN	0.0308	0.4306
156.1961	0.2072	0.0385	NaN	0.0308	0.4307
156.1955	0.2077	0.0385	NaN	0.0308	0.4306
156.1975	0.2072	0.0384	NaN	0.0308	0.4306
156.2008	0.2083	0.0385	NaN	0.0308	0.4310
156.2010	0.2096	0.0386	NaN	0.0309	0.4320
156.2030	0.2131	0.0387	NaN	0.0309	0.4325
156.2028	0.2153	0.0388	NaN	0.0309	0.4326
156.2026	0.2170	0.0389	NaN	0.0309	0.4320
156.2053	0.2171	0.0389	NaN	0.0309	0.4319
156.2059	0.2165	0.0389	NaN	0.0309	0.4326
156.2069	0.2171	0.0389	NaN	0.0309	0.4327
156.2086	0.2170	0.0389	NaN	0.0309	0.4328
156.2093	0.2171	0.0389	NaN	0.0309	0.4327
156.2111	0.2200	0.0390	NaN	0.0309	0.4320
156.2111	0.2223	0.0391	NaN	0.0309	0.4313
156.2123	0.2247	0.0392	NaN	0.0310	0.4316
156.2142	0.2265	0.0393	NaN	0.0310	0.4312
156.2156	0.2271	0.0393	NaN	0.0310	0.4315
156.2168	0.2282	0.0394	NaN	0.0310	0.4320
156.2172	0.2287	0.0394	NaN	0.0310	0.4327
156.2194	0.2293	0.0394	NaN	0.0310	0.4329
156.2204	0.2332	0.0396	NaN	0.0310	0.4329
156.2208	0.2355	0.0397	NaN	0.0311	0.4321
156.2222	0.2376	0.0398	NaN	0.0311	0.4319
156.2242	0.2401	0.0399	NaN	0.0311	0.4325
156.2242	0.2443	0.0400	NaN	0.0311	0.4323
156.2261	0.2483	0.0402	NaN	0.0311	0.4323
156.2256	0.2513	0.0403	NaN	0.0311	0.4329
156.2300	0.2562	0.0405	NaN	0.0312	0.4329
156.2292	0.2610	0.0407	NaN	0.0312	0.4331
156.2300	0.2664	0.0409	NaN	0.0312	0.4337
156.2304	0.2733	0.0412	NaN	0.0312	0.4340
156.2325	0.2776	0.0414	NaN	0.0312	0.4345
156.2312	0.2840	0.0416	NaN	0.0313	0.4348
156.2338	0.2881	0.0418	NaN	0.0313	0.4347
156.2343	0.2905	0.0418	NaN	0.0313	0.4344
156.2343	0.2955	0.0421	NaN	0.0313	0.4338
156.2370	0.2964	0.0421	NaN	0.0313	0.4333
156.2369	0.2931	0.0420	NaN	0.0313	0.4336
156.2386	0.2944	0.0420	NaN	0.0313	0.4339
156.2406	0.2967	0.0421	NaN	0.0313	0.4337
156.2420	0.3014	0.0423	NaN	0.0313	0.4332
156.2429	0.3045	0.0424	NaN	0.0313	0.4338
156.2437	0.3041	0.0424	NaN	0.0313	0.4335
156.2450	0.3057	0.0424	NaN	0.0313	0.4329
156.2465	0.3106	0.0426	NaN	0.0313	0.4321
156.2464	0.3153	0.0428	NaN	0.0313	0.4318
156.2485	0.3226	0.0431	NaN	0.0314	0.4317
156.2484	0.3255	0.0432	NaN	0.0314	0.4316
156.2515	0.3237	0.0431	NaN	0.0314	0.4322
156.2539	0.3268	0.0433	NaN	0.0314	0.4319
156.2527	0.3270	0.0432	NaN	0.0314	0.4317
156.2546	0.3277	0.0433	NaN	0.0314	0.4315
156.2562	0.3286	0.0433	NaN	0.0314	0.4315
156.2570	0.3340	0.0435	NaN	0.0314	0.4314
156.2589	0.3508	0.0442	NaN	0.0315	0.4309
156.2608	0.3576	0.0445	NaN	0.0315	0.4310
156.2618	0.3658	0.0448	NaN	0.0315	0.4314
156.2659	0.3741	0.0451	NaN	0.0315	0.4316
156.2650	0.3739	0.0451	NaN	0.0315	0.4317
156.2665	0.3871	0.0456	NaN	0.0315	0.4316
156.2667	0.3912	0.0458	NaN	0.0315	0.4318
156.2676	0.4058	0.0463	NaN	0.0316	0.4317
156.2701	0.4125	0.0466	NaN	0.0316	0.4316
156.2706	0.4233	0.0470	NaN	0.0316	0.4318
156.2739	0.4276	0.0471	NaN	0.0316	0.4317
156.2735	0.4304	0.0472	NaN	0.0316	0.4320
156.2726	0.4317	0.0473	NaN	0.0316	0.4321
156.2747	0.4530	0.0481	NaN	0.0317	0.4331
156.2763	0.4637	0.0485	NaN	0.0317	0.4335
156.2772	0.4763	0.0490	NaN	0.0317	0.4333
156.2794	0.4907	0.0495	NaN	0.0317	0.4327
156.2791	0.4954	0.0496	NaN	0.0318	0.4326
156.2809	0.4947	0.0496	NaN	0.0317	0.4327
156.2825	0.4936	0.0496	NaN	0.0318	0.4337
156.2838	0.4889	0.0494	NaN	0.0317	0.4345
156.2853	0.4897	0.0494	NaN	0.0317	0.4347
156.2850	0.4936	0.0496	NaN	0.0318	0.4353
156.2874	0.5070	0.0500	NaN	0.0318	0.4351
156.2898	0.5069	0.0500	NaN	0.0318	0.4348
156.2897	0.5065	0.0500	NaN	0.0318	0.4351
156.2916	0.5116	0.0502	NaN	0.0318	0.4352
156.2930	0.5146	0.0503	NaN	0.0318	0.4351
156.2961	0.5210	0.0505	NaN	0.0319	0.4348
156.2975	0.5243	0.0506	NaN	0.0319	0.4344
156.2971	0.5317	0.0510	NaN	0.0319	0.4338
156.2992	0.5334	0.0510	NaN	0.0319	0.4335
156.3021	0.5353	0.0511	NaN	0.0320	0.4326
156.3033	0.5356	0.0511	NaN	0.0320	0.4320
156.3027	0.5323	0.0511	NaN	0.0320	0.4317
156.3021	0.5253	0.0508	NaN	0.0320	0.4317
156.3048	0.5132	0.0505	NaN	0.0321	0.4317
156.3058	0.5140	0.0505	NaN	0.0321	0.4318
156.3053	0.5114	0.0504	NaN	0.0321	0.4328
156.3062	0.4836	0.0495	NaN	0.0321	0.4327
156.3085	0.4651	0.0489	NaN	0.0321	0.4327
156.3090	0.4514	0.0485	NaN	0.0321	0.4326
156.3109	0.4315	0.0478	NaN	0.0321	0.4326
156.3112	0.4340	0.0479	NaN	0.0321	0.4327
156.3136	0.4374	0.0480	NaN	0.0321	0.4326
156.3129	0.4430	0.0481	NaN	0.0321	0.4324
156.3150	0.4555	0.0486	NaN	0.0321	0.4323
156.3161	0.4469	0.0483	NaN	0.0321	0.4323
156.3186	0.4265	0.0476	NaN	0.0321	0.4324
156.3195	0.4105	0.0470	NaN	0.0321	0.4323
156.3209	0.3979	0.0466	NaN	0.0322	0.4321
156.3220	0.3830	0.0461	NaN	0.0322	0.4320
156.3232	0.3799	0.0460	NaN	0.0322	0.4319
156.3253	0.3782	0.0459	NaN	0.0322	0.4321
156.3248	0.3856	0.0462	NaN	0.0322	0.4326
156.3262	0.3808	0.0460	NaN	0.0322	0.4325
156.3262	0.3762	0.0459	NaN	0.0322	0.4321
156.3276	0.3727	0.0457	NaN	0.0322	0.4321
156.3294	0.3626	0.0454	NaN	0.0322	0.4324
156.3304	0.3602	0.0453	NaN	0.0322	0.4327
156.3308	0.3564	0.0452	NaN	0.0322	0.4334
156.3335	0.3424	0.0447	NaN	0.0323	0.4338
156.3338	0.3347	0.0444	NaN	0.0322	0.4335
156.3371	0.3241	0.0441	NaN	0.0323	0.4334
156.3346	0.3206	0.0440	NaN	0.0323	0.4334
156.3363	0.3150	0.0438	NaN	0.0323	0.4334
156.3377	0.3123	0.0437	NaN	0.0323	0.4335
156.3365	0.3098	0.0436	NaN	0.0323	0.4338
156.3395	0.3043	0.0434	NaN	0.0323	0.4346
156.3411	0.3005	0.0433	NaN	0.0323	0.4346
156.3411	0.2975	0.0432	NaN	0.0324	0.4346
156.3425	0.2906	0.0430	NaN	0.0324	0.4348
156.3420	0.2891	0.0429	NaN	0.0324	0.4348
156.3447	0.2849	0.0428	NaN	0.0324	0.4345
156.3469	0.2777	0.0426	NaN	0.0324	0.4345
156.3459	0.2768	0.0426	NaN	0.0324	0.4341
156.3476	0.2773	0.0426	NaN	0.0324	0.4341
156.3497	0.2774	0.0426	NaN	0.0324	0.4347
156.3507	0.2779	0.0426	NaN	0.0324	0.4349
156.3524	0.2782	0.0426	NaN	0.0324	0.4350
156.3521	0.2753	0.0425	NaN	0.0324	0.4349
156.3542	0.2698	0.0424	NaN	0.0325	0.4350
156.3559	0.2657	0.0422	NaN	0.0325	0.4350
156.3556	0.2641	0.0422	NaN	0.0325	0.4351
156.3576	0.2622	0.0421	NaN	0.0325	0.4353
156.3580	0.2620	0.0421	NaN	0.0325	0.4354
156.3593	0.2602	0.0421	NaN	0.0325	0.4356
156.3622	0.2570	0.0420	NaN	0.0326	0.4357
156.3615	0.2550	0.0419	NaN	0.0326	0.4358
156.3636	0.2545	0.0419	NaN	0.0326	0.4359
156.3647	0.2545	0.0419	NaN	0.0326	0.4360
156.3650	0.2549	0.0419	NaN	0.0326	0.4360
156.3666	0.2535	0.0419	NaN	0.0326	0.4360
156.3697	0.2511	0.0418	NaN	0.0327	0.4360
156.3694	0.2490	0.0418	NaN	0.0327	0.4360
156.3702	0.2479	0.0418	NaN	0.0327	0.4359
156.3695	0.2481	0.0418	NaN	0.0327	0.4358
156.3723	0.2474	0.0417	NaN	0.0327	0.4360
156.3746	0.2468	0.0417	NaN	0.0327	0.4361
156.3741	0.2462	0.0417	NaN	0.0327	0.4359
156.3773	0.2440	0.0417	NaN	0.0327	0.4355
156.3775	0.2443	0.0417	NaN	0.0327	0.4355
156.3785	0.2419	0.0417	NaN	0.0328	0.4355
156.3807	0.2394	0.0416	NaN	0.0328	0.4351
156.3811	0.2385	0.0415	NaN	0.0328	0.4354
156.3823	0.2374	0.0415	NaN	0.0328	0.4353
156.3826	0.2369	0.0415	NaN	0.0328	0.4356
156.3857	0.2348	0.0415	NaN	0.0329	0.4355
156.3862	0.2334	0.0415	NaN	0.0329	0.4353
156.3867	0.2327	0.0415	NaN	0.0329	0.4351
156.3876	0.2319	0.0415	NaN	0.0330	0.4351
156.3899	0.2311	0.0415	NaN	0.0330	0.4352
156.3907	0.2309	0.0415	NaN	0.0330	0.4351
156.3922	0.2308	0.0415	NaN	0.0330	0.4350
156.3911	0.2310	0.0415	NaN	0.0330	0.4349
156.3940	0.2301	0.0415	NaN	0.0330	0.4349
156.3977	0.2297	0.0415	NaN	0.0331	0.4356
156.3973	0.2301	0.0415	NaN	0.0331	0.4359
156.3986	0.2300	0.0415	NaN	0.0331	0.4359
156.4011	0.2297	0.0415	NaN	0.0331	0.4354
156.4009	0.2297	0.0415	NaN	0.0331	0.4353
156.4019	0.2301	0.0415	NaN	0.0331	0.4347
156.4027	0.2302	0.0415	NaN	0.0331	0.4352
156.4075	0.2301	0.0416	NaN	0.0331	0.4353
156.4063	0.2299	0.0416	NaN	0.0331	0.4351
156.4060	0.2300	0.0416	NaN	0.0331	0.4354
156.4102	0.2300	0.0416	NaN	0.0331	0.4352
156.4085	0.2297	0.0415	NaN	0.0331	0.4350
156.4108	0.2298	0.0416	NaN	0.0331	0.4349
156.4141	0.2300	0.0416	NaN	0.0332	0.4354
156.4141	0.2298	0.0416	NaN	0.0332	0.4358
156.4147	0.2300	0.0417	NaN	0.0332	0.4359
156.4170	0.2306	0.0417	NaN	0.0332	0.4358
156.4155	0.2305	0.0417	NaN	0.0332	0.4360
156.4182	0.2313	0.0418	NaN	0.0333	0.4362
156.4173	0.2318	0.0418	NaN	0.0333	0.4361
156.4195	0.2326	0.0419	NaN	0.0333	0.4362
156.4218	0.2343	0.0420	NaN	0.0334	0.4364
156.4204	0.2348	0.0420	NaN	0.0334	0.4363
156.4221	0.2352	0.0420	NaN	0.0334	0.4362
156.4233	0.2360	0.0421	NaN	0.0334	0.4361
156.4239	0.2361	0.0421	NaN	0.0334	0.4359
156.4254	0.2370	0.0421	NaN	0.0334	0.4360
156.4276	0.2370	0.0422	NaN	0.0334	0.4358
156.4279	0.2375	0.0422	NaN	0.0334	0.4358
156.4293	0.2379	0.0422	NaN	0.0335	0.4358
156.4280	0.2393	0.0423	NaN	0.0335	0.4356
156.4311	0.2418	0.0424	NaN	0.0335	0.4349
156.4324	0.2432	0.0425	NaN	0.0335	0.4352
156.4338	0.2414	0.0424	NaN	0.0335	0.4349
156.4363	0.2439	0.0425	NaN	0.0335	0.4342
156.4357	0.2467	0.0426	NaN	0.0336	0.4342
156.4375	0.2528	0.0429	NaN	0.0336	0.4337
156.4410	0.2527	0.0429	NaN	0.0337	0.4332
156.4395	0.2533	0.0429	NaN	0.0336	0.4331
156.4404	0.2552	0.0430	NaN	0.0337	0.4336
156.4407	0.2538	0.0429	NaN	0.0336	0.4342
156.4423	0.2570	0.0431	NaN	0.0337	0.4341
156.4442	0.2596	0.0432	NaN	0.0337	0.4339
156.4445	0.2641	0.0434	NaN	0.0337	0.4337
156.4463	0.2658	0.0435	NaN	0.0337	0.4331
156.4482	0.2697	0.0436	NaN	0.0338	0.4330
156.4473	0.2719	0.0437	NaN	0.0338	0.4326
156.4499	0.2760	0.0439	NaN	0.0338	0.4323
156.4503	0.2821	0.0442	NaN	0.0338	0.4323
156.4522	0.2851	0.0443	NaN	0.0339	0.4324
156.4560	0.2862	0.0443	NaN	0.0339	0.4326
156.4551	0.2901	0.0445	NaN	0.0339	0.4330
156.4566	0.3008	0.0449	NaN	0.0339	0.4331
156.4584	0.3163	0.0455	NaN	0.0340	0.4328
156.4579	0.3201	0.0457	NaN	0.0340	0.4327
156.4604	0.3303	0.0461	NaN	0.0340	0.4324
156.4600	0.3218	0.0457	NaN	0.0340	0.4326
156.4624	0.3243	0.0458	NaN	0.0340	0.4325
156.4646	0.3342	0.0462	NaN	0.0340	0.4323
156.4654	0.3434	0.0466	NaN	0.0341	0.4323
156.4669	0.3610	0.0473	NaN	0.0341	0.4323
156.4652	0.3698	0.0476	NaN	0.0341	0.4322
156.4676	0.3777	0.0479	NaN	0.0342	0.4322
156.4682	0.3876	0.0483	NaN	0.0342	0.4322
156.4690	0.3908	0.0484	NaN	0.0342	0.4320
156.4705	0.3965	0.0486	NaN	0.0342	0.4320
156.4718	0.3958	0.0486	NaN	0.0342	0.4320
156.4744	0.4049	0.0489	NaN	0.0342	0.4322
156.4744	0.4149	0.0493	NaN	0.0342	0.4324
156.4754	0.4236	0.0496	NaN	0.0343	0.4324
156.4758	0.4241	0.0496	NaN	0.0343	0.4323
156.4787	0.4295	0.0498	NaN	0.0343	0.4323
156.4785	0.4241	0.0496	NaN	0.0343	0.4324
156.4797	0.4287	0.0498	NaN	0.0343	0.4325
156.4824	0.4298	0.0498	NaN	0.0343	0.4326
156.4813	0.4302	0.0498	NaN	0.0343	0.4328
156.4827	0.4405	0.0502	NaN	0.0343	0.4328
156.4831	0.4449	0.0503	NaN	0.0343	0.4326
156.4836	0.4469	0.0504	NaN	0.0344	0.4328
156.4863	0.4499	0.0506	NaN	0.0344	0.4326
156.4874	0.4444	0.0505	NaN	0.0345	0.4327
156.4883	0.4329	0.0501	NaN	0.0345	0.4328
156.4875	0.4314	0.0501	NaN	0.0345	0.4325
156.4905	0.4235	0.0499	NaN	0.0346	0.4326
156.4918	0.4151	0.0496	NaN	0.0346	0.4325
156.4912	0.4079	0.0494	NaN	0.0346	0.4327
156.4940	0.4096	0.0495	NaN	0.0346	0.4329
156.4958	0.4080	0.0494	NaN	0.0346	0.4329
156.4957	0.4086	0.0494	NaN	0.0346	0.4330
156.4978	0.4030	0.0492	NaN	0.0346	0.4331
156.4979	0.3882	0.0487	NaN	0.0346	0.4331
156.5003	0.3723	0.0482	NaN	0.0347	0.4332
156.5014	0.3617	0.0479	NaN	0.0347	0.4334
156.5023	0.3533	0.0476	NaN	0.0347	0.4333
156.5039	0.3430	0.0472	NaN	0.0347	0.4332
156.5061	0.3319	0.0469	NaN	0.0348	0.4332
156.5063	0.3253	0.0466	NaN	0.0348	0.4332
156.5082	0.3190	0.0464	NaN	0.0348	0.4329
156.5064	0.3115	0.0462	NaN	0.0348	0.4328
156.5076	0.2981	0.0458	NaN	0.0349	0.4327
156.5111	0.2871	0.0454	NaN	0.0349	0.4328
156.5104	0.2878	0.0454	NaN	0.0349	0.4329
156.5136	0.2830	0.0453	NaN	0.0349	0.4328
156.5157	0.2797	0.0452	NaN	0.0350	0.4325
156.5151	0.2761	0.0451	NaN	0.0350	0.4323
156.5161	0.2738	0.0450	NaN	0.0350	0.4323
156.5150	0.2705	0.0449	NaN	0.0350	0.4324
156.5179	0.2676	0.0448	NaN	0.0350	0.4326
156.5184	0.2658	0.0448	NaN	0.0350	0.4326
156.5183	0.2600	0.0446	NaN	0.0350	0.4327
156.5205	0.2555	0.0445	NaN	0.0351	0.4330
156.5195	0.2536	0.0444	NaN	0.0351	0.4333
156.5225	0.2504	0.0444	NaN	0.0351	0.4337
156.5244	0.2467	0.0443	NaN	0.0352	0.4342
156.5246	0.2462	0.0443	NaN	0.0352	0.4345
156.5259	0.2465	0.0443	NaN	0.0352	0.4343
156.5281	0.2447	0.0442	NaN	0.0352	0.4342
156.5270	0.2435	0.0442	NaN	0.0352	0.4343
156.5297	0.2423	0.0442	NaN	0.0352	0.4341
156.5297	0.2417	0.0442	NaN	0.0353	0.4343
156.5328	0.2398	0.0441	NaN	0.0353	0.4350
156.5350	0.2382	0.0441	NaN	0.0354	0.4354
156.5350	0.2374	0.0441	NaN	0.0354	0.4351
156.5362	0.2365	0.0441	NaN	0.0354	0.4345
156.5370	0.2367	0.0441	NaN	0.0354	0.4342
156.5379	0.2367	0.0441	NaN	0.0354	0.4341
156.5409	0.2363	0.0441	NaN	0.0354	0.4341
156.5430	0.2370	0.0441	NaN	0.0354	0.4339
156.5425	0.2368	0.0441	NaN	0.0354	0.4339
156.5457	0.2355	0.0441	NaN	0.0354	0.4341
156.5449	0.2355	0.0441	NaN	0.0354	0.4343
156.5460	0.2348	0.0441	NaN	0.0354	0.4347
156.5454	0.2342	0.0441	NaN	0.0355	0.4349
156.5474	0.2332	0.0441	NaN	0.0355	0.4352
156.5501	0.2330	0.0441	NaN	0.0355	0.4351
156.5491	0.2331	0.0441	NaN	0.0355	0.4350
156.5507	0.2331	0.0441	NaN	0.0355	0.4353
156.5529	0.2334	0.0441	NaN	0.0355	0.4353
156.5535	0.2331	0.0441	NaN	0.0355	0.4355
156.5550	0.2328	0.0441	NaN	0.0355	0.4354
156.5544	0.2327	0.0441	NaN	0.0355	0.4354
156.5564	0.2323	0.0441	NaN	0.0355	0.4354
156.5584	0.2319	0.0441	NaN	0.0356	0.4353
156.5602	0.2316	0.0442	NaN	0.0356	0.4354
156.5606	0.2316	0.0442	NaN	0.0356	0.4354
156.5621	0.2313	0.0442	NaN	0.0357	0.4353
156.5626	0.2312	0.0442	NaN	0.0357	0.4353
156.5635	0.2313	0.0442	NaN	0.0357	0.4353
156.5630	0.2314	0.0442	NaN	0.0357	0.4354
156.5657	0.2314	0.0442	NaN	0.0357	0.4357
156.5668	0.2316	0.0443	NaN	0.0357	0.4359
156.5662	0.2317	0.0443	NaN	0.0358	0.4359
156.5692	0.2321	0.0444	NaN	0.0358	0.4360
156.5709	0.2326	0.0444	NaN	0.0358	0.4361
156.5709	0.2330	0.0445	NaN	0.0359	0.4362
156.5738	0.2334	0.0445	NaN	0.0359	0.4361
156.5737	0.2342	0.0446	NaN	0.0359	0.4362
156.5762	0.2350	0.0447	NaN	0.0360	0.4361
156.5771	0.2360	0.0447	NaN	0.0360	0.4363
156.5766	0.2364	0.0447	NaN	0.0360	0.4364
156.5804	0.2377	0.0448	NaN	0.0361	0.4364
156.5779	0.2372	0.0448	NaN	0.0360	0.4365
156.5801	0.2375	0.0448	NaN	0.0361	0.4365
156.5819	0.2374	0.0448	NaN	0.0361	0.4365
156.5825	0.2379	0.0448	NaN	0.0361	0.4364
156.5831	0.2369	0.0448	NaN	0.0360	0.4364
156.5847	0.2366	0.0448	NaN	0.0360	0.4363
156.5852	0.2382	0.0449	NaN	0.0361	0.4365
156.5868	0.2398	0.0450	NaN	0.0361	0.4365
156.5852	0.2403	0.0450	NaN	0.0361	0.4365
156.5884	0.2407	0.0450	NaN	0.0362	0.4366
156.5910	0.2407	0.0450	NaN	0.0361	0.4366
156.5907	0.2419	0.0451	NaN	0.0362	0.4366
156.5926	0.2444	0.0452	NaN	0.0362	0.4366
156.5943	0.2476	0.0454	NaN	0.0363	0.4358
156.5945	0.2501	0.0455	NaN	0.0363	0.4349
156.5958	0.2531	0.0457	NaN	0.0363	0.4344
156.5958	0.2533	0.0457	NaN	0.0364	0.4336
156.5985	0.2545	0.0457	NaN	0.0364	0.4328
156.6014	0.2560	0.0458	NaN	0.0364	0.4329
156.6013	0.2556	0.0458	NaN	0.0364	0.4329
156.6023	0.2576	0.0459	NaN	0.0364	0.4329
156.6026	0.2581	0.0459	NaN	0.0364	0.4329
156.6039	0.2602	0.0460	NaN	0.0365	0.4328
156.6082	0.2614	0.0461	NaN	0.0365	0.4328
156.6074	0.2617	0.0461	NaN	0.0365	0.4338
156.6084	0.2622	0.0461	NaN	0.0365	0.4343
156.6120	0.2633	0.0462	NaN	0.0365	0.4332
156.6104	0.2642	0.0462	NaN	0.0365	0.4330
156.6133	0.2663	0.0463	NaN	0.0366	0.4331
156.6134	0.2684	0.0464	NaN	0.0366	0.4332
156.6135	0.2690	0.0465	NaN	0.0366	0.4339
156.6163	0.2706	0.0466	NaN	0.0366	0.4339
156.6156	0.2707	0.0466	NaN	0.0367	0.4331
156.6180	0.2710	0.0466	NaN	0.0367	0.4333
156.6204	0.2711	0.0466	NaN	0.0367	0.4328
156.6205	0.2704	0.0466	NaN	0.0367	0.4331
156.6219	0.2673	0.0466	NaN	0.0368	0.4340
156.6220	0.2638	0.0465	NaN	0.0369	0.4338
156.6247	0.2580	0.0464	NaN	0.0369	0.4331
156.6265	0.2549	0.0463	NaN	0.0369	0.4334
156.6264	0.2548	0.0463	NaN	0.0370	0.4335
156.6274	0.2529	0.0463	NaN	0.0370	0.4337
156.6281	0.2512	0.0462	NaN	0.0370	0.4339
156.6304	0.2504	0.0462	NaN	0.0370	0.4343
156.6319	0.2495	0.0462	NaN	0.0370	0.4346
156.6327	0.2462	0.0461	NaN	0.0370	0.4347
156.6344	0.2454	0.0461	NaN	0.0371	0.4353
156.6346	0.2432	0.0461	NaN	0.0371	0.4358
156.6363	0.2420	0.0461	NaN	0.0371	0.4363
156.6388	0.2399	0.0460	NaN	0.0372	0.4367
156.6381	0.2385	0.0460	NaN	0.0372	0.4367
156.6391	0.2381	0.0460	NaN	0.0372	0.4365
156.6413	0.2376	0.0460	NaN	0.0372	0.4364
156.6406	0.2393	0.0460	NaN	0.0372	0.4368
156.6426	0.2385	0.0460	NaN	0.0372	0.4369
156.6434	0.2371	0.0459	NaN	0.0372	0.4369
156.6454	0.2365	0.0459	NaN	0.0372	0.4369
156.6458	0.2344	0.0459	NaN	0.0372	0.4369
156.6452	0.2346	0.0459	NaN	0.0372	0.4369
156.6476	0.2329	0.0458	NaN	0.0373	0.4367
156.6493	0.2321	0.0458	NaN	0.0373	0.4365
156.6477	0.2318	0.0458	NaN	0.0373	0.4356
156.6498	0.2309	0.0458	NaN	0.0373	0.4355
156.6530	0.2292	0.0458	NaN	0.0373	0.4350
156.6527	0.2292	0.0458	NaN	0.0374	0.4344
156.6545	0.2281	0.0458	NaN	0.0374	0.4341
156.6546	0.2282	0.0458	NaN	0.0374	0.4333
156.6564	0.2268	0.0458	NaN	0.0374	0.4330
156.6590	0.2255	0.0458	NaN	0.0374	0.4330
156.6590	0.2244	0.0457	NaN	0.0374	0.4330
156.6609	0.2230	0.0457	NaN	0.0375	0.4331
156.6600	0.2220	0.0457	NaN	0.0375	0.4332
156.6629	0.2208	0.0457	NaN	0.0376	0.4333
156.6640	0.2200	0.0457	NaN	0.0376	0.4336
156.6640	0.2196	0.0457	NaN	0.0376	0.4336
156.6662	0.2201	0.0457	NaN	0.0376	0.4334
156.6689	0.2205	0.0457	NaN	0.0376	0.4335
156.6690	0.2199	0.0457	NaN	0.0376	0.4337
156.6700	0.2194	0.0457	NaN	0.0376	0.4337
156.6701	0.2191	0.0457	NaN	0.0376	0.4336
156.6717	0.2180	0.0457	NaN	0.0377	0.4337
156.6740	0.2180	0.0457	NaN	0.0377	0.4335
156.6742	0.2176	0.0457	NaN	0.0377	0.4340
156.6759	0.2169	0.0457	NaN	0.0377	0.4347
156.6770	0.2160	0.0458	NaN	0.0378	0.4348
156.6769	0.2159	0.0458	NaN	0.0378	0.4346
156.6800	0.2158	0.0458	NaN	0.0378	0.4346
156.6804	0.2156	0.0458	NaN	0.0378	0.4349
156.6827	0.2151	0.0458	NaN	0.0378	0.4353
156.6835	0.2146	0.0458	NaN	0.0379	0.4355
156.6846	0.2152	0.0458	NaN	0.0379	0.4354
156.6852	0.2143	0.0458	NaN	0.0379	0.4355
156.6842	0.2137	0.0458	NaN	0.0379	0.4357
156.6880	0.2131	0.0459	NaN	0.0380	0.4358
156.6897	0.2129	0.0459	NaN	0.0380	0.4353
156.6897	0.2128	0.0459	NaN	0.0380	0.4343
156.6919	0.2123	0.0459	NaN	0.0381	0.4341
156.6930	0.2120	0.0459	NaN	0.0381	0.4342
156.6929	0.2122	0.0459	NaN	0.0381	0.4344
156.6927	0.2122	0.0459	NaN	0.0381	0.4346
156.6936	0.2121	0.0460	NaN	0.0381	0.4346
156.6947	0.2120	0.0460	NaN	0.0382	0.4350
156.6957	0.2119	0.0460	NaN	0.0382	0.4352
156.6959	0.2117	0.0460	NaN	0.0382	0.4350
156.6981	0.2116	0.0461	NaN	0.0382	0.4352
156.7018	0.2114	0.0461	NaN	0.0383	0.4357
156.7006	0.2111	0.0461	NaN	0.0383	0.4358
156.7029	0.2109	0.0461	NaN	0.0383	0.4357
156.7037	0.2111	0.0461	NaN	0.0383	0.4359
156.7055	0.2112	0.0461	NaN	0.0383	0.4359
156.7071	0.2109	0.0462	NaN	0.0384	0.4354
156.7076	0.2109	0.0462	NaN	0.0384	0.4354
156.7088	0.2109	0.0463	NaN	0.0385	0.4356
156.7094	0.2108	0.0463	NaN	0.0385	0.4354
156.7101	0.2108	0.0463	NaN	0.0385	0.4360
156.7127	0.2110	0.0464	NaN	0.0386	0.4366
156.7147	0.2111	0.0464	NaN	0.0385	0.4366
156.7154	0.2113	0.0464	NaN	0.0386	0.4364
156.7158	0.2112	0.0464	NaN	0.0386	0.4359
156.7163	0.2111	0.0464	NaN	0.0386	0.4358
156.7174	0.2115	0.0465	NaN	0.0386	0.4357
156.7187	0.2118	0.0465	NaN	0.0386	0.4355
156.7212	0.2117	0.0465	NaN	0.0387	0.4352
156.7235	0.2116	0.0465	NaN	0.0387	0.4352
156.7229	0.2116	0.0465	NaN	0.0387	0.4347
156.7241	0.2116	0.0465	NaN	0.0387	0.4349
156.7261	0.2115	0.0465	NaN	0.0387	0.4353
156.7249	0.2116	0.0465	NaN	0.0386	0.4348
156.7273	0.2118	0.0465	NaN	0.0387	0.4347
156.7285	0.2120	0.0465	NaN	0.0387	0.4346
156.7306	0.2121	0.0466	NaN	0.0388	0.4350
156.7322	0.2123	0.0466	NaN	0.0388	0.4352
156.7320	0.2125	0.0467	NaN	0.0388	0.4352
156.7341	0.2129	0.0467	NaN	0.0388	0.4352
156.7361	0.2133	0.0468	NaN	0.0389	0.4358
156.7356	0.2135	0.0468	NaN	0.0389	0.4360
156.7379	0.2139	0.0468	NaN	0.0389	0.4361
156.7378	0.2145	0.0469	NaN	0.0390	0.4360
156.7428	0.2152	0.0470	NaN	0.0390	0.4363
156.7411	0.2159	0.0471	NaN	0.0391	0.4365
156.7417	0.2169	0.0472	NaN	0.0391	0.4369
156.7419	0.2173	0.0472	NaN	0.0391	0.4374
156.7412	0.2180	0.0473	NaN	0.0391	0.4375
156.7444	0.2189	0.0473	NaN	0.0392	0.4378
156.7474	0.2192	0.0473	NaN	0.0392	0.4380
156.7474	0.2187	0.0473	NaN	0.0392	0.4382
156.7506	0.2186	0.0473	NaN	0.0392	0.4383
156.7512	0.2187	0.0473	NaN	0.0392	0.4385
156.7498	0.2188	0.0473	NaN	0.0392	0.4386
156.7522	0.2197	0.0474	NaN	0.0392	0.4386
156.7517	0.2196	0.0473	NaN	0.0392	0.4386
156.7540	0.2199	0.0474	NaN	0.0393	0.4382
156.7559	0.2212	0.0475	NaN	0.0393	0.4382
156.7559	0.2212	0.0475	NaN	0.0393	0.4385
156.7573	0.2221	0.0476	NaN	0.0394	0.4386
156.7599	0.2229	0.0476	NaN	0.0394	0.4386
156.7590	0.2236	0.0477	NaN	0.0394	0.4387
156.7608	0.2243	0.0477	NaN	0.0394	0.4385
156.7609	0.2242	0.0477	NaN	0.0394	0.4383
156.7647	0.2257	0.0478	NaN	0.0395	0.4380
156.7644	0.2278	0.0479	NaN	0.0395	0.4379
156.7645	0.2290	0.0480	NaN	0.0396	0.4383
156.7673	0.2307	0.0481	NaN	0.0396	0.4380
156.7671	0.2323	0.0482	NaN	0.0396	0.4377
156.7694	0.2352	0.0483	NaN	0.0397	0.4371
156.7697	0.2365	0.0484	NaN	0.0397	0.4364
156.7688	0.2376	0.0485	NaN	0.0397	0.4360
156.7717	0.2407	0.0486	NaN	0.0397	0.4359
156.7742	0.2427	0.0487	NaN	0.0398	0.4359
156.7740	0.2399	0.0486	NaN	0.0398	0.4362
156.7749	0.2411	0.0487	NaN	0.0398	0.4366
156.7757	0.2416	0.0487	NaN	0.0397	0.4364
156.7763	0.2416	0.0487	NaN	0.0398	0.4358
156.7786	0.2454	0.0489	NaN	0.0398	0.4353
156.7813	0.2509	0.0491	NaN	0.0399	0.4351
156.7812	0.2544	0.0493	NaN	0.0399	0.4352
156.7862	0.2605	0.0495	NaN	0.0400	0.4354
156.7843	0.2625	0.0496	NaN	0.0400	0.4354
156.7857	0.2626	0.0496	NaN	0.0400	0.4354
156.7861	0.2628	0.0496	NaN	0.0400	0.4352
156.7867	0.2657	0.0497	NaN	0.0400	0.4351
156.7900	0.2664	0.0498	NaN	0.0400	0.4351
156.7905	0.2668	0.0498	NaN	0.0400	0.4351
156.7921	0.2702	0.0499	NaN	0.0401	0.4348
156.7905	0.2687	0.0499	NaN	0.0401	0.4348
156.7926	0.2711	0.0500	NaN	0.0401	0.4351
156.7960	0.2748	0.0501	NaN	0.0401	0.4352
156.7958	0.2759	0.0501	NaN	0.0401	0.4350
156.7970	0.2765	0.0502	NaN	0.0401	0.4349
156.8001	0.2798	0.0503	NaN	0.0402	0.4349
156.7995	0.2812	0.0503	NaN	0.0402	0.4348
156.8015	0.2831	0.0504	NaN	0.0402	0.4347
156.8015	0.2814	0.0503	NaN	0.0402	0.4345
156.8027	0.2828	0.0504	NaN	0.0402	0.4346
156.8052	0.2847	0.0505	NaN	0.0402	0.4346
156.8055	0.2859	0.0506	NaN	0.0403	0.4347
156.8057	0.2874	0.0506	NaN	0.0403	0.4348
156.8087	0.2878	0.0506	NaN	0.0403	0.4350
156.8075	0.2879	0.0507	NaN	0.0403	0.4353
156.8101	0.2865	0.0507	NaN	0.0404	0.4352
156.8100	0.2827	0.0506	NaN	0.0404	0.4350
156.8141	0.2812	0.0506	NaN	0.0404	0.4347
156.8156	0.2775	0.0505	NaN	0.0405	0.4347
156.8145	0.2771	0.0505	NaN	0.0405	0.4347
156.8178	0.2770	0.0505	NaN	0.0405	0.4347
156.8175	0.2757	0.0504	NaN	0.0405	0.4346
156.8198	0.2760	0.0505	NaN	0.0405	0.4347
156.8196	0.2733	0.0504	NaN	0.0405	0.4349
156.8199	0.2711	0.0503	NaN	0.0405	0.4348
156.8215	0.2713	0.0503	NaN	0.0405	0.4348
156.8235	0.2707	0.0503	NaN	0.0405	0.4350
156.8233	0.2679	0.0503	NaN	0.0405	0.4351
156.8241	0.2634	0.0501	NaN	0.0406	0.4353
156.8254	0.2591	0.0500	NaN	0.0406	0.4352
156.8263	0.2548	0.0500	NaN	0.0406	0.4353
156.8292	0.2504	0.0499	NaN	0.0407	0.4355
156.8294	0.2503	0.0499	NaN	0.0407	0.4357
156.8315	0.2484	0.0498	NaN	0.0407	0.4361
156.8345	0.2455	0.0498	NaN	0.0407	0.4363
156.8325	0.2456	0.0497	NaN	0.0407	0.4365
156.8345	0.2455	0.0498	NaN	0.0408	0.4365
156.8345	0.2480	0.0498	NaN	0.0407	0.4361
156.8369	0.2473	0.0498	NaN	0.0407	0.4360
156.8393	0.2446	0.0497	NaN	0.0408	0.4364
156.8373	0.2434	0.0497	NaN	0.0408	0.4369
156.8402	0.2401	0.0497	NaN	0.0408	0.4375
156.8416	0.2386	0.0496	NaN	0.0408	0.4377
156.8430	0.2378	0.0496	NaN	0.0409	0.4376
156.8434	0.2346	0.0496	NaN	0.0409	0.4375
156.8432	0.2349	0.0496	NaN	0.0409	0.4368
156.8454	0.2342	0.0495	NaN	0.0409	0.4360
156.8482	0.2308	0.0495	NaN	0.0410	0.4356
156.8471	0.2307	0.0495	NaN	0.0410	0.4354
156.8495	0.2284	0.0495	NaN	0.0410	0.4353
156.8489	0.2277	0.0495	NaN	0.0411	0.4353
156.8509	0.2269	0.0494	NaN	0.0411	0.4354
156.8538	0.2258	0.0494	NaN	0.0411	0.4355
156.8519	0.2241	0.0494	NaN	0.0412	0.4355
156.8538	0.2230	0.0494	NaN	0.0412	0.4356
156.8549	0.2218	0.0494	NaN	0.0412	0.4356
156.8558	0.2208	0.0494	NaN	0.0412	0.4356
156.8570	0.2197	0.0494	NaN	0.0413	0.4357
156.8572	0.2195	0.0494	NaN	0.0413	0.4357
156.8608	0.2185	0.0494	NaN	0.0414	0.4358
156.8608	0.2183	0.0494	NaN	0.0414	0.4359
156.8617	0.2187	0.0494	NaN	0.0413	0.4360
156.8626	0.2186	0.0494	NaN	0.0413	0.4361
156.8665	0.2180	0.0494	NaN	0.0414	0.4363
156.8662	0.2178	0.0495	NaN	0.0414	0.4364
156.8707	0.2171	0.0495	NaN	0.0414	0.4366
156.8686	0.2170	0.0495	NaN	0.0415	0.4365
156.8712	0.2161	0.0495	NaN	0.0415	0.4368
156.8726	0.2154	0.0495	NaN	0.0415	0.4372
156.8728	0.2149	0.0495	NaN	0.0416	0.4378
156.8725	0.2149	0.0495	NaN	0.0416	0.4382
156.8722	0.2153	0.0495	NaN	0.0416	0.4383
156.8754	0.2155	0.0495	NaN	0.0416	0.4383
156.8773	0.2153	0.0495	NaN	0.0416	0.4385
156.8771	0.2152	0.0496	NaN	0.0416	0.4386
156.8789	0.2147	0.0496	NaN	0.0416	0.4385
156.8809	0.2145	0.0496	NaN	0.0416	0.4385
156.8822	0.2144	0.0496	NaN	0.0416	0.4386
156.8835	0.2142	0.0495	NaN	0.0417	0.4388
156.8851	0.2134	0.0496	NaN	0.0417	0.4391
156.8872	0.2126	0.0496	NaN	0.0418	0.4391
156.8881	0.2119	0.0497	NaN	0.0418	0.4390
156.8911	0.2120	0.0497	NaN	0.0418	0.4391
156.8904	0.2121	0.0497	NaN	0.0418	0.4393
156.8920	0.2128	0.0497	NaN	0.0418	0.4397
156.8926	0.2127	0.0497	NaN	0.0418	0.4399
156.8940	0.2125	0.0497	NaN	0.0419	0.4395
156.8933	0.2124	0.0497	NaN	0.0419	0.4394
156.8953	0.2121	0.0497	NaN	0.0419	0.4395
156.8976	0.2117	0.0497	NaN	0.0419	0.4396
156.8974	0.2116	0.0497	NaN	0.0420	0.4398
156.8995	0.2111	0.0498	NaN	0.0420	0.4399
156.9019	0.2111	0.0498	NaN	0.0420	0.4399
156.9011	0.2116	0.0498	NaN	0.0420	0.4401
156.9032	0.2118	0.0498	NaN	0.0420	0.4400
156.9040	0.2118	0.0498	NaN	0.0420	0.4401
156.9059	0.2112	0.0498	NaN	0.0420	0.4401
156.9074	0.2108	0.0498	NaN	0.0421	0.4400
156.9089	0.2108	0.0498	NaN	0.0421	0.4398
156.9085	0.2112	0.0499	NaN	0.0421	0.4395
156.9080	0.2112	0.0498	NaN	0.0421	0.4395
156.9110	0.2111	0.0499	NaN	0.0421	0.4393
156.9121	0.2112	0.0499	NaN	0.0421	0.4394
156.9118	0.2116	0.0498	NaN	0.0421	0.4397
156.9152	0.2113	0.0499	NaN	0.0421	0.4397
156.9158	0.2106	0.0498	NaN	0.0421	0.4393
156.9159	0.2100	0.0498	NaN	0.0421	0.4391
156.9171	0.2105	0.0499	NaN	0.0422	0.4389
156.9178	0.2105	0.0499	NaN	0.0422	0.4386
156.9184	0.2104	0.0499	NaN	0.0422	0.4382
156.9220	0.2106	0.0500	NaN	0.0422	0.4384
156.9213	0.2105	0.0500	NaN	0.0423	0.4389
156.9240	0.2105	0.0500	NaN	0.0423	0.4390
156.9244	0.2102	0.0500	NaN	0.0423	0.4388
156.9251	0.2097	0.0501	NaN	0.0424	0.4387
156.9266	0.2097	0.0501	NaN	0.0424	0.4388
156.9275	0.2102	0.0501	NaN	0.0424	0.4390
156.9305	0.2097	0.0501	NaN	0.0424	0.4391
156.9323	0.2102	0.0501	NaN	0.0425	0.4392
156.9323	0.2104	0.0501	NaN	0.0425	0.4392
156.9325	0.2104	0.0502	NaN	0.0425	0.4391
156.9329	0.2102	0.0502	NaN	0.0425	0.4390
156.9358	0.2103	0.0502	NaN	0.0425	0.4391
156.9371	0.2105	0.0502	NaN	0.0426	0.4389
156.9377	0.2102	0.0503	NaN	0.0426	0.4388
156.9411	0.2104	0.0503	NaN	0.0426	0.4388
156.9410	0.2107	0.0503	NaN	0.0426	0.4383
156.9395	0.2104	0.0503	NaN	0.0427	0.4377
156.9418	0.2103	0.0503	NaN	0.0427	0.4373
156.9419	0.2108	0.0504	NaN	0.0427	0.4371
156.9444	0.2106	0.0504	NaN	0.0427	0.4372
156.9455	0.2103	0.0504	NaN	0.0428	0.4371
156.9463	0.2102	0.0504	NaN	0.0428	0.4372
156.9483	0.2100	0.0504	NaN	0.0428	0.4371
156.9498	0.2103	0.0504	NaN	0.0428	0.4370
156.9499	0.2102	0.0504	NaN	0.0428	0.4370
156.9518	0.2108	0.0505	NaN	0.0428	0.4369
156.9522	0.2110	0.0505	NaN	0.0429	0.4370
156.9536	0.2109	0.0505	NaN	0.0429	0.4370
156.9558	0.2105	0.0505	NaN	0.0429	0.4368
156.9566	0.2105	0.0505	NaN	0.0429	0.4367
156.9576	0.2109	0.0506	NaN	0.0429	0.4367
156.9592	0.2114	0.0506	NaN	0.0430	0.4366
156.9586	0.2115	0.0507	NaN	0.0430	0.4366
156.9600	0.2117	0.0507	NaN	0.0430	0.4365
156.9600	0.2120	0.0507	NaN	0.0430	0.4365
156.9622	0.2121	0.0507	NaN	0.0430	0.4367
156.9650	0.2125	0.0507	NaN	0.0431	0.4372
156.9642	0.2127	0.0508	NaN	0.0431	0.4373
156.9664	0.2137	0.0509	NaN	0.0431	0.4375
156.9656	0.2142	0.0509	NaN	0.0432	0.4376
156.9681	0.2154	0.0510	NaN	0.0432	0.4378
156.9703	0.2164	0.0510	NaN	0.0432	0.4379
156.9702	0.2168	0.0511	NaN	0.0432	0.4381
156.9699	0.2167	0.0511	NaN	0.0432	0.4387
156.9731	0.2168	0.0511	NaN	0.0433	0.4388
156.9727	0.2168	0.0511	NaN	0.0433	0.4381
156.9754	0.2174	0.0511	NaN	0.0433	0.4380
156.9767	0.2182	0.0512	NaN	0.0433	0.4372
156.9774	0.2186	0.0512	NaN	0.0433	0.4373
156.9782	0.2187	0.0512	NaN	0.0433	0.4370
156.9791	0.2186	0.0512	NaN	0.0433	0.4370
156.9820	0.2191	0.0513	NaN	0.0434	0.4373
156.9831	0.2190	0.0513	NaN	0.0433	0.4375
156.9842	0.2200	0.0513	NaN	0.0434	0.4374
156.9860	0.2210	0.0514	NaN	0.0434	0.4370
156.9861	0.2214	0.0514	NaN	0.0434	0.4374
156.9867	0.2218	0.0515	NaN	0.0434	0.4381
156.9865	0.2212	0.0514	NaN	0.0434	0.4380
156.9870	0.2215	0.0514	NaN	0.0434	0.4376
156.9904	0.2230	0.0515	NaN	0.0435	0.4382
156.9893	0.2235	0.0516	NaN	0.0435	0.4393
156.9941	0.2249	0.0517	NaN	0.0435	0.4396
156.9947	0.2259	0.0518	NaN	0.0436	0.4401
156.9941	0.2263	0.0518	NaN	0.0436	0.4400
156.9948	0.2265	0.0518	NaN	0.0437	0.4400
156.9971	0.2268	0.0518	NaN	0.0437	0.4402
156.9964	0.2270	0.0518	NaN	0.0436	0.4405
156.9992	0.2266	0.0518	NaN	0.0437	0.4405
156.9996	0.2267	0.0518	NaN	0.0437	0.4404
157.0003	0.2261	0.0518	NaN	0.0437	0.4404
157.0012	0.2253	0.0519	NaN	0.0437	0.4403
157.0018	0.2249	0.0518	NaN	0.0437	0.4403
157.0050	0.2239	0.0518	NaN	0.0438	0.4399
157.0063	0.2239	0.0518	NaN	0.0438	0.4396
157.0067	0.2236	0.0518	NaN	0.0438	0.4396
157.0085	0.2224	0.0518	NaN	0.0438	0.4394
157.0090	0.2215	0.0518	NaN	0.0438	0.4390
157.0108	0.2210	0.0518	NaN	0.0438	0.4392
157.0121	0.2210	0.0518	NaN	0.0438	0.4402
157.0118	0.2203	0.0518	NaN	0.0439	0.4402
157.0155	0.2192	0.0518	NaN	0.0439	0.4401
157.0150	0.2180	0.0518	NaN	0.0439	0.4402
157.0147	0.2164	0.0518	NaN	0.0440	0.4406
157.0183	0.2153	0.0518	NaN	0.0440	0.4407
157.0167	0.2147	0.0518	NaN	0.0441	0.4406
157.0189	0.2144	0.0518	NaN	0.0441	0.4404
157.0210	0.2143	0.0518	NaN	0.0441	0.4405
157.0212	0.2142	0.0518	NaN	0.0441	0.4405
157.0218	0.2140	0.0518	NaN	0.0441	0.4408
157.0223	0.2144	0.0518	NaN	0.0441	0.4410
157.0242	0.2142	0.0518	NaN	0.0441	0.4409
157.0279	0.2138	0.0518	NaN	0.0442	0.4408
157.0268	0.2127	0.0518	NaN	0.0442	0.4409
157.0287	0.2116	0.0518	NaN	0.0442	0.4405
157.0307	0.2108	0.0518	NaN	0.0443	0.4395
157.0293	0.2117	0.0519	NaN	0.0443	0.4395
157.0324	0.2120	0.0519	NaN	0.0443	0.4396
157.0322	0.2116	0.0519	NaN	0.0443	0.4389
157.0353	0.2107	0.0519	NaN	0.0443	0.4388
157.0362	0.2107	0.0519	NaN	0.0443	0.4380
157.0365	0.2107	0.0519	NaN	0.0443	0.4371
157.0394	0.2103	0.0519	NaN	0.0443	0.4371
157.0408	0.2100	0.0519	NaN	0.0443	0.4368
157.0434	0.2100	0.0519	NaN	0.0444	0.4369
157.0429	0.2097	0.0519	NaN	0.0444	0.4366
157.0426	0.2099	0.0519	NaN	0.0444	0.4366
157.0439	0.2100	0.0519	NaN	0.0444	0.4368
157.0470	0.2098	0.0519	NaN	0.0444	0.4369
157.0458	0.2095	0.0519	NaN	0.0444	0.4364
157.0480	0.2097	0.0520	NaN	0.0444	0.4363
157.0477	0.2096	0.0520	NaN	0.0444	0.4369
157.0502	0.2093	0.0520	NaN	0.0444	0.4367
157.0517	0.2089	0.0520	NaN	0.0445	0.4365
157.0511	0.2087	0.0520	NaN	0.0445	0.4365
157.0526	0.2093	0.0521	NaN	0.0446	0.4366
157.0572	0.2096	0.0521	NaN	0.0446	0.4368
157.0557	0.2089	0.0521	NaN	0.0446	0.4365
157.0570	0.2084	0.0521	NaN	0.0446	0.4363
157.0582	0.2084	0.0521	NaN	0.0446	0.4364
157.0597	0.2087	0.0521	NaN	0.0447	0.4365
157.0616	0.2090	0.0521	NaN	0.0446	0.4367
157.0641	0.2091	0.0522	NaN	0.0447	0.4372
157.0643	0.2084	0.0522	NaN	0.0447	0.4376
157.0655	0.2086	0.0522	NaN	0.0447	0.4375
157.0646	0.2085	0.0522	NaN	0.0447	0.4377
157.0659	0.2084	0.0523	NaN	0.0448	0.4380
157.0675	0.2081	0.0523	NaN	0.0448	0.4378
157.0687	0.2093	0.0523	NaN	0.0448	0.4382
157.0713	0.2089	0.0523	NaN	0.0449	0.4384
157.0730	0.2088	0.0523	NaN	0.0448	0.4384
157.0730	0.2082	0.0523	NaN	0.0449	0.4384
157.0732	0.2077	0.0523	NaN	0.0449	0.4381
157.0746	0.2078	0.0524	NaN	0.0449	0.4377
157.0768	0.2079	0.0524	NaN	0.0450	0.4381
157.0782	0.2078	0.0524	NaN	0.0450	0.4381
157.0796	0.2079	0.0524	NaN	0.0450	0.4379
157.0810	0.2072	0.0524	NaN	0.0450	0.4374
157.0795	0.2072	0.0524	NaN	0.0450	0.4376
157.0833	0.2076	0.0525	NaN	0.0451	0.4380
157.0823	0.2075	0.0526	NaN	0.0451	0.4386
157.0826	0.2072	0.0526	NaN	0.0451	0.4390
157.0849	0.2072	0.0526	NaN	0.0451	0.4392
157.0862	0.2073	0.0526	NaN	0.0451	0.4390
157.0881	0.2075	0.0526	NaN	0.0451	0.4390
157.0888	0.2079	0.0526	NaN	0.0451	0.4387
157.0879	0.2073	0.0526	NaN	0.0451	0.4380
157.0904	0.2073	0.0526	NaN	0.0452	0.4377
157.0887	0.2069	0.0526	NaN	0.0452	0.4372
157.0911	0.2066	0.0526	NaN	0.0452	0.4370
157.0947	0.2078	0.0527	NaN	0.0452	0.4373
157.0942	0.2077	0.0526	NaN	0.0452	0.4372
157.0981	0.2078	0.0527	NaN	0.0452	0.4370
157.0954	0.2077	0.0527	NaN	0.0452	0.4371
157.0976	0.2077	0.0527	NaN	0.0453	0.4371
157.0991	0.2080	0.0527	NaN	0.0453	0.4369
157.0988	0.2075	0.0527	NaN	0.0453	0.4368
157.1001	0.2072	0.0527	NaN	0.0453	0.4369
157.1042	0.2067	0.0527	NaN	0.0453	0.4370
157.1032	0.2066	0.0528	NaN	0.0453	0.4369
157.1044	0.2070	0.0528	NaN	0.0454	0.4368
157.1034	0.2070	0.0528	NaN	0.0454	0.4367
157.1052	0.2062	0.0527	NaN	0.0454	0.4372
157.1070	0.2068	0.0528	NaN	0.0454	0.4375
157.1089	0.2067	0.0528	NaN	0.0454	0.4377
157.1117	0.2063	0.0529	NaN	0.0455	0.4379
157.1125	0.2061	0.0529	NaN	0.0455	0.4382
157.1136	0.2063	0.0529	NaN	0.0455	0.4385
157.1162	0.2060	0.0529	NaN	0.0455	0.4385
157.1159	0.2058	0.0529	NaN	0.0455	0.4386
157.1169	0.2059	0.0529	NaN	0.0455	0.4386
157.1185	0.2062	0.0530	NaN	0.0456	0.4387
157.1192	0.2063	0.0530	NaN	0.0456	0.4389
157.1189	0.2061	0.0530	NaN	0.0456	0.4392
157.1243	0.2061	0.0530	NaN	0.0456	0.4395
157.1219	0.2062	0.0530	NaN	0.0456	0.4392
157.1238	0.2064	0.0530	NaN	0.0456	0.4389
157.1248	0.2064	0.0530	NaN	0.0456	0.4385
157.1257	0.2061	0.0530	NaN	0.0456	0.4386
157.1275	0.2058	0.0530	NaN	0.0457	0.4385
157.1270	0.2059	0.0531	NaN	0.0457	0.4386
157.1293	0.2060	0.0531	NaN	0.0457	0.4383
157.1305	0.2060	0.0532	NaN	0.0457	0.4375
157.1306	0.2059	0.0532	NaN	0.0458	0.4372
157.1317	0.2059	0.0532	NaN	0.0458	0.4374
157.1335	0.2056	0.0532	NaN	0.0458	0.4376
157.1348	0.2057	0.0532	NaN	0.0459	0.4382
157.1363	0.2058	0.0533	NaN	0.0459	0.4385
157.1353	0.2059	0.0533	NaN	0.0459	0.4383
157.1385	0.2056	0.0533	NaN	0.0459	0.4382
157.1380	0.2055	0.0533	NaN	0.0459	0.4383
157.1403	0.2056	0.0533	NaN	0.0459	0.4384
157.1399	0.2057	0.0533	NaN	0.0459	0.4387
157.1419	0.2059	0.0533	NaN	0.0459	0.4393
157.1431	0.2061	0.0534	NaN	0.0460	0.4396
157.1457	0.2061	0.0534	NaN	0.0460	0.4397
157.1446	0.2062	0.0534	NaN	0.0460	0.4403
157.1484	0.2059	0.0533	NaN	0.0460	0.4403
157.1472	0.2058	0.0534	NaN	0.0460	0.4405
157.1478	0.2058	0.0534	NaN	0.0460	0.4405
157.1507	0.2055	0.0534	NaN	0.0460	0.4408
157.1501	0.2053	0.0534	NaN	0.0460	0.4409
157.1534	0.2054	0.0534	NaN	0.0460	0.4408
157.1531	0.2056	0.0534	NaN	0.0460	0.4407
157.1550	0.2057	0.0534	NaN	0.0461	0.4406
157.1555	0.2059	0.0534	NaN	0.0461	0.4400
157.1568	0.2060	0.0535	NaN	0.0461	0.4399
157.1581	0.2059	0.0535	NaN	0.0461	0.4401
157.1613	0.2059	0.0535	NaN	0.0462	0.4401
157.1613	0.2057	0.0536	NaN	0.0462	0.4400
157.1636	0.2057	0.0536	NaN	0.0462	0.4398
157.1640	0.2060	0.0536	NaN	0.0462	0.4398
157.1673	0.2059	0.0537	NaN	0.0463	0.4400
157.1673	0.2058	0.0537	NaN	0.0463	0.4406
157.1670	0.2058	0.0537	NaN	0.0463	0.4411
157.1697	0.2061	0.0537	NaN	0.0463	0.4412
157.1718	0.2063	0.0537	NaN	0.0463	0.4412
157.1710	0.2061	0.0538	NaN	0.0464	0.4413
157.1723	0.2060	0.0538	NaN	0.0464	0.4413
157.1719	0.2057	0.0537	NaN	0.0464	0.4414
157.1741	0.2059	0.0538	NaN	0.0464	0.4417
157.1755	0.2056	0.0538	NaN	0.0464	0.4416
157.1760	0.2053	0.0538	NaN	0.0464	0.4415
157.1767	0.2050	0.0538	NaN	0.0464	0.4415
157.1767	0.2049	0.0538	NaN	0.0464	0.4415
157.1804	0.2052	0.0538	NaN	0.0464	0.4415
157.1822	0.2054	0.0538	NaN	0.0464	0.4412
157.1825	0.2059	0.0538	NaN	0.0464	0.4410
157.1839	0.2062	0.0538	NaN	0.0464	0.4408
157.1854	0.2063	0.0538	NaN	0.0464	0.4408
157.1856	0.2061	0.0539	NaN	0.0465	0.4409
157.1878	0.2054	0.0539	NaN	0.0465	0.4414
157.1871	0.2053	0.0539	NaN	0.0465	0.4418
157.1887	0.2055	0.0539	NaN	0.0465	0.4419
157.1918	0.2055	0.0539	NaN	0.0465	0.4418
157.1925	0.2055	0.0539	NaN	0.0465	0.4416
157.1949	0.2053	0.0540	NaN	0.0466	0.4418
157.1961	0.2057	0.0540	NaN	0.0466	0.4420
157.1956	0.2056	0.0540	NaN	0.0466	0.4422
157.1988	0.2055	0.0540	NaN	0.0466	0.4420
157.1989	0.2057	0.0540	NaN	0.0466	0.4417
157.2005	0.2058	0.0540	NaN	0.0466	0.4415
157.2043	0.2058	0.0541	NaN	0.0467	0.4417
157.2026	0.2056	0.0541	NaN	0.0467	0.4417
157.2031	0.2055	0.0541	NaN	0.0467	0.4416
157.2062	0.2058	0.0541	NaN	0.0467	0.4417
157.2048	0.2060	0.0541	NaN	0.0467	0.4417
157.2060	0.2061	0.0541	NaN	0.0467	0.4416
157.2078	0.2063	0.0541	NaN	0.0467	0.4417
157.2091	0.2060	0.0541	NaN	0.0467	0.4415
157.2098	0.2058	0.0541	NaN	0.0467	0.4414
157.2107	0.2057	0.0541	NaN	0.0467	0.4410
157.2133	0.2058	0.0542	NaN	0.0468	0.4409
157.2140	0.2059	0.0542	NaN	0.0468	0.4410
157.2153	0.2060	0.0542	NaN	0.0468	0.4413
157.2168	0.2062	0.0542	NaN	0.0468	0.4416
157.2169	0.2063	0.0543	NaN	0.0469	0.4415
157.2194	0.2060	0.0543	NaN	0.0469	0.4415
157.2218	0.2059	0.0543	NaN	0.0469	0.4416
157.2204	0.2061	0.0543	NaN	0.0470	0.4415
157.2237	0.2064	0.0544	NaN	0.0470	0.4415
157.2233	0.2057	0.0544	NaN	0.0470	0.4415
157.2264	0.2058	0.0544	NaN	0.0470	0.4415
157.2274	0.2060	0.0544	NaN	0.0470	0.4415
157.2282	0.2065	0.0544	NaN	0.0470	0.4416
157.2285	0.2059	0.0545	NaN	0.0471	0.4418
157.2305	0.2058	0.0545	NaN	0.0471	0.4416
157.2318	0.2056	0.0545	NaN	0.0471	0.4417
157.2331	0.2058	0.0545	NaN	0.0471	0.4418
157.2336	0.2064	0.0545	NaN	0.0471	0.4416
157.2359	0.2063	0.0545	NaN	0.0471	0.4411
157.2377	0.2061	0.0545	NaN	0.0471	0.4414
157.2381	0.2063	0.0545	NaN	0.0471	0.4414
157.2388	0.2065	0.0545	NaN	0.0471	0.4409
157.2391	0.2065	0.0545	NaN	0.0471	0.4404
157.2404	0.2065	0.0545	NaN	0.0471	0.4405
157.2442	0.2057	0.0546	NaN	0.0472	0.4414
157.2453	0.2054	0.0545	NaN	0.0472	0.4419
157.2465	0.2054	0.0546	NaN	0.0472	0.4417
157.2485	0.2051	0.0546	NaN	0.0472	0.4418
157.2484	0.2050	0.0546	NaN	0.0472	0.4413
157.2498	0.2052	0.0546	NaN	0.0472	0.4413
157.2518	0.2051	0.0546	NaN	0.0472	0.4415
157.2539	0.2054	0.0547	NaN	0.0473	0.4419
157.2555	0.2055	0.0547	NaN	0.0473	0.4426
157.2552	0.2057	0.0547	NaN	0.0473	0.4423
157.2558	0.2057	0.0548	NaN	0.0474	0.4415
157.2587	0.2056	0.0548	NaN	0.0474	0.4416
157.2588	0.2056	0.0548	NaN	0.0474	0.4423
157.2606	0.2054	0.0548	NaN	0.0474	0.4421
157.2594	0.2052	0.0548	NaN	0.0474	0.4423
157.2624	0.2055	0.0548	NaN	0.0475	0.4425
157.2640	0.2056	0.0549	NaN	0.0475	0.4424
157.2641	0.2059	0.0548	NaN	0.0475	0.4423
157.2683	0.2064	0.0549	NaN	0.0475	0.4422
157.2676	0.2058	0.0549	NaN	0.0475	0.4420
157.2672	0.2056	0.0549	NaN	0.0475	0.4414
157.2700	0.2056	0.0549	NaN	0.0475	0.4413
157.2681	0.2055	0.0549	NaN	0.0475	0.4416
157.2711	0.2054	0.0549	NaN	0.0475	0.4415
157.2732	0.2054	0.0549	NaN	0.0475	0.4418
157.2722	0.2056	0.0549	NaN	0.0475	0.4420
157.2772	0.2060	0.0549	NaN	0.0475	0.4420
157.2740	0.2060	0.0549	NaN	0.0475	0.4421
157.2770	0.2056	0.0549	NaN	0.0475	0.4421
157.2785	0.2054	0.0549	NaN	0.0476	0.4423
157.2774	0.2051	0.0549	NaN	0.0476	0.4422
157.2802	0.2049	0.0549	NaN	0.0476	0.4421
157.2825	0.2050	0.0550	NaN	0.0476	0.4421
157.2830	0.2049	0.0550	NaN	0.0477	0.4422
157.2843	0.2050	0.0550	NaN	0.0477	0.4419
157.2854	0.2049	0.0551	NaN	0.0477	0.4420
157.2867	0.2046	0.0551	NaN	0.0477	0.4422
157.2881	0.2049	0.0551	NaN	0.0478	0.4417
157.2884	0.2051	0.0551	NaN	0.0477	0.4418
157.2904	0.2054	0.0551	NaN	0.0477	0.4414
157.2917	0.2054	0.0551	NaN	0.0478	0.4414
157.2930	0.2054	0.0551	NaN	0.0477	0.4411
157.2940	0.2053	0.0551	NaN	0.0477	0.4402
157.2934	0.2049	0.0551	NaN	0.0477	0.4398
157.2968	0.2054	0.0551	NaN	0.0478	0.4390
157.2976	0.2054	0.0551	NaN	0.0478	0.4385
157.2972	0.2050	0.0551	NaN	0.0478	0.4383
157.3002	0.2054	0.0552	NaN	0.0478	0.4384
157.2994	0.2059	0.0552	NaN	0.0478	0.4385
157.3022	0.2061	0.0552	NaN	0.0478	0.4386
157.3046	0.2058	0.0552	NaN	0.0479	0.4387
157.3048	0.2053	0.0552	NaN	0.0479	0.4387
157.3062	0.2052	0.0552	NaN	0.0479	0.4388
157.3075	0.2053	0.0553	NaN	0.0479	0.4390
157.3075	0.2054	0.0553	NaN	0.0479	0.4390
157.3092	0.2053	0.0553	NaN	0.0479	0.4390
157.3111	0.2055	0.0553	NaN	0.0480	0.4393
157.3112	0.2053	0.0553	NaN	0.0480	0.4392
157.3114	0.2051	0.0553	NaN	0.0480	0.4390
157.3122	0.2050	0.0554	NaN	0.0480	0.4395
157.3139	0.2051	0.0554	NaN	0.0480	0.4392
157.3154	0.2051	0.0554	NaN	0.0480	0.4391
157.3147	0.2050	0.0553	NaN	0.0480	0.4389
157.3171	0.2053	0.0554	NaN	0.0480	0.4386
157.3174	0.2054	0.0554	NaN	0.0480	0.4386
157.3187	0.2057	0.0554	NaN	0.0480	0.4388
157.3224	0.2061	0.0554	NaN	0.0480	0.4388
157.3227	0.2058	0.0554	NaN	0.0480	0.4387
157.3255	0.2058	0.0554	NaN	0.0480	0.4386
157.3258	0.2058	0.0554	NaN	0.0481	0.4385
157.3267	0.2053	0.0555	NaN	0.0481	0.4385
157.3273	0.2054	0.0555	NaN	0.0481	0.4385
157.3285	0.2053	0.0555	NaN	0.0481	0.4390
157.3309	0.2051	0.0555	NaN	0.0481	0.4391
157.3320	0.2048	0.0555	NaN	0.0481	0.4388
157.3329	0.2049	0.0555	NaN	0.0481	0.4388
157.3344	0.2048	0.0555	NaN	0.0482	0.4392
157.3337	0.2049	0.0555	NaN	0.0482	0.4390
157.3365	0.2051	0.0556	NaN	0.0482	0.4390
157.3384	0.2053	0.0556	NaN	0.0482	0.4389
157.3373	0.2051	0.0556	NaN	0.0482	0.4388
157.3401	0.2050	0.0556	NaN	0.0482	0.4387
157.3409	0.2055	0.0557	NaN	0.0482	0.4391
157.3416	0.2054	0.0556	NaN	0.0482	0.4393
157.3423	0.2052	0.0556	NaN	0.0483	0.4391
157.3423	0.2051	0.0557	NaN	0.0483	0.4388
157.3477	0.2053	0.0557	NaN	0.0483	0.4385
157.3477	0.2048	0.0557	NaN	0.0483	0.4386
157.3480	0.2048	0.0557	NaN	0.0483	0.4388
157.3490	0.2047	0.0557	NaN	0.0483	0.4391
157.3493	0.2048	0.0557	NaN	0.0483	0.4394
157.3497	0.2050	0.0557	NaN	0.0484	0.4391
157.3521	0.2044	0.0558	NaN	0.0484	0.4388
157.3524	0.2042	0.0558	NaN	0.0484	0.4393
157.3540	0.2051	0.0558	NaN	0.0484	0.4391
157.3573	0.2057	0.0558	NaN	0.0484	0.4390
157.3568	0.2059	0.0558	NaN	0.0484	0.4391
157.3585	0.2055	0.0558	NaN	0.0484	0.4392
157.3571	0.2054	0.0558	NaN	0.0484	0.4391
157.3587	0.2051	0.0558	NaN	0.0485	0.4396
157.3603	0.2048	0.0558	NaN	0.0485	0.4393
157.3617	0.2051	0.0558	NaN	0.0485	0.4391
157.3643	0.2048	0.0559	NaN	0.0485	0.4391
157.3654	0.2050	0.0559	NaN	0.0485	0.4392
157.3642	0.2053	0.0559	NaN	0.0485	0.4396
157.3673	0.2055	0.0560	NaN	0.0486	0.4399
157.3668	0.2055	0.0560	NaN	0.0486	0.4400
157.3695	0.2052	0.0559	NaN	0.0486	0.4397
157.3719	0.2052	0.0560	NaN	0.0486	0.4396
157.3717	0.2050	0.0560	NaN	0.0486	0.4397
157.3726	0.2050	0.0560	NaN	0.0486	0.4398
157.3744	0.2053	0.0560	NaN	0.0486	0.4400
157.3728	0.2054	0.0560	NaN	0.0486	0.4403
157.3757	0.2051	0.0560	NaN	0.0487	0.4402
157.3771	0.2054	0.0561	NaN	0.0487	0.4403
157.3782	0.2052	0.0561	NaN	0.0487	0.4408
157.3820	0.2049	0.0561	NaN	0.0487	0.4410
157.3800	0.2050	0.0561	NaN	0.0487	0.4411
157.3815	0.2051	0.0560	NaN	0.0487	0.4416
157.3816	0.2051	0.0560	NaN	0.0487	0.4422
157.3828	0.2052	0.0561	NaN	0.0487	0.4428
157.3865	0.2053	0.0561	NaN	0.0487	0.4432
157.3854	0.2055	0.0561	NaN	0.0487	0.4435
157.3868	0.2050	0.0562	NaN	0.0488	0.4437
157.3892	0.2047	0.0562	NaN	0.0488	0.4437
157.3888	0.2044	0.0562	NaN	0.0488	0.4436
157.3894	0.2045	0.0562	NaN	0.0488	0.4435
157.3905	0.2046	0.0562	NaN	0.0489	0.4432
157.3934	0.2047	0.0562	NaN	0.0489	0.4429
157.3949	0.2048	0.0562	NaN	0.0489	0.4424
157.3947	0.2048	0.0562	NaN	0.0489	0.4421
157.3956	0.2047	0.0562	NaN	0.0489	0.4422
157.3979	0.2045	0.0562	NaN	0.0489	0.4422
157.3974	0.2048	0.0562	NaN	0.0489	0.4421
157.3996	0.2047	0.0563	NaN	0.0489	0.4421
157.3988	0.2046	0.0563	NaN	0.0489	0.4421
157.3999	0.2047	0.0563	NaN	0.0489	0.4420
157.4038	0.2049	0.0563	NaN	0.0489	0.4421
157.4033	0.2049	0.0563	NaN	0.0489	0.4422
157.4048	0.2047	0.0563	NaN	0.0489	0.4423
157.4060	0.2046	0.0563	NaN	0.0489	0.4426
157.4080	0.2047	0.0563	NaN	0.0490	0.4424
157.4096	0.2050	0.0563	NaN	0.0490	0.4420
157.4092	0.2051	0.0563	NaN	0.0490	0.4427
157.4111	0.2049	0.0563	NaN	0.0490	0.4433
157.4120	0.2049	0.0563	NaN	0.0490	0.4427
157.4138	0.2048	0.0564	NaN	0.0490	0.4434
157.4152	0.2051	0.0564	NaN	0.0490	0.4430
157.4170	0.2053	0.0564	NaN	0.0490	0.4418
157.4187	0.2055	0.0564	NaN	0.0490	0.4414
157.4210	0.2056	0.0564	NaN	0.0490	0.4429
157.4195	0.2058	0.0564	NaN	0.0490	0.4437
157.4230	0.2058	0.0565	NaN	0.0491	0.4439
157.4244	0.2054	0.0565	NaN	0.0491	0.4439
157.4251	0.2051	0.0565	NaN	0.0491	0.4436
157.4262	0.2050	0.0564	NaN	0.0491	0.4432
157.4269	0.2050	0.0565	NaN	0.0491	0.4432
157.4287	0.2050	0.0565	NaN	0.0491	0.4432
157.4293	0.2047	0.0565	NaN	0.0491	0.4430
157.4295	0.2052	0.0565	NaN	0.0491	0.4425
157.4309	0.2053	0.0565	NaN	0.0491	0.4424
157.4321	0.2053	0.0565	NaN	0.0491	0.4423
157.4331	0.2052	0.0565	NaN	0.0491	0.4417
157.4336	0.2051	0.0565	NaN	0.0492	0.4414
157.4330	0.2051	0.0565	NaN	0.0492	0.4414
157.4361	0.2049	0.0566	NaN	0.0492	0.4413
157.4373	0.2046	0.0566	NaN	0.0492	0.4416
157.4371	0.2045	0.0566	NaN	0.0492	0.4415
157.4401	0.2045	0.0566	NaN	0.0492	0.4416
157.4384	0.2043	0.0566	NaN	0.0492	0.4422
157.4419	0.2045	0.0566	NaN	0.0493	0.4424
157.4446	0.2046	0.0566	NaN	0.0493	0.4425
157.4436	0.2046	0.0566	NaN	0.0493	0.4426
157.4452	0.2045	0.0567	NaN	0.0493	0.4424
157.4475	0.2043	0.0567	NaN	0.0493	0.4426
157.4475	0.2044	0.0567	NaN	0.0493	0.4421
157.4508	0.2047	0.0567	NaN	0.0493	0.4419
157.4481	0.2050	0.0567	NaN	0.0493	0.4411
157.4520	0.2049	0.0567	NaN	0.0494	0.4408
157.4531	0.2050	0.0568	NaN	0.0494	0.4408
157.4529	0.2048	0.0567	NaN	0.0494	0.4407
157.4546	0.2045	0.0567	NaN	0.0494	0.4407
157.4564	0.2045	0.0568	NaN	0.0494	0.4411
157.4565	0.2043	0.0568	NaN	0.0494	0.4415
157.4581	0.2040	0.0568	NaN	0.0494	0.4420
157.4581	0.2044	0.0568	NaN	0.0495	0.4423
157.4604	0.2045	0.0568	NaN	0.0495	0.4415
157.4634	0.2045	0.0569	NaN	0.0495	0.4416
157.4630	0.2044	0.0568	NaN	0.0495	0.4425
157.4648	0.2043	0.0568	NaN	0.0495	0.4423
157.4650	0.2042	0.0569	NaN	0.0495	0.4415
157.4658	0.2044	0.0569	NaN	0.0495	0.4408
157.4690	0.2042	0.0569	NaN	0.0495	0.4405
157.4681	0.2037	0.0569	NaN	0.0495	0.4403
157.4696	0.2043	0.0569	NaN	0.0495	0.4402
157.4725	0.2041	0.0569	NaN	0.0496	0.4401
157.4715	0.2044	0.0569	NaN	0.0495	0.4401
157.4734	0.2045	0.0569	NaN	0.0495	0.4401
157.4735	0.2044	0.0569	NaN	0.0495	0.4401
157.4743	0.2042	0.0569	NaN	0.0495	0.4402
157.4766	0.2040	0.0569	NaN	0.0495	0.4404
157.4770	0.2038	0.0569	NaN	0.0495	0.4406
157.4782	0.2037	0.0569	NaN	0.0495	0.4408
157.4813	0.2037	0.0569	NaN	0.0496	0.4405
157.4812	0.2037	0.0569	NaN	0.0496	0.4409
157.4821	0.2041	0.0569	NaN	0.0496	0.4407
157.4834	0.2045	0.0570	NaN	0.0496	0.4403
157.4833	0.2047	0.0570	NaN	0.0496	0.4402
157.4867	0.2045	0.0570	NaN	0.0496	0.4403
157.4849	0.2046	0.0570	NaN	0.0496	0.4404
157.4893	0.2044	0.0570	NaN	0.0496	0.4403
157.4884	0.2045	0.0570	NaN	0.0497	0.4402
157.4901	0.2046	0.0571	NaN	0.0497	0.4403
157.4919	0.2045	0.0571	NaN	0.0497	0.4404
157.4920	0.2046	0.0571	NaN	0.0497	0.4404
157.4939	0.2046	0.0571	NaN	0.0497	0.4404
157.4962	0.2047	0.0571	NaN	0.0497	0.4404
157.4955	0.2048	0.0571	NaN	0.0497	0.4403
157.4982	0.2048	0.0571	NaN	0.0497	0.4403
157.4982	0.2047	0.0571	NaN	0.0497	0.4403
157.4982	0.2047	0.0571	NaN	0.0497	0.4407
157.5023	0.2047	0.0571	NaN	0.0497	0.4406
157.5026	0.2047	0.0571	NaN	0.0497	0.4409
157.5050	0.2046	0.0571	NaN	0.0497	0.4412
157.5056	0.2046	0.0571	NaN	0.0497	0.4410
157.5052	0.2046	0.0571	NaN	0.0497	0.4410
157.5055	0.2046	0.0572	NaN	0.0498	0.4413
157.5060	0.2045	0.0572	NaN	0.0498	0.4416
157.5086	0.2044	0.0572	NaN	0.0498	0.4417
157.5104	0.2043	0.0572	NaN	0.0498	0.4421
157.5095	0.2043	0.0572	NaN	0.0498	0.4421
157.5112	0.2043	0.0572	NaN	0.0498	0.4424
157.5144	0.2043	0.0572	NaN	0.0498	0.4429
157.5158	0.2045	0.0572	NaN	0.0498	0.4428
157.5191	0.2045	0.0573	NaN	0.0498	0.4427
157.5180	0.2046	0.0572	NaN	0.0498	0.4431
157.5205	0.2049	0.0573	NaN	0.0498	0.4433
157.5214	0.2048	0.0572	NaN	0.0498	0.4434
157.5212	0.2047	0.0572	NaN	0.0498	0.4439
157.5223	0.2046	0.0573	NaN	0.0498	0.4442
157.5223	0.2045	0.0573	NaN	0.0498	0.4443
157.5240	0.2043	0.0573	NaN	0.0498	0.4444
157.5265	0.2041	0.0573	NaN	0.0499	0.4445
157.5262	0.2042	0.0573	NaN	0.0499	0.4445
157.5275	0.2044	0.0573	NaN	0.0499	0.4446
157.5296	0.2043	0.0573	NaN	0.0499	0.4447
157.5291	0.2043	0.0573	NaN	0.0499	0.4446
157.5304	0.2045	0.0573	NaN	0.0499	0.4446
157.5324	0.2045	0.0573	NaN	0.0499	0.4446
157.5359	0.2044	0.0574	NaN	0.0499	0.4445
157.5349	0.2047	0.0574	NaN	0.0499	0.4445
157.5345	0.2050	0.0574	NaN	0.0499	0.4447
157.5369	0.2048	0.0574	NaN	0.0499	0.4447
157.5380	0.2049	0.0574	NaN	0.0499	0.4447
157.5391	0.2049	0.0574	NaN	0.0499	0.4446
157.5407	0.2048	0.0574	NaN	0.0499	0.4444
157.5404	0.2050	0.0574	NaN	0.0500	0.4444
157.5432	0.2051	0.0574	NaN	0.0500	0.4444
157.5453	0.2050	0.0574	NaN	0.0500	0.4441
157.5465	0.2047	0.0574	NaN	0.0500	0.4441
157.5465	0.2044	0.0574	NaN	0.0500	0.4439
157.5478	0.2042	0.0574	NaN	0.0500	0.4439
157.5489	0.2043	0.0574	NaN	0.0500	0.4438
157.5494	0.2044	0.0574	NaN	0.0500	0.4437
157.5505	0.2044	0.0574	NaN	0.0500	0.4436
157.5523	0.2043	0.0575	NaN	0.0500	0.4434
157.5550	0.2042	0.0575	NaN	0.0500	0.4433
157.5556	0.2042	0.0575	NaN	0.0500	0.4431
157.5566	0.2040	0.0575	NaN	0.0500	0.4431
157.5567	0.2038	0.0575	NaN	0.0501	0.4430
157.5581	0.2037	0.0575	NaN	0.0501	0.4431
157.5588	0.2039	0.0575	NaN	0.0501	0.4432
157.5582	0.2039	0.0575	NaN	0.0501	0.4430
157.5609	0.2038	0.0575	NaN	0.0501	0.4428
157.5621	0.2041	0.0575	NaN	0.0501	0.4425
157.5631	0.2042	0.0576	NaN	0.0501	0.4424
157.5640	0.2040	0.0576	NaN	0.0501	0.4427
157.5653	0.2041	0.0576	NaN	0.0501	0.4429
157.5660	0.2042	0.0576	NaN	0.0501	0.4428
157.5678	0.2044	0.0576	NaN	0.0501	0.4427
157.5679	0.2043	0.0576	NaN	0.0501	0.4425
157.5694	0.2038	0.0576	NaN	0.0501	0.4423
157.5728	0.2034	0.0576	NaN	0.0502	0.4421
157.5725	0.2033	0.0576	NaN	0.0502	0.4426
157.5755	0.2032	0.0576	NaN	0.0502	0.4430
157.5739	0.2034	0.0576	NaN	0.0502	0.4434
157.5760	0.2038	0.0576	NaN	0.0502	0.4437
157.5774	0.2041	0.0576	NaN	0.0502	0.4442
157.5781	0.2043	0.0576	NaN	0.0502	0.4444
157.5792	0.2043	0.0576	NaN	0.0502	0.4447
157.5790	0.2043	0.0576	NaN	0.0502	0.4449
157.5819	0.2042	0.0576	NaN	0.0502	0.4447
157.5828	0.2040	0.0577	NaN	0.0502	0.4446
157.5836	0.2038	0.0577	NaN	0.0502	0.4447
157.5867	0.2038	0.0577	NaN	0.0502	0.4449
157.5875	0.2038	0.0577	NaN	0.0502	0.4449
157.5894	0.2037	0.0577	NaN	0.0502	0.4449
157.5903	0.2036	0.0577	NaN	0.0502	0.4449
157.5890	0.2036	0.0577	NaN	0.0502	0.4449
157.5916	0.2037	0.0577	NaN	0.0502	0.4450
157.5942	0.2037	0.0577	NaN	0.0503	0.4451
157.5934	0.2037	0.0578	NaN	0.0503	0.4450
157.5957	0.2035	0.0578	NaN	0.0503	0.4446
157.5971	0.2032	0.0577	NaN	0.0503	0.4438
157.5972	0.2028	0.0577	NaN	0.0503	0.4436
157.5989	0.2030	0.0577	NaN	0.0503	0.4436
157.5979	0.2036	0.0577	NaN	0.0503	0.4433
157.6020	0.2040	0.0578	NaN	0.0503	0.4427
157.6018	0.2039	0.0578	NaN	0.0503	0.4422
157.6024	0.2037	0.0578	NaN	0.0503	0.4418
157.6046	0.2037	0.0578	NaN	0.0503	0.4415
157.6047	0.2035	0.0578	NaN	0.0504	0.4416
157.6074	0.2034	0.0578	NaN	0.0504	0.4417
157.6094	0.2034	0.0579	NaN	0.0504	0.4417
157.6086	0.2035	0.0578	NaN	0.0504	0.4416
157.6125	0.2028	0.0579	NaN	0.0504	0.4412
157.6142	0.2028	0.0579	NaN	0.0504	0.4412
157.6138	0.2029	0.0579	NaN	0.0504	0.4410
157.6154	0.2034	0.0579	NaN	0.0504	0.4408
157.6149	0.2038	0.0579	NaN	0.0504	0.4411
157.6157	0.2044	0.0579	NaN	0.0504	0.4412
157.6181	0.2043	0.0579	NaN	0.0504	0.4412
157.6190	0.2046	0.0579	NaN	0.0504	0.4409
157.6200	0.2047	0.0579	NaN	0.0504	0.4408
157.6220	0.2046	0.0580	NaN	0.0504	0.4408
157.6214	0.2044	0.0580	NaN	0.0504	0.4403
157.6266	0.2047	0.0580	NaN	0.0505	0.4407
157.6236	0.2049	0.0580	NaN	0.0504	0.4410
157.6253	0.2051	0.0580	NaN	0.0504	0.4412
157.6278	0.2050	0.0580	NaN	0.0505	0.4410
157.6260	0.2047	0.0580	NaN	0.0505	0.4413
157.6272	0.2042	0.0580	NaN	0.0505	0.4414
157.6292	0.2033	0.0580	NaN	0.0505	0.4411
157.6315	0.2036	0.0580	NaN	0.0505	0.4413
157.6332	0.2040	0.0580	NaN	0.0505	0.4418
157.6337	0.2040	0.0580	NaN	0.0505	0.4416
157.6334	0.2042	0.0580	NaN	0.0505	0.4415
157.6367	0.2044	0.0580	NaN	0.0505	0.4416
157.6369	0.2047	0.0580	NaN	0.0505	0.4414
157.6379	0.2048	0.0581	NaN	0.0505	0.4415
157.6378	0.2047	0.0581	NaN	0.0505	0.4419
157.6402	0.2049	0.0581	NaN	0.0505	0.4417
157.6411	0.2049	0.0581	NaN	0.0505	0.4417
157.6409	0.2048	0.0581	NaN	0.0505	0.4416
157.6434	0.2047	0.0581	NaN	0.0505	0.4416
157.6448	0.2045	0.0581	NaN	0.0506	0.4417
157.6456	0.2045	0.0581	NaN	0.0506	0.4419
157.6487	0.2045	0.0581	NaN	0.0506	0.4421
157.6494	0.2042	0.0581	NaN	0.0506	0.4422
157.6484	0.2032	0.0581	NaN	0.0506	0.4418
157.6504	0.2046	0.0581	NaN	0.0506	0.4414
157.6501	0.2049	0.0581	NaN	0.0506	0.4413
157.6524	0.2051	0.0581	NaN	0.0506	0.4417
157.6546	0.2049	0.0581	NaN	0.0506	0.4418
157.6561	0.2045	0.0581	NaN	0.0506	0.4419
157.6571	0.2044	0.0581	NaN	0.0506	0.4415
157.6576	0.2046	0.0582	NaN	0.0506	0.4414
157.6586	0.2048	0.0582	NaN	0.0506	0.4411
157.6609	0.2050	0.0582	NaN	0.0506	0.4412
157.6598	0.2049	0.0582	NaN	0.0506	0.4414
157.6637	0.2047	0.0582	NaN	0.0506	0.4414
157.6648	0.2048	0.0582	NaN	0.0506	0.4417
157.6646	0.2047	0.0582	NaN	0.0506	0.4419
157.6677	0.2047	0.0582	NaN	0.0506	0.4419
157.6667	0.2045	0.0582	NaN	0.0506	0.4419
157.6676	0.2045	0.0582	NaN	0.0507	0.4418
157.6694	0.2051	0.0582	NaN	0.0506	0.4414
157.6707	0.2050	0.0582	NaN	0.0506	0.4409
157.6699	0.2044	0.0582	NaN	0.0507	0.4409
157.6704	0.2043	0.0582	NaN	0.0507	0.4409
157.6733	0.2038	0.0582	NaN	0.0507	0.4408
157.6751	0.2035	0.0582	NaN	0.0507	0.4409
157.6743	0.2036	0.0582	NaN	0.0507	0.4410
157.6778	0.2039	0.0583	NaN	0.0507	0.4411
157.6796	0.2043	0.0583	NaN	0.0507	0.4412
157.6806	0.2043	0.0583	NaN	0.0507	0.4411
157.6833	0.2042	0.0583	NaN	0.0507	0.4412
157.6823	0.2041	0.0583	NaN	0.0507	0.4411
157.6837	0.2043	0.0583	NaN	0.0508	0.4412
157.6860	0.2045	0.0583	NaN	0.0508	0.4414
157.6874	0.2045	0.0583	NaN	0.0508	0.4415
157.6866	0.2049	0.0583	NaN	0.0508	0.4414
157.6890	0.2042	0.0583	NaN	0.0508	0.4418
157.6900	0.2042	0.0583	NaN	0.0508	0.4420
157.6915	0.2041	0.0583	NaN	0.0508	0.4417
157.6918	0.2039	0.0583	NaN	0.0508	0.4420
157.6953	0.2037	0.0583	NaN	0.0508	0.4424
157.6950	0.2038	0.0583	NaN	0.0508	0.4425
157.6942	0.2037	0.0583	NaN	0.0508	0.4428
157.6974	0.2035	0.0583	NaN	0.0508	0.4429
157.6972	0.2039	0.0584	NaN	0.0508	0.4431
157.6979	0.2042	0.0584	NaN	0.0508	0.4431
157.7001	0.2044	0.0584	NaN	0.0508	0.4430
157.6996	0.2045	0.0584	NaN	0.0508	0.4429
157.7007	0.2042	0.0584	NaN	0.0508	0.4428
157.7026	0.2038	0.0584	NaN	0.0508	0.4432
157.7052	0.2037	0.0584	NaN	0.0508	0.4429
157.7060	0.2037	0.0583	NaN	0.0508	0.4431
157.7069	0.2035	0.0583	NaN	0.0508	0.4430
157.7091	0.2038	0.0584	NaN	0.0508	0.4428
157.7107	0.2043	0.0584	NaN	0.0509	0.4430
157.7102	0.2041	0.0584	NaN	0.0509	0.4428
157.7121	0.2037	0.0584	NaN	0.0509	0.4426
157.7120	0.2033	0.0584	NaN	0.0509	0.4425
157.7138	0.2032	0.0584	NaN	0.0509	0.4431
157.7154	0.2033	0.0584	NaN	0.0509	0.4436
157.7152	0.2032	0.0584	NaN	0.0509	0.4436
157.7154	0.2032	0.0584	NaN	0.0509	0.4434
157.7191	0.2030	0.0584	NaN	0.0509	0.4437
157.7187	0.2026	0.0584	NaN	0.0509	0.4436
157.7195	0.2025	0.0584	NaN	0.0509	0.4436
157.7182	0.2024	0.0584	NaN	0.0509	0.4437
157.7230	0.2023	0.0584	NaN	0.0510	0.4438
157.7247	0.2025	0.0584	NaN	0.0510	0.4437
157.7238	0.2024	0.0585	NaN	0.0510	0.4439
157.7270	0.2027	0.0585	NaN	0.0510	0.4440
157.7287	0.2029	0.0585	NaN	0.0510	0.4435
157.7264	0.2032	0.0585	NaN	0.0510	0.4441
157.7276	0.2032	0.0585	NaN	0.0510	0.4447
157.7278	0.2031	0.0585	NaN	0.0510	0.4445
157.7306	0.2029	0.0585	NaN	0.0510	0.4443
157.7329	0.2030	0.0585	NaN	0.0510	0.4439
157.7326	0.2030	0.0585	NaN	0.0510	0.4439
157.7344	0.2034	0.0585	NaN	0.0510	0.4439
157.7373	0.2035	0.0586	NaN	0.0510	0.4440
157.7371	0.2038	0.0586	NaN	0.0511	0.4440
157.7388	0.2041	0.0586	NaN	0.0510	0.4442
157.7396	0.2038	0.0586	NaN	0.0510	0.4444
157.7407	0.2032	0.0586	NaN	0.0510	0.4445
157.7438	0.2029	0.0585	NaN	0.0511	0.4445
157.7424	0.2028	0.0586	NaN	0.0511	0.4444
157.7444	0.2028	0.0586	NaN	0.0511	0.4445
157.7444	0.2029	0.0585	NaN	0.0511	0.4444
157.7457	0.2028	0.0586	NaN	0.0511	0.4444
157.7470	0.2028	0.0586	NaN	0.0511	0.4444
157.7472	0.2027	0.0586	NaN	0.0511	0.4445
157.7483	0.2031	0.0586	NaN	0.0511	0.4446
157.7505	0.2036	0.0586	NaN	0.0511	0.4446
157.7512	0.2032	0.0586	NaN	0.0511	0.4446
157.7517	0.2028	0.0586	NaN	0.0511	0.4445
157.7529	0.2028	0.0586	NaN	0.0511	0.4444
157.7550	0.2031	0.0586	NaN	0.0511	0.4444
157.7560	0.2034	0.0586	NaN	0.0511	0.4444
157.7571	0.2036	0.0587	NaN	0.0511	0.4444
157.7596	0.2031	0.0586	NaN	0.0511	0.4443
157.7605	0.2028	0.0587	NaN	0.0512	0.4442
157.7605	0.2027	0.0586	NaN	0.0512	0.4440
157.7618	0.2029	0.0586	NaN	0.0512	0.4440
157.7631	0.2027	0.0587	NaN	0.0512	0.4439
157.7646	0.2026	0.0587	NaN	0.0512	0.4439
157.7654	0.2028	0.0587	NaN	0.0512	0.4440
157.7663	0.2030	0.0587	NaN	0.0512	0.4440
157.7680	0.2031	0.0587	NaN	0.0512	0.4439
157.7677	0.2027	0.0587	NaN	0.0512	0.4436
157.7686	0.2028	0.0587	NaN	0.0512	0.4436
157.7710	0.2036	0.0587	NaN	0.0512	0.4437
157.7714	0.2040	0.0587	NaN	0.0512	0.4436
157.7725	0.2040	0.0587	NaN	0.0512	0.4436
157.7748	0.2037	0.0587	NaN	0.0512	0.4434
157.7733	0.2032	0.0587	NaN	0.0512	0.4432
157.7768	0.2030	0.0587	NaN	0.0512	0.4434
157.7769	0.2034	0.0587	NaN	0.0512	0.4435
157.7777	0.2031	0.0587	NaN	0.0512	0.4437
157.7810	0.2034	0.0587	NaN	0.0512	0.4438
157.7813	0.2036	0.0587	NaN	0.0512	0.4439
157.7827	0.2042	0.0587	NaN	0.0512	0.4438
157.7838	0.2036	0.0587	NaN	0.0512	0.4437
157.7834	0.2038	0.0587	NaN	0.0512	0.4436
157.7861	0.2032	0.0587	NaN	0.0512	0.4437
157.7867	0.2033	0.0588	NaN	0.0512	0.4439
157.7876	0.2027	0.0587	NaN	0.0513	0.4441
157.7888	0.2031	0.0588	NaN	0.0513	0.4440
157.7901	0.2031	0.0588	NaN	0.0513	0.4441
157.7906	0.2031	0.0588	NaN	0.0513	0.4441
157.7926	0.2028	0.0588	NaN	0.0513	0.4439
157.7929	0.2030	0.0588	NaN	0.0513	0.4443
157.7961	0.2028	0.0588	NaN	0.0513	0.4446
157.7940	0.2025	0.0588	NaN	0.0513	0.4448
157.7959	0.2027	0.0588	NaN	0.0513	0.4448
157.7974	0.2024	0.0588	NaN	0.0513	0.4448
157.7985	0.2030	0.0588	NaN	0.0513	0.4448
157.7998	0.2034	0.0588	NaN	0.0513	0.4449
157.8000	0.2037	0.0588	NaN	0.0513	0.4449
157.8024	0.2043	0.0588	NaN	0.0513	0.4446
157.8038	0.2043	0.0588	NaN	0.0513	0.4444
157.8033	0.2039	0.0589	NaN	0.0513	0.4444
157.8056	0.2030	0.0588	NaN	0.0513	0.4445
157.8081	0.2028	0.0588	NaN	0.0514	0.4445
157.8065	0.2032	0.0588	NaN	0.0513	0.4444
157.8087	0.2034	0.0588	NaN	0.0513	0.4443
157.8096	0.2025	0.0588	NaN	0.0514	0.4444
157.8094	0.2024	0.0589	NaN	0.0514	0.4451
157.8118	0.2021	0.0588	NaN	0.0514	0.4451
157.8137	0.2024	0.0589	NaN	0.0514	0.4449
157.8151	0.2029	0.0589	NaN	0.0514	0.4448
157.8159	0.2030	0.0589	NaN	0.0514	0.4448
157.8160	0.2038	0.0589	NaN	0.0514	0.4447
157.8184	0.2034	0.0589	NaN	0.0514	0.4448
157.8179	0.2024	0.0589	NaN	0.0514	0.4441
157.8188	0.2023	0.0589	NaN	0.0514	0.4439
157.8203	0.2024	0.0589	NaN	0.0514	0.4439
157.8200	0.2023	0.0589	NaN	0.0514	0.4439
157.8247	0.2023	0.0589	NaN	0.0514	0.4440
157.8253	0.2026	0.0589	NaN	0.0515	0.4439
157.8278	0.2025	0.0589	NaN	0.0515	0.4439
157.8284	0.2022	0.0589	NaN	0.0515	0.4438
157.8305	0.2025	0.0590	NaN	0.0515	0.4438
157.8296	0.2025	0.0589	NaN	0.0515	0.4439
157.8323	0.2023	0.0589	NaN	0.0515	0.4440
157.8320	0.2022	0.0589	NaN	0.0515	0.4439
157.8337	0.2021	0.0589	NaN	0.0515	0.4438
157.8337	0.2024	0.0589	NaN	0.0515	0.4439
157.8345	0.2026	0.0590	NaN	0.0515	0.4439
157.8378	0.2027	0.0590	NaN	0.0515	0.4440
157.8372	0.2027	0.0589	NaN	0.0515	0.4440
157.8396	0.2026	0.0590	NaN	0.0515	0.4440
157.8398	0.2026	0.0590	NaN	0.0515	0.4440
157.8396	0.2025	0.0590	NaN	0.0515	0.4440
157.8424	0.2024	0.0589	NaN	0.0515	0.4441
157.8424	0.2023	0.0589	NaN	0.0515	0.4441
157.8440	0.2020	0.0589	NaN	0.0515	0.4442
157.8472	0.2021	0.0590	NaN	0.0515	0.4442
157.8468	0.2019	0.0590	NaN	0.0515	0.4444
157.8474	0.2018	0.0590	NaN	0.0515	0.4445
157.8472	0.2020	0.0590	NaN	0.0515	0.4444
157.8500	0.2020	0.0590	NaN	0.0515	0.4446
157.8509	0.2020	0.0590	NaN	0.0515	0.4449
157.8516	0.2026	0.0590	NaN	0.0515	0.4452
157.8536	0.2025	0.0590	NaN	0.0515	0.4452
157.8539	0.2026	0.0590	NaN	0.0515	0.4454
157.8544	0.2019	0.0590	NaN	0.0515	0.4453
157.8572	0.2017	0.0590	NaN	0.0515	0.4455
157.8577	0.2020	0.0590	NaN	0.0515	0.4456
157.8589	0.2018	0.0590	NaN	0.0516	0.4456
157.8612	0.2015	0.0590	NaN	0.0516	0.4455
157.8622	0.2021	0.0590	NaN	0.0515	0.4454
157.8659	0.2017	0.0590	NaN	0.0516	0.4455
157.8671	0.2016	0.0590	NaN	0.0516	0.4455
157.8640	0.2026	0.0590	NaN	0.0516	0.4455
157.8678	0.2026	0.0590	NaN	0.0516	0.4454
157.8662	0.2022	0.0591	NaN	0.0516	0.4455
157.8686	0.2020	0.0591	NaN	0.0516	0.4455
157.8691	0.2019	0.0591	NaN	0.0516	0.4455
157.8709	0.2015	0.0591	NaN	0.0516	0.4456
157.8720	0.2015	0.0591	NaN	0.0516	0.4455
157.8734	0.2013	0.0590	NaN	0.0516	0.4454
157.8731	0.2013	0.0591	NaN	0.0516	0.4455
157.8737	0.2008	0.0591	NaN	0.0517	0.4460
157.8735	0.2005	0.0591	NaN	0.0517	0.4461
157.8763	0.2005	0.0591	NaN	0.0517	0.4456
157.8795	0.2011	0.0591	NaN	0.0516	0.4450
157.8801	0.2014	0.0591	NaN	0.0516	0.4444
157.8831	0.2016	0.0591	NaN	0.0516	0.4439
157.8817	0.2016	0.0591	NaN	0.0516	0.4444
157.8843	0.2023	0.0591	NaN	0.0516	0.4449
157.8841	0.2021	0.0591	NaN	0.0516	0.4454
157.8846	0.2021	0.0591	NaN	0.0516	0.4455
157.8874	0.2023	0.0591	NaN	0.0516	0.4455
157.8885	0.2019	0.0591	NaN	0.0516	0.4455
157.8890	0.2014	0.0591	NaN	0.0516	0.4454
157.8908	0.2017	0.0591	NaN	0.0516	0.4452
157.8897	0.2015	0.0591	NaN	0.0516	0.4454
157.8905	0.2018	0.0591	NaN	0.0516	0.4456
157.8928	0.2019	0.0591	NaN	0.0517	0.4457
157.8934	0.2021	0.0591	NaN	0.0517	0.4460
157.8955	0.2024	0.0591	NaN	0.0517	0.4459
157.8995	0.2029	0.0592	NaN	0.0517	0.4458
157.8975	0.2028	0.0592	NaN	0.0517	0.4457
157.8999	0.2029	0.0592	NaN	0.0517	0.4455
157.9003	0.2025	0.0592	NaN	0.0517	0.4453
157.9021	0.2024	0.0592	NaN	0.0517	0.4450
157.9038	0.2024	0.0592	NaN	0.0517	0.4454
157.9042	0.2024	0.0592	NaN	0.0517	0.4457
157.9067	0.2025	0.0592	NaN	0.0517	0.4457
157.9073	0.2040	0.0592	NaN	0.0517	0.4457
157.9088	0.2035	0.0592	NaN	0.0517	0.4458
157.9099	0.2025	0.0592	NaN	0.0517	0.4460
157.9085	0.2022	0.0592	NaN	0.0518	0.4460
157.9103	0.2018	0.0592	NaN	0.0518	0.4458
