# 20092021_15_47_43_group6_60_L2.dat
# Measuring of the Zeemann splitting 
# modus: scanning laser current/frequency via I/P MOD
# 
x(A/Hz/V/nm) yai0(V) yai1(V) yai2(V) yai3(V) yai4(V)
146.0474	0.1828	0.0393	NaN	0.0325	0.3896
146.0492	0.1816	0.0412	NaN	0.0345	0.3880
146.0485	0.1802	0.0425	NaN	0.0358	0.3894
146.0516	0.1795	0.0434	NaN	0.0367	0.3915
146.0521	0.1791	0.0440	NaN	0.0374	0.3924
146.0527	0.1786	0.0446	NaN	0.0379	0.3925
146.0565	0.1781	0.0449	NaN	0.0383	0.3922
146.0559	0.1776	0.0453	NaN	0.0386	0.3920
146.0571	0.1774	0.0456	NaN	0.0389	0.3912
146.0568	0.1770	0.0458	NaN	0.0392	0.3903
146.0593	0.1767	0.0461	NaN	0.0395	0.3899
146.0616	0.1764	0.0462	NaN	0.0397	0.3892
146.0609	0.1762	0.0464	NaN	0.0398	0.3888
146.0628	0.1761	0.0465	NaN	0.0399	0.3888
146.0651	0.1760	0.0465	NaN	0.0400	0.3885
146.0648	0.1759	0.0466	NaN	0.0401	0.3884
146.0672	0.1759	0.0467	NaN	0.0402	0.3884
146.0663	0.1758	0.0468	NaN	0.0403	0.3883
146.0686	0.1758	0.0469	NaN	0.0403	0.3883
146.0701	0.1757	0.0470	NaN	0.0404	0.3882
146.0708	0.1756	0.0470	NaN	0.0405	0.3884
146.0726	0.1756	0.0471	NaN	0.0405	0.3884
146.0745	0.1755	0.0471	NaN	0.0406	0.3887
146.0752	0.1756	0.0471	NaN	0.0406	0.3883
146.0756	0.1756	0.0472	NaN	0.0406	0.3883
146.0750	0.1754	0.0472	NaN	0.0406	0.3884
146.0780	0.1754	0.0471	NaN	0.0405	0.3884
146.0800	0.1756	0.0471	NaN	0.0406	0.3884
146.0789	0.1754	0.0471	NaN	0.0405	0.3885
146.0818	0.1755	0.0471	NaN	0.0405	0.3884
146.0828	0.1760	0.0471	NaN	0.0405	0.3882
146.0845	0.1761	0.0471	NaN	0.0405	0.3881
146.0858	0.1760	0.0471	NaN	0.0405	0.3882
146.0849	0.1759	0.0471	NaN	0.0406	0.3882
146.0866	0.1758	0.0471	NaN	0.0406	0.3890
146.0876	0.1758	0.0471	NaN	0.0406	0.3892
146.0890	0.1759	0.0471	NaN	0.0405	0.3893
146.0906	0.1759	0.0471	NaN	0.0405	0.3887
146.0906	0.1759	0.0471	NaN	0.0405	0.3887
146.0918	0.1759	0.0471	NaN	0.0405	0.3888
146.0945	0.1759	0.0470	NaN	0.0405	0.3890
146.0946	0.1756	0.0470	NaN	0.0405	0.3893
146.0955	0.1757	0.0469	NaN	0.0404	0.3893
146.0959	0.1758	0.0469	NaN	0.0404	0.3894
146.0984	0.1758	0.0469	NaN	0.0403	0.3888
146.0996	0.1757	0.0469	NaN	0.0404	0.3886
146.1002	0.1757	0.0469	NaN	0.0403	0.3888
146.1045	0.1758	0.0469	NaN	0.0403	0.3888
146.1045	0.1757	0.0468	NaN	0.0403	0.3888
146.1044	0.1757	0.0468	NaN	0.0402	0.3887
146.1063	0.1760	0.0468	NaN	0.0402	0.3886
146.1060	0.1761	0.0468	NaN	0.0402	0.3890
146.1089	0.1763	0.0468	NaN	0.0402	0.3894
146.1113	0.1764	0.0468	NaN	0.0402	0.3889
146.1104	0.1765	0.0468	NaN	0.0402	0.3884
146.1125	0.1767	0.0467	NaN	0.0402	0.3885
146.1136	0.1769	0.0467	NaN	0.0401	0.3885
146.1124	0.1766	0.0467	NaN	0.0401	0.3886
146.1152	0.1761	0.0467	NaN	0.0401	0.3888
146.1156	0.1761	0.0466	NaN	0.0401	0.3887
146.1171	0.1763	0.0466	NaN	0.0400	0.3888
146.1175	0.1763	0.0466	NaN	0.0400	0.3887
146.1186	0.1763	0.0466	NaN	0.0400	0.3889
146.1202	0.1766	0.0466	NaN	0.0400	0.3888
146.1223	0.1766	0.0466	NaN	0.0400	0.3889
146.1216	0.1766	0.0466	NaN	0.0400	0.3888
146.1242	0.1765	0.0466	NaN	0.0400	0.3889
146.1257	0.1766	0.0466	NaN	0.0400	0.3887
146.1261	0.1767	0.0465	NaN	0.0400	0.3887
146.1276	0.1766	0.0465	NaN	0.0399	0.3890
146.1280	0.1766	0.0464	NaN	0.0399	0.3891
146.1313	0.1767	0.0464	NaN	0.0398	0.3891
146.1318	0.1769	0.0464	NaN	0.0398	0.3890
146.1322	0.1769	0.0463	NaN	0.0397	0.3891
146.1363	0.1770	0.0463	NaN	0.0397	0.3894
146.1351	0.1770	0.0463	NaN	0.0397	0.3894
146.1368	0.1771	0.0462	NaN	0.0396	0.3891
146.1401	0.1771	0.0462	NaN	0.0396	0.3893
146.1401	0.1771	0.0462	NaN	0.0396	0.3898
146.1397	0.1770	0.0462	NaN	0.0396	0.3894
146.1407	0.1770	0.0462	NaN	0.0396	0.3890
146.1435	0.1770	0.0462	NaN	0.0396	0.3896
146.1442	0.1770	0.0462	NaN	0.0396	0.3894
146.1430	0.1770	0.0462	NaN	0.0395	0.3898
146.1454	0.1770	0.0461	NaN	0.0395	0.3895
146.1497	0.1771	0.0461	NaN	0.0395	0.3897
146.1499	0.1771	0.0461	NaN	0.0395	0.3897
146.1513	0.1772	0.0460	NaN	0.0394	0.3892
146.1500	0.1771	0.0460	NaN	0.0394	0.3893
146.1525	0.1771	0.0460	NaN	0.0394	0.3894
146.1531	0.1770	0.0460	NaN	0.0395	0.3896
146.1535	0.1768	0.0460	NaN	0.0394	0.3901
146.1577	0.1768	0.0460	NaN	0.0394	0.3901
146.1577	0.1769	0.0460	NaN	0.0393	0.3904
146.1568	0.1770	0.0459	NaN	0.0393	0.3899
146.1610	0.1771	0.0459	NaN	0.0393	0.3909
146.1599	0.1771	0.0459	NaN	0.0393	0.3909
146.1634	0.1771	0.0459	NaN	0.0393	0.3910
146.1632	0.1769	0.0459	NaN	0.0393	0.3911
146.1633	0.1768	0.0458	NaN	0.0392	0.3912
146.1663	0.1769	0.0457	NaN	0.0391	0.3914
146.1668	0.1772	0.0457	NaN	0.0391	0.3914
146.1684	0.1773	0.0457	NaN	0.0391	0.3918
146.1710	0.1775	0.0457	NaN	0.0391	0.3914
146.1709	0.1777	0.0457	NaN	0.0391	0.3919
146.1720	0.1778	0.0457	NaN	0.0390	0.3919
146.1726	0.1778	0.0457	NaN	0.0391	0.3920
146.1739	0.1777	0.0457	NaN	0.0391	0.3915
146.1750	0.1776	0.0457	NaN	0.0391	0.3919
146.1754	0.1775	0.0457	NaN	0.0391	0.3918
146.1764	0.1775	0.0456	NaN	0.0390	0.3915
146.1780	0.1775	0.0455	NaN	0.0389	0.3918
146.1785	0.1772	0.0455	NaN	0.0389	0.3922
146.1817	0.1771	0.0455	NaN	0.0389	0.3922
146.1808	0.1777	0.0455	NaN	0.0389	0.3919
146.1800	0.1775	0.0455	NaN	0.0389	0.3920
146.1829	0.1772	0.0454	NaN	0.0388	0.3921
146.1828	0.1768	0.0454	NaN	0.0388	0.3922
146.1843	0.1769	0.0453	NaN	0.0387	0.3919
146.1861	0.1776	0.0453	NaN	0.0387	0.3920
146.1855	0.1778	0.0453	NaN	0.0386	0.3919
146.1887	0.1776	0.0452	NaN	0.0386	0.3924
146.1886	0.1775	0.0452	NaN	0.0386	0.3922
146.1887	0.1776	0.0452	NaN	0.0386	0.3921
146.1912	0.1779	0.0452	NaN	0.0385	0.3923
146.1904	0.1780	0.0452	NaN	0.0386	0.3925
146.1929	0.1781	0.0452	NaN	0.0385	0.3924
146.1941	0.1781	0.0452	NaN	0.0385	0.3923
146.1945	0.1781	0.0452	NaN	0.0385	0.3924
146.1958	0.1782	0.0451	NaN	0.0385	0.3924
146.1965	0.1781	0.0451	NaN	0.0384	0.3923
146.1984	0.1780	0.0451	NaN	0.0384	0.3925
146.1991	0.1780	0.0450	NaN	0.0384	0.3919
146.1999	0.1780	0.0451	NaN	0.0384	0.3924
146.2006	0.1776	0.0450	NaN	0.0384	0.3920
146.2030	0.1780	0.0450	NaN	0.0384	0.3924
146.2037	0.1779	0.0450	NaN	0.0383	0.3924
146.2059	0.1783	0.0449	NaN	0.0383	0.3919
146.2057	0.1786	0.0449	NaN	0.0382	0.3919
146.2069	0.1786	0.0448	NaN	0.0382	0.3920
146.2089	0.1786	0.0447	NaN	0.0381	0.3921
146.2095	0.1786	0.0447	NaN	0.0381	0.3921
146.2128	0.1788	0.0447	NaN	0.0380	0.3920
146.2146	0.1788	0.0446	NaN	0.0380	0.3921
146.2138	0.1786	0.0447	NaN	0.0380	0.3921
146.2158	0.1784	0.0447	NaN	0.0380	0.3923
146.2161	0.1785	0.0446	NaN	0.0380	0.3922
146.2180	0.1787	0.0446	NaN	0.0380	0.3921
146.2200	0.1788	0.0446	NaN	0.0379	0.3922
146.2176	0.1788	0.0446	NaN	0.0380	0.3922
146.2199	0.1792	0.0445	NaN	0.0379	0.3919
146.2194	0.1792	0.0445	NaN	0.0378	0.3922
146.2204	0.1794	0.0445	NaN	0.0378	0.3917
146.2235	0.1790	0.0444	NaN	0.0377	0.3921
146.2242	0.1789	0.0443	NaN	0.0377	0.3922
146.2263	0.1789	0.0443	NaN	0.0376	0.3920
146.2281	0.1790	0.0442	NaN	0.0375	0.3921
146.2278	0.1793	0.0442	NaN	0.0375	0.3922
146.2300	0.1798	0.0442	NaN	0.0375	0.3922
146.2292	0.1800	0.0443	NaN	0.0376	0.3920
146.2318	0.1798	0.0442	NaN	0.0375	0.3920
146.2326	0.1805	0.0441	NaN	0.0374	0.3921
146.2332	0.1804	0.0440	NaN	0.0373	0.3919
146.2342	0.1799	0.0440	NaN	0.0373	0.3918
146.2362	0.1796	0.0439	NaN	0.0372	0.3915
146.2356	0.1801	0.0439	NaN	0.0372	0.3917
146.2387	0.1805	0.0438	NaN	0.0371	0.3916
146.2399	0.1800	0.0438	NaN	0.0371	0.3918
146.2411	0.1808	0.0438	NaN	0.0371	0.3914
146.2437	0.1808	0.0438	NaN	0.0370	0.3912
146.2436	0.1805	0.0438	NaN	0.0371	0.3914
146.2449	0.1808	0.0438	NaN	0.0371	0.3917
146.2440	0.1808	0.0438	NaN	0.0371	0.3910
146.2460	0.1802	0.0438	NaN	0.0371	0.3911
146.2476	0.1803	0.0437	NaN	0.0370	0.3910
146.2457	0.1803	0.0437	NaN	0.0370	0.3907
146.2481	0.1806	0.0436	NaN	0.0369	0.3901
146.2502	0.1803	0.0435	NaN	0.0369	0.3903
146.2493	0.1798	0.0435	NaN	0.0368	0.3911
146.2526	0.1802	0.0434	NaN	0.0367	0.3908
146.2528	0.1801	0.0434	NaN	0.0367	0.3905
146.2548	0.1799	0.0434	NaN	0.0367	0.3905
146.2566	0.1812	0.0434	NaN	0.0367	0.3898
146.2569	0.1808	0.0434	NaN	0.0367	0.3893
146.2587	0.1810	0.0434	NaN	0.0367	0.3892
146.2608	0.1811	0.0433	NaN	0.0366	0.3887
146.2600	0.1810	0.0432	NaN	0.0365	0.3885
146.2613	0.1812	0.0431	NaN	0.0364	0.3885
146.2617	0.1813	0.0430	NaN	0.0363	0.3883
146.2644	0.1812	0.0429	NaN	0.0362	0.3888
146.2675	0.1818	0.0428	NaN	0.0361	0.3888
146.2657	0.1821	0.0428	NaN	0.0360	0.3885
146.2680	0.1813	0.0427	NaN	0.0360	0.3892
146.2686	0.1808	0.0427	NaN	0.0360	0.3894
146.2708	0.1821	0.0427	NaN	0.0360	0.3892
146.2718	0.1822	0.0427	NaN	0.0359	0.3889
146.2710	0.1822	0.0427	NaN	0.0359	0.3889
146.2726	0.1824	0.0426	NaN	0.0358	0.3889
146.2742	0.1823	0.0425	NaN	0.0358	0.3888
146.2737	0.1824	0.0425	NaN	0.0357	0.3884
146.2772	0.1820	0.0424	NaN	0.0357	0.3892
146.2774	0.1818	0.0424	NaN	0.0357	0.3893
146.2790	0.1818	0.0423	NaN	0.0356	0.3889
146.2813	0.1818	0.0423	NaN	0.0355	0.3890
146.2815	0.1816	0.0423	NaN	0.0356	0.3889
146.2832	0.1818	0.0423	NaN	0.0356	0.3889
146.2856	0.1823	0.0422	NaN	0.0355	0.3885
146.2854	0.1821	0.0422	NaN	0.0355	0.3884
146.2876	0.1822	0.0422	NaN	0.0355	0.3885
146.2856	0.1820	0.0421	NaN	0.0354	0.3886
146.2872	0.1820	0.0421	NaN	0.0353	0.3888
146.2880	0.1820	0.0420	NaN	0.0353	0.3888
146.2890	0.1822	0.0420	NaN	0.0352	0.3887
146.2927	0.1822	0.0419	NaN	0.0352	0.3886
146.2933	0.1824	0.0418	NaN	0.0351	0.3887
146.2945	0.1827	0.0419	NaN	0.0351	0.3889
146.2948	0.1826	0.0418	NaN	0.0350	0.3888
146.2948	0.1826	0.0417	NaN	0.0350	0.3888
146.2980	0.1826	0.0417	NaN	0.0350	0.3890
146.2993	0.1826	0.0417	NaN	0.0349	0.3890
146.3003	0.1826	0.0417	NaN	0.0349	0.3889
146.3011	0.1827	0.0417	NaN	0.0350	0.3891
146.3013	0.1828	0.0418	NaN	0.0350	0.3887
146.3036	0.1828	0.0417	NaN	0.0349	0.3887
146.3046	0.1830	0.0416	NaN	0.0348	0.3889
146.3051	0.1829	0.0415	NaN	0.0348	0.3885
146.3057	0.1828	0.0415	NaN	0.0347	0.3887
146.3079	0.1831	0.0414	NaN	0.0346	0.3890
146.3091	0.1832	0.0413	NaN	0.0346	0.3887
146.3110	0.1833	0.0413	NaN	0.0345	0.3889
146.3107	0.1835	0.0412	NaN	0.0344	0.3894
146.3133	0.1836	0.0411	NaN	0.0343	0.3892
146.3144	0.1837	0.0411	NaN	0.0342	0.3893
146.3160	0.1837	0.0410	NaN	0.0343	0.3893
146.3175	0.1836	0.0410	NaN	0.0342	0.3892
146.3188	0.1834	0.0409	NaN	0.0342	0.3894
146.3180	0.1833	0.0410	NaN	0.0342	0.3891
146.3218	0.1834	0.0409	NaN	0.0342	0.3892
146.3210	0.1837	0.0410	NaN	0.0342	0.3893
146.3226	0.1836	0.0409	NaN	0.0341	0.3895
146.3239	0.1831	0.0407	NaN	0.0340	0.3897
146.3257	0.1826	0.0407	NaN	0.0340	0.3902
146.3292	0.1826	0.0406	NaN	0.0339	0.3901
146.3284	0.1826	0.0407	NaN	0.0340	0.3895
146.3300	0.1827	0.0407	NaN	0.0339	0.3896
146.3336	0.1828	0.0407	NaN	0.0339	0.3898
146.3328	0.1829	0.0407	NaN	0.0339	0.3896
146.3338	0.1831	0.0406	NaN	0.0338	0.3894
146.3359	0.1829	0.0405	NaN	0.0337	0.3897
146.3365	0.1830	0.0404	NaN	0.0337	0.3895
146.3371	0.1830	0.0404	NaN	0.0336	0.3896
146.3370	0.1832	0.0405	NaN	0.0337	0.3896
146.3403	0.1834	0.0405	NaN	0.0337	0.3899
146.3414	0.1836	0.0404	NaN	0.0336	0.3898
146.3436	0.1835	0.0404	NaN	0.0336	0.3897
146.3452	0.1834	0.0403	NaN	0.0335	0.3900
146.3462	0.1835	0.0401	NaN	0.0334	0.3900
146.3459	0.1838	0.0401	NaN	0.0334	0.3897
146.3479	0.1837	0.0401	NaN	0.0333	0.3898
146.3469	0.1836	0.0400	NaN	0.0333	0.3899
146.3483	0.1836	0.0399	NaN	0.0331	0.3900
146.3516	0.1839	0.0397	NaN	0.0329	0.3900
146.3517	0.1840	0.0396	NaN	0.0328	0.3902
146.3529	0.1842	0.0396	NaN	0.0328	0.3902
146.3544	0.1844	0.0395	NaN	0.0326	0.3902
146.3546	0.1845	0.0395	NaN	0.0327	0.3904
146.3560	0.1843	0.0395	NaN	0.0327	0.3902
146.3567	0.1842	0.0395	NaN	0.0327	0.3901
146.3594	0.1840	0.0395	NaN	0.0327	0.3901
146.3613	0.1836	0.0394	NaN	0.0327	0.3899
146.3618	0.1833	0.0394	NaN	0.0326	0.3899
146.3642	0.1834	0.0393	NaN	0.0325	0.3899
146.3626	0.1837	0.0393	NaN	0.0326	0.3899
146.3654	0.1839	0.0393	NaN	0.0325	0.3898
146.3664	0.1839	0.0393	NaN	0.0325	0.3899
146.3662	0.1837	0.0393	NaN	0.0325	0.3897
146.3682	0.1837	0.0392	NaN	0.0324	0.3896
146.3698	0.1837	0.0392	NaN	0.0324	0.3897
146.3695	0.1836	0.0392	NaN	0.0324	0.3893
146.3724	0.1837	0.0390	NaN	0.0323	0.3896
146.3706	0.1838	0.0390	NaN	0.0322	0.3899
146.3737	0.1840	0.0389	NaN	0.0321	0.3901
146.3763	0.1839	0.0389	NaN	0.0321	0.3894
146.3746	0.1838	0.0389	NaN	0.0321	0.3897
146.3773	0.1839	0.0389	NaN	0.0321	0.3897
146.3804	0.1837	0.0388	NaN	0.0320	0.3897
146.3781	0.1836	0.0387	NaN	0.0320	0.3900
146.3808	0.1836	0.0386	NaN	0.0319	0.3899
146.3810	0.1837	0.0385	NaN	0.0317	0.3899
146.3827	0.1837	0.0384	NaN	0.0316	0.3905
146.3857	0.1837	0.0383	NaN	0.0315	0.3902
146.3847	0.1837	0.0383	NaN	0.0315	0.3900
146.3867	0.1837	0.0382	NaN	0.0314	0.3899
146.3871	0.1836	0.0382	NaN	0.0314	0.3897
146.3907	0.1836	0.0382	NaN	0.0314	0.3898
146.3916	0.1836	0.0382	NaN	0.0314	0.3898
146.3914	0.1838	0.0381	NaN	0.0313	0.3896
146.3936	0.1838	0.0380	NaN	0.0313	0.3897
146.3939	0.1841	0.0381	NaN	0.0313	0.3895
146.3946	0.1843	0.0381	NaN	0.0312	0.3895
146.3962	0.1841	0.0380	NaN	0.0312	0.3894
146.3962	0.1845	0.0381	NaN	0.0313	0.3892
146.3980	0.1842	0.0381	NaN	0.0313	0.3893
146.3994	0.1840	0.0380	NaN	0.0312	0.3894
146.3998	0.1839	0.0379	NaN	0.0311	0.3895
146.4018	0.1839	0.0379	NaN	0.0311	0.3900
146.4032	0.1840	0.0378	NaN	0.0310	0.3900
146.4029	0.1838	0.0378	NaN	0.0310	0.3904
146.4060	0.1836	0.0377	NaN	0.0309	0.3910
146.4042	0.1838	0.0377	NaN	0.0309	0.3908
146.4069	0.1839	0.0376	NaN	0.0308	0.3917
146.4098	0.1841	0.0376	NaN	0.0308	0.3910
146.4090	0.1837	0.0376	NaN	0.0308	0.3914
146.4114	0.1838	0.0375	NaN	0.0307	0.3921
146.4109	0.1838	0.0375	NaN	0.0307	0.3919
146.4122	0.1839	0.0373	NaN	0.0305	0.3926
146.4141	0.1838	0.0372	NaN	0.0304	0.3922
146.4146	0.1841	0.0370	NaN	0.0303	0.3925
146.4164	0.1841	0.0369	NaN	0.0301	0.3925
146.4182	0.1838	0.0368	NaN	0.0300	0.3927
146.4175	0.1837	0.0367	NaN	0.0300	0.3929
146.4193	0.1836	0.0366	NaN	0.0299	0.3932
146.4194	0.1837	0.0366	NaN	0.0298	0.3931
146.4223	0.1838	0.0366	NaN	0.0298	0.3931
146.4244	0.1838	0.0365	NaN	0.0298	0.3928
146.4250	0.1838	0.0365	NaN	0.0297	0.3930
146.4270	0.1839	0.0364	NaN	0.0296	0.3929
146.4284	0.1840	0.0364	NaN	0.0297	0.3931
146.4285	0.1840	0.0366	NaN	0.0297	0.3930
146.4299	0.1841	0.0365	NaN	0.0298	0.3929
146.4301	0.1843	0.0365	NaN	0.0297	0.3932
146.4304	0.1845	0.0363	NaN	0.0295	0.3931
146.4324	0.1842	0.0363	NaN	0.0295	0.3931
146.4316	0.1840	0.0363	NaN	0.0294	0.3935
146.4346	0.1839	0.0362	NaN	0.0294	0.3935
146.4351	0.1838	0.0362	NaN	0.0294	0.3934
146.4374	0.1838	0.0361	NaN	0.0293	0.3935
146.4382	0.1842	0.0361	NaN	0.0293	0.3935
146.4388	0.1845	0.0362	NaN	0.0294	0.3933
146.4418	0.1845	0.0362	NaN	0.0294	0.3933
146.4425	0.1845	0.0362	NaN	0.0294	0.3934
146.4430	0.1845	0.0361	NaN	0.0293	0.3934
146.4445	0.1844	0.0360	NaN	0.0292	0.3935
146.4451	0.1843	0.0358	NaN	0.0290	0.3934
146.4479	0.1841	0.0357	NaN	0.0289	0.3935
146.4497	0.1838	0.0356	NaN	0.0289	0.3934
146.4491	0.1838	0.0357	NaN	0.0289	0.3936
146.4497	0.1840	0.0357	NaN	0.0289	0.3937
146.4531	0.1840	0.0356	NaN	0.0288	0.3935
146.4525	0.1840	0.0355	NaN	0.0287	0.3936
146.4543	0.1840	0.0354	NaN	0.0286	0.3936
146.4531	0.1838	0.0353	NaN	0.0285	0.3935
146.4564	0.1837	0.0351	NaN	0.0284	0.3935
146.4579	0.1834	0.0351	NaN	0.0283	0.3933
146.4560	0.1834	0.0351	NaN	0.0284	0.3932
146.4592	0.1835	0.0351	NaN	0.0283	0.3933
146.4614	0.1835	0.0350	NaN	0.0282	0.3929
146.4621	0.1835	0.0349	NaN	0.0282	0.3925
146.4629	0.1834	0.0348	NaN	0.0281	0.3925
146.4624	0.1833	0.0348	NaN	0.0280	0.3926
146.4640	0.1833	0.0348	NaN	0.0280	0.3925
146.4658	0.1832	0.0348	NaN	0.0280	0.3929
146.4657	0.1833	0.0348	NaN	0.0280	0.3927
146.4673	0.1831	0.0347	NaN	0.0280	0.3932
146.4684	0.1831	0.0347	NaN	0.0279	0.3923
146.4707	0.1831	0.0347	NaN	0.0279	0.3928
146.4721	0.1830	0.0346	NaN	0.0278	0.3925
146.4722	0.1831	0.0346	NaN	0.0279	0.3927
146.4742	0.1830	0.0345	NaN	0.0277	0.3926
146.4761	0.1830	0.0344	NaN	0.0276	0.3919
146.4757	0.1830	0.0342	NaN	0.0275	0.3917
146.4778	0.1830	0.0341	NaN	0.0273	0.3922
146.4794	0.1830	0.0341	NaN	0.0273	0.3918
146.4792	0.1830	0.0339	NaN	0.0272	0.3914
146.4809	0.1831	0.0340	NaN	0.0272	0.3921
146.4799	0.1831	0.0340	NaN	0.0272	0.3923
146.4831	0.1831	0.0339	NaN	0.0272	0.3919
146.4853	0.1831	0.0339	NaN	0.0271	0.3919
146.4854	0.1829	0.0339	NaN	0.0272	0.3923
146.4865	0.1828	0.0339	NaN	0.0271	0.3917
146.4880	0.1827	0.0338	NaN	0.0270	0.3911
146.4899	0.1827	0.0338	NaN	0.0270	0.3913
146.4925	0.1828	0.0336	NaN	0.0269	0.3915
146.4910	0.1828	0.0336	NaN	0.0268	0.3913
146.4941	0.1826	0.0333	NaN	0.0265	0.3914
146.4946	0.1824	0.0332	NaN	0.0264	0.3910
146.4942	0.1825	0.0331	NaN	0.0264	0.3911
146.4967	0.1826	0.0330	NaN	0.0263	0.3906
146.4974	0.1826	0.0331	NaN	0.0263	0.3914
146.4985	0.1825	0.0332	NaN	0.0264	0.3906
146.5002	0.1825	0.0331	NaN	0.0264	0.3905
146.5006	0.1826	0.0332	NaN	0.0265	0.3906
146.5027	0.1823	0.0331	NaN	0.0264	0.3909
146.5011	0.1821	0.0332	NaN	0.0264	0.3907
146.5034	0.1822	0.0330	NaN	0.0263	0.3906
146.5049	0.1824	0.0329	NaN	0.0261	0.3901
146.5045	0.1826	0.0327	NaN	0.0260	0.3901
146.5076	0.1827	0.0326	NaN	0.0258	0.3903
146.5080	0.1825	0.0325	NaN	0.0257	0.3898
146.5085	0.1823	0.0323	NaN	0.0256	0.3901
146.5100	0.1822	0.0324	NaN	0.0256	0.3902
146.5098	0.1820	0.0324	NaN	0.0256	0.3899
146.5113	0.1820	0.0324	NaN	0.0257	0.3901
146.5139	0.1823	0.0323	NaN	0.0256	0.3907
146.5147	0.1826	0.0323	NaN	0.0256	0.3906
146.5150	0.1824	0.0323	NaN	0.0256	0.3903
146.5183	0.1824	0.0323	NaN	0.0255	0.3905
146.5170	0.1822	0.0323	NaN	0.0256	0.3905
146.5205	0.1820	0.0322	NaN	0.0255	0.3906
146.5211	0.1820	0.0321	NaN	0.0254	0.3907
146.5220	0.1816	0.0320	NaN	0.0253	0.3907
146.5241	0.1816	0.0319	NaN	0.0252	0.3903
146.5235	0.1818	0.0319	NaN	0.0251	0.3902
146.5260	0.1818	0.0318	NaN	0.0251	0.3903
146.5260	0.1816	0.0316	NaN	0.0249	0.3899
146.5288	0.1813	0.0314	NaN	0.0247	0.3899
146.5314	0.1811	0.0312	NaN	0.0245	0.3897
146.5308	0.1812	0.0311	NaN	0.0244	0.3896
146.5305	0.1809	0.0311	NaN	0.0244	0.3898
146.5336	0.1806	0.0310	NaN	0.0243	0.3896
146.5345	0.1807	0.0310	NaN	0.0243	0.3895
146.5371	0.1806	0.0310	NaN	0.0243	0.3897
146.5362	0.1807	0.0309	NaN	0.0242	0.3896
146.5382	0.1809	0.0309	NaN	0.0241	0.3897
146.5400	0.1808	0.0308	NaN	0.0241	0.3896
146.5411	0.1807	0.0307	NaN	0.0240	0.3895
146.5428	0.1806	0.0306	NaN	0.0239	0.3896
146.5421	0.1805	0.0305	NaN	0.0238	0.3896
146.5434	0.1802	0.0304	NaN	0.0237	0.3896
146.5443	0.1798	0.0302	NaN	0.0235	0.3896
146.5442	0.1800	0.0303	NaN	0.0236	0.3896
146.5477	0.1799	0.0302	NaN	0.0236	0.3895
146.5492	0.1801	0.0302	NaN	0.0236	0.3896
146.5496	0.1799	0.0302	NaN	0.0236	0.3898
146.5501	0.1799	0.0302	NaN	0.0235	0.3896
146.5496	0.1799	0.0303	NaN	0.0236	0.3897
146.5518	0.1798	0.0302	NaN	0.0236	0.3896
146.5539	0.1799	0.0303	NaN	0.0236	0.3898
146.5543	0.1799	0.0303	NaN	0.0236	0.3898
146.5554	0.1799	0.0301	NaN	0.0235	0.3897
146.5580	0.1797	0.0299	NaN	0.0233	0.3897
146.5586	0.1796	0.0299	NaN	0.0232	0.3897
146.5607	0.1796	0.0297	NaN	0.0231	0.3898
146.5596	0.1793	0.0297	NaN	0.0230	0.3898
146.5620	0.1790	0.0296	NaN	0.0230	0.3899
146.5637	0.1790	0.0296	NaN	0.0230	0.3897
146.5647	0.1789	0.0297	NaN	0.0231	0.3898
146.5645	0.1791	0.0297	NaN	0.0231	0.3897
146.5657	0.1793	0.0297	NaN	0.0231	0.3897
146.5668	0.1793	0.0297	NaN	0.0231	0.3898
146.5677	0.1794	0.0297	NaN	0.0231	0.3897
146.5680	0.1793	0.0296	NaN	0.0230	0.3897
146.5699	0.1789	0.0293	NaN	0.0227	0.3897
146.5725	0.1785	0.0291	NaN	0.0225	0.3898
146.5718	0.1784	0.0291	NaN	0.0225	0.3897
146.5723	0.1782	0.0290	NaN	0.0224	0.3898
146.5762	0.1780	0.0288	NaN	0.0223	0.3899
146.5756	0.1778	0.0288	NaN	0.0222	0.3897
146.5781	0.1776	0.0287	NaN	0.0221	0.3898
146.5779	0.1777	0.0287	NaN	0.0221	0.3897
146.5803	0.1776	0.0287	NaN	0.0221	0.3898
146.5822	0.1776	0.0286	NaN	0.0220	0.3898
146.5825	0.1775	0.0286	NaN	0.0220	0.3898
146.5844	0.1777	0.0286	NaN	0.0220	0.3900
146.5848	0.1777	0.0286	NaN	0.0220	0.3899
146.5866	0.1778	0.0285	NaN	0.0220	0.3900
146.5874	0.1774	0.0284	NaN	0.0219	0.3898
146.5883	0.1774	0.0284	NaN	0.0218	0.3898
146.5921	0.1770	0.0281	NaN	0.0216	0.3899
146.5929	0.1767	0.0280	NaN	0.0214	0.3900
146.5930	0.1767	0.0280	NaN	0.0214	0.3899
146.5959	0.1767	0.0280	NaN	0.0214	0.3900
146.5954	0.1767	0.0280	NaN	0.0215	0.3899
146.5964	0.1767	0.0280	NaN	0.0215	0.3900
146.5987	0.1766	0.0279	NaN	0.0214	0.3900
146.5985	0.1765	0.0279	NaN	0.0214	0.3902
146.5990	0.1761	0.0278	NaN	0.0212	0.3903
146.6031	0.1760	0.0277	NaN	0.0212	0.3904
146.6026	0.1759	0.0276	NaN	0.0211	0.3905
146.6036	0.1761	0.0276	NaN	0.0212	0.3905
146.6028	0.1763	0.0277	NaN	0.0212	0.3904
146.6049	0.1758	0.0275	NaN	0.0211	0.3903
146.6068	0.1755	0.0274	NaN	0.0209	0.3905
146.6073	0.1753	0.0273	NaN	0.0208	0.3906
146.6091	0.1750	0.0271	NaN	0.0206	0.3906
146.6086	0.1748	0.0270	NaN	0.0205	0.3908
146.6108	0.1746	0.0269	NaN	0.0205	0.3908
146.6106	0.1747	0.0269	NaN	0.0205	0.3908
146.6124	0.1746	0.0269	NaN	0.0205	0.3908
146.6149	0.1746	0.0269	NaN	0.0204	0.3908
146.6165	0.1744	0.0268	NaN	0.0204	0.3909
146.6171	0.1745	0.0268	NaN	0.0204	0.3909
146.6187	0.1743	0.0267	NaN	0.0203	0.3908
146.6186	0.1742	0.0267	NaN	0.0202	0.3909
146.6216	0.1740	0.0266	NaN	0.0202	0.3912
146.6230	0.1738	0.0265	NaN	0.0201	0.3912
146.6225	0.1740	0.0265	NaN	0.0201	0.3912
146.6248	0.1737	0.0264	NaN	0.0200	0.3915
146.6256	0.1738	0.0264	NaN	0.0200	0.3912
146.6259	0.1736	0.0264	NaN	0.0199	0.3915
146.6280	0.1736	0.0263	NaN	0.0199	0.3915
146.6279	0.1733	0.0262	NaN	0.0198	0.3917
146.6292	0.1731	0.0260	NaN	0.0197	0.3920
146.6315	0.1729	0.0260	NaN	0.0196	0.3922
146.6318	0.1728	0.0260	NaN	0.0196	0.3922
146.6320	0.1727	0.0259	NaN	0.0195	0.3920
146.6326	0.1726	0.0258	NaN	0.0195	0.3922
146.6343	0.1723	0.0257	NaN	0.0194	0.3919
146.6375	0.1721	0.0256	NaN	0.0193	0.3923
146.6361	0.1720	0.0255	NaN	0.0192	0.3918
146.6377	0.1716	0.0254	NaN	0.0191	0.3924
146.6412	0.1713	0.0252	NaN	0.0189	0.3923
146.6412	0.1709	0.0251	NaN	0.0188	0.3922
146.6446	0.1706	0.0250	NaN	0.0187	0.3924
146.6434	0.1706	0.0250	NaN	0.0187	0.3928
146.6455	0.1705	0.0250	NaN	0.0187	0.3926
146.6499	0.1705	0.0250	NaN	0.0187	0.3924
146.6483	0.1707	0.0251	NaN	0.0187	0.3922
146.6493	0.1707	0.0250	NaN	0.0187	0.3926
146.6508	0.1707	0.0250	NaN	0.0187	0.3922
146.6514	0.1705	0.0250	NaN	0.0187	0.3922
146.6537	0.1701	0.0248	NaN	0.0186	0.3922
146.6526	0.1698	0.0247	NaN	0.0185	0.3921
146.6548	0.1698	0.0247	NaN	0.0184	0.3919
146.6560	0.1697	0.0247	NaN	0.0184	0.3916
146.6568	0.1697	0.0246	NaN	0.0184	0.3917
146.6591	0.1694	0.0245	NaN	0.0182	0.3913
146.6607	0.1693	0.0244	NaN	0.0181	0.3917
146.6597	0.1693	0.0243	NaN	0.0181	0.3916
146.6619	0.1690	0.0242	NaN	0.0180	0.3919
146.6617	0.1689	0.0242	NaN	0.0180	0.3920
146.6654	0.1686	0.0241	NaN	0.0179	0.3924
146.6660	0.1684	0.0241	NaN	0.0179	0.3924
146.6646	0.1684	0.0240	NaN	0.0178	0.3924
146.6660	0.1682	0.0240	NaN	0.0178	0.3923
146.6663	0.1680	0.0239	NaN	0.0177	0.3925
146.6679	0.1678	0.0239	NaN	0.0177	0.3928
146.6707	0.1677	0.0238	NaN	0.0177	0.3926
146.6704	0.1674	0.0237	NaN	0.0176	0.3929
146.6722	0.1671	0.0236	NaN	0.0175	0.3927
146.6730	0.1671	0.0236	NaN	0.0174	0.3925
146.6740	0.1672	0.0236	NaN	0.0174	0.3923
146.6761	0.1670	0.0235	NaN	0.0174	0.3924
146.6743	0.1670	0.0236	NaN	0.0174	0.3922
146.6777	0.1670	0.0236	NaN	0.0174	0.3922
146.6798	0.1669	0.0235	NaN	0.0174	0.3927
146.6797	0.1667	0.0235	NaN	0.0173	0.3926
146.6815	0.1666	0.0234	NaN	0.0172	0.3922
146.6824	0.1659	0.0232	NaN	0.0171	0.3924
146.6826	0.1656	0.0231	NaN	0.0170	0.3928
146.6839	0.1655	0.0230	NaN	0.0169	0.3925
146.6853	0.1655	0.0231	NaN	0.0170	0.3924
146.6880	0.1654	0.0230	NaN	0.0169	0.3927
146.6882	0.1650	0.0228	NaN	0.0168	0.3924
146.6887	0.1646	0.0228	NaN	0.0167	0.3924
146.6909	0.1642	0.0226	NaN	0.0166	0.3931
146.6898	0.1642	0.0227	NaN	0.0166	0.3929
146.6928	0.1639	0.0226	NaN	0.0165	0.3930
146.6935	0.1633	0.0224	NaN	0.0164	0.3927
146.6941	0.1631	0.0223	NaN	0.0163	0.3928
146.6953	0.1627	0.0222	NaN	0.0162	0.3926
146.6980	0.1629	0.0222	NaN	0.0162	0.3928
146.6977	0.1629	0.0222	NaN	0.0162	0.3932
146.7004	0.1629	0.0222	NaN	0.0162	0.3930
146.6995	0.1633	0.0223	NaN	0.0163	0.3930
146.7009	0.1631	0.0222	NaN	0.0162	0.3929
146.7024	0.1629	0.0221	NaN	0.0161	0.3933
146.7031	0.1629	0.0221	NaN	0.0161	0.3930
146.7062	0.1623	0.0219	NaN	0.0159	0.3931
146.7077	0.1617	0.0218	NaN	0.0158	0.3933
146.7079	0.1617	0.0217	NaN	0.0158	0.3933
146.7100	0.1616	0.0217	NaN	0.0157	0.3929
146.7089	0.1616	0.0217	NaN	0.0157	0.3926
146.7115	0.1614	0.0217	NaN	0.0157	0.3929
146.7132	0.1614	0.0216	NaN	0.0156	0.3930
146.7132	0.1616	0.0216	NaN	0.0157	0.3932
146.7154	0.1616	0.0217	NaN	0.0157	0.3931
146.7149	0.1619	0.0217	NaN	0.0157	0.3932
146.7172	0.1613	0.0215	NaN	0.0155	0.3931
146.7176	0.1606	0.0213	NaN	0.0154	0.3931
146.7193	0.1604	0.0212	NaN	0.0153	0.3930
146.7222	0.1596	0.0210	NaN	0.0151	0.3931
146.7234	0.1592	0.0209	NaN	0.0150	0.3934
146.7236	0.1592	0.0209	NaN	0.0150	0.3932
146.7267	0.1586	0.0207	NaN	0.0149	0.3934
146.7258	0.1583	0.0206	NaN	0.0148	0.3933
146.7282	0.1580	0.0205	NaN	0.0147	0.3933
146.7289	0.1578	0.0205	NaN	0.0147	0.3932
146.7286	0.1578	0.0205	NaN	0.0147	0.3929
146.7304	0.1578	0.0205	NaN	0.0147	0.3932
146.7319	0.1577	0.0205	NaN	0.0147	0.3929
146.7324	0.1575	0.0204	NaN	0.0146	0.3931
146.7328	0.1573	0.0203	NaN	0.0145	0.3932
146.7328	0.1574	0.0203	NaN	0.0145	0.3933
146.7352	0.1570	0.0202	NaN	0.0144	0.3937
146.7374	0.1568	0.0201	NaN	0.0143	0.3940
146.7381	0.1565	0.0200	NaN	0.0142	0.3941
146.7409	0.1561	0.0199	NaN	0.0142	0.3942
146.7418	0.1559	0.0199	NaN	0.0141	0.3942
146.7423	0.1556	0.0197	NaN	0.0139	0.3941
146.7429	0.1555	0.0197	NaN	0.0139	0.3943
146.7428	0.1555	0.0197	NaN	0.0140	0.3942
146.7459	0.1554	0.0197	NaN	0.0139	0.3943
146.7489	0.1551	0.0196	NaN	0.0139	0.3944
146.7498	0.1551	0.0196	NaN	0.0138	0.3945
146.7509	0.1550	0.0195	NaN	0.0138	0.3945
146.7495	0.1550	0.0195	NaN	0.0138	0.3942
146.7523	0.1547	0.0195	NaN	0.0137	0.3943
146.7543	0.1548	0.0195	NaN	0.0137	0.3943
146.7536	0.1548	0.0195	NaN	0.0138	0.3940
146.7557	0.1544	0.0194	NaN	0.0137	0.3943
146.7561	0.1538	0.0193	NaN	0.0136	0.3942
146.7566	0.1534	0.0192	NaN	0.0135	0.3945
146.7594	0.1533	0.0191	NaN	0.0134	0.3946
146.7592	0.1529	0.0190	NaN	0.0133	0.3949
146.7612	0.1526	0.0189	NaN	0.0132	0.3950
146.7628	0.1522	0.0188	NaN	0.0131	0.3950
146.7614	0.1524	0.0188	NaN	0.0132	0.3951
146.7644	0.1520	0.0187	NaN	0.0131	0.3952
146.7656	0.1518	0.0187	NaN	0.0131	0.3953
146.7660	0.1519	0.0188	NaN	0.0131	0.3953
146.7676	0.1522	0.0188	NaN	0.0131	0.3951
146.7676	0.1521	0.0189	NaN	0.0132	0.3954
146.7693	0.1521	0.0189	NaN	0.0132	0.3955
146.7703	0.1523	0.0189	NaN	0.0132	0.3953
146.7711	0.1523	0.0189	NaN	0.0132	0.3953
146.7735	0.1519	0.0187	NaN	0.0131	0.3953
146.7734	0.1520	0.0187	NaN	0.0131	0.3953
146.7757	0.1520	0.0187	NaN	0.0130	0.3953
146.7778	0.1514	0.0186	NaN	0.0129	0.3952
146.7769	0.1509	0.0184	NaN	0.0128	0.3953
146.7794	0.1507	0.0183	NaN	0.0127	0.3952
146.7812	0.1504	0.0183	NaN	0.0127	0.3953
146.7795	0.1500	0.0182	NaN	0.0126	0.3953
146.7821	0.1493	0.0180	NaN	0.0124	0.3954
146.7835	0.1487	0.0179	NaN	0.0123	0.3954
146.7846	0.1485	0.0178	NaN	0.0123	0.3954
146.7859	0.1482	0.0177	NaN	0.0122	0.3954
146.7856	0.1482	0.0177	NaN	0.0122	0.3953
146.7862	0.1479	0.0176	NaN	0.0121	0.3953
146.7892	0.1476	0.0175	NaN	0.0120	0.3954
146.7904	0.1475	0.0175	NaN	0.0120	0.3954
146.7929	0.1473	0.0175	NaN	0.0120	0.3954
146.7916	0.1477	0.0176	NaN	0.0121	0.3952
146.7930	0.1478	0.0176	NaN	0.0121	0.3954
146.7955	0.1475	0.0175	NaN	0.0121	0.3955
146.7961	0.1473	0.0175	NaN	0.0120	0.3955
146.7992	0.1469	0.0174	NaN	0.0119	0.3954
146.8004	0.1470	0.0174	NaN	0.0119	0.3954
146.8005	0.1467	0.0174	NaN	0.0119	0.3954
146.8018	0.1461	0.0172	NaN	0.0117	0.3954
146.8017	0.1461	0.0172	NaN	0.0117	0.3955
146.8042	0.1462	0.0172	NaN	0.0117	0.3954
146.8067	0.1466	0.0173	NaN	0.0118	0.3954
146.8056	0.1468	0.0173	NaN	0.0119	0.3955
146.8081	0.1464	0.0172	NaN	0.0118	0.3954
146.8077	0.1460	0.0171	NaN	0.0117	0.3954
146.8094	0.1456	0.0170	NaN	0.0116	0.3954
146.8109	0.1455	0.0170	NaN	0.0115	0.3954
146.8107	0.1455	0.0170	NaN	0.0115	0.3953
146.8115	0.1454	0.0170	NaN	0.0115	0.3953
146.8153	0.1449	0.0168	NaN	0.0114	0.3953
146.8157	0.1447	0.0168	NaN	0.0114	0.3954
146.8178	0.1444	0.0167	NaN	0.0113	0.3954
146.8163	0.1440	0.0166	NaN	0.0112	0.3954
146.8189	0.1437	0.0165	NaN	0.0112	0.3953
146.8203	0.1434	0.0164	NaN	0.0111	0.3952
146.8200	0.1434	0.0164	NaN	0.0111	0.3954
146.8231	0.1433	0.0164	NaN	0.0111	0.3955
146.8255	0.1430	0.0164	NaN	0.0110	0.3954
146.8251	0.1427	0.0163	NaN	0.0109	0.3956
146.8270	0.1425	0.0162	NaN	0.0109	0.3956
146.8282	0.1423	0.0162	NaN	0.0108	0.3956
146.8298	0.1425	0.0162	NaN	0.0109	0.3955
146.8311	0.1424	0.0162	NaN	0.0109	0.3955
146.8303	0.1423	0.0161	NaN	0.0108	0.3955
146.8337	0.1424	0.0162	NaN	0.0109	0.3955
146.8322	0.1425	0.0162	NaN	0.0109	0.3956
146.8353	0.1424	0.0162	NaN	0.0109	0.3956
146.8361	0.1421	0.0161	NaN	0.0108	0.3955
146.8354	0.1421	0.0161	NaN	0.0108	0.3955
146.8383	0.1416	0.0160	NaN	0.0107	0.3954
146.8393	0.1413	0.0159	NaN	0.0106	0.3951
146.8397	0.1410	0.0158	NaN	0.0106	0.3950
146.8427	0.1406	0.0157	NaN	0.0104	0.3950
146.8414	0.1403	0.0156	NaN	0.0104	0.3951
146.8442	0.1399	0.0155	NaN	0.0103	0.3949
146.8462	0.1396	0.0155	NaN	0.0103	0.3951
146.8457	0.1397	0.0155	NaN	0.0103	0.3948
146.8477	0.1396	0.0155	NaN	0.0103	0.3948
146.8500	0.1394	0.0155	NaN	0.0102	0.3942
146.8502	0.1394	0.0155	NaN	0.0102	0.3934
146.8520	0.1394	0.0154	NaN	0.0102	0.3935
146.8523	0.1392	0.0154	NaN	0.0102	0.3930
146.8545	0.1388	0.0153	NaN	0.0101	0.3930
146.8562	0.1379	0.0151	NaN	0.0099	0.3922
146.8553	0.1376	0.0150	NaN	0.0098	0.3925
146.8567	0.1373	0.0149	NaN	0.0097	0.3933
146.8574	0.1374	0.0149	NaN	0.0098	0.3931
146.8599	0.1372	0.0149	NaN	0.0098	0.3930
146.8616	0.1372	0.0149	NaN	0.0098	0.3927
146.8592	0.1374	0.0149	NaN	0.0098	0.3927
146.8620	0.1371	0.0148	NaN	0.0097	0.3931
146.8647	0.1367	0.0147	NaN	0.0096	0.3929
146.8654	0.1369	0.0148	NaN	0.0097	0.3929
146.8659	0.1368	0.0148	NaN	0.0097	0.3928
146.8653	0.1371	0.0148	NaN	0.0097	0.3930
146.8683	0.1366	0.0147	NaN	0.0096	0.3928
146.8709	0.1359	0.0145	NaN	0.0095	0.3932
146.8694	0.1357	0.0145	NaN	0.0094	0.3927
146.8728	0.1354	0.0144	NaN	0.0094	0.3926
146.8744	0.1353	0.0144	NaN	0.0093	0.3925
146.8745	0.1352	0.0144	NaN	0.0093	0.3922
146.8759	0.1351	0.0143	NaN	0.0093	0.3921
146.8771	0.1351	0.0143	NaN	0.0093	0.3921
146.8774	0.1350	0.0143	NaN	0.0093	0.3920
146.8800	0.1347	0.0142	NaN	0.0092	0.3919
146.8796	0.1344	0.0142	NaN	0.0091	0.3923
146.8802	0.1343	0.0141	NaN	0.0091	0.3920
146.8840	0.1340	0.0141	NaN	0.0091	0.3919
146.8846	0.1340	0.0140	NaN	0.0090	0.3919
146.8847	0.1336	0.0139	NaN	0.0090	0.3921
146.8843	0.1335	0.0139	NaN	0.0089	0.3920
146.8872	0.1334	0.0139	NaN	0.0089	0.3920
146.8878	0.1334	0.0139	NaN	0.0089	0.3919
146.8868	0.1333	0.0138	NaN	0.0089	0.3919
146.8895	0.1331	0.0138	NaN	0.0088	0.3919
146.8900	0.1329	0.0137	NaN	0.0088	0.3920
146.8927	0.1327	0.0137	NaN	0.0088	0.3922
146.8948	0.1324	0.0136	NaN	0.0087	0.3921
146.8950	0.1326	0.0137	NaN	0.0087	0.3921
146.8963	0.1328	0.0137	NaN	0.0088	0.3921
146.8970	0.1327	0.0137	NaN	0.0087	0.3920
146.8977	0.1328	0.0137	NaN	0.0087	0.3920
146.8998	0.1326	0.0136	NaN	0.0087	0.3920
146.8994	0.1325	0.0136	NaN	0.0087	0.3919
146.9023	0.1324	0.0136	NaN	0.0086	0.3919
146.9039	0.1321	0.0135	NaN	0.0086	0.3920
146.9033	0.1321	0.0135	NaN	0.0085	0.3919
146.9057	0.1317	0.0134	NaN	0.0085	0.3919
146.9061	0.1312	0.0133	NaN	0.0084	0.3920
146.9073	0.1313	0.0133	NaN	0.0084	0.3919
146.9085	0.1313	0.0133	NaN	0.0084	0.3920
146.9079	0.1313	0.0133	NaN	0.0084	0.3920
146.9107	0.1312	0.0132	NaN	0.0083	0.3921
146.9136	0.1308	0.0131	NaN	0.0083	0.3924
146.9124	0.1304	0.0131	NaN	0.0082	0.3926
146.9154	0.1301	0.0129	NaN	0.0081	0.3934
146.9130	0.1300	0.0129	NaN	0.0080	0.3934
146.9156	0.1298	0.0128	NaN	0.0080	0.3935
146.9174	0.1297	0.0128	NaN	0.0080	0.3929
146.9170	0.1299	0.0128	NaN	0.0080	0.3931
146.9189	0.1298	0.0128	NaN	0.0080	0.3930
146.9217	0.1298	0.0128	NaN	0.0080	0.3928
146.9219	0.1297	0.0127	NaN	0.0079	0.3926
146.9251	0.1294	0.0127	NaN	0.0079	0.3927
146.9249	0.1294	0.0127	NaN	0.0079	0.3927
146.9259	0.1292	0.0126	NaN	0.0078	0.3928
146.9284	0.1292	0.0126	NaN	0.0078	0.3927
146.9283	0.1293	0.0127	NaN	0.0078	0.3928
146.9304	0.1293	0.0126	NaN	0.0078	0.3926
146.9306	0.1293	0.0127	NaN	0.0079	0.3930
146.9295	0.1296	0.0127	NaN	0.0079	0.3927
146.9317	0.1293	0.0126	NaN	0.0078	0.3927
146.9321	0.1292	0.0126	NaN	0.0078	0.3928
146.9349	0.1289	0.0125	NaN	0.0077	0.3929
146.9359	0.1288	0.0125	NaN	0.0077	0.3931
146.9363	0.1289	0.0125	NaN	0.0077	0.3931
146.9391	0.1288	0.0124	NaN	0.0076	0.3932
146.9391	0.1288	0.0124	NaN	0.0076	0.3930
146.9412	0.1289	0.0124	NaN	0.0077	0.3930
146.9428	0.1289	0.0124	NaN	0.0076	0.3928
146.9425	0.1289	0.0124	NaN	0.0076	0.3924
146.9449	0.1287	0.0124	NaN	0.0076	0.3931
146.9470	0.1283	0.0123	NaN	0.0075	0.3932
146.9472	0.1281	0.0122	NaN	0.0074	0.3931
146.9494	0.1282	0.0122	NaN	0.0074	0.3933
146.9487	0.1281	0.0122	NaN	0.0074	0.3933
146.9525	0.1280	0.0120	NaN	0.0073	0.3935
146.9536	0.1279	0.0120	NaN	0.0073	0.3937
146.9535	0.1279	0.0120	NaN	0.0073	0.3938
146.9553	0.1279	0.0120	NaN	0.0072	0.3939
146.9570	0.1279	0.0119	NaN	0.0072	0.3940
146.9570	0.1280	0.0119	NaN	0.0072	0.3940
146.9573	0.1279	0.0119	NaN	0.0071	0.3941
146.9568	0.1277	0.0119	NaN	0.0071	0.3942
146.9588	0.1276	0.0119	NaN	0.0071	0.3944
146.9623	0.1276	0.0118	NaN	0.0071	0.3947
146.9624	0.1276	0.0118	NaN	0.0071	0.3946
146.9649	0.1277	0.0118	NaN	0.0070	0.3948
146.9665	0.1279	0.0118	NaN	0.0070	0.3951
146.9661	0.1279	0.0117	NaN	0.0070	0.3951
146.9670	0.1279	0.0117	NaN	0.0070	0.3952
146.9669	0.1279	0.0117	NaN	0.0069	0.3953
146.9699	0.1280	0.0116	NaN	0.0069	0.3952
146.9709	0.1281	0.0116	NaN	0.0068	0.3953
146.9711	0.1281	0.0116	NaN	0.0069	0.3951
146.9721	0.1280	0.0116	NaN	0.0068	0.3949
146.9725	0.1279	0.0116	NaN	0.0068	0.3945
146.9750	0.1279	0.0116	NaN	0.0068	0.3951
146.9760	0.1278	0.0116	NaN	0.0069	0.3947
146.9772	0.1278	0.0116	NaN	0.0069	0.3948
146.9793	0.1279	0.0116	NaN	0.0068	0.3954
146.9809	0.1280	0.0115	NaN	0.0067	0.3950
146.9799	0.1280	0.0115	NaN	0.0067	0.3949
146.9819	0.1281	0.0114	NaN	0.0067	0.3952
146.9831	0.1281	0.0114	NaN	0.0067	0.3953
146.9854	0.1281	0.0114	NaN	0.0066	0.3950
146.9857	0.1282	0.0114	NaN	0.0066	0.3949
146.9868	0.1282	0.0114	NaN	0.0066	0.3950
146.9880	0.1282	0.0114	NaN	0.0066	0.3946
146.9886	0.1284	0.0113	NaN	0.0066	0.3953
146.9900	0.1287	0.0113	NaN	0.0065	0.3953
146.9917	0.1287	0.0113	NaN	0.0065	0.3955
146.9925	0.1288	0.0113	NaN	0.0065	0.3960
146.9923	0.1288	0.0113	NaN	0.0065	0.3961
146.9943	0.1289	0.0113	NaN	0.0064	0.3964
146.9959	0.1291	0.0112	NaN	0.0064	0.3963
146.9971	0.1295	0.0112	NaN	0.0064	0.3966
146.9964	0.1295	0.0112	NaN	0.0064	0.3964
146.9994	0.1299	0.0111	NaN	0.0063	0.3965
147.0017	0.1302	0.0111	NaN	0.0063	0.3963
146.9998	0.1301	0.0111	NaN	0.0063	0.3957
147.0038	0.1302	0.0111	NaN	0.0063	0.3957
147.0043	0.1304	0.0111	NaN	0.0063	0.3956
147.0048	0.1306	0.0111	NaN	0.0062	0.3953
147.0064	0.1308	0.0111	NaN	0.0062	0.3955
147.0066	0.1309	0.0111	NaN	0.0062	0.3955
147.0083	0.1313	0.0111	NaN	0.0062	0.3957
147.0110	0.1319	0.0110	NaN	0.0061	0.3960
147.0111	0.1323	0.0110	NaN	0.0061	0.3962
147.0118	0.1329	0.0110	NaN	0.0061	0.3961
147.0134	0.1330	0.0110	NaN	0.0060	0.3960
147.0131	0.1329	0.0110	NaN	0.0060	0.3958
147.0162	0.1328	0.0110	NaN	0.0060	0.3958
147.0155	0.1325	0.0110	NaN	0.0061	0.3954
147.0174	0.1326	0.0110	NaN	0.0060	0.3960
147.0170	0.1334	0.0109	NaN	0.0060	0.3964
147.0168	0.1336	0.0109	NaN	0.0060	0.3963
147.0200	0.1348	0.0109	NaN	0.0059	0.3965
147.0199	0.1351	0.0109	NaN	0.0059	0.3961
147.0224	0.1356	0.0109	NaN	0.0059	0.3964
147.0249	0.1362	0.0109	NaN	0.0059	0.3961
147.0240	0.1363	0.0109	NaN	0.0058	0.3959
147.0252	0.1372	0.0109	NaN	0.0058	0.3961
147.0265	0.1380	0.0109	NaN	0.0058	0.3962
147.0262	0.1385	0.0109	NaN	0.0058	0.3961
147.0287	0.1389	0.0109	NaN	0.0058	0.3957
147.0294	0.1392	0.0109	NaN	0.0057	0.3954
147.0303	0.1394	0.0109	NaN	0.0057	0.3953
147.0323	0.1404	0.0109	NaN	0.0057	0.3953
147.0324	0.1406	0.0109	NaN	0.0057	0.3955
147.0363	0.1418	0.0109	NaN	0.0057	0.3958
147.0370	0.1427	0.0109	NaN	0.0056	0.3959
147.0379	0.1426	0.0109	NaN	0.0056	0.3956
147.0399	0.1431	0.0109	NaN	0.0056	0.3961
147.0402	0.1430	0.0109	NaN	0.0057	0.3959
147.0414	0.1444	0.0109	NaN	0.0056	0.3962
147.0440	0.1455	0.0110	NaN	0.0056	0.3960
147.0441	0.1448	0.0110	NaN	0.0056	0.3958
147.0456	0.1443	0.0110	NaN	0.0057	0.3961
147.0478	0.1453	0.0110	NaN	0.0056	0.3956
147.0486	0.1464	0.0110	NaN	0.0056	0.3961
147.0514	0.1492	0.0110	NaN	0.0055	0.3962
147.0496	0.1497	0.0111	NaN	0.0055	0.3958
147.0518	0.1508	0.0111	NaN	0.0055	0.3958
147.0542	0.1513	0.0111	NaN	0.0055	0.3956
147.0540	0.1504	0.0111	NaN	0.0055	0.3955
147.0549	0.1511	0.0111	NaN	0.0055	0.3958
147.0549	0.1512	0.0111	NaN	0.0055	0.3959
147.0577	0.1526	0.0111	NaN	0.0055	0.3958
147.0582	0.1546	0.0111	NaN	0.0055	0.3962
147.0579	0.1549	0.0112	NaN	0.0055	0.3963
147.0615	0.1579	0.0112	NaN	0.0054	0.3962
147.0627	0.1591	0.0113	NaN	0.0054	0.3964
147.0631	0.1595	0.0113	NaN	0.0054	0.3963
147.0649	0.1621	0.0113	NaN	0.0054	0.3968
147.0646	0.1634	0.0114	NaN	0.0054	0.3967
147.0648	0.1655	0.0114	NaN	0.0053	0.3968
147.0674	0.1671	0.0115	NaN	0.0053	0.3972
147.0664	0.1670	0.0115	NaN	0.0053	0.3973
147.0688	0.1700	0.0115	NaN	0.0053	0.3973
147.0705	0.1727	0.0116	NaN	0.0053	0.3972
147.0703	0.1747	0.0117	NaN	0.0052	0.3974
147.0720	0.1757	0.0117	NaN	0.0052	0.3971
147.0719	0.1751	0.0117	NaN	0.0052	0.3972
147.0744	0.1764	0.0117	NaN	0.0052	0.3972
147.0754	0.1748	0.0117	NaN	0.0053	0.3974
147.0754	0.1750	0.0117	NaN	0.0053	0.3973
147.0792	0.1814	0.0119	NaN	0.0052	0.3973
147.0788	0.1864	0.0120	NaN	0.0052	0.3976
147.0822	0.1945	0.0123	NaN	0.0052	0.3977
147.0801	0.1964	0.0123	NaN	0.0051	0.3977
147.0814	0.1938	0.0122	NaN	0.0051	0.3976
147.0838	0.1980	0.0124	NaN	0.0052	0.3977
147.0864	0.2013	0.0125	NaN	0.0051	0.3977
147.0853	0.1969	0.0124	NaN	0.0052	0.3977
147.0873	0.1972	0.0124	NaN	0.0051	0.3977
147.0879	0.1956	0.0123	NaN	0.0052	0.3978
147.0897	0.2041	0.0126	NaN	0.0051	0.3978
147.0919	0.2113	0.0128	NaN	0.0051	0.3979
147.0907	0.2171	0.0130	NaN	0.0051	0.3978
147.0920	0.2227	0.0132	NaN	0.0051	0.3979
147.0951	0.2244	0.0133	NaN	0.0051	0.3980
147.0935	0.2213	0.0132	NaN	0.0051	0.3979
147.0957	0.2261	0.0133	NaN	0.0051	0.3979
147.0949	0.2321	0.0135	NaN	0.0050	0.3978
147.0981	0.2485	0.0141	NaN	0.0050	0.3975
147.0990	0.2604	0.0145	NaN	0.0050	0.3978
147.0997	0.2597	0.0145	NaN	0.0050	0.3978
147.1014	0.2652	0.0146	NaN	0.0050	0.3978
147.1044	0.2758	0.0150	NaN	0.0049	0.3980
147.1036	0.2816	0.0152	NaN	0.0049	0.3979
147.1069	0.2891	0.0155	NaN	0.0049	0.3980
147.1051	0.2928	0.0156	NaN	0.0049	0.3980
147.1061	0.2931	0.0156	NaN	0.0049	0.3980
147.1087	0.2950	0.0157	NaN	0.0049	0.3980
147.1072	0.2912	0.0155	NaN	0.0049	0.3979
147.1105	0.3005	0.0158	NaN	0.0049	0.3980
147.1124	0.3051	0.0160	NaN	0.0049	0.3979
147.1146	0.3162	0.0164	NaN	0.0049	0.3980
147.1144	0.3202	0.0165	NaN	0.0049	0.3980
147.1145	0.3198	0.0165	NaN	0.0049	0.3979
147.1170	0.3239	0.0166	NaN	0.0049	0.3979
147.1194	0.3240	0.0166	NaN	0.0049	0.3980
147.1200	0.3287	0.0168	NaN	0.0049	0.3980
147.1207	0.3324	0.0169	NaN	0.0049	0.3980
147.1205	0.3328	0.0169	NaN	0.0049	0.3980
147.1217	0.3340	0.0170	NaN	0.0048	0.3979
147.1245	0.3339	0.0170	NaN	0.0048	0.3978
147.1243	0.3330	0.0169	NaN	0.0049	0.3980
147.1261	0.3344	0.0170	NaN	0.0048	0.3980
147.1278	0.3356	0.0170	NaN	0.0048	0.3977
147.1280	0.3357	0.0170	NaN	0.0048	0.3970
147.1311	0.3353	0.0170	NaN	0.0048	0.3973
147.1305	0.3358	0.0170	NaN	0.0048	0.3976
147.1311	0.3355	0.0170	NaN	0.0048	0.3978
147.1324	0.3352	0.0170	NaN	0.0048	0.3979
147.1322	0.3346	0.0169	NaN	0.0048	0.3978
147.1349	0.3339	0.0169	NaN	0.0048	0.3978
147.1353	0.3339	0.0169	NaN	0.0048	0.3977
147.1357	0.3339	0.0169	NaN	0.0048	0.3977
147.1391	0.3333	0.0169	NaN	0.0048	0.3976
147.1385	0.3324	0.0169	NaN	0.0048	0.3978
147.1410	0.3325	0.0168	NaN	0.0048	0.3970
147.1428	0.3346	0.0169	NaN	0.0047	0.3975
147.1429	0.3383	0.0170	NaN	0.0047	0.3968
147.1450	0.3410	0.0171	NaN	0.0047	0.3974
147.1453	0.3412	0.0171	NaN	0.0047	0.3973
147.1464	0.3401	0.0171	NaN	0.0047	0.3972
147.1482	0.3434	0.0172	NaN	0.0047	0.3968
147.1483	0.3451	0.0172	NaN	0.0047	0.3971
147.1499	0.3497	0.0174	NaN	0.0047	0.3968
147.1514	0.3538	0.0175	NaN	0.0047	0.3967
147.1509	0.3474	0.0173	NaN	0.0047	0.3972
147.1537	0.3459	0.0173	NaN	0.0047	0.3974
147.1548	0.3434	0.0172	NaN	0.0047	0.3973
147.1569	0.3417	0.0171	NaN	0.0047	0.3974
147.1578	0.3450	0.0172	NaN	0.0047	0.3971
147.1590	0.3480	0.0174	NaN	0.0047	0.3967
147.1612	0.3571	0.0176	NaN	0.0047	0.3967
147.1594	0.3634	0.0179	NaN	0.0047	0.3970
147.1622	0.3760	0.0183	NaN	0.0047	0.3968
147.1640	0.3994	0.0192	NaN	0.0047	0.3967
147.1665	0.4228	0.0200	NaN	0.0046	0.3966
147.1675	0.4328	0.0203	NaN	0.0046	0.3967
147.1703	0.4391	0.0205	NaN	0.0046	0.3968
147.1681	0.4220	0.0199	NaN	0.0046	0.3965
147.1717	0.4331	0.0203	NaN	0.0047	0.3967
147.1707	0.4303	0.0202	NaN	0.0046	0.3963
147.1719	0.4358	0.0204	NaN	0.0047	0.3972
147.1756	0.4642	0.0214	NaN	0.0047	0.3972
147.1745	0.4771	0.0219	NaN	0.0046	0.3970
147.1761	0.4970	0.0226	NaN	0.0046	0.3969
147.1787	0.5145	0.0232	NaN	0.0046	0.3966
147.1783	0.5423	0.0241	NaN	0.0046	0.3963
147.1800	0.5953	0.0260	NaN	0.0046	0.3956
147.1807	0.6284	0.0273	NaN	0.0046	0.3952
147.1823	0.6420	0.0277	NaN	0.0046	0.3963
147.1839	0.6534	0.0281	NaN	0.0046	0.3956
147.1831	0.6583	0.0283	NaN	0.0046	0.3955
147.1860	0.6848	0.0293	NaN	0.0046	0.3958
147.1860	0.6838	0.0292	NaN	0.0046	0.3960
147.1858	0.6732	0.0289	NaN	0.0046	0.3960
147.1885	0.6949	0.0296	NaN	0.0046	0.3959
147.1892	0.7034	0.0299	NaN	0.0046	0.3952
147.1914	0.6977	0.0297	NaN	0.0046	0.3957
147.1934	0.7081	0.0301	NaN	0.0046	0.3955
147.1933	0.7212	0.0305	NaN	0.0046	0.3956
147.1951	0.7240	0.0307	NaN	0.0046	0.3955
147.1958	0.7229	0.0306	NaN	0.0046	0.3961
147.1974	0.7188	0.0304	NaN	0.0046	0.3956
147.1994	0.7112	0.0302	NaN	0.0046	0.3953
147.1990	0.7110	0.0302	NaN	0.0046	0.3952
147.1999	0.7104	0.0301	NaN	0.0046	0.3954
147.2042	0.7066	0.0300	NaN	0.0046	0.3953
147.2039	0.7042	0.0299	NaN	0.0046	0.3950
147.2070	0.6957	0.0296	NaN	0.0046	0.3946
147.2054	0.6907	0.0294	NaN	0.0046	0.3945
147.2064	0.6879	0.0293	NaN	0.0046	0.3947
147.2092	0.6768	0.0289	NaN	0.0046	0.3948
147.2104	0.6656	0.0286	NaN	0.0046	0.3942
147.2116	0.6564	0.0282	NaN	0.0046	0.3945
147.2129	0.6432	0.0277	NaN	0.0046	0.3941
147.2126	0.6465	0.0278	NaN	0.0046	0.3945
147.2143	0.6526	0.0281	NaN	0.0046	0.3948
147.2141	0.6582	0.0283	NaN	0.0046	0.3952
147.2159	0.6531	0.0281	NaN	0.0046	0.3953
147.2181	0.6398	0.0276	NaN	0.0046	0.3946
147.2171	0.6365	0.0275	NaN	0.0046	0.3945
147.2203	0.6192	0.0269	NaN	0.0046	0.3945
147.2194	0.6061	0.0264	NaN	0.0046	0.3946
147.2228	0.5942	0.0260	NaN	0.0046	0.3945
147.2241	0.5803	0.0255	NaN	0.0045	0.3944
147.2237	0.5720	0.0252	NaN	0.0045	0.3943
147.2261	0.5624	0.0248	NaN	0.0045	0.3942
147.2284	0.5519	0.0244	NaN	0.0046	0.3941
147.2275	0.5548	0.0246	NaN	0.0045	0.3942
147.2312	0.5561	0.0246	NaN	0.0046	0.3942
147.2298	0.5734	0.0252	NaN	0.0046	0.3944
147.2335	0.5634	0.0249	NaN	0.0046	0.3944
147.2353	0.5588	0.0247	NaN	0.0045	0.3944
147.2346	0.5584	0.0247	NaN	0.0045	0.3943
147.2343	0.5421	0.0241	NaN	0.0045	0.3942
147.2369	0.5351	0.0239	NaN	0.0045	0.3941
147.2365	0.5330	0.0238	NaN	0.0045	0.3941
147.2387	0.5301	0.0236	NaN	0.0045	0.3941
147.2386	0.5294	0.0236	NaN	0.0045	0.3942
147.2403	0.5298	0.0236	NaN	0.0045	0.3942
147.2423	0.5322	0.0237	NaN	0.0045	0.3943
147.2432	0.5308	0.0237	NaN	0.0046	0.3943
147.2441	0.5315	0.0237	NaN	0.0045	0.3942
147.2439	0.5337	0.0238	NaN	0.0045	0.3942
147.2469	0.5404	0.0240	NaN	0.0046	0.3943
147.2476	0.5472	0.0243	NaN	0.0046	0.3943
147.2464	0.5495	0.0244	NaN	0.0045	0.3944
147.2497	0.5517	0.0244	NaN	0.0045	0.3946
147.2518	0.5488	0.0243	NaN	0.0045	0.3945
147.2529	0.5486	0.0243	NaN	0.0046	0.3945
147.2549	0.5474	0.0243	NaN	0.0046	0.3946
147.2549	0.5439	0.0242	NaN	0.0046	0.3944
147.2562	0.5443	0.0242	NaN	0.0046	0.3943
147.2569	0.5426	0.0241	NaN	0.0046	0.3946
147.2575	0.5416	0.0241	NaN	0.0045	0.3950
147.2577	0.5412	0.0241	NaN	0.0045	0.3945
147.2599	0.5409	0.0241	NaN	0.0045	0.3949
147.2615	0.5432	0.0241	NaN	0.0046	0.3948
147.2635	0.5410	0.0241	NaN	0.0046	0.3950
147.2625	0.5413	0.0241	NaN	0.0046	0.3949
147.2642	0.5416	0.0241	NaN	0.0046	0.3948
147.2675	0.5384	0.0240	NaN	0.0045	0.3950
147.2686	0.5379	0.0239	NaN	0.0046	0.3953
147.2699	0.5386	0.0240	NaN	0.0046	0.3947
147.2703	0.5386	0.0240	NaN	0.0045	0.3945
147.2703	0.5380	0.0239	NaN	0.0045	0.3950
147.2717	0.5379	0.0239	NaN	0.0045	0.3949
147.2725	0.5391	0.0240	NaN	0.0046	0.3948
147.2740	0.5412	0.0241	NaN	0.0045	0.3948
147.2766	0.5432	0.0241	NaN	0.0046	0.3947
147.2775	0.5437	0.0242	NaN	0.0045	0.3949
147.2787	0.5470	0.0243	NaN	0.0045	0.3945
147.2790	0.5495	0.0244	NaN	0.0046	0.3948
147.2817	0.5485	0.0244	NaN	0.0046	0.3942
147.2842	0.5431	0.0242	NaN	0.0046	0.3942
147.2823	0.5448	0.0242	NaN	0.0046	0.3941
147.2825	0.5413	0.0241	NaN	0.0046	0.3942
147.2846	0.5351	0.0239	NaN	0.0046	0.3944
147.2849	0.5268	0.0236	NaN	0.0046	0.3944
147.2861	0.5104	0.0230	NaN	0.0046	0.3943
147.2865	0.4806	0.0220	NaN	0.0046	0.3944
147.2881	0.4603	0.0212	NaN	0.0046	0.3946
147.2911	0.4400	0.0205	NaN	0.0046	0.3947
147.2914	0.4409	0.0206	NaN	0.0046	0.3946
147.2929	0.4388	0.0205	NaN	0.0046	0.3951
147.2930	0.4243	0.0200	NaN	0.0046	0.3951
147.2927	0.4370	0.0204	NaN	0.0046	0.3945
147.2946	0.4138	0.0196	NaN	0.0046	0.3949
147.2946	0.4272	0.0201	NaN	0.0046	0.3946
147.2980	0.4086	0.0194	NaN	0.0046	0.3948
147.3015	0.3862	0.0186	NaN	0.0046	0.3949
147.3000	0.3652	0.0178	NaN	0.0046	0.3949
147.3026	0.3615	0.0177	NaN	0.0046	0.3946
147.3032	0.3702	0.0180	NaN	0.0046	0.3947
147.3044	0.3566	0.0175	NaN	0.0046	0.3947
147.3054	0.3540	0.0175	NaN	0.0046	0.3947
147.3066	0.3662	0.0179	NaN	0.0046	0.3946
147.3086	0.3428	0.0171	NaN	0.0046	0.3947
147.3096	0.3288	0.0165	NaN	0.0046	0.3946
147.3089	0.3176	0.0161	NaN	0.0046	0.3946
147.3108	0.3142	0.0160	NaN	0.0046	0.3948
147.3097	0.2962	0.0154	NaN	0.0046	0.3946
147.3120	0.2883	0.0151	NaN	0.0046	0.3949
147.3134	0.2628	0.0142	NaN	0.0046	0.3949
147.3137	0.2580	0.0141	NaN	0.0046	0.3950
147.3148	0.2477	0.0136	NaN	0.0046	0.3948
147.3175	0.2374	0.0133	NaN	0.0046	0.3948
147.3177	0.2357	0.0132	NaN	0.0046	0.3948
147.3190	0.2257	0.0129	NaN	0.0046	0.3948
147.3198	0.2157	0.0125	NaN	0.0046	0.3950
147.3208	0.2037	0.0121	NaN	0.0047	0.3948
147.3238	0.1941	0.0118	NaN	0.0047	0.3951
147.3243	0.1898	0.0116	NaN	0.0047	0.3952
147.3259	0.1858	0.0115	NaN	0.0047	0.3952
147.3265	0.1830	0.0114	NaN	0.0047	0.3956
147.3294	0.1814	0.0114	NaN	0.0047	0.3955
147.3306	0.1808	0.0114	NaN	0.0047	0.3956
147.3312	0.1805	0.0113	NaN	0.0047	0.3955
147.3320	0.1788	0.0113	NaN	0.0047	0.3954
147.3344	0.1767	0.0112	NaN	0.0047	0.3954
147.3336	0.1768	0.0112	NaN	0.0047	0.3951
147.3354	0.1742	0.0111	NaN	0.0047	0.3957
147.3349	0.1741	0.0111	NaN	0.0047	0.3953
147.3372	0.1735	0.0111	NaN	0.0047	0.3955
147.3399	0.1739	0.0111	NaN	0.0047	0.3956
147.3395	0.1748	0.0112	NaN	0.0047	0.3954
147.3417	0.1736	0.0111	NaN	0.0047	0.3958
147.3434	0.1729	0.0111	NaN	0.0047	0.3956
147.3424	0.1714	0.0111	NaN	0.0047	0.3957
147.3444	0.1692	0.0110	NaN	0.0047	0.3956
147.3437	0.1682	0.0109	NaN	0.0047	0.3957
147.3470	0.1666	0.0109	NaN	0.0048	0.3960
147.3485	0.1651	0.0109	NaN	0.0048	0.3960
147.3493	0.1635	0.0108	NaN	0.0048	0.3960
147.3510	0.1627	0.0108	NaN	0.0048	0.3957
147.3524	0.1627	0.0108	NaN	0.0048	0.3957
147.3528	0.1639	0.0108	NaN	0.0048	0.3957
147.3547	0.1622	0.0108	NaN	0.0048	0.3960
147.3552	0.1629	0.0108	NaN	0.0048	0.3964
147.3548	0.1610	0.0108	NaN	0.0048	0.3966
147.3562	0.1557	0.0106	NaN	0.0048	0.3970
147.3566	0.1530	0.0105	NaN	0.0049	0.3970
147.3592	0.1498	0.0104	NaN	0.0049	0.3968
147.3602	0.1490	0.0104	NaN	0.0049	0.3968
147.3621	0.1475	0.0104	NaN	0.0049	0.3967
147.3652	0.1463	0.0103	NaN	0.0049	0.3971
147.3644	0.1455	0.0103	NaN	0.0049	0.3975
147.3664	0.1437	0.0102	NaN	0.0049	0.3974
147.3670	0.1421	0.0102	NaN	0.0050	0.3976
147.3664	0.1424	0.0102	NaN	0.0049	0.3974
147.3702	0.1420	0.0102	NaN	0.0049	0.3974
147.3691	0.1430	0.0102	NaN	0.0049	0.3971
147.3708	0.1414	0.0102	NaN	0.0050	0.3971
147.3729	0.1397	0.0101	NaN	0.0050	0.3972
147.3725	0.1387	0.0101	NaN	0.0050	0.3970
147.3755	0.1374	0.0101	NaN	0.0050	0.3973
147.3778	0.1359	0.0101	NaN	0.0050	0.3972
147.3770	0.1362	0.0101	NaN	0.0050	0.3972
147.3790	0.1372	0.0101	NaN	0.0050	0.3970
147.3779	0.1368	0.0101	NaN	0.0050	0.3970
147.3810	0.1353	0.0101	NaN	0.0050	0.3971
147.3820	0.1335	0.0100	NaN	0.0051	0.3974
147.3822	0.1325	0.0100	NaN	0.0051	0.3979
147.3847	0.1310	0.0100	NaN	0.0051	0.3982
147.3850	0.1299	0.0100	NaN	0.0051	0.3980
147.3859	0.1301	0.0100	NaN	0.0052	0.3981
147.3887	0.1302	0.0100	NaN	0.0052	0.3984
147.3893	0.1300	0.0100	NaN	0.0052	0.3985
147.3903	0.1295	0.0100	NaN	0.0052	0.3987
147.3918	0.1287	0.0100	NaN	0.0052	0.3984
147.3917	0.1288	0.0100	NaN	0.0052	0.3982
147.3928	0.1286	0.0100	NaN	0.0052	0.3981
147.3925	0.1287	0.0100	NaN	0.0052	0.3982
147.3950	0.1284	0.0100	NaN	0.0052	0.3985
147.3966	0.1276	0.0100	NaN	0.0052	0.3986
147.3969	0.1268	0.0100	NaN	0.0052	0.3986
147.3982	0.1263	0.0100	NaN	0.0053	0.3986
147.4010	0.1252	0.0099	NaN	0.0053	0.3985
147.4002	0.1253	0.0099	NaN	0.0053	0.3983
147.4021	0.1245	0.0099	NaN	0.0053	0.3985
147.4016	0.1243	0.0099	NaN	0.0053	0.3985
147.4042	0.1238	0.0099	NaN	0.0053	0.3985
147.4051	0.1232	0.0099	NaN	0.0053	0.3988
147.4078	0.1231	0.0100	NaN	0.0053	0.3988
147.4072	0.1233	0.0099	NaN	0.0053	0.3988
147.4099	0.1231	0.0100	NaN	0.0054	0.3987
147.4092	0.1231	0.0100	NaN	0.0054	0.3987
147.4111	0.1225	0.0100	NaN	0.0054	0.3988
147.4108	0.1221	0.0100	NaN	0.0054	0.3989
147.4132	0.1222	0.0100	NaN	0.0054	0.3989
147.4149	0.1221	0.0100	NaN	0.0054	0.3989
147.4153	0.1217	0.0100	NaN	0.0054	0.3991
147.4174	0.1213	0.0100	NaN	0.0054	0.3990
147.4173	0.1214	0.0100	NaN	0.0054	0.3992
147.4194	0.1212	0.0100	NaN	0.0055	0.3992
147.4212	0.1208	0.0100	NaN	0.0055	0.3991
147.4217	0.1203	0.0100	NaN	0.0055	0.3990
147.4228	0.1191	0.0100	NaN	0.0055	0.3990
147.4246	0.1187	0.0100	NaN	0.0056	0.3991
147.4240	0.1187	0.0100	NaN	0.0056	0.3991
147.4270	0.1187	0.0100	NaN	0.0056	0.3991
147.4270	0.1191	0.0100	NaN	0.0056	0.3990
147.4285	0.1190	0.0100	NaN	0.0056	0.3991
147.4302	0.1189	0.0100	NaN	0.0056	0.3992
147.4302	0.1189	0.0100	NaN	0.0056	0.3992
147.4322	0.1188	0.0100	NaN	0.0056	0.3992
147.4343	0.1184	0.0100	NaN	0.0056	0.3992
147.4333	0.1183	0.0100	NaN	0.0056	0.3993
147.4358	0.1180	0.0101	NaN	0.0057	0.3992
147.4371	0.1176	0.0101	NaN	0.0057	0.3994
147.4367	0.1173	0.0101	NaN	0.0057	0.3994
147.4387	0.1172	0.0101	NaN	0.0057	0.3993
147.4384	0.1173	0.0101	NaN	0.0057	0.3994
147.4411	0.1170	0.0101	NaN	0.0057	0.3992
147.4401	0.1169	0.0101	NaN	0.0057	0.3992
147.4414	0.1167	0.0102	NaN	0.0058	0.3991
147.4433	0.1166	0.0102	NaN	0.0058	0.3988
147.4432	0.1161	0.0102	NaN	0.0058	0.3989
147.4464	0.1160	0.0102	NaN	0.0059	0.3989
147.4481	0.1157	0.0102	NaN	0.0059	0.3988
147.4479	0.1157	0.0102	NaN	0.0059	0.3989
147.4509	0.1155	0.0103	NaN	0.0060	0.3989
147.4491	0.1155	0.0103	NaN	0.0060	0.3991
147.4510	0.1154	0.0103	NaN	0.0060	0.3992
147.4541	0.1152	0.0103	NaN	0.0060	0.3992
147.4544	0.1152	0.0103	NaN	0.0060	0.3992
147.4574	0.1150	0.0103	NaN	0.0060	0.3992
147.4587	0.1150	0.0104	NaN	0.0060	0.3991
147.4594	0.1150	0.0104	NaN	0.0061	0.3992
147.4598	0.1149	0.0104	NaN	0.0061	0.3992
147.4592	0.1151	0.0104	NaN	0.0060	0.3994
147.4621	0.1151	0.0104	NaN	0.0060	0.3993
147.4637	0.1151	0.0104	NaN	0.0060	0.3992
147.4648	0.1152	0.0103	NaN	0.0060	0.3994
147.4666	0.1150	0.0104	NaN	0.0061	0.3987
147.4673	0.1148	0.0104	NaN	0.0061	0.3988
147.4693	0.1147	0.0104	NaN	0.0061	0.3986
147.4708	0.1148	0.0105	NaN	0.0062	0.3986
147.4703	0.1148	0.0105	NaN	0.0062	0.3986
147.4722	0.1148	0.0105	NaN	0.0062	0.3984
147.4734	0.1150	0.0105	NaN	0.0062	0.3988
147.4732	0.1149	0.0105	NaN	0.0062	0.3987
147.4739	0.1149	0.0105	NaN	0.0062	0.3985
147.4737	0.1148	0.0106	NaN	0.0063	0.3984
147.4754	0.1147	0.0106	NaN	0.0063	0.3983
147.4774	0.1145	0.0106	NaN	0.0063	0.3984
147.4778	0.1145	0.0106	NaN	0.0063	0.3983
147.4797	0.1144	0.0107	NaN	0.0064	0.3983
147.4806	0.1144	0.0107	NaN	0.0064	0.3978
147.4805	0.1144	0.0107	NaN	0.0064	0.3976
147.4834	0.1145	0.0107	NaN	0.0065	0.3969
147.4830	0.1145	0.0107	NaN	0.0065	0.3976
147.4850	0.1145	0.0107	NaN	0.0064	0.3976
147.4869	0.1146	0.0107	NaN	0.0064	0.3975
147.4864	0.1145	0.0107	NaN	0.0064	0.3972
147.4886	0.1144	0.0108	NaN	0.0065	0.3971
147.4899	0.1145	0.0108	NaN	0.0065	0.3968
147.4907	0.1144	0.0109	NaN	0.0066	0.3963
147.4928	0.1143	0.0109	NaN	0.0066	0.3964
147.4929	0.1144	0.0109	NaN	0.0066	0.3967
147.4935	0.1147	0.0109	NaN	0.0066	0.3968
147.4958	0.1147	0.0109	NaN	0.0066	0.3975
147.4952	0.1145	0.0109	NaN	0.0066	0.3973
147.4969	0.1147	0.0109	NaN	0.0066	0.3975
147.4961	0.1146	0.0109	NaN	0.0066	0.3973
147.4992	0.1144	0.0110	NaN	0.0067	0.3971
147.5004	0.1147	0.0110	NaN	0.0067	0.3968
147.5000	0.1146	0.0110	NaN	0.0067	0.3968
147.5010	0.1145	0.0110	NaN	0.0067	0.3969
147.5033	0.1145	0.0111	NaN	0.0068	0.3960
147.5027	0.1146	0.0111	NaN	0.0068	0.3957
147.5046	0.1145	0.0111	NaN	0.0069	0.3961
147.5061	0.1144	0.0111	NaN	0.0068	0.3955
147.5066	0.1148	0.0112	NaN	0.0069	0.3956
147.5091	0.1150	0.0112	NaN	0.0069	0.3952
147.5092	0.1148	0.0112	NaN	0.0069	0.3955
147.5100	0.1145	0.0112	NaN	0.0069	0.3959
147.5127	0.1146	0.0112	NaN	0.0070	0.3958
147.5122	0.1147	0.0113	NaN	0.0070	0.3955
147.5150	0.1151	0.0114	NaN	0.0071	0.3954
147.5143	0.1150	0.0115	NaN	0.0072	0.3955
147.5156	0.1149	0.0115	NaN	0.0072	0.3958
147.5165	0.1151	0.0115	NaN	0.0072	0.3960
147.5154	0.1150	0.0115	NaN	0.0072	0.3967
147.5183	0.1152	0.0115	NaN	0.0072	0.3976
147.5182	0.1155	0.0115	NaN	0.0072	0.3974
147.5193	0.1154	0.0116	NaN	0.0072	0.3967
147.5217	0.1156	0.0116	NaN	0.0073	0.3965
147.5223	0.1157	0.0116	NaN	0.0073	0.3961
147.5235	0.1156	0.0116	NaN	0.0073	0.3962
147.5249	0.1155	0.0116	NaN	0.0073	0.3959
147.5236	0.1155	0.0116	NaN	0.0073	0.3957
147.5254	0.1160	0.0117	NaN	0.0073	0.3954
147.5253	0.1159	0.0117	NaN	0.0073	0.3956
147.5274	0.1159	0.0117	NaN	0.0074	0.3958
147.5289	0.1160	0.0118	NaN	0.0075	0.3961
147.5282	0.1160	0.0118	NaN	0.0075	0.3965
147.5303	0.1162	0.0118	NaN	0.0075	0.3965
147.5321	0.1164	0.0118	NaN	0.0075	0.3962
147.5325	0.1163	0.0118	NaN	0.0074	0.3960
147.5347	0.1162	0.0118	NaN	0.0075	0.3961
147.5329	0.1159	0.0118	NaN	0.0075	0.3960
147.5359	0.1163	0.0119	NaN	0.0076	0.3964
147.5373	0.1163	0.0120	NaN	0.0076	0.3965
147.5360	0.1164	0.0120	NaN	0.0076	0.3966
147.5391	0.1166	0.0121	NaN	0.0077	0.3962
147.5401	0.1167	0.0121	NaN	0.0077	0.3960
147.5410	0.1169	0.0121	NaN	0.0078	0.3959
147.5437	0.1172	0.0122	NaN	0.0078	0.3963
147.5438	0.1172	0.0122	NaN	0.0078	0.3960
147.5450	0.1173	0.0123	NaN	0.0078	0.3960
147.5470	0.1176	0.0123	NaN	0.0079	0.3966
147.5475	0.1177	0.0123	NaN	0.0079	0.3961
147.5484	0.1177	0.0124	NaN	0.0079	0.3959
147.5483	0.1176	0.0123	NaN	0.0079	0.3967
147.5501	0.1177	0.0124	NaN	0.0080	0.3960
147.5527	0.1177	0.0124	NaN	0.0080	0.3966
147.5513	0.1177	0.0124	NaN	0.0080	0.3964
147.5545	0.1177	0.0124	NaN	0.0080	0.3965
147.5563	0.1176	0.0124	NaN	0.0080	0.3962
147.5553	0.1178	0.0124	NaN	0.0080	0.3958
147.5573	0.1179	0.0125	NaN	0.0080	0.3963
147.5578	0.1178	0.0125	NaN	0.0081	0.3965
147.5599	0.1180	0.0125	NaN	0.0081	0.3961
147.5624	0.1185	0.0126	NaN	0.0082	0.3962
147.5608	0.1185	0.0127	NaN	0.0082	0.3964
147.5628	0.1187	0.0127	NaN	0.0083	0.3960
147.5639	0.1190	0.0128	NaN	0.0083	0.3962
147.5632	0.1190	0.0128	NaN	0.0083	0.3957
147.5658	0.1191	0.0128	NaN	0.0083	0.3963
147.5647	0.1190	0.0128	NaN	0.0083	0.3961
147.5671	0.1195	0.0129	NaN	0.0085	0.3956
147.5699	0.1198	0.0130	NaN	0.0085	0.3956
147.5696	0.1198	0.0130	NaN	0.0085	0.3958
147.5735	0.1199	0.0131	NaN	0.0086	0.3955
147.5719	0.1199	0.0131	NaN	0.0086	0.3957
147.5741	0.1201	0.0131	NaN	0.0086	0.3961
147.5771	0.1204	0.0132	NaN	0.0087	0.3960
147.5768	0.1206	0.0132	NaN	0.0088	0.3958
147.5790	0.1206	0.0133	NaN	0.0088	0.3960
147.5805	0.1208	0.0133	NaN	0.0088	0.3961
147.5809	0.1206	0.0133	NaN	0.0088	0.3958
147.5830	0.1207	0.0133	NaN	0.0088	0.3959
147.5815	0.1207	0.0133	NaN	0.0088	0.3962
147.5831	0.1207	0.0133	NaN	0.0088	0.3958
147.5849	0.1208	0.0133	NaN	0.0088	0.3959
147.5844	0.1209	0.0133	NaN	0.0088	0.3960
147.5866	0.1210	0.0134	NaN	0.0089	0.3961
147.5875	0.1213	0.0135	NaN	0.0089	0.3961
147.5883	0.1216	0.0136	NaN	0.0090	0.3961
147.5904	0.1217	0.0136	NaN	0.0090	0.3961
147.5891	0.1218	0.0136	NaN	0.0091	0.3963
147.5921	0.1220	0.0137	NaN	0.0091	0.3965
147.5946	0.1220	0.0137	NaN	0.0091	0.3963
147.5953	0.1220	0.0137	NaN	0.0091	0.3958
147.5961	0.1223	0.0138	NaN	0.0092	0.3958
147.5960	0.1225	0.0139	NaN	0.0093	0.3959
147.5977	0.1230	0.0140	NaN	0.0094	0.3963
147.5992	0.1232	0.0141	NaN	0.0094	0.3963
147.5996	0.1234	0.0142	NaN	0.0095	0.3962
147.6013	0.1234	0.0141	NaN	0.0095	0.3961
147.6034	0.1237	0.0142	NaN	0.0096	0.3963
147.6046	0.1241	0.0143	NaN	0.0096	0.3965
147.6065	0.1247	0.0145	NaN	0.0098	0.3967
147.6060	0.1251	0.0146	NaN	0.0099	0.3967
147.6082	0.1253	0.0146	NaN	0.0099	0.3966
147.6097	0.1255	0.0147	NaN	0.0100	0.3970
147.6112	0.1253	0.0147	NaN	0.0099	0.3966
147.6121	0.1253	0.0147	NaN	0.0100	0.3965
147.6136	0.1253	0.0147	NaN	0.0099	0.3968
147.6140	0.1253	0.0147	NaN	0.0100	0.3969
147.6153	0.1255	0.0148	NaN	0.0100	0.3974
147.6167	0.1255	0.0147	NaN	0.0100	0.3973
147.6175	0.1257	0.0148	NaN	0.0100	0.3970
147.6204	0.1259	0.0148	NaN	0.0101	0.3969
147.6209	0.1260	0.0149	NaN	0.0101	0.3972
147.6231	0.1262	0.0150	NaN	0.0102	0.3975
147.6218	0.1261	0.0149	NaN	0.0102	0.3975
147.6237	0.1262	0.0150	NaN	0.0102	0.3976
147.6264	0.1264	0.0150	NaN	0.0103	0.3977
147.6260	0.1262	0.0150	NaN	0.0102	0.3979
147.6281	0.1265	0.0151	NaN	0.0103	0.3981
147.6299	0.1268	0.0151	NaN	0.0104	0.3982
147.6297	0.1268	0.0152	NaN	0.0104	0.3984
147.6315	0.1269	0.0152	NaN	0.0104	0.3980
147.6316	0.1268	0.0152	NaN	0.0104	0.3980
147.6327	0.1269	0.0152	NaN	0.0104	0.3976
147.6345	0.1272	0.0152	NaN	0.0104	0.3980
147.6346	0.1273	0.0152	NaN	0.0104	0.3981
147.6350	0.1276	0.0153	NaN	0.0105	0.3981
147.6361	0.1277	0.0154	NaN	0.0106	0.3986
147.6369	0.1278	0.0154	NaN	0.0106	0.3987
147.6384	0.1282	0.0155	NaN	0.0107	0.3989
147.6405	0.1283	0.0155	NaN	0.0107	0.3992
147.6410	0.1284	0.0156	NaN	0.0108	0.3992
147.6432	0.1286	0.0157	NaN	0.0108	0.3992
147.6430	0.1285	0.0156	NaN	0.0108	0.3991
147.6446	0.1288	0.0157	NaN	0.0109	0.3992
147.6472	0.1287	0.0157	NaN	0.0109	0.3991
147.6448	0.1284	0.0156	NaN	0.0108	0.3988
147.6470	0.1285	0.0157	NaN	0.0108	0.3992
147.6489	0.1283	0.0156	NaN	0.0108	0.3990
147.6513	0.1287	0.0157	NaN	0.0108	0.3995
147.6536	0.1288	0.0157	NaN	0.0109	0.3999
147.6542	0.1291	0.0158	NaN	0.0110	0.3996
147.6567	0.1298	0.0160	NaN	0.0111	0.3997
147.6572	0.1304	0.0162	NaN	0.0113	0.3998
147.6560	0.1308	0.0163	NaN	0.0114	0.4001
147.6579	0.1308	0.0163	NaN	0.0114	0.4002
147.6568	0.1307	0.0163	NaN	0.0114	0.4000
147.6592	0.1307	0.0163	NaN	0.0114	0.4001
147.6602	0.1306	0.0163	NaN	0.0114	0.4003
147.6619	0.1308	0.0164	NaN	0.0114	0.4001
147.6636	0.1313	0.0165	NaN	0.0115	0.4001
147.6635	0.1315	0.0166	NaN	0.0116	0.4001
147.6644	0.1320	0.0167	NaN	0.0117	0.4000
147.6647	0.1323	0.0168	NaN	0.0118	0.4000
147.6667	0.1324	0.0168	NaN	0.0118	0.4001
147.6676	0.1324	0.0167	NaN	0.0118	0.4001
147.6712	0.1325	0.0168	NaN	0.0118	0.4000
147.6724	0.1322	0.0167	NaN	0.0118	0.3999
147.6735	0.1323	0.0168	NaN	0.0118	0.4000
147.6739	0.1322	0.0168	NaN	0.0118	0.4000
147.6749	0.1324	0.0168	NaN	0.0118	0.4002
147.6777	0.1328	0.0169	NaN	0.0119	0.4002
147.6750	0.1330	0.0170	NaN	0.0120	0.4000
147.6773	0.1331	0.0170	NaN	0.0120	0.3999
147.6774	0.1332	0.0171	NaN	0.0121	0.3999
147.6788	0.1334	0.0171	NaN	0.0120	0.3998
147.6813	0.1336	0.0171	NaN	0.0121	0.4000
147.6821	0.1338	0.0172	NaN	0.0122	0.4001
147.6836	0.1341	0.0173	NaN	0.0122	0.3999
147.6869	0.1344	0.0174	NaN	0.0123	0.3998
147.6855	0.1342	0.0173	NaN	0.0123	0.3999
147.6868	0.1342	0.0173	NaN	0.0123	0.4000
147.6892	0.1342	0.0173	NaN	0.0123	0.4000
147.6905	0.1345	0.0174	NaN	0.0124	0.4003
147.6927	0.1351	0.0176	NaN	0.0125	0.4000
147.6929	0.1354	0.0177	NaN	0.0126	0.4001
147.6932	0.1358	0.0178	NaN	0.0127	0.4000
147.6963	0.1360	0.0178	NaN	0.0127	0.3999
147.6957	0.1359	0.0178	NaN	0.0127	0.3997
147.6993	0.1362	0.0179	NaN	0.0128	0.4000
147.7001	0.1363	0.0179	NaN	0.0128	0.3997
147.7003	0.1363	0.0179	NaN	0.0128	0.3998
147.7025	0.1362	0.0178	NaN	0.0128	0.3998
147.7011	0.1359	0.0178	NaN	0.0127	0.3995
147.7031	0.1360	0.0178	NaN	0.0127	0.3997
147.7054	0.1366	0.0180	NaN	0.0129	0.3996
147.7062	0.1365	0.0180	NaN	0.0129	0.3995
147.7095	0.1367	0.0181	NaN	0.0130	0.3995
147.7072	0.1371	0.0182	NaN	0.0130	0.3998
147.7083	0.1375	0.0182	NaN	0.0131	0.3987
147.7101	0.1377	0.0184	NaN	0.0133	0.3987
147.7097	0.1379	0.0185	NaN	0.0133	0.3982
147.7120	0.1383	0.0186	NaN	0.0133	0.3982
147.7105	0.1384	0.0186	NaN	0.0134	0.3980
147.7153	0.1389	0.0187	NaN	0.0135	0.3981
147.7148	0.1391	0.0188	NaN	0.0136	0.3978
147.7152	0.1390	0.0188	NaN	0.0137	0.3977
147.7169	0.1391	0.0189	NaN	0.0137	0.3980
147.7186	0.1390	0.0189	NaN	0.0136	0.3982
147.7187	0.1392	0.0189	NaN	0.0137	0.3980
147.7205	0.1396	0.0190	NaN	0.0138	0.3980
147.7216	0.1400	0.0191	NaN	0.0139	0.3978
147.7234	0.1402	0.0192	NaN	0.0140	0.3975
147.7238	0.1405	0.0193	NaN	0.0141	0.3967
147.7230	0.1407	0.0194	NaN	0.0142	0.3970
147.7267	0.1409	0.0195	NaN	0.0142	0.3970
147.7285	0.1411	0.0195	NaN	0.0142	0.3970
147.7282	0.1410	0.0194	NaN	0.0142	0.3973
147.7291	0.1410	0.0194	NaN	0.0142	0.3971
147.7298	0.1409	0.0194	NaN	0.0142	0.3971
147.7317	0.1408	0.0195	NaN	0.0142	0.3979
147.7338	0.1407	0.0195	NaN	0.0142	0.3982
147.7336	0.1410	0.0195	NaN	0.0143	0.3986
147.7345	0.1413	0.0197	NaN	0.0144	0.3993
147.7363	0.1415	0.0197	NaN	0.0144	0.3989
147.7364	0.1419	0.0198	NaN	0.0145	0.3985
147.7392	0.1423	0.0199	NaN	0.0146	0.3988
147.7388	0.1424	0.0200	NaN	0.0147	0.3987
147.7410	0.1427	0.0201	NaN	0.0148	0.3988
147.7416	0.1429	0.0201	NaN	0.0148	0.3989
147.7415	0.1428	0.0201	NaN	0.0148	0.3989
147.7445	0.1428	0.0202	NaN	0.0148	0.3986
147.7411	0.1424	0.0200	NaN	0.0147	0.3995
147.7444	0.1424	0.0200	NaN	0.0147	0.3989
147.7488	0.1427	0.0201	NaN	0.0148	0.3990
147.7481	0.1428	0.0201	NaN	0.0148	0.3990
147.7505	0.1431	0.0202	NaN	0.0149	0.3988
147.7495	0.1435	0.0204	NaN	0.0151	0.3989
147.7524	0.1439	0.0205	NaN	0.0151	0.3984
147.7540	0.1441	0.0206	NaN	0.0152	0.3990
147.7539	0.1441	0.0206	NaN	0.0152	0.3984
147.7565	0.1445	0.0207	NaN	0.0154	0.3986
147.7601	0.1447	0.0208	NaN	0.0154	0.3983
147.7585	0.1446	0.0207	NaN	0.0154	0.3983
147.7619	0.1450	0.0209	NaN	0.0155	0.3980
147.7621	0.1451	0.0209	NaN	0.0155	0.3984
147.7631	0.1453	0.0210	NaN	0.0155	0.3981
147.7654	0.1455	0.0210	NaN	0.0156	0.3981
147.7662	0.1456	0.0211	NaN	0.0157	0.3985
147.7678	0.1455	0.0211	NaN	0.0157	0.3987
147.7680	0.1457	0.0211	NaN	0.0157	0.3984
147.7695	0.1456	0.0212	NaN	0.0158	0.3983
147.7709	0.1460	0.0213	NaN	0.0159	0.3976
147.7720	0.1461	0.0213	NaN	0.0159	0.3975
147.7731	0.1459	0.0213	NaN	0.0158	0.3978
147.7749	0.1460	0.0213	NaN	0.0159	0.3976
147.7752	0.1459	0.0213	NaN	0.0159	0.3978
147.7756	0.1461	0.0213	NaN	0.0159	0.3974
147.7774	0.1465	0.0215	NaN	0.0160	0.3976
147.7779	0.1467	0.0215	NaN	0.0161	0.3972
147.7792	0.1469	0.0216	NaN	0.0162	0.3975
147.7795	0.1470	0.0217	NaN	0.0162	0.3976
147.7800	0.1475	0.0218	NaN	0.0163	0.3971
147.7810	0.1479	0.0219	NaN	0.0164	0.3968
147.7822	0.1479	0.0219	NaN	0.0164	0.3967
147.7842	0.1477	0.0219	NaN	0.0165	0.3966
147.7861	0.1481	0.0221	NaN	0.0166	0.3968
147.7864	0.1484	0.0221	NaN	0.0166	0.3967
147.7886	0.1487	0.0223	NaN	0.0168	0.3964
147.7884	0.1491	0.0224	NaN	0.0169	0.3966
147.7892	0.1495	0.0225	NaN	0.0170	0.3963
147.7912	0.1497	0.0226	NaN	0.0170	0.3963
147.7922	0.1501	0.0227	NaN	0.0171	0.3963
147.7912	0.1501	0.0227	NaN	0.0171	0.3962
147.7915	0.1502	0.0227	NaN	0.0172	0.3962
147.7954	0.1505	0.0228	NaN	0.0173	0.3962
147.7965	0.1509	0.0229	NaN	0.0173	0.3962
147.7957	0.1509	0.0230	NaN	0.0174	0.3962
147.7985	0.1508	0.0230	NaN	0.0175	0.3961
147.8021	0.1506	0.0230	NaN	0.0175	0.3962
147.8014	0.1506	0.0230	NaN	0.0174	0.3963
147.8040	0.1507	0.0230	NaN	0.0174	0.3963
147.8036	0.1506	0.0229	NaN	0.0174	0.3964
147.8062	0.1509	0.0231	NaN	0.0175	0.3962
147.8081	0.1511	0.0232	NaN	0.0176	0.3962
147.8083	0.1510	0.0232	NaN	0.0176	0.3962
147.8089	0.1511	0.0233	NaN	0.0176	0.3966
147.8114	0.1512	0.0233	NaN	0.0177	0.3967
147.8107	0.1512	0.0233	NaN	0.0177	0.3966
147.8130	0.1516	0.0234	NaN	0.0177	0.3965
147.8129	0.1516	0.0234	NaN	0.0178	0.3968
147.8144	0.1520	0.0236	NaN	0.0179	0.3965
147.8158	0.1524	0.0237	NaN	0.0180	0.3968
147.8161	0.1526	0.0238	NaN	0.0182	0.3970
147.8198	0.1531	0.0240	NaN	0.0183	0.3972
147.8195	0.1532	0.0241	NaN	0.0184	0.3974
147.8208	0.1533	0.0241	NaN	0.0184	0.3974
147.8213	0.1536	0.0243	NaN	0.0185	0.3977
147.8207	0.1537	0.0243	NaN	0.0186	0.3977
147.8234	0.1539	0.0244	NaN	0.0187	0.3980
147.8259	0.1541	0.0244	NaN	0.0187	0.3978
147.8259	0.1543	0.0244	NaN	0.0187	0.3982
147.8281	0.1543	0.0245	NaN	0.0188	0.3979
147.8292	0.1542	0.0245	NaN	0.0188	0.3976
147.8288	0.1543	0.0246	NaN	0.0188	0.3977
147.8319	0.1543	0.0247	NaN	0.0189	0.3972
147.8304	0.1544	0.0247	NaN	0.0189	0.3974
147.8326	0.1544	0.0247	NaN	0.0190	0.3970
147.8353	0.1546	0.0248	NaN	0.0191	0.3971
147.8349	0.1547	0.0248	NaN	0.0191	0.3965
147.8354	0.1550	0.0249	NaN	0.0192	0.3966
147.8365	0.1552	0.0250	NaN	0.0193	0.3967
147.8398	0.1553	0.0251	NaN	0.0193	0.3969
147.8415	0.1553	0.0251	NaN	0.0194	0.3970
147.8399	0.1556	0.0252	NaN	0.0194	0.3971
147.8433	0.1557	0.0253	NaN	0.0195	0.3977
147.8428	0.1557	0.0253	NaN	0.0195	0.3973
147.8441	0.1560	0.0253	NaN	0.0196	0.3976
147.8472	0.1562	0.0254	NaN	0.0196	0.3978
147.8462	0.1560	0.0254	NaN	0.0196	0.3977
147.8468	0.1563	0.0255	NaN	0.0197	0.3977
147.8491	0.1566	0.0257	NaN	0.0199	0.3984
147.8493	0.1572	0.0258	NaN	0.0200	0.3981
147.8503	0.1572	0.0259	NaN	0.0201	0.3977
147.8529	0.1571	0.0259	NaN	0.0200	0.3975
147.8545	0.1571	0.0259	NaN	0.0201	0.3971
147.8545	0.1571	0.0259	NaN	0.0201	0.3974
147.8558	0.1574	0.0260	NaN	0.0202	0.3972
147.8570	0.1577	0.0262	NaN	0.0203	0.3973
147.8583	0.1578	0.0263	NaN	0.0205	0.3975
147.8595	0.1578	0.0263	NaN	0.0205	0.3973
147.8610	0.1578	0.0264	NaN	0.0205	0.3973
147.8604	0.1576	0.0263	NaN	0.0204	0.3973
147.8624	0.1578	0.0264	NaN	0.0205	0.3976
147.8644	0.1581	0.0264	NaN	0.0206	0.3977
147.8650	0.1580	0.0264	NaN	0.0206	0.3976
147.8664	0.1580	0.0264	NaN	0.0206	0.3973
147.8683	0.1582	0.0265	NaN	0.0206	0.3977
147.8691	0.1582	0.0264	NaN	0.0206	0.3972
147.8713	0.1584	0.0264	NaN	0.0206	0.3970
147.8717	0.1583	0.0264	NaN	0.0205	0.3973
147.8733	0.1585	0.0264	NaN	0.0205	0.3973
147.8738	0.1586	0.0265	NaN	0.0206	0.3978
147.8734	0.1589	0.0266	NaN	0.0207	0.3979
147.8757	0.1594	0.0268	NaN	0.0209	0.3982
147.8765	0.1594	0.0269	NaN	0.0210	0.3982
147.8798	0.1596	0.0270	NaN	0.0210	0.3979
147.8804	0.1597	0.0270	NaN	0.0211	0.3977
147.8805	0.1596	0.0270	NaN	0.0211	0.3975
147.8819	0.1597	0.0271	NaN	0.0212	0.3977
147.8831	0.1597	0.0272	NaN	0.0212	0.3983
147.8828	0.1602	0.0273	NaN	0.0214	0.3990
147.8861	0.1605	0.0273	NaN	0.0214	0.3988
147.8847	0.1604	0.0274	NaN	0.0214	0.3986
147.8861	0.1604	0.0274	NaN	0.0215	0.3986
147.8883	0.1604	0.0276	NaN	0.0216	0.3981
147.8882	0.1606	0.0276	NaN	0.0216	0.3982
147.8905	0.1608	0.0276	NaN	0.0217	0.3975
147.8925	0.1607	0.0276	NaN	0.0217	0.3974
147.8918	0.1607	0.0277	NaN	0.0217	0.3975
147.8949	0.1609	0.0278	NaN	0.0219	0.3980
147.8952	0.1609	0.0279	NaN	0.0219	0.3982
147.8953	0.1612	0.0280	NaN	0.0220	0.3984
147.8963	0.1613	0.0281	NaN	0.0221	0.3978
147.8967	0.1615	0.0282	NaN	0.0222	0.3974
147.8987	0.1618	0.0283	NaN	0.0223	0.3977
147.8997	0.1621	0.0284	NaN	0.0224	0.3986
147.9013	0.1623	0.0285	NaN	0.0225	0.3992
147.9042	0.1623	0.0287	NaN	0.0226	0.3996
147.9034	0.1622	0.0287	NaN	0.0227	0.3993
147.9055	0.1625	0.0288	NaN	0.0227	0.3989
147.9068	0.1627	0.0289	NaN	0.0228	0.3992
147.9079	0.1627	0.0289	NaN	0.0228	0.3989
147.9090	0.1628	0.0290	NaN	0.0229	0.3994
147.9095	0.1628	0.0289	NaN	0.0229	0.3994
147.9124	0.1632	0.0291	NaN	0.0230	0.4000
147.9127	0.1633	0.0291	NaN	0.0231	0.4005
147.9132	0.1632	0.0291	NaN	0.0231	0.3997
147.9133	0.1633	0.0291	NaN	0.0231	0.3999
147.9167	0.1634	0.0292	NaN	0.0232	0.3995
147.9151	0.1635	0.0293	NaN	0.0232	0.3991
147.9178	0.1638	0.0294	NaN	0.0233	0.3988
147.9184	0.1638	0.0295	NaN	0.0234	0.3990
147.9198	0.1639	0.0296	NaN	0.0235	0.3988
147.9204	0.1641	0.0297	NaN	0.0236	0.3987
147.9207	0.1643	0.0297	NaN	0.0236	0.3985
147.9234	0.1644	0.0298	NaN	0.0237	0.3989
147.9220	0.1647	0.0299	NaN	0.0237	0.3986
147.9241	0.1647	0.0299	NaN	0.0238	0.3991
147.9274	0.1646	0.0301	NaN	0.0240	0.3990
147.9265	0.1648	0.0301	NaN	0.0240	0.3994
147.9291	0.1650	0.0302	NaN	0.0241	0.3997
147.9322	0.1651	0.0303	NaN	0.0242	0.3996
147.9323	0.1648	0.0303	NaN	0.0242	0.3995
147.9346	0.1649	0.0303	NaN	0.0242	0.3997
147.9361	0.1651	0.0304	NaN	0.0242	0.3995
147.9372	0.1652	0.0305	NaN	0.0243	0.3996
147.9379	0.1653	0.0305	NaN	0.0244	0.3997
147.9378	0.1653	0.0305	NaN	0.0244	0.4000
147.9397	0.1653	0.0306	NaN	0.0245	0.3998
147.9409	0.1654	0.0307	NaN	0.0245	0.4008
147.9422	0.1656	0.0307	NaN	0.0245	0.4005
147.9435	0.1660	0.0308	NaN	0.0246	0.3997
147.9430	0.1652	0.0307	NaN	0.0246	0.3996
147.9452	0.1648	0.0308	NaN	0.0247	0.3990
147.9467	0.1651	0.0310	NaN	0.0249	0.3996
147.9486	0.1657	0.0311	NaN	0.0250	0.3998
147.9493	0.1658	0.0312	NaN	0.0251	0.3993
147.9512	0.1665	0.0314	NaN	0.0252	0.3997
147.9512	0.1668	0.0314	NaN	0.0252	0.3992
147.9531	0.1668	0.0315	NaN	0.0253	0.3987
147.9527	0.1670	0.0315	NaN	0.0253	0.3992
147.9548	0.1672	0.0316	NaN	0.0254	0.3990
147.9552	0.1673	0.0318	NaN	0.0256	0.3991
147.9550	0.1676	0.0319	NaN	0.0257	0.3993
147.9577	0.1676	0.0320	NaN	0.0257	0.3996
147.9571	0.1675	0.0320	NaN	0.0257	0.3995
147.9592	0.1673	0.0320	NaN	0.0258	0.3991
147.9598	0.1676	0.0320	NaN	0.0258	0.3990
147.9607	0.1675	0.0321	NaN	0.0259	0.3984
147.9641	0.1678	0.0322	NaN	0.0259	0.3991
147.9660	0.1679	0.0322	NaN	0.0260	0.3993
147.9653	0.1679	0.0321	NaN	0.0259	0.3992
147.9672	0.1679	0.0322	NaN	0.0260	0.3986
147.9680	0.1681	0.0323	NaN	0.0261	0.3990
147.9698	0.1681	0.0323	NaN	0.0261	0.3990
147.9711	0.1680	0.0324	NaN	0.0261	0.3994
147.9725	0.1681	0.0325	NaN	0.0262	0.3993
147.9736	0.1683	0.0325	NaN	0.0263	0.3989
147.9751	0.1685	0.0326	NaN	0.0264	0.3989
147.9749	0.1684	0.0326	NaN	0.0264	0.3994
147.9767	0.1686	0.0327	NaN	0.0264	0.3992
147.9763	0.1685	0.0326	NaN	0.0263	0.3983
147.9796	0.1686	0.0326	NaN	0.0263	0.3974
147.9805	0.1687	0.0327	NaN	0.0264	0.3975
147.9816	0.1684	0.0328	NaN	0.0265	0.3975
147.9832	0.1687	0.0329	NaN	0.0266	0.3977
147.9837	0.1686	0.0329	NaN	0.0266	0.3978
147.9845	0.1687	0.0330	NaN	0.0268	0.3977
147.9866	0.1688	0.0332	NaN	0.0269	0.3971
147.9859	0.1686	0.0331	NaN	0.0268	0.3972
147.9896	0.1687	0.0332	NaN	0.0269	0.3971
147.9909	0.1689	0.0333	NaN	0.0270	0.3970
147.9902	0.1691	0.0334	NaN	0.0271	0.3970
147.9920	0.1691	0.0335	NaN	0.0272	0.3973
147.9914	0.1692	0.0335	NaN	0.0272	0.3970
147.9935	0.1693	0.0336	NaN	0.0273	0.3971
147.9945	0.1693	0.0336	NaN	0.0273	0.3971
147.9954	0.1693	0.0337	NaN	0.0274	0.3972
147.9962	0.1695	0.0339	NaN	0.0276	0.3974
147.9993	0.1697	0.0340	NaN	0.0277	0.3978
147.9992	0.1697	0.0340	NaN	0.0277	0.3983
148.0008	0.1698	0.0341	NaN	0.0278	0.3992
147.9996	0.1699	0.0341	NaN	0.0278	0.3993
148.0027	0.1699	0.0342	NaN	0.0279	0.3995
148.0062	0.1698	0.0343	NaN	0.0280	0.4002
148.0060	0.1698	0.0344	NaN	0.0281	0.4004
148.0070	0.1701	0.0344	NaN	0.0281	0.4007
148.0097	0.1705	0.0347	NaN	0.0283	0.4012
148.0098	0.1705	0.0346	NaN	0.0284	0.4014
148.0114	0.1703	0.0348	NaN	0.0285	0.4019
148.0105	0.1699	0.0349	NaN	0.0286	0.4011
148.0102	0.1702	0.0349	NaN	0.0286	0.4011
148.0143	0.1703	0.0350	NaN	0.0287	0.4019
148.0135	0.1703	0.0351	NaN	0.0288	0.4017
148.0164	0.1705	0.0351	NaN	0.0288	0.4021
148.0170	0.1701	0.0351	NaN	0.0288	0.4022
148.0173	0.1700	0.0352	NaN	0.0289	0.4019
148.0200	0.1699	0.0352	NaN	0.0289	0.4021
148.0203	0.1698	0.0351	NaN	0.0288	0.4024
148.0213	0.1698	0.0351	NaN	0.0288	0.4021
148.0247	0.1701	0.0351	NaN	0.0288	0.4021
148.0244	0.1704	0.0352	NaN	0.0289	0.4017
148.0261	0.1707	0.0352	NaN	0.0289	0.4017
148.0260	0.1709	0.0353	NaN	0.0290	0.4011
148.0260	0.1709	0.0354	NaN	0.0291	0.4014
148.0282	0.1709	0.0354	NaN	0.0291	0.4013
148.0284	0.1709	0.0354	NaN	0.0291	0.3995
148.0301	0.1707	0.0354	NaN	0.0291	0.3988
148.0325	0.1708	0.0353	NaN	0.0290	0.3996
148.0302	0.1707	0.0353	NaN	0.0290	0.4000
148.0341	0.1708	0.0354	NaN	0.0291	0.3997
148.0349	0.1710	0.0356	NaN	0.0292	0.4001
148.0374	0.1713	0.0357	NaN	0.0294	0.4011
148.0384	0.1714	0.0359	NaN	0.0295	0.4009
148.0386	0.1715	0.0359	NaN	0.0296	0.4010
148.0395	0.1714	0.0360	NaN	0.0296	0.4010
148.0396	0.1715	0.0360	NaN	0.0297	0.4015
148.0406	0.1716	0.0361	NaN	0.0298	0.4019
148.0433	0.1718	0.0361	NaN	0.0298	0.4022
148.0425	0.1717	0.0361	NaN	0.0298	0.4021
148.0448	0.1714	0.0362	NaN	0.0298	0.4020
148.0470	0.1714	0.0362	NaN	0.0299	0.4023
148.0472	0.1712	0.0363	NaN	0.0300	0.4023
148.0490	0.1712	0.0365	NaN	0.0301	0.4022
148.0481	0.1714	0.0365	NaN	0.0301	0.4022
148.0499	0.1714	0.0365	NaN	0.0302	0.4013
148.0515	0.1712	0.0366	NaN	0.0303	0.4012
148.0527	0.1711	0.0367	NaN	0.0303	0.4007
148.0536	0.1711	0.0367	NaN	0.0304	0.4000
148.0543	0.1717	0.0368	NaN	0.0304	0.3998
148.0555	0.1718	0.0368	NaN	0.0304	0.4000
148.0564	0.1717	0.0368	NaN	0.0304	0.3998
148.0553	0.1715	0.0368	NaN	0.0304	0.3995
148.0593	0.1714	0.0370	NaN	0.0306	0.3991
148.0614	0.1713	0.0372	NaN	0.0308	0.3987
148.0610	0.1713	0.0372	NaN	0.0309	0.3986
148.0629	0.1712	0.0373	NaN	0.0309	0.3986
148.0650	0.1710	0.0373	NaN	0.0310	0.3986
148.0675	0.1711	0.0374	NaN	0.0311	0.3983
148.0688	0.1714	0.0374	NaN	0.0311	0.3984
148.0684	0.1710	0.0374	NaN	0.0311	0.3984
148.0678	0.1720	0.0375	NaN	0.0311	0.3987
148.0724	0.1723	0.0375	NaN	0.0311	0.3991
148.0714	0.1721	0.0375	NaN	0.0311	0.3994
148.0753	0.1723	0.0377	NaN	0.0313	0.4000
148.0746	0.1720	0.0377	NaN	0.0314	0.3995
148.0766	0.1721	0.0378	NaN	0.0315	0.3993
148.0776	0.1721	0.0379	NaN	0.0316	0.3994
148.0773	0.1716	0.0379	NaN	0.0315	0.3992
148.0793	0.1719	0.0379	NaN	0.0315	0.3998
148.0800	0.1724	0.0380	NaN	0.0316	0.3999
148.0804	0.1724	0.0381	NaN	0.0317	0.3998
148.0830	0.1724	0.0382	NaN	0.0318	0.3999
148.0828	0.1726	0.0383	NaN	0.0319	0.4002
148.0851	0.1722	0.0383	NaN	0.0320	0.4006
148.0866	0.1721	0.0384	NaN	0.0320	0.4010
148.0871	0.1726	0.0384	NaN	0.0321	0.4012
148.0890	0.1726	0.0385	NaN	0.0321	0.4010
148.0903	0.1726	0.0385	NaN	0.0321	0.4008
148.0898	0.1727	0.0385	NaN	0.0321	0.4004
148.0917	0.1726	0.0385	NaN	0.0322	0.4003
148.0928	0.1727	0.0386	NaN	0.0322	0.4006
148.0942	0.1727	0.0386	NaN	0.0322	0.4009
148.0968	0.1727	0.0386	NaN	0.0322	0.4009
148.0955	0.1723	0.0385	NaN	0.0321	0.4005
148.0988	0.1724	0.0385	NaN	0.0322	0.4005
148.0985	0.1724	0.0385	NaN	0.0321	0.4003
148.1007	0.1727	0.0386	NaN	0.0322	0.4014
148.1025	0.1722	0.0387	NaN	0.0323	0.4024
148.1017	0.1718	0.0388	NaN	0.0324	0.4021
148.1039	0.1720	0.0389	NaN	0.0325	0.4017
148.1054	0.1724	0.0390	NaN	0.0326	0.4014
148.1054	0.1729	0.0391	NaN	0.0327	0.4019
148.1078	0.1730	0.0392	NaN	0.0328	0.4022
148.1074	0.1729	0.0393	NaN	0.0329	0.4022
148.1100	0.1727	0.0393	NaN	0.0330	0.4021
148.1104	0.1728	0.0395	NaN	0.0330	0.4020
148.1105	0.1728	0.0395	NaN	0.0330	0.4021
148.1124	0.1726	0.0396	NaN	0.0332	0.4021
148.1151	0.1728	0.0396	NaN	0.0332	0.4021
148.1134	0.1729	0.0396	NaN	0.0332	0.4023
148.1151	0.1728	0.0397	NaN	0.0332	0.4022
148.1175	0.1731	0.0396	NaN	0.0332	0.4022
148.1183	0.1733	0.0396	NaN	0.0332	0.4021
148.1210	0.1734	0.0397	NaN	0.0333	0.4021
148.1205	0.1731	0.0398	NaN	0.0334	0.4022
148.1228	0.1732	0.0399	NaN	0.0335	0.4027
148.1221	0.1733	0.0399	NaN	0.0335	0.4028
148.1242	0.1731	0.0399	NaN	0.0335	0.4028
148.1269	0.1730	0.0401	NaN	0.0337	0.4025
148.1271	0.1732	0.0402	NaN	0.0338	0.4024
148.1296	0.1730	0.0403	NaN	0.0339	0.4027
148.1308	0.1729	0.0404	NaN	0.0340	0.4030
148.1315	0.1730	0.0404	NaN	0.0340	0.4027
148.1339	0.1731	0.0404	NaN	0.0340	0.4027
148.1333	0.1730	0.0404	NaN	0.0340	0.4024
148.1356	0.1728	0.0405	NaN	0.0341	0.4027
148.1379	0.1730	0.0406	NaN	0.0342	0.4026
148.1369	0.1729	0.0407	NaN	0.0343	0.4025
148.1384	0.1726	0.0407	NaN	0.0343	0.4019
148.1400	0.1730	0.0408	NaN	0.0344	0.4010
148.1401	0.1729	0.0408	NaN	0.0344	0.4020
148.1415	0.1730	0.0409	NaN	0.0345	0.4023
148.1429	0.1731	0.0409	NaN	0.0345	0.4020
148.1439	0.1734	0.0409	NaN	0.0344	0.4027
148.1480	0.1735	0.0409	NaN	0.0345	0.4031
148.1482	0.1735	0.0409	NaN	0.0345	0.4029
148.1491	0.1734	0.0410	NaN	0.0346	0.4024
148.1492	0.1732	0.0411	NaN	0.0347	0.4027
148.1499	0.1736	0.0412	NaN	0.0348	0.4023
148.1515	0.1735	0.0413	NaN	0.0349	0.4021
148.1513	0.1736	0.0414	NaN	0.0349	0.4020
148.1537	0.1737	0.0414	NaN	0.0349	0.4013
148.1560	0.1738	0.0414	NaN	0.0349	0.4021
148.1543	0.1740	0.0413	NaN	0.0348	0.4022
148.1565	0.1742	0.0413	NaN	0.0348	0.4027
148.1573	0.1741	0.0413	NaN	0.0348	0.4026
148.1582	0.1738	0.0414	NaN	0.0349	0.4025
148.1590	0.1736	0.0415	NaN	0.0350	0.4023
148.1598	0.1737	0.0416	NaN	0.0351	0.4014
148.1613	0.1737	0.0417	NaN	0.0352	0.4027
148.1624	0.1738	0.0417	NaN	0.0353	0.4027
148.1641	0.1739	0.0418	NaN	0.0354	0.4026
148.1666	0.1739	0.0418	NaN	0.0354	0.4025
148.1667	0.1739	0.0419	NaN	0.0354	0.4025
148.1688	0.1739	0.0419	NaN	0.0354	0.4024
148.1712	0.1738	0.0420	NaN	0.0355	0.4027
148.1716	0.1737	0.0419	NaN	0.0354	0.4024
148.1719	0.1737	0.0419	NaN	0.0354	0.4024
148.1738	0.1737	0.0419	NaN	0.0355	0.4024
148.1735	0.1737	0.0419	NaN	0.0355	0.4027
148.1755	0.1738	0.0420	NaN	0.0356	0.4025
148.1750	0.1737	0.0421	NaN	0.0356	0.4031
148.1778	0.1737	0.0421	NaN	0.0356	0.4031
148.1791	0.1738	0.0422	NaN	0.0357	0.4026
148.1806	0.1737	0.0422	NaN	0.0357	0.4024
148.1814	0.1738	0.0423	NaN	0.0358	0.4024
148.1823	0.1739	0.0423	NaN	0.0358	0.4026
148.1824	0.1738	0.0423	NaN	0.0359	0.4031
148.1849	0.1739	0.0424	NaN	0.0359	0.4032
148.1856	0.1740	0.0424	NaN	0.0359	0.4030
148.1867	0.1740	0.0425	NaN	0.0360	0.4027
148.1884	0.1741	0.0426	NaN	0.0361	0.4021
148.1889	0.1742	0.0426	NaN	0.0362	0.4017
148.1896	0.1742	0.0427	NaN	0.0363	0.4020
148.1897	0.1743	0.0428	NaN	0.0363	0.4017
148.1916	0.1741	0.0428	NaN	0.0364	0.4017
148.1930	0.1741	0.0429	NaN	0.0365	0.4022
148.1927	0.1740	0.0430	NaN	0.0365	0.4024
148.1961	0.1743	0.0430	NaN	0.0365	0.4020
148.1955	0.1742	0.0431	NaN	0.0366	0.4019
148.1968	0.1742	0.0430	NaN	0.0366	0.4022
148.2003	0.1740	0.0431	NaN	0.0366	0.4024
148.1995	0.1739	0.0431	NaN	0.0366	0.4025
148.2017	0.1738	0.0432	NaN	0.0367	0.4023
148.2041	0.1739	0.0432	NaN	0.0368	0.4031
148.2038	0.1739	0.0433	NaN	0.0368	0.4032
148.2050	0.1739	0.0432	NaN	0.0368	0.4034
148.2061	0.1738	0.0432	NaN	0.0368	0.4033
148.2082	0.1739	0.0433	NaN	0.0368	0.4034
148.2094	0.1740	0.0433	NaN	0.0369	0.4033
148.2081	0.1740	0.0434	NaN	0.0369	0.4034
148.2099	0.1742	0.0434	NaN	0.0369	0.4034
148.2127	0.1740	0.0434	NaN	0.0370	0.4034
148.2136	0.1742	0.0434	NaN	0.0369	0.4031
148.2153	0.1743	0.0435	NaN	0.0370	0.4033
148.2162	0.1740	0.0436	NaN	0.0372	0.4031
148.2173	0.1739	0.0437	NaN	0.0372	0.4033
148.2192	0.1742	0.0438	NaN	0.0373	0.4034
148.2177	0.1744	0.0438	NaN	0.0373	0.4035
148.2188	0.1746	0.0438	NaN	0.0373	0.4033
148.2233	0.1744	0.0439	NaN	0.0374	0.4028
148.2229	0.1740	0.0439	NaN	0.0374	0.4029
148.2243	0.1741	0.0440	NaN	0.0375	0.4024
148.2245	0.1740	0.0440	NaN	0.0375	0.4031
148.2249	0.1739	0.0440	NaN	0.0375	0.4032
148.2290	0.1741	0.0440	NaN	0.0375	0.4033
148.2296	0.1744	0.0441	NaN	0.0375	0.4031
148.2315	0.1745	0.0442	NaN	0.0376	0.4025
148.2302	0.1744	0.0441	NaN	0.0376	0.4029
148.2304	0.1743	0.0441	NaN	0.0376	0.4030
148.2348	0.1741	0.0442	NaN	0.0377	0.4026
148.2353	0.1742	0.0443	NaN	0.0378	0.4023
148.2371	0.1744	0.0444	NaN	0.0379	0.4013
148.2376	0.1742	0.0445	NaN	0.0380	0.4018
148.2380	0.1743	0.0446	NaN	0.0381	0.4019
148.2392	0.1746	0.0446	NaN	0.0381	0.4023
148.2409	0.1744	0.0447	NaN	0.0382	0.4022
148.2437	0.1744	0.0447	NaN	0.0383	0.4013
148.2462	0.1742	0.0447	NaN	0.0383	0.4006
148.2462	0.1742	0.0448	NaN	0.0383	0.4005
148.2497	0.1742	0.0449	NaN	0.0384	0.3996
148.2497	0.1742	0.0450	NaN	0.0385	0.3991
148.2488	0.1739	0.0450	NaN	0.0385	0.3989
148.2505	0.1739	0.0450	NaN	0.0385	0.3992
148.2517	0.1743	0.0449	NaN	0.0384	0.3990
148.2529	0.1743	0.0449	NaN	0.0384	0.3990
148.2551	0.1741	0.0449	NaN	0.0384	0.3992
148.2544	0.1740	0.0449	NaN	0.0384	0.3992
148.2561	0.1743	0.0450	NaN	0.0384	0.3996
148.2594	0.1744	0.0450	NaN	0.0385	0.3999
148.2586	0.1743	0.0450	NaN	0.0385	0.4001
148.2604	0.1739	0.0451	NaN	0.0386	0.3995
148.2612	0.1737	0.0452	NaN	0.0387	0.3996
148.2628	0.1742	0.0453	NaN	0.0388	0.3998
148.2638	0.1743	0.0453	NaN	0.0388	0.3991
148.2651	0.1746	0.0453	NaN	0.0387	0.3987
148.2645	0.1752	0.0453	NaN	0.0387	0.3991
148.2649	0.1748	0.0453	NaN	0.0387	0.3989
148.2665	0.1747	0.0453	NaN	0.0388	0.3988
148.2690	0.1746	0.0454	NaN	0.0389	0.3988
148.2695	0.1743	0.0454	NaN	0.0389	0.3992
148.2712	0.1747	0.0455	NaN	0.0389	0.3988
148.2733	0.1748	0.0455	NaN	0.0389	0.3988
148.2739	0.1749	0.0455	NaN	0.0389	0.3991
148.2748	0.1745	0.0456	NaN	0.0391	0.3998
148.2745	0.1750	0.0456	NaN	0.0391	0.3997
148.2761	0.1750	0.0456	NaN	0.0391	0.3994
148.2799	0.1745	0.0456	NaN	0.0391	0.3993
148.2787	0.1751	0.0456	NaN	0.0391	0.3990
148.2811	0.1752	0.0456	NaN	0.0391	0.3993
148.2824	0.1749	0.0456	NaN	0.0391	0.3997
148.2832	0.1751	0.0457	NaN	0.0391	0.3998
148.2851	0.1751	0.0458	NaN	0.0393	0.4004
148.2865	0.1750	0.0459	NaN	0.0393	0.4012
148.2872	0.1751	0.0459	NaN	0.0394	0.4019
148.2905	0.1755	0.0460	NaN	0.0394	0.4024
148.2909	0.1749	0.0460	NaN	0.0395	0.4023
148.2915	0.1745	0.0461	NaN	0.0396	0.4017
148.2916	0.1750	0.0461	NaN	0.0395	0.4017
148.2918	0.1753	0.0461	NaN	0.0396	0.4017
148.2934	0.1751	0.0461	NaN	0.0396	0.4022
148.2925	0.1749	0.0461	NaN	0.0396	0.4024
148.2963	0.1748	0.0462	NaN	0.0397	0.4030
148.2976	0.1749	0.0462	NaN	0.0397	0.4033
148.2981	0.1749	0.0463	NaN	0.0397	0.4034
148.3005	0.1750	0.0463	NaN	0.0398	0.4032
148.3010	0.1748	0.0463	NaN	0.0398	0.4030
148.3020	0.1749	0.0464	NaN	0.0398	0.4031
148.3048	0.1748	0.0464	NaN	0.0399	0.4031
148.3036	0.1746	0.0464	NaN	0.0399	0.4031
148.3072	0.1747	0.0464	NaN	0.0399	0.4029
148.3064	0.1745	0.0465	NaN	0.0399	0.4030
148.3070	0.1747	0.0465	NaN	0.0400	0.4029
148.3094	0.1747	0.0466	NaN	0.0400	0.4027
148.3095	0.1747	0.0466	NaN	0.0401	0.4026
148.3113	0.1745	0.0466	NaN	0.0401	0.4028
148.3134	0.1744	0.0467	NaN	0.0402	0.4029
148.3122	0.1745	0.0467	NaN	0.0401	0.4030
148.3145	0.1747	0.0467	NaN	0.0402	0.4031
148.3162	0.1749	0.0467	NaN	0.0401	0.4031
148.3164	0.1750	0.0467	NaN	0.0401	0.4026
148.3176	0.1751	0.0467	NaN	0.0402	0.4022
148.3187	0.1754	0.0467	NaN	0.0402	0.4018
148.3212	0.1752	0.0468	NaN	0.0402	0.4011
148.3231	0.1750	0.0469	NaN	0.0403	0.4022
148.3221	0.1749	0.0469	NaN	0.0403	0.4025
148.3235	0.1748	0.0469	NaN	0.0404	0.4022
148.3236	0.1745	0.0469	NaN	0.0404	0.4035
148.3271	0.1748	0.0470	NaN	0.0405	0.4031
148.3298	0.1746	0.0471	NaN	0.0405	0.4025
148.3298	0.1745	0.0470	NaN	0.0405	0.4025
148.3316	0.1745	0.0471	NaN	0.0405	0.4024
148.3320	0.1746	0.0471	NaN	0.0406	0.4023
148.3333	0.1744	0.0472	NaN	0.0406	0.4020
148.3361	0.1743	0.0472	NaN	0.0407	0.4013
148.3364	0.1741	0.0472	NaN	0.0407	0.4019
148.3376	0.1742	0.0473	NaN	0.0407	0.4022
148.3386	0.1743	0.0473	NaN	0.0408	0.4019
148.3387	0.1745	0.0473	NaN	0.0408	0.4019
148.3403	0.1746	0.0474	NaN	0.0409	0.4015
148.3423	0.1750	0.0474	NaN	0.0409	0.4016
148.3416	0.1753	0.0474	NaN	0.0409	0.4008
148.3428	0.1750	0.0475	NaN	0.0409	0.4006
148.3436	0.1749	0.0474	NaN	0.0409	0.4012
148.3464	0.1746	0.0475	NaN	0.0409	0.4012
148.3488	0.1747	0.0475	NaN	0.0410	0.4007
148.3486	0.1750	0.0475	NaN	0.0410	0.4010
148.3484	0.1746	0.0475	NaN	0.0410	0.4008
148.3500	0.1745	0.0476	NaN	0.0410	0.4005
148.3502	0.1751	0.0476	NaN	0.0411	0.4001
148.3547	0.1753	0.0477	NaN	0.0412	0.3996
148.3536	0.1746	0.0478	NaN	0.0412	0.4000
148.3552	0.1747	0.0478	NaN	0.0413	0.4001
