# 20092021_15_04_07_group6_40_L3.dat
# Measuring of the Zeemann splitting 
# modus: scanning laser current/frequency via I/P MOD
# 
x(A/Hz/V/nm) yai0(V) yai1(V) yai2(V) yai3(V) yai4(V)
152.3765	0.1346	0.0298	NaN	0.0247	0.4116
152.3790	0.1407	0.0322	NaN	0.0269	0.4121
152.3777	0.1455	0.0340	NaN	0.0286	0.4140
152.3812	0.1489	0.0354	NaN	0.0299	0.4153
152.3827	0.1519	0.0366	NaN	0.0310	0.4148
152.3821	0.1542	0.0376	NaN	0.0318	0.4141
152.3841	0.1560	0.0384	NaN	0.0326	0.4125
152.3832	0.1576	0.0391	NaN	0.0332	0.4123
152.3877	0.1586	0.0396	NaN	0.0337	0.4123
152.3857	0.1600	0.0402	NaN	0.0342	0.4114
152.3879	0.1612	0.0407	NaN	0.0347	0.4111
152.3901	0.1628	0.0411	NaN	0.0350	0.4111
152.3908	0.1640	0.0415	NaN	0.0354	0.4115
152.3922	0.1638	0.0417	NaN	0.0356	0.4117
152.3938	0.1643	0.0419	NaN	0.0358	0.4115
152.3950	0.1647	0.0421	NaN	0.0360	0.4116
152.3953	0.1651	0.0423	NaN	0.0362	0.4119
152.3967	0.1658	0.0425	NaN	0.0364	0.4126
152.3974	0.1662	0.0427	NaN	0.0365	0.4131
152.4007	0.1664	0.0428	NaN	0.0366	0.4139
152.4022	0.1668	0.0429	NaN	0.0367	0.4141
152.4036	0.1669	0.0430	NaN	0.0368	0.4135
152.4061	0.1668	0.0430	NaN	0.0368	0.4132
152.4049	0.1666	0.0430	NaN	0.0368	0.4121
152.4064	0.1666	0.0430	NaN	0.0368	0.4116
152.4068	0.1668	0.0430	NaN	0.0368	0.4118
152.4077	0.1668	0.0430	NaN	0.0368	0.4124
152.4111	0.1667	0.0430	NaN	0.0368	0.4135
152.4101	0.1672	0.0431	NaN	0.0368	0.4135
152.4113	0.1672	0.0430	NaN	0.0368	0.4139
152.4120	0.1670	0.0429	NaN	0.0367	0.4148
152.4138	0.1668	0.0429	NaN	0.0367	0.4149
152.4162	0.1663	0.0428	NaN	0.0366	0.4147
152.4152	0.1660	0.0429	NaN	0.0367	0.4142
152.4187	0.1665	0.0429	NaN	0.0368	0.4134
152.4186	0.1663	0.0430	NaN	0.0368	0.4125
152.4196	0.1665	0.0430	NaN	0.0368	0.4120
152.4230	0.1661	0.0429	NaN	0.0368	0.4119
152.4216	0.1657	0.0429	NaN	0.0368	0.4118
152.4225	0.1656	0.0429	NaN	0.0367	0.4122
152.4251	0.1655	0.0428	NaN	0.0367	0.4124
152.4251	0.1658	0.0428	NaN	0.0366	0.4118
152.4272	0.1661	0.0428	NaN	0.0367	0.4116
152.4294	0.1661	0.0428	NaN	0.0366	0.4117
152.4289	0.1662	0.0428	NaN	0.0367	0.4116
152.4309	0.1664	0.0428	NaN	0.0367	0.4118
152.4308	0.1661	0.0429	NaN	0.0367	0.4121
152.4334	0.1659	0.0428	NaN	0.0366	0.4123
152.4341	0.1659	0.0427	NaN	0.0366	0.4121
152.4364	0.1656	0.0426	NaN	0.0364	0.4121
152.4384	0.1653	0.0425	NaN	0.0364	0.4122
152.4370	0.1654	0.0425	NaN	0.0364	0.4121
152.4390	0.1654	0.0425	NaN	0.0364	0.4123
152.4409	0.1655	0.0426	NaN	0.0364	0.4125
152.4388	0.1656	0.0425	NaN	0.0364	0.4121
152.4432	0.1657	0.0425	NaN	0.0363	0.4119
152.4449	0.1656	0.0425	NaN	0.0363	0.4122
152.4445	0.1655	0.0425	NaN	0.0363	0.4120
152.4467	0.1652	0.0424	NaN	0.0363	0.4119
152.4476	0.1653	0.0423	NaN	0.0362	0.4122
152.4478	0.1651	0.0423	NaN	0.0361	0.4124
152.4509	0.1649	0.0421	NaN	0.0360	0.4124
152.4501	0.1646	0.0421	NaN	0.0360	0.4125
152.4515	0.1644	0.0421	NaN	0.0360	0.4124
152.4546	0.1644	0.0420	NaN	0.0359	0.4124
152.4533	0.1646	0.0422	NaN	0.0361	0.4121
152.4566	0.1644	0.0421	NaN	0.0360	0.4125
152.4550	0.1643	0.0421	NaN	0.0360	0.4129
152.4592	0.1641	0.0420	NaN	0.0359	0.4129
152.4616	0.1641	0.0419	NaN	0.0358	0.4135
152.4605	0.1643	0.0419	NaN	0.0358	0.4135
152.4621	0.1643	0.0419	NaN	0.0358	0.4135
152.4638	0.1642	0.0419	NaN	0.0358	0.4140
152.4620	0.1641	0.0419	NaN	0.0358	0.4137
152.4634	0.1639	0.0418	NaN	0.0357	0.4136
152.4631	0.1639	0.0417	NaN	0.0356	0.4137
152.4656	0.1635	0.0417	NaN	0.0355	0.4139
152.4691	0.1631	0.0415	NaN	0.0355	0.4139
152.4698	0.1636	0.0415	NaN	0.0355	0.4141
152.4706	0.1636	0.0415	NaN	0.0354	0.4144
152.4710	0.1636	0.0416	NaN	0.0355	0.4144
152.4724	0.1636	0.0415	NaN	0.0354	0.4146
152.4744	0.1637	0.0415	NaN	0.0354	0.4149
152.4734	0.1633	0.0415	NaN	0.0354	0.4150
152.4754	0.1633	0.0414	NaN	0.0354	0.4148
152.4766	0.1633	0.0414	NaN	0.0354	0.4147
152.4760	0.1635	0.0415	NaN	0.0354	0.4148
152.4793	0.1635	0.0414	NaN	0.0354	0.4149
152.4789	0.1633	0.0414	NaN	0.0353	0.4152
152.4793	0.1630	0.0413	NaN	0.0353	0.4153
152.4823	0.1627	0.0412	NaN	0.0351	0.4155
152.4830	0.1627	0.0412	NaN	0.0351	0.4154
152.4848	0.1623	0.0412	NaN	0.0351	0.4154
152.4866	0.1623	0.0411	NaN	0.0351	0.4155
152.4896	0.1623	0.0411	NaN	0.0351	0.4155
152.4896	0.1625	0.0411	NaN	0.0351	0.4156
152.4884	0.1625	0.0411	NaN	0.0351	0.4157
152.4897	0.1623	0.0410	NaN	0.0350	0.4153
152.4913	0.1620	0.0409	NaN	0.0349	0.4152
152.4916	0.1618	0.0409	NaN	0.0349	0.4152
152.4945	0.1616	0.0408	NaN	0.0348	0.4153
152.4955	0.1614	0.0407	NaN	0.0347	0.4155
152.4968	0.1612	0.0406	NaN	0.0346	0.4158
152.4987	0.1611	0.0405	NaN	0.0345	0.4160
152.4977	0.1609	0.0404	NaN	0.0345	0.4159
152.4997	0.1608	0.0404	NaN	0.0344	0.4159
152.5028	0.1604	0.0404	NaN	0.0344	0.4161
152.5018	0.1602	0.0404	NaN	0.0344	0.4161
152.5037	0.1602	0.0403	NaN	0.0343	0.4159
152.5051	0.1602	0.0403	NaN	0.0343	0.4158
152.5066	0.1601	0.0402	NaN	0.0343	0.4157
152.5054	0.1600	0.0401	NaN	0.0342	0.4157
152.5066	0.1601	0.0401	NaN	0.0341	0.4158
152.5093	0.1602	0.0401	NaN	0.0341	0.4157
152.5113	0.1602	0.0401	NaN	0.0341	0.4155
152.5098	0.1600	0.0400	NaN	0.0340	0.4156
152.5137	0.1596	0.0399	NaN	0.0340	0.4155
152.5139	0.1593	0.0398	NaN	0.0339	0.4152
152.5157	0.1590	0.0397	NaN	0.0338	0.4154
152.5155	0.1592	0.0397	NaN	0.0338	0.4146
152.5153	0.1596	0.0398	NaN	0.0338	0.4144
152.5162	0.1598	0.0398	NaN	0.0339	0.4146
152.5175	0.1599	0.0399	NaN	0.0339	0.4149
152.5196	0.1597	0.0398	NaN	0.0339	0.4152
152.5235	0.1594	0.0397	NaN	0.0338	0.4155
152.5222	0.1595	0.0397	NaN	0.0338	0.4159
152.5244	0.1592	0.0396	NaN	0.0337	0.4161
152.5260	0.1593	0.0396	NaN	0.0337	0.4162
152.5254	0.1593	0.0396	NaN	0.0337	0.4162
152.5279	0.1591	0.0395	NaN	0.0336	0.4161
152.5291	0.1588	0.0395	NaN	0.0335	0.4161
152.5305	0.1586	0.0394	NaN	0.0335	0.4161
152.5321	0.1582	0.0393	NaN	0.0334	0.4161
152.5321	0.1581	0.0392	NaN	0.0333	0.4161
152.5341	0.1579	0.0391	NaN	0.0332	0.4162
152.5355	0.1577	0.0390	NaN	0.0331	0.4161
152.5360	0.1575	0.0390	NaN	0.0332	0.4161
152.5361	0.1573	0.0390	NaN	0.0331	0.4161
152.5348	0.1574	0.0390	NaN	0.0331	0.4160
152.5377	0.1572	0.0388	NaN	0.0330	0.4157
152.5387	0.1572	0.0388	NaN	0.0329	0.4155
152.5399	0.1573	0.0388	NaN	0.0329	0.4153
152.5417	0.1570	0.0387	NaN	0.0328	0.4150
152.5441	0.1570	0.0386	NaN	0.0328	0.4152
152.5448	0.1569	0.0386	NaN	0.0328	0.4152
152.5467	0.1566	0.0385	NaN	0.0327	0.4156
152.5465	0.1568	0.0385	NaN	0.0327	0.4161
152.5488	0.1566	0.0384	NaN	0.0326	0.4163
152.5505	0.1563	0.0384	NaN	0.0326	0.4165
152.5509	0.1564	0.0384	NaN	0.0326	0.4167
152.5534	0.1564	0.0384	NaN	0.0326	0.4169
152.5525	0.1566	0.0384	NaN	0.0326	0.4169
152.5546	0.1569	0.0384	NaN	0.0326	0.4169
152.5552	0.1569	0.0384	NaN	0.0326	0.4167
152.5561	0.1565	0.0384	NaN	0.0326	0.4165
152.5591	0.1560	0.0382	NaN	0.0324	0.4166
152.5587	0.1557	0.0382	NaN	0.0323	0.4165
152.5598	0.1556	0.0381	NaN	0.0323	0.4164
152.5608	0.1555	0.0379	NaN	0.0322	0.4164
152.5616	0.1555	0.0379	NaN	0.0322	0.4165
152.5629	0.1551	0.0379	NaN	0.0321	0.4165
152.5649	0.1550	0.0378	NaN	0.0321	0.4162
152.5651	0.1551	0.0379	NaN	0.0321	0.4163
152.5676	0.1548	0.0378	NaN	0.0321	0.4165
152.5687	0.1551	0.0378	NaN	0.0321	0.4165
152.5698	0.1551	0.0378	NaN	0.0320	0.4164
152.5715	0.1548	0.0377	NaN	0.0320	0.4166
152.5702	0.1546	0.0376	NaN	0.0319	0.4167
152.5731	0.1543	0.0375	NaN	0.0317	0.4163
152.5754	0.1542	0.0375	NaN	0.0317	0.4161
152.5775	0.1541	0.0374	NaN	0.0317	0.4161
152.5781	0.1537	0.0373	NaN	0.0316	0.4161
152.5774	0.1538	0.0374	NaN	0.0316	0.4162
152.5789	0.1537	0.0373	NaN	0.0316	0.4161
152.5811	0.1535	0.0372	NaN	0.0315	0.4162
152.5809	0.1535	0.0372	NaN	0.0315	0.4163
152.5839	0.1534	0.0371	NaN	0.0314	0.4160
152.5858	0.1532	0.0370	NaN	0.0313	0.4151
152.5844	0.1533	0.0371	NaN	0.0313	0.4153
152.5857	0.1532	0.0369	NaN	0.0313	0.4151
152.5858	0.1532	0.0369	NaN	0.0312	0.4149
152.5879	0.1528	0.0367	NaN	0.0311	0.4151
152.5896	0.1528	0.0367	NaN	0.0310	0.4150
152.5902	0.1524	0.0367	NaN	0.0310	0.4158
152.5942	0.1524	0.0366	NaN	0.0309	0.4159
152.5927	0.1520	0.0365	NaN	0.0308	0.4150
152.5927	0.1519	0.0365	NaN	0.0308	0.4154
152.5944	0.1519	0.0364	NaN	0.0308	0.4153
152.5948	0.1515	0.0364	NaN	0.0307	0.4144
152.5958	0.1512	0.0362	NaN	0.0306	0.4129
152.5988	0.1510	0.0362	NaN	0.0306	0.4127
152.5986	0.1510	0.0362	NaN	0.0305	0.4128
152.6000	0.1512	0.0361	NaN	0.0305	0.4129
152.6021	0.1511	0.0361	NaN	0.0305	0.4128
152.6020	0.1511	0.0361	NaN	0.0305	0.4128
152.6062	0.1508	0.0360	NaN	0.0303	0.4127
152.6063	0.1508	0.0359	NaN	0.0303	0.4125
152.6086	0.1506	0.0359	NaN	0.0303	0.4124
152.6108	0.1504	0.0358	NaN	0.0302	0.4123
152.6100	0.1505	0.0358	NaN	0.0302	0.4124
152.6121	0.1505	0.0358	NaN	0.0302	0.4126
152.6124	0.1504	0.0358	NaN	0.0302	0.4127
152.6128	0.1500	0.0357	NaN	0.0301	0.4127
152.6146	0.1498	0.0356	NaN	0.0300	0.4129
152.6149	0.1497	0.0356	NaN	0.0300	0.4127
152.6185	0.1493	0.0354	NaN	0.0299	0.4124
152.6194	0.1491	0.0353	NaN	0.0298	0.4124
152.6197	0.1489	0.0353	NaN	0.0297	0.4126
152.6200	0.1488	0.0352	NaN	0.0296	0.4126
152.6208	0.1488	0.0351	NaN	0.0296	0.4127
152.6243	0.1488	0.0351	NaN	0.0295	0.4128
152.6251	0.1487	0.0351	NaN	0.0295	0.4127
152.6258	0.1486	0.0350	NaN	0.0295	0.4127
152.6275	0.1486	0.0350	NaN	0.0294	0.4127
152.6315	0.1487	0.0349	NaN	0.0294	0.4126
152.6286	0.1488	0.0350	NaN	0.0294	0.4126
152.6312	0.1487	0.0349	NaN	0.0294	0.4127
152.6299	0.1487	0.0350	NaN	0.0294	0.4127
152.6316	0.1485	0.0349	NaN	0.0294	0.4128
152.6352	0.1482	0.0348	NaN	0.0292	0.4130
152.6351	0.1480	0.0347	NaN	0.0292	0.4132
152.6370	0.1478	0.0347	NaN	0.0291	0.4133
152.6372	0.1479	0.0347	NaN	0.0292	0.4133
152.6386	0.1478	0.0346	NaN	0.0291	0.4133
152.6394	0.1476	0.0345	NaN	0.0290	0.4136
152.6395	0.1473	0.0344	NaN	0.0289	0.4139
152.6419	0.1471	0.0343	NaN	0.0289	0.4141
152.6438	0.1470	0.0343	NaN	0.0288	0.4141
152.6452	0.1470	0.0343	NaN	0.0288	0.4134
152.6472	0.1471	0.0343	NaN	0.0289	0.4133
152.6487	0.1471	0.0343	NaN	0.0289	0.4132
152.6501	0.1469	0.0343	NaN	0.0288	0.4132
152.6523	0.1468	0.0342	NaN	0.0288	0.4133
152.6512	0.1468	0.0342	NaN	0.0288	0.4131
152.6517	0.1468	0.0342	NaN	0.0287	0.4134
152.6538	0.1466	0.0341	NaN	0.0286	0.4136
152.6542	0.1465	0.0340	NaN	0.0286	0.4140
152.6570	0.1463	0.0339	NaN	0.0285	0.4139
152.6586	0.1460	0.0339	NaN	0.0285	0.4140
152.6599	0.1460	0.0339	NaN	0.0285	0.4136
152.6620	0.1457	0.0338	NaN	0.0283	0.4135
152.6619	0.1456	0.0337	NaN	0.0283	0.4137
152.6655	0.1454	0.0336	NaN	0.0282	0.4141
152.6646	0.1452	0.0336	NaN	0.0282	0.4141
152.6678	0.1448	0.0334	NaN	0.0280	0.4139
152.6672	0.1445	0.0333	NaN	0.0279	0.4138
152.6673	0.1444	0.0333	NaN	0.0279	0.4138
152.6705	0.1444	0.0333	NaN	0.0279	0.4142
152.6728	0.1442	0.0332	NaN	0.0278	0.4145
152.6734	0.1442	0.0332	NaN	0.0278	0.4143
152.6743	0.1439	0.0331	NaN	0.0277	0.4140
152.6743	0.1439	0.0331	NaN	0.0277	0.4137
152.6773	0.1437	0.0332	NaN	0.0278	0.4136
152.6769	0.1438	0.0332	NaN	0.0278	0.4141
152.6761	0.1438	0.0332	NaN	0.0278	0.4142
152.6791	0.1439	0.0331	NaN	0.0277	0.4145
152.6806	0.1438	0.0330	NaN	0.0277	0.4146
152.6800	0.1435	0.0330	NaN	0.0276	0.4147
152.6807	0.1432	0.0328	NaN	0.0275	0.4151
152.6806	0.1429	0.0327	NaN	0.0274	0.4153
152.6810	0.1426	0.0326	NaN	0.0273	0.4154
152.6849	0.1422	0.0325	NaN	0.0272	0.4156
152.6841	0.1424	0.0325	NaN	0.0272	0.4157
152.6865	0.1426	0.0325	NaN	0.0272	0.4155
152.6882	0.1427	0.0326	NaN	0.0272	0.4152
152.6878	0.1427	0.0326	NaN	0.0273	0.4149
152.6887	0.1424	0.0325	NaN	0.0272	0.4150
152.6915	0.1423	0.0324	NaN	0.0271	0.4149
152.6924	0.1422	0.0323	NaN	0.0270	0.4149
152.6945	0.1419	0.0322	NaN	0.0269	0.4148
152.6956	0.1418	0.0322	NaN	0.0269	0.4146
152.6990	0.1415	0.0320	NaN	0.0267	0.4150
152.6989	0.1414	0.0320	NaN	0.0267	0.4154
152.7007	0.1414	0.0319	NaN	0.0267	0.4152
152.7054	0.1413	0.0319	NaN	0.0266	0.4154
152.7023	0.1413	0.0319	NaN	0.0266	0.4158
152.7051	0.1411	0.0319	NaN	0.0266	0.4155
152.7067	0.1410	0.0318	NaN	0.0266	0.4152
152.7070	0.1409	0.0318	NaN	0.0265	0.4153
152.7092	0.1406	0.0317	NaN	0.0265	0.4156
152.7100	0.1405	0.0317	NaN	0.0264	0.4159
152.7117	0.1404	0.0316	NaN	0.0263	0.4160
152.7129	0.1405	0.0316	NaN	0.0264	0.4162
152.7123	0.1405	0.0317	NaN	0.0264	0.4158
152.7144	0.1404	0.0317	NaN	0.0264	0.4159
152.7163	0.1401	0.0315	NaN	0.0263	0.4161
152.7172	0.1401	0.0315	NaN	0.0262	0.4163
152.7180	0.1400	0.0315	NaN	0.0262	0.4165
152.7179	0.1401	0.0315	NaN	0.0263	0.4165
152.7197	0.1401	0.0315	NaN	0.0263	0.4166
152.7211	0.1400	0.0315	NaN	0.0262	0.4167
152.7214	0.1400	0.0314	NaN	0.0262	0.4167
152.7221	0.1398	0.0314	NaN	0.0262	0.4167
152.7223	0.1396	0.0313	NaN	0.0261	0.4167
152.7245	0.1394	0.0312	NaN	0.0260	0.4167
152.7287	0.1391	0.0311	NaN	0.0259	0.4165
152.7279	0.1389	0.0310	NaN	0.0258	0.4166
152.7303	0.1387	0.0309	NaN	0.0258	0.4165
152.7312	0.1383	0.0308	NaN	0.0256	0.4164
152.7319	0.1379	0.0307	NaN	0.0255	0.4165
152.7341	0.1376	0.0306	NaN	0.0254	0.4166
152.7351	0.1377	0.0305	NaN	0.0254	0.4165
152.7356	0.1380	0.0306	NaN	0.0254	0.4166
152.7378	0.1381	0.0306	NaN	0.0254	0.4168
152.7385	0.1381	0.0306	NaN	0.0254	0.4168
152.7390	0.1380	0.0305	NaN	0.0254	0.4168
152.7401	0.1375	0.0304	NaN	0.0253	0.4166
152.7405	0.1371	0.0303	NaN	0.0252	0.4166
152.7423	0.1366	0.0301	NaN	0.0250	0.4167
152.7416	0.1365	0.0301	NaN	0.0249	0.4167
152.7434	0.1362	0.0299	NaN	0.0249	0.4166
152.7448	0.1360	0.0298	NaN	0.0248	0.4163
152.7458	0.1360	0.0298	NaN	0.0248	0.4161
152.7469	0.1359	0.0298	NaN	0.0247	0.4163
152.7477	0.1361	0.0298	NaN	0.0248	0.4164
152.7497	0.1360	0.0298	NaN	0.0248	0.4168
152.7517	0.1358	0.0297	NaN	0.0247	0.4168
152.7527	0.1356	0.0297	NaN	0.0246	0.4167
152.7539	0.1355	0.0296	NaN	0.0245	0.4168
152.7560	0.1354	0.0296	NaN	0.0245	0.4166
152.7579	0.1354	0.0296	NaN	0.0245	0.4166
152.7574	0.1355	0.0296	NaN	0.0245	0.4167
152.7565	0.1356	0.0296	NaN	0.0245	0.4168
152.7588	0.1352	0.0295	NaN	0.0244	0.4169
152.7617	0.1349	0.0294	NaN	0.0243	0.4169
152.7612	0.1347	0.0293	NaN	0.0242	0.4169
152.7626	0.1344	0.0292	NaN	0.0241	0.4169
152.7645	0.1342	0.0291	NaN	0.0240	0.4169
152.7657	0.1340	0.0290	NaN	0.0240	0.4168
152.7674	0.1337	0.0289	NaN	0.0239	0.4168
152.7666	0.1337	0.0289	NaN	0.0239	0.4168
152.7688	0.1336	0.0289	NaN	0.0238	0.4168
152.7698	0.1336	0.0288	NaN	0.0238	0.4168
152.7698	0.1335	0.0288	NaN	0.0238	0.4168
152.7739	0.1332	0.0288	NaN	0.0238	0.4167
152.7749	0.1331	0.0287	NaN	0.0237	0.4168
152.7718	0.1331	0.0287	NaN	0.0237	0.4167
152.7744	0.1331	0.0288	NaN	0.0238	0.4168
152.7749	0.1334	0.0288	NaN	0.0238	0.4168
152.7768	0.1333	0.0287	NaN	0.0238	0.4168
152.7788	0.1332	0.0287	NaN	0.0237	0.4168
152.7780	0.1331	0.0287	NaN	0.0237	0.4167
152.7792	0.1332	0.0288	NaN	0.0237	0.4167
152.7789	0.1331	0.0287	NaN	0.0237	0.4167
152.7827	0.1327	0.0286	NaN	0.0236	0.4165
152.7847	0.1324	0.0285	NaN	0.0235	0.4163
152.7848	0.1322	0.0284	NaN	0.0234	0.4162
152.7863	0.1321	0.0284	NaN	0.0234	0.4161
152.7883	0.1319	0.0283	NaN	0.0233	0.4162
152.7888	0.1318	0.0282	NaN	0.0233	0.4162
152.7896	0.1318	0.0283	NaN	0.0233	0.4159
152.7890	0.1318	0.0283	NaN	0.0233	0.4159
152.7911	0.1317	0.0282	NaN	0.0233	0.4159
152.7934	0.1314	0.0281	NaN	0.0232	0.4160
152.7934	0.1314	0.0281	NaN	0.0231	0.4160
152.7953	0.1311	0.0279	NaN	0.0230	0.4157
152.7958	0.1311	0.0279	NaN	0.0230	0.4156
152.7979	0.1311	0.0280	NaN	0.0231	0.4156
152.7984	0.1309	0.0280	NaN	0.0230	0.4153
152.8000	0.1309	0.0279	NaN	0.0230	0.4148
152.8027	0.1308	0.0279	NaN	0.0230	0.4137
152.8041	0.1309	0.0279	NaN	0.0230	0.4130
152.8035	0.1309	0.0278	NaN	0.0230	0.4129
152.8065	0.1306	0.0278	NaN	0.0229	0.4129
152.8080	0.1304	0.0277	NaN	0.0229	0.4125
152.8067	0.1299	0.0275	NaN	0.0227	0.4122
152.8077	0.1298	0.0275	NaN	0.0226	0.4124
152.8086	0.1299	0.0274	NaN	0.0226	0.4125
152.8114	0.1297	0.0274	NaN	0.0226	0.4126
152.8130	0.1296	0.0274	NaN	0.0225	0.4128
152.8120	0.1295	0.0273	NaN	0.0225	0.4128
152.8144	0.1293	0.0272	NaN	0.0224	0.4131
152.8141	0.1293	0.0272	NaN	0.0224	0.4126
152.8153	0.1291	0.0271	NaN	0.0223	0.4126
152.8164	0.1291	0.0271	NaN	0.0223	0.4126
152.8170	0.1289	0.0270	NaN	0.0222	0.4124
152.8192	0.1285	0.0269	NaN	0.0221	0.4126
152.8224	0.1280	0.0268	NaN	0.0220	0.4128
152.8210	0.1275	0.0266	NaN	0.0219	0.4126
152.8239	0.1271	0.0265	NaN	0.0217	0.4125
152.8237	0.1273	0.0265	NaN	0.0217	0.4127
152.8254	0.1273	0.0264	NaN	0.0216	0.4128
152.8268	0.1272	0.0264	NaN	0.0216	0.4132
152.8265	0.1272	0.0264	NaN	0.0216	0.4132
152.8278	0.1271	0.0264	NaN	0.0216	0.4133
152.8298	0.1271	0.0264	NaN	0.0216	0.4132
152.8318	0.1271	0.0264	NaN	0.0217	0.4129
152.8319	0.1272	0.0264	NaN	0.0217	0.4129
152.8310	0.1272	0.0265	NaN	0.0217	0.4130
152.8338	0.1268	0.0264	NaN	0.0217	0.4129
152.8369	0.1266	0.0263	NaN	0.0216	0.4131
152.8375	0.1267	0.0263	NaN	0.0216	0.4134
152.8385	0.1265	0.0262	NaN	0.0215	0.4134
152.8393	0.1266	0.0262	NaN	0.0215	0.4137
152.8429	0.1266	0.0262	NaN	0.0215	0.4139
152.8433	0.1264	0.0261	NaN	0.0214	0.4140
152.8427	0.1262	0.0261	NaN	0.0214	0.4142
152.8456	0.1259	0.0260	NaN	0.0213	0.4143
152.8464	0.1257	0.0259	NaN	0.0212	0.4147
152.8471	0.1256	0.0258	NaN	0.0211	0.4149
152.8490	0.1251	0.0256	NaN	0.0209	0.4152
152.8490	0.1247	0.0255	NaN	0.0208	0.4151
152.8519	0.1244	0.0254	NaN	0.0208	0.4150
152.8530	0.1242	0.0254	NaN	0.0207	0.4151
152.8532	0.1242	0.0254	NaN	0.0207	0.4154
152.8542	0.1244	0.0253	NaN	0.0207	0.4159
152.8565	0.1243	0.0253	NaN	0.0206	0.4162
152.8564	0.1243	0.0254	NaN	0.0207	0.4162
152.8585	0.1241	0.0253	NaN	0.0207	0.4161
152.8579	0.1242	0.0253	NaN	0.0207	0.4158
152.8588	0.1240	0.0253	NaN	0.0207	0.4163
152.8621	0.1240	0.0253	NaN	0.0206	0.4163
152.8626	0.1240	0.0252	NaN	0.0206	0.4161
152.8656	0.1238	0.0251	NaN	0.0205	0.4161
152.8647	0.1239	0.0251	NaN	0.0205	0.4164
152.8660	0.1236	0.0251	NaN	0.0204	0.4164
152.8680	0.1231	0.0249	NaN	0.0203	0.4165
152.8673	0.1228	0.0248	NaN	0.0202	0.4163
152.8691	0.1225	0.0247	NaN	0.0201	0.4163
152.8714	0.1224	0.0246	NaN	0.0201	0.4165
152.8705	0.1222	0.0246	NaN	0.0200	0.4165
152.8726	0.1220	0.0245	NaN	0.0199	0.4163
152.8738	0.1219	0.0245	NaN	0.0199	0.4162
152.8742	0.1217	0.0244	NaN	0.0199	0.4161
152.8768	0.1221	0.0245	NaN	0.0199	0.4162
152.8773	0.1218	0.0244	NaN	0.0198	0.4159
152.8779	0.1218	0.0244	NaN	0.0198	0.4160
152.8804	0.1213	0.0243	NaN	0.0197	0.4159
152.8819	0.1212	0.0242	NaN	0.0197	0.4159
152.8850	0.1214	0.0242	NaN	0.0197	0.4160
152.8850	0.1213	0.0242	NaN	0.0196	0.4159
152.8848	0.1212	0.0242	NaN	0.0196	0.4158
152.8878	0.1208	0.0241	NaN	0.0196	0.4158
152.8864	0.1212	0.0243	NaN	0.0197	0.4158
152.8880	0.1212	0.0242	NaN	0.0197	0.4159
152.8883	0.1212	0.0242	NaN	0.0196	0.4160
152.8902	0.1211	0.0241	NaN	0.0196	0.4161
152.8922	0.1206	0.0240	NaN	0.0194	0.4161
152.8916	0.1204	0.0239	NaN	0.0194	0.4162
152.8940	0.1203	0.0238	NaN	0.0193	0.4162
152.8963	0.1199	0.0237	NaN	0.0192	0.4160
152.8962	0.1200	0.0237	NaN	0.0192	0.4161
152.8982	0.1199	0.0237	NaN	0.0192	0.4161
152.8977	0.1198	0.0237	NaN	0.0192	0.4160
152.9000	0.1197	0.0236	NaN	0.0191	0.4160
152.9020	0.1195	0.0236	NaN	0.0191	0.4159
152.9003	0.1193	0.0235	NaN	0.0190	0.4159
152.9026	0.1190	0.0234	NaN	0.0189	0.4159
152.9041	0.1190	0.0234	NaN	0.0189	0.4159
152.9043	0.1192	0.0234	NaN	0.0189	0.4160
152.9055	0.1193	0.0234	NaN	0.0189	0.4160
152.9058	0.1194	0.0234	NaN	0.0190	0.4161
152.9080	0.1191	0.0234	NaN	0.0189	0.4161
152.9113	0.1189	0.0232	NaN	0.0188	0.4163
152.9107	0.1188	0.0232	NaN	0.0187	0.4164
152.9111	0.1185	0.0231	NaN	0.0186	0.4163
152.9127	0.1184	0.0231	NaN	0.0186	0.4162
152.9118	0.1183	0.0230	NaN	0.0186	0.4164
152.9133	0.1181	0.0229	NaN	0.0185	0.4164
152.9144	0.1182	0.0230	NaN	0.0185	0.4165
152.9187	0.1181	0.0229	NaN	0.0185	0.4163
152.9191	0.1180	0.0229	NaN	0.0185	0.4161
152.9198	0.1180	0.0229	NaN	0.0185	0.4155
152.9201	0.1178	0.0229	NaN	0.0184	0.4148
152.9203	0.1177	0.0228	NaN	0.0184	0.4145
152.9216	0.1175	0.0228	NaN	0.0184	0.4145
152.9223	0.1173	0.0227	NaN	0.0183	0.4143
152.9229	0.1173	0.0227	NaN	0.0182	0.4135
152.9252	0.1173	0.0226	NaN	0.0182	0.4124
152.9258	0.1174	0.0226	NaN	0.0182	0.4122
152.9266	0.1175	0.0227	NaN	0.0182	0.4124
152.9282	0.1174	0.0226	NaN	0.0182	0.4124
152.9283	0.1171	0.0226	NaN	0.0182	0.4125
152.9301	0.1168	0.0225	NaN	0.0181	0.4124
152.9327	0.1168	0.0224	NaN	0.0180	0.4121
152.9321	0.1167	0.0224	NaN	0.0180	0.4121
152.9335	0.1165	0.0223	NaN	0.0180	0.4120
152.9352	0.1164	0.0223	NaN	0.0179	0.4120
152.9369	0.1164	0.0223	NaN	0.0179	0.4124
152.9381	0.1166	0.0222	NaN	0.0178	0.4132
152.9374	0.1162	0.0222	NaN	0.0178	0.4133
152.9392	0.1160	0.0222	NaN	0.0178	0.4133
152.9418	0.1160	0.0222	NaN	0.0178	0.4139
152.9426	0.1161	0.0222	NaN	0.0178	0.4146
152.9456	0.1160	0.0222	NaN	0.0178	0.4149
152.9441	0.1160	0.0221	NaN	0.0178	0.4151
152.9459	0.1159	0.0221	NaN	0.0177	0.4147
152.9493	0.1157	0.0220	NaN	0.0177	0.4144
152.9472	0.1158	0.0221	NaN	0.0177	0.4146
152.9490	0.1157	0.0220	NaN	0.0177	0.4150
152.9516	0.1155	0.0220	NaN	0.0176	0.4157
152.9519	0.1154	0.0219	NaN	0.0176	0.4162
152.9538	0.1152	0.0218	NaN	0.0175	0.4160
152.9525	0.1151	0.0218	NaN	0.0175	0.4161
152.9551	0.1150	0.0217	NaN	0.0174	0.4164
152.9577	0.1147	0.0216	NaN	0.0173	0.4164
152.9593	0.1146	0.0215	NaN	0.0172	0.4165
152.9610	0.1143	0.0214	NaN	0.0171	0.4164
152.9624	0.1143	0.0214	NaN	0.0171	0.4163
152.9622	0.1144	0.0214	NaN	0.0171	0.4165
152.9641	0.1144	0.0214	NaN	0.0171	0.4165
152.9643	0.1142	0.0215	NaN	0.0171	0.4163
152.9656	0.1139	0.0214	NaN	0.0171	0.4160
152.9680	0.1138	0.0213	NaN	0.0171	0.4161
152.9681	0.1136	0.0212	NaN	0.0170	0.4162
152.9702	0.1136	0.0212	NaN	0.0169	0.4164
152.9706	0.1136	0.0211	NaN	0.0168	0.4163
152.9726	0.1135	0.0211	NaN	0.0168	0.4163
152.9742	0.1134	0.0210	NaN	0.0167	0.4161
152.9762	0.1134	0.0210	NaN	0.0167	0.4160
152.9775	0.1133	0.0210	NaN	0.0167	0.4158
152.9788	0.1131	0.0209	NaN	0.0166	0.4156
152.9801	0.1129	0.0208	NaN	0.0166	0.4148
152.9812	0.1129	0.0208	NaN	0.0166	0.4145
152.9828	0.1131	0.0208	NaN	0.0166	0.4145
152.9828	0.1131	0.0208	NaN	0.0166	0.4143
152.9836	0.1130	0.0208	NaN	0.0165	0.4139
152.9823	0.1129	0.0208	NaN	0.0165	0.4139
152.9850	0.1129	0.0208	NaN	0.0165	0.4142
152.9866	0.1130	0.0208	NaN	0.0165	0.4145
152.9855	0.1129	0.0208	NaN	0.0165	0.4144
152.9876	0.1126	0.0207	NaN	0.0165	0.4140
152.9885	0.1125	0.0207	NaN	0.0164	0.4143
152.9903	0.1124	0.0206	NaN	0.0164	0.4147
152.9917	0.1127	0.0206	NaN	0.0163	0.4146
152.9924	0.1127	0.0205	NaN	0.0163	0.4137
152.9935	0.1125	0.0205	NaN	0.0162	0.4130
152.9955	0.1124	0.0204	NaN	0.0162	0.4127
152.9963	0.1123	0.0204	NaN	0.0162	0.4126
152.9982	0.1122	0.0204	NaN	0.0162	0.4125
152.9970	0.1122	0.0204	NaN	0.0162	0.4125
152.9982	0.1120	0.0203	NaN	0.0161	0.4123
153.0004	0.1119	0.0203	NaN	0.0161	0.4121
153.0012	0.1118	0.0203	NaN	0.0160	0.4121
153.0035	0.1118	0.0202	NaN	0.0160	0.4121
153.0033	0.1118	0.0202	NaN	0.0160	0.4125
153.0054	0.1116	0.0202	NaN	0.0159	0.4126
153.0073	0.1115	0.0201	NaN	0.0159	0.4128
153.0090	0.1115	0.0201	NaN	0.0159	0.4129
153.0102	0.1114	0.0201	NaN	0.0159	0.4129
153.0124	0.1113	0.0201	NaN	0.0159	0.4129
153.0117	0.1114	0.0201	NaN	0.0159	0.4130
153.0132	0.1114	0.0201	NaN	0.0159	0.4131
153.0117	0.1115	0.0201	NaN	0.0159	0.4132
153.0162	0.1115	0.0201	NaN	0.0159	0.4134
153.0189	0.1114	0.0200	NaN	0.0158	0.4137
153.0192	0.1112	0.0199	NaN	0.0157	0.4140
153.0206	0.1111	0.0199	NaN	0.0157	0.4142
153.0230	0.1110	0.0198	NaN	0.0156	0.4142
153.0233	0.1109	0.0198	NaN	0.0156	0.4141
153.0235	0.1107	0.0197	NaN	0.0155	0.4140
153.0240	0.1106	0.0196	NaN	0.0155	0.4140
153.0254	0.1105	0.0196	NaN	0.0154	0.4141
153.0265	0.1104	0.0196	NaN	0.0154	0.4142
153.0268	0.1103	0.0195	NaN	0.0154	0.4144
153.0285	0.1103	0.0195	NaN	0.0153	0.4147
153.0280	0.1103	0.0195	NaN	0.0153	0.4149
153.0304	0.1103	0.0195	NaN	0.0153	0.4151
153.0325	0.1103	0.0195	NaN	0.0153	0.4151
153.0321	0.1104	0.0195	NaN	0.0153	0.4150
153.0351	0.1102	0.0194	NaN	0.0153	0.4151
153.0363	0.1102	0.0194	NaN	0.0152	0.4152
153.0358	0.1102	0.0194	NaN	0.0152	0.4153
153.0379	0.1101	0.0194	NaN	0.0152	0.4155
153.0382	0.1100	0.0193	NaN	0.0152	0.4156
153.0412	0.1100	0.0193	NaN	0.0151	0.4156
153.0406	0.1098	0.0193	NaN	0.0151	0.4158
153.0410	0.1097	0.0192	NaN	0.0151	0.4158
153.0438	0.1097	0.0192	NaN	0.0150	0.4159
153.0461	0.1097	0.0191	NaN	0.0150	0.4160
153.0449	0.1096	0.0191	NaN	0.0149	0.4158
153.0464	0.1095	0.0190	NaN	0.0149	0.4154
153.0477	0.1095	0.0190	NaN	0.0149	0.4151
153.0490	0.1094	0.0189	NaN	0.0148	0.4149
153.0526	0.1094	0.0188	NaN	0.0147	0.4152
153.0529	0.1093	0.0188	NaN	0.0147	0.4155
153.0543	0.1092	0.0188	NaN	0.0146	0.4159
153.0531	0.1092	0.0188	NaN	0.0147	0.4159
153.0563	0.1092	0.0187	NaN	0.0147	0.4159
153.0576	0.1090	0.0188	NaN	0.0146	0.4160
153.0565	0.1091	0.0187	NaN	0.0146	0.4160
153.0592	0.1090	0.0187	NaN	0.0146	0.4158
153.0609	0.1089	0.0187	NaN	0.0146	0.4158
153.0600	0.1089	0.0187	NaN	0.0146	0.4158
153.0628	0.1088	0.0186	NaN	0.0145	0.4158
153.0637	0.1087	0.0186	NaN	0.0145	0.4157
153.0634	0.1087	0.0185	NaN	0.0145	0.4157
153.0657	0.1088	0.0185	NaN	0.0144	0.4155
153.0670	0.1089	0.0186	NaN	0.0145	0.4151
153.0678	0.1088	0.0185	NaN	0.0145	0.4150
153.0699	0.1088	0.0186	NaN	0.0145	0.4152
153.0718	0.1089	0.0186	NaN	0.0145	0.4147
153.0727	0.1089	0.0186	NaN	0.0145	0.4146
153.0726	0.1090	0.0186	NaN	0.0144	0.4150
153.0733	0.1089	0.0185	NaN	0.0144	0.4157
153.0753	0.1089	0.0185	NaN	0.0144	0.4161
153.0759	0.1087	0.0184	NaN	0.0143	0.4160
153.0787	0.1087	0.0184	NaN	0.0143	0.4159
153.0808	0.1087	0.0183	NaN	0.0142	0.4160
153.0805	0.1087	0.0183	NaN	0.0142	0.4162
153.0816	0.1086	0.0182	NaN	0.0141	0.4164
153.0823	0.1086	0.0182	NaN	0.0141	0.4164
153.0841	0.1086	0.0182	NaN	0.0141	0.4164
153.0842	0.1086	0.0181	NaN	0.0140	0.4165
153.0867	0.1085	0.0181	NaN	0.0140	0.4165
153.0861	0.1085	0.0181	NaN	0.0140	0.4165
153.0854	0.1085	0.0181	NaN	0.0140	0.4164
153.0875	0.1084	0.0181	NaN	0.0140	0.4164
153.0917	0.1083	0.0180	NaN	0.0140	0.4163
153.0918	0.1082	0.0180	NaN	0.0139	0.4162
153.0917	0.1081	0.0180	NaN	0.0139	0.4162
153.0944	0.1081	0.0180	NaN	0.0139	0.4161
153.0943	0.1081	0.0180	NaN	0.0139	0.4160
153.0968	0.1082	0.0180	NaN	0.0139	0.4158
153.0953	0.1081	0.0180	NaN	0.0139	0.4156
153.0985	0.1081	0.0180	NaN	0.0139	0.4157
153.0991	0.1081	0.0179	NaN	0.0138	0.4160
153.1003	0.1081	0.0179	NaN	0.0138	0.4159
153.1018	0.1081	0.0178	NaN	0.0137	0.4158
153.1034	0.1080	0.0178	NaN	0.0136	0.4156
153.1041	0.1080	0.0177	NaN	0.0136	0.4156
153.1059	0.1080	0.0177	NaN	0.0137	0.4157
153.1059	0.1079	0.0177	NaN	0.0136	0.4157
153.1083	0.1079	0.0177	NaN	0.0136	0.4156
153.1103	0.1079	0.0177	NaN	0.0136	0.4155
153.1097	0.1078	0.0176	NaN	0.0135	0.4156
153.1114	0.1077	0.0176	NaN	0.0135	0.4155
153.1120	0.1077	0.0176	NaN	0.0135	0.4155
153.1132	0.1077	0.0175	NaN	0.0134	0.4156
153.1153	0.1076	0.0175	NaN	0.0134	0.4157
153.1159	0.1077	0.0175	NaN	0.0134	0.4159
153.1180	0.1077	0.0175	NaN	0.0134	0.4159
153.1194	0.1077	0.0174	NaN	0.0133	0.4160
153.1190	0.1078	0.0174	NaN	0.0133	0.4160
153.1221	0.1078	0.0174	NaN	0.0133	0.4161
153.1196	0.1078	0.0174	NaN	0.0133	0.4162
153.1217	0.1078	0.0173	NaN	0.0132	0.4162
153.1258	0.1077	0.0173	NaN	0.0132	0.4162
153.1250	0.1076	0.0174	NaN	0.0133	0.4163
153.1254	0.1076	0.0174	NaN	0.0133	0.4164
153.1267	0.1076	0.0174	NaN	0.0133	0.4165
153.1253	0.1077	0.0174	NaN	0.0133	0.4165
153.1283	0.1077	0.0173	NaN	0.0132	0.4166
153.1292	0.1078	0.0173	NaN	0.0132	0.4166
153.1307	0.1078	0.0173	NaN	0.0132	0.4165
153.1323	0.1079	0.0173	NaN	0.0132	0.4164
153.1320	0.1079	0.0173	NaN	0.0132	0.4165
153.1337	0.1079	0.0173	NaN	0.0132	0.4163
153.1360	0.1079	0.0172	NaN	0.0132	0.4159
153.1375	0.1080	0.0172	NaN	0.0131	0.4158
153.1395	0.1079	0.0172	NaN	0.0131	0.4156
153.1392	0.1079	0.0172	NaN	0.0131	0.4158
153.1422	0.1080	0.0172	NaN	0.0131	0.4160
153.1440	0.1082	0.0171	NaN	0.0130	0.4159
153.1444	0.1083	0.0171	NaN	0.0130	0.4158
153.1464	0.1085	0.0171	NaN	0.0130	0.4155
153.1446	0.1085	0.0171	NaN	0.0130	0.4154
153.1453	0.1086	0.0171	NaN	0.0129	0.4153
153.1487	0.1085	0.0171	NaN	0.0129	0.4152
153.1499	0.1084	0.0170	NaN	0.0129	0.4151
153.1506	0.1083	0.0170	NaN	0.0129	0.4148
153.1531	0.1082	0.0170	NaN	0.0129	0.4143
153.1519	0.1084	0.0170	NaN	0.0129	0.4146
153.1534	0.1086	0.0170	NaN	0.0128	0.4145
153.1538	0.1084	0.0170	NaN	0.0129	0.4152
153.1541	0.1082	0.0170	NaN	0.0129	0.4159
153.1560	0.1083	0.0170	NaN	0.0129	0.4159
153.1562	0.1084	0.0170	NaN	0.0129	0.4158
153.1574	0.1085	0.0170	NaN	0.0129	0.4163
153.1602	0.1086	0.0169	NaN	0.0128	0.4168
153.1585	0.1085	0.0169	NaN	0.0128	0.4168
153.1629	0.1085	0.0169	NaN	0.0128	0.4168
153.1616	0.1086	0.0169	NaN	0.0127	0.4166
153.1647	0.1087	0.0168	NaN	0.0127	0.4165
153.1667	0.1088	0.0168	NaN	0.0126	0.4166
153.1654	0.1088	0.0168	NaN	0.0126	0.4164
153.1683	0.1088	0.0168	NaN	0.0126	0.4164
153.1679	0.1090	0.0168	NaN	0.0126	0.4164
153.1705	0.1090	0.0168	NaN	0.0126	0.4155
153.1714	0.1090	0.0167	NaN	0.0126	0.4147
153.1724	0.1092	0.0167	NaN	0.0126	0.4141
153.1753	0.1091	0.0167	NaN	0.0126	0.4137
153.1759	0.1092	0.0167	NaN	0.0125	0.4138
153.1773	0.1092	0.0167	NaN	0.0125	0.4141
153.1775	0.1092	0.0166	NaN	0.0125	0.4138
153.1785	0.1095	0.0166	NaN	0.0124	0.4140
153.1798	0.1097	0.0166	NaN	0.0124	0.4151
153.1807	0.1097	0.0166	NaN	0.0124	0.4150
153.1822	0.1097	0.0166	NaN	0.0124	0.4150
153.1841	0.1098	0.0166	NaN	0.0124	0.4146
153.1865	0.1098	0.0166	NaN	0.0124	0.4148
153.1867	0.1099	0.0166	NaN	0.0124	0.4159
153.1885	0.1102	0.0165	NaN	0.0123	0.4161
153.1885	0.1103	0.0165	NaN	0.0123	0.4162
153.1928	0.1104	0.0165	NaN	0.0123	0.4163
153.1943	0.1106	0.0165	NaN	0.0123	0.4163
153.1940	0.1106	0.0165	NaN	0.0123	0.4163
153.1949	0.1107	0.0165	NaN	0.0123	0.4163
153.1950	0.1108	0.0165	NaN	0.0123	0.4162
153.1969	0.1109	0.0165	NaN	0.0123	0.4163
153.1994	0.1110	0.0165	NaN	0.0123	0.4161
153.1989	0.1114	0.0165	NaN	0.0122	0.4158
153.2004	0.1119	0.0165	NaN	0.0122	0.4158
153.2017	0.1122	0.0164	NaN	0.0122	0.4156
153.2014	0.1124	0.0164	NaN	0.0121	0.4157
153.2018	0.1126	0.0164	NaN	0.0121	0.4156
153.2022	0.1126	0.0164	NaN	0.0122	0.4154
153.2025	0.1127	0.0164	NaN	0.0121	0.4153
153.2048	0.1132	0.0164	NaN	0.0121	0.4153
153.2055	0.1131	0.0164	NaN	0.0121	0.4153
153.2072	0.1131	0.0164	NaN	0.0121	0.4152
153.2100	0.1137	0.0164	NaN	0.0121	0.4153
153.2094	0.1134	0.0164	NaN	0.0121	0.4153
153.2123	0.1137	0.0164	NaN	0.0121	0.4151
153.2119	0.1135	0.0164	NaN	0.0121	0.4153
153.2148	0.1135	0.0164	NaN	0.0121	0.4153
153.2161	0.1137	0.0164	NaN	0.0121	0.4150
153.2166	0.1144	0.0164	NaN	0.0120	0.4148
153.2187	0.1153	0.0164	NaN	0.0120	0.4145
153.2205	0.1160	0.0164	NaN	0.0120	0.4141
153.2192	0.1164	0.0164	NaN	0.0120	0.4141
153.2216	0.1162	0.0164	NaN	0.0120	0.4142
153.2215	0.1157	0.0164	NaN	0.0120	0.4145
153.2220	0.1158	0.0164	NaN	0.0120	0.4143
153.2271	0.1166	0.0164	NaN	0.0120	0.4140
153.2251	0.1176	0.0164	NaN	0.0119	0.4135
153.2262	0.1181	0.0164	NaN	0.0119	0.4136
153.2284	0.1184	0.0164	NaN	0.0119	0.4135
153.2289	0.1193	0.0164	NaN	0.0119	0.4134
153.2307	0.1209	0.0164	NaN	0.0118	0.4129
153.2311	0.1220	0.0165	NaN	0.0118	0.4126
153.2348	0.1231	0.0165	NaN	0.0118	0.4125
153.2337	0.1230	0.0165	NaN	0.0118	0.4124
153.2351	0.1223	0.0165	NaN	0.0118	0.4124
153.2364	0.1229	0.0164	NaN	0.0118	0.4127
153.2373	0.1229	0.0165	NaN	0.0118	0.4134
153.2384	0.1232	0.0165	NaN	0.0118	0.4135
153.2384	0.1245	0.0165	NaN	0.0118	0.4136
153.2388	0.1240	0.0165	NaN	0.0118	0.4139
153.2394	0.1244	0.0165	NaN	0.0118	0.4142
153.2416	0.1254	0.0165	NaN	0.0118	0.4144
153.2413	0.1254	0.0165	NaN	0.0118	0.4141
153.2437	0.1257	0.0165	NaN	0.0118	0.4140
153.2437	0.1260	0.0165	NaN	0.0118	0.4140
153.2472	0.1271	0.0165	NaN	0.0118	0.4140
153.2496	0.1290	0.0166	NaN	0.0117	0.4142
153.2479	0.1310	0.0166	NaN	0.0117	0.4144
153.2493	0.1341	0.0167	NaN	0.0117	0.4146
153.2502	0.1349	0.0167	NaN	0.0117	0.4146
153.2529	0.1374	0.0168	NaN	0.0117	0.4149
153.2544	0.1390	0.0169	NaN	0.0117	0.4152
153.2536	0.1381	0.0168	NaN	0.0116	0.4150
153.2542	0.1400	0.0169	NaN	0.0117	0.4147
153.2569	0.1432	0.0170	NaN	0.0116	0.4149
153.2595	0.1461	0.0171	NaN	0.0116	0.4155
153.2589	0.1502	0.0172	NaN	0.0116	0.4159
153.2600	0.1558	0.0174	NaN	0.0116	0.4161
153.2626	0.1566	0.0174	NaN	0.0116	0.4161
153.2638	0.1648	0.0177	NaN	0.0116	0.4161
153.2653	0.1702	0.0179	NaN	0.0115	0.4161
153.2663	0.1804	0.0182	NaN	0.0115	0.4164
153.2678	0.1865	0.0184	NaN	0.0115	0.4166
153.2691	0.1835	0.0183	NaN	0.0115	0.4168
153.2712	0.1853	0.0184	NaN	0.0115	0.4167
153.2707	0.1815	0.0182	NaN	0.0115	0.4168
153.2724	0.1875	0.0185	NaN	0.0115	0.4167
153.2745	0.1903	0.0185	NaN	0.0115	0.4165
153.2737	0.1905	0.0186	NaN	0.0115	0.4164
153.2750	0.1992	0.0188	NaN	0.0115	0.4164
153.2760	0.2104	0.0192	NaN	0.0115	0.4162
153.2769	0.2236	0.0197	NaN	0.0115	0.4161
153.2799	0.2429	0.0204	NaN	0.0115	0.4161
153.2799	0.2484	0.0206	NaN	0.0115	0.4163
153.2808	0.2530	0.0207	NaN	0.0115	0.4164
153.2830	0.2590	0.0210	NaN	0.0115	0.4163
153.2843	0.2687	0.0213	NaN	0.0115	0.4164
153.2857	0.2774	0.0216	NaN	0.0115	0.4165
153.2854	0.2780	0.0216	NaN	0.0114	0.4164
153.2886	0.2907	0.0220	NaN	0.0114	0.4163
153.2888	0.3004	0.0224	NaN	0.0114	0.4163
153.2898	0.3009	0.0224	NaN	0.0114	0.4164
153.2917	0.3134	0.0228	NaN	0.0114	0.4166
153.2928	0.3187	0.0230	NaN	0.0114	0.4166
153.2941	0.3219	0.0231	NaN	0.0114	0.4166
153.2964	0.3247	0.0232	NaN	0.0114	0.4167
153.2948	0.3252	0.0232	NaN	0.0114	0.4168
153.2960	0.3267	0.0233	NaN	0.0114	0.4170
153.2976	0.3249	0.0232	NaN	0.0114	0.4171
153.2974	0.3244	0.0232	NaN	0.0114	0.4171
153.3001	0.3217	0.0231	NaN	0.0114	0.4172
153.3015	0.3223	0.0231	NaN	0.0114	0.4172
153.3022	0.3212	0.0231	NaN	0.0114	0.4172
153.3037	0.3153	0.0229	NaN	0.0114	0.4172
153.3043	0.3094	0.0226	NaN	0.0114	0.4172
153.3070	0.3035	0.0224	NaN	0.0114	0.4173
153.3083	0.2877	0.0219	NaN	0.0114	0.4174
153.3075	0.2926	0.0220	NaN	0.0114	0.4173
153.3099	0.2890	0.0219	NaN	0.0114	0.4172
153.3102	0.2804	0.0216	NaN	0.0113	0.4172
153.3129	0.2831	0.0217	NaN	0.0114	0.4171
153.3150	0.2657	0.0211	NaN	0.0113	0.4170
153.3129	0.2497	0.0205	NaN	0.0113	0.4168
153.3165	0.2309	0.0198	NaN	0.0113	0.4167
153.3161	0.2180	0.0193	NaN	0.0113	0.4164
153.3167	0.2187	0.0193	NaN	0.0113	0.4165
153.3183	0.2188	0.0194	NaN	0.0113	0.4166
153.3186	0.2245	0.0196	NaN	0.0113	0.4166
153.3213	0.2257	0.0196	NaN	0.0113	0.4166
153.3229	0.2241	0.0196	NaN	0.0113	0.4166
153.3224	0.2218	0.0195	NaN	0.0113	0.4163
153.3253	0.2166	0.0193	NaN	0.0113	0.4161
153.3256	0.2112	0.0191	NaN	0.0113	0.4158
153.3279	0.2078	0.0189	NaN	0.0113	0.4156
153.3279	0.2036	0.0188	NaN	0.0113	0.4158
153.3303	0.2042	0.0188	NaN	0.0113	0.4163
153.3301	0.2007	0.0187	NaN	0.0113	0.4167
153.3322	0.1959	0.0185	NaN	0.0113	0.4168
153.3339	0.1917	0.0183	NaN	0.0113	0.4167
153.3351	0.1883	0.0182	NaN	0.0113	0.4163
153.3372	0.1872	0.0182	NaN	0.0113	0.4159
153.3370	0.1861	0.0182	NaN	0.0113	0.4154
153.3393	0.1856	0.0181	NaN	0.0113	0.4150
153.3389	0.1854	0.0181	NaN	0.0113	0.4152
153.3405	0.1853	0.0181	NaN	0.0112	0.4155
153.3417	0.1853	0.0181	NaN	0.0113	0.4158
153.3408	0.1855	0.0181	NaN	0.0112	0.4160
153.3432	0.1852	0.0181	NaN	0.0112	0.4159
153.3438	0.1853	0.0181	NaN	0.0113	0.4163
153.3449	0.1852	0.0181	NaN	0.0113	0.4166
153.3474	0.1853	0.0181	NaN	0.0113	0.4167
153.3461	0.1853	0.0181	NaN	0.0112	0.4162
153.3458	0.1855	0.0181	NaN	0.0112	0.4158
153.3497	0.1858	0.0181	NaN	0.0112	0.4164
153.3503	0.1859	0.0181	NaN	0.0112	0.4166
153.3524	0.1866	0.0181	NaN	0.0112	0.4155
153.3512	0.1872	0.0181	NaN	0.0112	0.4148
153.3534	0.1887	0.0182	NaN	0.0112	0.4149
153.3544	0.1896	0.0182	NaN	0.0112	0.4152
153.3547	0.1906	0.0183	NaN	0.0112	0.4153
153.3566	0.1916	0.0183	NaN	0.0112	0.4155
153.3560	0.1920	0.0183	NaN	0.0112	0.4160
153.3565	0.1927	0.0183	NaN	0.0112	0.4163
153.3610	0.1955	0.0184	NaN	0.0112	0.4162
153.3610	0.1953	0.0184	NaN	0.0112	0.4163
153.3651	0.1959	0.0185	NaN	0.0112	0.4166
153.3658	0.1980	0.0185	NaN	0.0112	0.4168
153.3646	0.1977	0.0185	NaN	0.0112	0.4171
153.3649	0.1991	0.0186	NaN	0.0112	0.4170
153.3651	0.2006	0.0186	NaN	0.0112	0.4169
153.3679	0.2006	0.0186	NaN	0.0112	0.4167
153.3693	0.2005	0.0186	NaN	0.0113	0.4167
153.3699	0.2018	0.0187	NaN	0.0113	0.4167
153.3730	0.2073	0.0189	NaN	0.0113	0.4163
153.3724	0.2090	0.0190	NaN	0.0113	0.4163
153.3728	0.2097	0.0190	NaN	0.0113	0.4165
153.3743	0.2127	0.0191	NaN	0.0113	0.4170
153.3752	0.2122	0.0191	NaN	0.0113	0.4170
153.3779	0.2151	0.0192	NaN	0.0113	0.4167
153.3805	0.2224	0.0195	NaN	0.0113	0.4168
153.3811	0.2298	0.0197	NaN	0.0113	0.4171
153.3811	0.2370	0.0200	NaN	0.0113	0.4173
153.3834	0.2399	0.0201	NaN	0.0113	0.4173
153.3832	0.2388	0.0200	NaN	0.0113	0.4173
153.3844	0.2449	0.0203	NaN	0.0113	0.4173
153.3840	0.2491	0.0204	NaN	0.0112	0.4170
153.3873	0.2530	0.0206	NaN	0.0113	0.4166
153.3889	0.2628	0.0209	NaN	0.0113	0.4165
153.3900	0.2691	0.0211	NaN	0.0113	0.4169
153.3923	0.2814	0.0216	NaN	0.0113	0.4173
153.3933	0.2944	0.0220	NaN	0.0113	0.4174
153.3947	0.3012	0.0223	NaN	0.0113	0.4173
153.3974	0.3137	0.0227	NaN	0.0113	0.4173
153.3949	0.3105	0.0226	NaN	0.0113	0.4171
153.3969	0.3088	0.0225	NaN	0.0113	0.4168
153.4001	0.3050	0.0224	NaN	0.0113	0.4166
153.3986	0.3054	0.0224	NaN	0.0113	0.4170
153.4010	0.3116	0.0227	NaN	0.0113	0.4173
153.4011	0.3201	0.0230	NaN	0.0114	0.4170
153.4029	0.3363	0.0235	NaN	0.0113	0.4166
153.4040	0.3421	0.0238	NaN	0.0113	0.4171
153.4051	0.3446	0.0238	NaN	0.0113	0.4172
153.4069	0.3653	0.0246	NaN	0.0113	0.4173
153.4092	0.3816	0.0252	NaN	0.0114	0.4170
153.4079	0.3909	0.0255	NaN	0.0114	0.4170
153.4108	0.4253	0.0268	NaN	0.0114	0.4170
153.4096	0.4298	0.0269	NaN	0.0114	0.4172
153.4122	0.4530	0.0278	NaN	0.0114	0.4172
153.4143	0.4734	0.0285	NaN	0.0114	0.4171
153.4154	0.4856	0.0290	NaN	0.0114	0.4173
153.4156	0.4870	0.0290	NaN	0.0114	0.4172
153.4160	0.4945	0.0293	NaN	0.0114	0.4175
153.4192	0.5163	0.0301	NaN	0.0114	0.4173
153.4209	0.5262	0.0304	NaN	0.0114	0.4170
153.4203	0.5273	0.0305	NaN	0.0114	0.4158
153.4225	0.5627	0.0317	NaN	0.0115	0.4154
153.4246	0.6194	0.0338	NaN	0.0115	0.4152
153.4235	0.6503	0.0349	NaN	0.0115	0.4149
153.4252	0.6675	0.0356	NaN	0.0115	0.4148
153.4267	0.6697	0.0357	NaN	0.0115	0.4147
153.4288	0.6685	0.0356	NaN	0.0115	0.4146
153.4300	0.6663	0.0356	NaN	0.0116	0.4143
153.4304	0.6621	0.0354	NaN	0.0116	0.4142
153.4315	0.6590	0.0353	NaN	0.0116	0.4139
153.4324	0.6598	0.0353	NaN	0.0115	0.4142
153.4355	0.6569	0.0353	NaN	0.0116	0.4140
153.4337	0.6432	0.0347	NaN	0.0116	0.4140
153.4328	0.6399	0.0346	NaN	0.0116	0.4141
153.4355	0.6271	0.0342	NaN	0.0116	0.4142
153.4379	0.6166	0.0338	NaN	0.0116	0.4142
153.4379	0.6196	0.0339	NaN	0.0116	0.4143
153.4405	0.6107	0.0336	NaN	0.0116	0.4143
153.4416	0.6149	0.0338	NaN	0.0116	0.4142
153.4417	0.6229	0.0341	NaN	0.0116	0.4143
153.4446	0.6145	0.0337	NaN	0.0116	0.4144
153.4436	0.5939	0.0330	NaN	0.0116	0.4144
153.4465	0.5638	0.0319	NaN	0.0116	0.4145
153.4474	0.5705	0.0322	NaN	0.0116	0.4152
153.4473	0.5904	0.0329	NaN	0.0116	0.4148
153.4497	0.5882	0.0328	NaN	0.0116	0.4144
153.4526	0.5654	0.0320	NaN	0.0116	0.4143
153.4537	0.5341	0.0309	NaN	0.0116	0.4143
153.4552	0.5215	0.0304	NaN	0.0116	0.4143
153.4547	0.5132	0.0301	NaN	0.0116	0.4146
153.4561	0.5144	0.0302	NaN	0.0116	0.4151
153.4568	0.5111	0.0301	NaN	0.0116	0.4151
153.4581	0.5063	0.0299	NaN	0.0116	0.4154
153.4590	0.4860	0.0292	NaN	0.0116	0.4150
153.4578	0.4801	0.0290	NaN	0.0116	0.4145
153.4616	0.4504	0.0279	NaN	0.0116	0.4148
153.4616	0.4364	0.0275	NaN	0.0117	0.4148
153.4617	0.4315	0.0273	NaN	0.0117	0.4151
153.4654	0.4222	0.0270	NaN	0.0117	0.4145
153.4663	0.4134	0.0267	NaN	0.0117	0.4141
153.4669	0.4090	0.0265	NaN	0.0117	0.4140
153.4701	0.4065	0.0265	NaN	0.0117	0.4140
153.4694	0.4065	0.0265	NaN	0.0117	0.4141
153.4701	0.4084	0.0265	NaN	0.0117	0.4141
153.4713	0.4090	0.0265	NaN	0.0117	0.4142
153.4727	0.4069	0.0265	NaN	0.0117	0.4145
153.4727	0.4070	0.0265	NaN	0.0117	0.4146
153.4745	0.4070	0.0265	NaN	0.0117	0.4144
153.4753	0.4070	0.0265	NaN	0.0117	0.4142
153.4775	0.4084	0.0265	NaN	0.0117	0.4144
153.4780	0.4104	0.0266	NaN	0.0117	0.4144
153.4795	0.4133	0.0267	NaN	0.0117	0.4142
153.4834	0.4191	0.0269	NaN	0.0117	0.4140
153.4817	0.4269	0.0272	NaN	0.0118	0.4140
153.4850	0.4329	0.0275	NaN	0.0118	0.4140
153.4845	0.4316	0.0274	NaN	0.0118	0.4140
153.4852	0.4286	0.0273	NaN	0.0118	0.4140
153.4861	0.4290	0.0273	NaN	0.0117	0.4144
153.4872	0.4206	0.0270	NaN	0.0117	0.4144
153.4880	0.4253	0.0272	NaN	0.0118	0.4147
153.4906	0.4367	0.0276	NaN	0.0118	0.4151
153.4909	0.4514	0.0281	NaN	0.0118	0.4154
153.4926	0.4747	0.0290	NaN	0.0118	0.4155
153.4933	0.4856	0.0294	NaN	0.0118	0.4155
153.4951	0.5024	0.0300	NaN	0.0118	0.4158
153.4953	0.4941	0.0297	NaN	0.0118	0.4162
153.4946	0.4738	0.0289	NaN	0.0118	0.4161
153.4956	0.4728	0.0289	NaN	0.0118	0.4162
153.4966	0.4699	0.0288	NaN	0.0118	0.4162
153.4995	0.4679	0.0287	NaN	0.0118	0.4163
153.5011	0.4757	0.0290	NaN	0.0118	0.4155
153.5034	0.4889	0.0295	NaN	0.0118	0.4149
153.5029	0.5182	0.0306	NaN	0.0118	0.4149
153.5059	0.5561	0.0319	NaN	0.0119	0.4156
153.5062	0.5764	0.0327	NaN	0.0119	0.4156
153.5076	0.5987	0.0335	NaN	0.0119	0.4155
153.5076	0.6077	0.0338	NaN	0.0119	0.4156
153.5102	0.6276	0.0345	NaN	0.0119	0.4160
153.5114	0.6503	0.0354	NaN	0.0120	0.4162
153.5108	0.6345	0.0348	NaN	0.0119	0.4162
153.5132	0.6624	0.0358	NaN	0.0120	0.4165
153.5154	0.6748	0.0363	NaN	0.0120	0.4169
153.5158	0.6740	0.0363	NaN	0.0120	0.4169
153.5163	0.6770	0.0364	NaN	0.0120	0.4171
153.5175	0.6763	0.0364	NaN	0.0120	0.4175
153.5184	0.6661	0.0360	NaN	0.0120	0.4177
153.5221	0.6366	0.0350	NaN	0.0121	0.4181
153.5218	0.6278	0.0347	NaN	0.0121	0.4183
153.5224	0.6101	0.0341	NaN	0.0121	0.4185
153.5240	0.5878	0.0333	NaN	0.0121	0.4187
153.5247	0.5744	0.0328	NaN	0.0121	0.4186
153.5263	0.5546	0.0321	NaN	0.0121	0.4187
153.5249	0.5458	0.0318	NaN	0.0121	0.4187
153.5288	0.4934	0.0300	NaN	0.0121	0.4186
153.5299	0.4677	0.0291	NaN	0.0121	0.4185
153.5300	0.4710	0.0292	NaN	0.0121	0.4186
153.5322	0.4440	0.0282	NaN	0.0122	0.4189
153.5323	0.4377	0.0280	NaN	0.0122	0.4190
153.5339	0.4117	0.0271	NaN	0.0122	0.4191
153.5368	0.3983	0.0266	NaN	0.0122	0.4191
153.5365	0.4019	0.0268	NaN	0.0122	0.4191
153.5407	0.3952	0.0265	NaN	0.0122	0.4191
153.5411	0.3916	0.0264	NaN	0.0122	0.4190
153.5417	0.3866	0.0263	NaN	0.0122	0.4189
153.5419	0.3806	0.0261	NaN	0.0122	0.4191
153.5426	0.3617	0.0254	NaN	0.0123	0.4191
153.5446	0.3411	0.0247	NaN	0.0123	0.4190
153.5472	0.3256	0.0242	NaN	0.0123	0.4191
153.5459	0.3253	0.0242	NaN	0.0123	0.4191
153.5490	0.3191	0.0239	NaN	0.0123	0.4190
153.5516	0.3131	0.0238	NaN	0.0123	0.4190
153.5506	0.3168	0.0239	NaN	0.0123	0.4189
153.5523	0.3206	0.0240	NaN	0.0123	0.4189
153.5518	0.3237	0.0241	NaN	0.0123	0.4190
153.5539	0.3195	0.0240	NaN	0.0124	0.4191
153.5563	0.3139	0.0238	NaN	0.0124	0.4191
153.5555	0.3136	0.0238	NaN	0.0124	0.4191
153.5582	0.3108	0.0237	NaN	0.0124	0.4191
153.5575	0.3115	0.0237	NaN	0.0124	0.4191
153.5595	0.3063	0.0236	NaN	0.0124	0.4190
153.5613	0.3041	0.0235	NaN	0.0124	0.4190
153.5616	0.3034	0.0235	NaN	0.0125	0.4190
153.5630	0.3038	0.0236	NaN	0.0125	0.4190
153.5660	0.3054	0.0237	NaN	0.0125	0.4191
153.5648	0.3059	0.0237	NaN	0.0126	0.4190
153.5672	0.3054	0.0237	NaN	0.0125	0.4188
153.5656	0.3038	0.0236	NaN	0.0125	0.4186
153.5680	0.3041	0.0236	NaN	0.0125	0.4185
153.5698	0.3048	0.0236	NaN	0.0125	0.4186
153.5698	0.3060	0.0237	NaN	0.0126	0.4186
153.5734	0.3069	0.0238	NaN	0.0126	0.4186
153.5753	0.3070	0.0238	NaN	0.0126	0.4188
153.5744	0.3077	0.0238	NaN	0.0126	0.4189
153.5752	0.3085	0.0239	NaN	0.0126	0.4189
153.5767	0.3078	0.0239	NaN	0.0126	0.4188
153.5781	0.3045	0.0238	NaN	0.0127	0.4189
153.5824	0.2983	0.0236	NaN	0.0127	0.4189
153.5812	0.2974	0.0236	NaN	0.0127	0.4187
153.5834	0.2988	0.0236	NaN	0.0127	0.4187
153.5817	0.3036	0.0238	NaN	0.0127	0.4182
153.5843	0.3040	0.0238	NaN	0.0127	0.4178
153.5851	0.3031	0.0238	NaN	0.0127	0.4174
153.5841	0.3000	0.0237	NaN	0.0127	0.4171
153.5855	0.2928	0.0234	NaN	0.0128	0.4175
153.5891	0.2873	0.0233	NaN	0.0128	0.4178
153.5884	0.2869	0.0232	NaN	0.0128	0.4179
153.5904	0.2837	0.0231	NaN	0.0128	0.4180
153.5898	0.2842	0.0232	NaN	0.0128	0.4177
153.5923	0.2786	0.0230	NaN	0.0128	0.4174
153.5944	0.2731	0.0228	NaN	0.0128	0.4173
153.5952	0.2678	0.0226	NaN	0.0129	0.4173
153.5969	0.2643	0.0225	NaN	0.0129	0.4174
153.5998	0.2597	0.0224	NaN	0.0129	0.4177
153.6007	0.2599	0.0224	NaN	0.0129	0.4180
153.6006	0.2578	0.0224	NaN	0.0129	0.4182
153.6008	0.2584	0.0224	NaN	0.0129	0.4182
153.6036	0.2580	0.0224	NaN	0.0129	0.4183
153.6046	0.2558	0.0223	NaN	0.0129	0.4184
153.6055	0.2532	0.0222	NaN	0.0129	0.4183
153.6078	0.2480	0.0221	NaN	0.0130	0.4184
153.6088	0.2464	0.0220	NaN	0.0130	0.4185
153.6104	0.2428	0.0219	NaN	0.0130	0.4187
153.6116	0.2393	0.0218	NaN	0.0130	0.4188
153.6109	0.2389	0.0218	NaN	0.0130	0.4190
153.6122	0.2391	0.0218	NaN	0.0131	0.4191
153.6134	0.2385	0.0218	NaN	0.0131	0.4192
153.6117	0.2400	0.0219	NaN	0.0130	0.4192
153.6136	0.2399	0.0218	NaN	0.0130	0.4192
153.6137	0.2399	0.0219	NaN	0.0130	0.4192
153.6154	0.2381	0.0218	NaN	0.0131	0.4192
153.6172	0.2373	0.0218	NaN	0.0131	0.4192
153.6176	0.2368	0.0218	NaN	0.0131	0.4192
153.6192	0.2355	0.0218	NaN	0.0131	0.4193
153.6212	0.2350	0.0218	NaN	0.0132	0.4193
153.6226	0.2348	0.0218	NaN	0.0132	0.4193
153.6239	0.2349	0.0218	NaN	0.0132	0.4193
153.6235	0.2351	0.0218	NaN	0.0131	0.4192
153.6276	0.2348	0.0218	NaN	0.0132	0.4192
153.6276	0.2355	0.0219	NaN	0.0132	0.4192
153.6281	0.2371	0.0220	NaN	0.0133	0.4193
153.6299	0.2412	0.0222	NaN	0.0133	0.4192
153.6317	0.2430	0.0223	NaN	0.0134	0.4191
153.6317	0.2422	0.0222	NaN	0.0134	0.4191
153.6325	0.2436	0.0223	NaN	0.0133	0.4191
153.6325	0.2458	0.0224	NaN	0.0134	0.4190
153.6349	0.2496	0.0226	NaN	0.0134	0.4190
153.6364	0.2540	0.0228	NaN	0.0134	0.4189
153.6381	0.2540	0.0227	NaN	0.0134	0.4187
153.6391	0.2559	0.0228	NaN	0.0134	0.4184
153.6386	0.2540	0.0228	NaN	0.0134	0.4181
153.6412	0.2619	0.0231	NaN	0.0135	0.4177
153.6445	0.2707	0.0235	NaN	0.0136	0.4171
153.6425	0.2787	0.0238	NaN	0.0136	0.4167
153.6443	0.2828	0.0240	NaN	0.0136	0.4162
153.6478	0.2887	0.0242	NaN	0.0137	0.4160
153.6475	0.2892	0.0242	NaN	0.0137	0.4160
153.6490	0.2915	0.0243	NaN	0.0137	0.4158
153.6489	0.2838	0.0240	NaN	0.0137	0.4163
153.6500	0.2816	0.0239	NaN	0.0136	0.4164
153.6540	0.2835	0.0240	NaN	0.0136	0.4163
153.6526	0.2897	0.0243	NaN	0.0137	0.4160
153.6544	0.2977	0.0246	NaN	0.0137	0.4156
153.6560	0.3005	0.0247	NaN	0.0137	0.4156
153.6576	0.3026	0.0248	NaN	0.0138	0.4155
153.6580	0.3030	0.0249	NaN	0.0138	0.4154
153.6599	0.2986	0.0248	NaN	0.0139	0.4159
153.6609	0.2918	0.0246	NaN	0.0139	0.4160
153.6633	0.2879	0.0245	NaN	0.0140	0.4166
153.6622	0.2879	0.0245	NaN	0.0140	0.4169
153.6654	0.2795	0.0242	NaN	0.0140	0.4162
153.6649	0.2765	0.0241	NaN	0.0140	0.4162
153.6662	0.2725	0.0240	NaN	0.0140	0.4161
153.6686	0.2688	0.0239	NaN	0.0141	0.4163
153.6685	0.2620	0.0237	NaN	0.0141	0.4171
153.6704	0.2526	0.0233	NaN	0.0141	0.4174
153.6707	0.2414	0.0230	NaN	0.0142	0.4181
153.6698	0.2379	0.0229	NaN	0.0142	0.4182
153.6731	0.2274	0.0226	NaN	0.0142	0.4177
153.6731	0.2260	0.0225	NaN	0.0142	0.4170
153.6757	0.2253	0.0225	NaN	0.0143	0.4172
153.6774	0.2257	0.0225	NaN	0.0142	0.4173
153.6779	0.2315	0.0227	NaN	0.0142	0.4179
153.6788	0.2291	0.0227	NaN	0.0143	0.4175
153.6801	0.2273	0.0226	NaN	0.0143	0.4175
153.6783	0.2272	0.0226	NaN	0.0143	0.4173
153.6807	0.2223	0.0225	NaN	0.0143	0.4170
153.6805	0.2188	0.0223	NaN	0.0143	0.4175
153.6824	0.2141	0.0222	NaN	0.0144	0.4177
153.6841	0.2112	0.0221	NaN	0.0144	0.4166
153.6846	0.2090	0.0221	NaN	0.0144	0.4167
153.6853	0.2071	0.0220	NaN	0.0144	0.4168
153.6889	0.2071	0.0220	NaN	0.0144	0.4165
153.6888	0.2054	0.0220	NaN	0.0144	0.4174
153.6897	0.2022	0.0219	NaN	0.0145	0.4172
153.6898	0.2009	0.0219	NaN	0.0145	0.4174
153.6911	0.1982	0.0218	NaN	0.0145	0.4182
153.6932	0.1951	0.0218	NaN	0.0146	0.4181
153.6941	0.1941	0.0217	NaN	0.0146	0.4180
153.6969	0.1925	0.0217	NaN	0.0146	0.4176
153.6960	0.1911	0.0217	NaN	0.0147	0.4168
153.6987	0.1888	0.0217	NaN	0.0147	0.4163
153.6994	0.1871	0.0217	NaN	0.0148	0.4156
153.7000	0.1862	0.0216	NaN	0.0148	0.4159
153.7012	0.1854	0.0217	NaN	0.0149	0.4169
153.7028	0.1854	0.0217	NaN	0.0149	0.4177
153.7054	0.1853	0.0217	NaN	0.0149	0.4175
153.7089	0.1854	0.0217	NaN	0.0149	0.4171
153.7067	0.1853	0.0217	NaN	0.0149	0.4167
153.7082	0.1851	0.0218	NaN	0.0149	0.4166
153.7104	0.1854	0.0218	NaN	0.0150	0.4159
153.7099	0.1853	0.0218	NaN	0.0150	0.4162
153.7126	0.1855	0.0219	NaN	0.0150	0.4164
153.7144	0.1858	0.0219	NaN	0.0150	0.4164
153.7126	0.1860	0.0219	NaN	0.0150	0.4161
153.7165	0.1870	0.0220	NaN	0.0151	0.4157
153.7163	0.1877	0.0221	NaN	0.0151	0.4157
153.7190	0.1886	0.0222	NaN	0.0152	0.4156
153.7207	0.1889	0.0222	NaN	0.0153	0.4156
153.7213	0.1889	0.0223	NaN	0.0153	0.4155
153.7238	0.1886	0.0223	NaN	0.0153	0.4157
153.7227	0.1890	0.0223	NaN	0.0153	0.4157
153.7247	0.1891	0.0223	NaN	0.0153	0.4157
153.7258	0.1891	0.0223	NaN	0.0153	0.4157
153.7254	0.1890	0.0222	NaN	0.0153	0.4158
153.7268	0.1886	0.0223	NaN	0.0153	0.4159
153.7270	0.1882	0.0223	NaN	0.0154	0.4159
153.7301	0.1879	0.0223	NaN	0.0154	0.4159
153.7317	0.1854	0.0223	NaN	0.0154	0.4160
153.7308	0.1827	0.0223	NaN	0.0155	0.4164
153.7316	0.1817	0.0222	NaN	0.0155	0.4166
153.7314	0.1796	0.0222	NaN	0.0156	0.4164
153.7328	0.1791	0.0222	NaN	0.0156	0.4165
153.7327	0.1781	0.0222	NaN	0.0156	0.4168
153.7360	0.1754	0.0221	NaN	0.0156	0.4169
153.7369	0.1738	0.0221	NaN	0.0157	0.4171
153.7387	0.1724	0.0221	NaN	0.0157	0.4177
153.7387	0.1717	0.0220	NaN	0.0157	0.4177
153.7392	0.1709	0.0220	NaN	0.0157	0.4179
153.7412	0.1685	0.0220	NaN	0.0158	0.4180
153.7430	0.1675	0.0220	NaN	0.0158	0.4183
153.7445	0.1676	0.0220	NaN	0.0158	0.4185
153.7487	0.1662	0.0220	NaN	0.0159	0.4189
153.7455	0.1670	0.0220	NaN	0.0158	0.4192
153.7481	0.1665	0.0220	NaN	0.0158	0.4192
153.7474	0.1663	0.0220	NaN	0.0158	0.4192
153.7498	0.1647	0.0220	NaN	0.0159	0.4190
153.7516	0.1633	0.0220	NaN	0.0159	0.4192
153.7525	0.1615	0.0220	NaN	0.0160	0.4190
153.7552	0.1595	0.0220	NaN	0.0161	0.4192
153.7543	0.1590	0.0220	NaN	0.0161	0.4187
153.7568	0.1578	0.0220	NaN	0.0161	0.4185
153.7588	0.1570	0.0220	NaN	0.0162	0.4185
153.7597	0.1573	0.0220	NaN	0.0162	0.4186
153.7583	0.1574	0.0220	NaN	0.0162	0.4190
153.7618	0.1560	0.0220	NaN	0.0162	0.4194
153.7608	0.1562	0.0220	NaN	0.0162	0.4193
153.7640	0.1556	0.0220	NaN	0.0162	0.4191
153.7643	0.1555	0.0220	NaN	0.0162	0.4190
153.7668	0.1547	0.0220	NaN	0.0163	0.4190
153.7689	0.1541	0.0220	NaN	0.0163	0.4188
153.7688	0.1540	0.0220	NaN	0.0163	0.4185
153.7710	0.1535	0.0221	NaN	0.0164	0.4182
153.7725	0.1530	0.0221	NaN	0.0164	0.4183
153.7730	0.1525	0.0221	NaN	0.0164	0.4183
153.7756	0.1521	0.0221	NaN	0.0165	0.4181
153.7748	0.1517	0.0221	NaN	0.0165	0.4180
153.7758	0.1512	0.0222	NaN	0.0166	0.4181
153.7782	0.1505	0.0222	NaN	0.0166	0.4180
153.7784	0.1505	0.0222	NaN	0.0166	0.4180
153.7809	0.1501	0.0222	NaN	0.0167	0.4184
153.7788	0.1499	0.0222	NaN	0.0167	0.4185
153.7841	0.1497	0.0223	NaN	0.0167	0.4186
153.7831	0.1494	0.0223	NaN	0.0168	0.4185
153.7836	0.1492	0.0223	NaN	0.0168	0.4183
153.7851	0.1490	0.0223	NaN	0.0168	0.4183
153.7866	0.1486	0.0223	NaN	0.0168	0.4184
153.7861	0.1484	0.0224	NaN	0.0169	0.4183
153.7868	0.1482	0.0224	NaN	0.0169	0.4183
153.7882	0.1482	0.0224	NaN	0.0169	0.4184
153.7902	0.1482	0.0224	NaN	0.0169	0.4185
153.7914	0.1480	0.0224	NaN	0.0170	0.4186
153.7921	0.1476	0.0225	NaN	0.0170	0.4188
153.7937	0.1472	0.0226	NaN	0.0171	0.4189
153.7946	0.1469	0.0226	NaN	0.0172	0.4191
153.7948	0.1468	0.0227	NaN	0.0172	0.4193
153.7979	0.1466	0.0227	NaN	0.0173	0.4193
153.7982	0.1466	0.0227	NaN	0.0173	0.4192
153.7999	0.1464	0.0227	NaN	0.0173	0.4193
153.8017	0.1463	0.0228	NaN	0.0174	0.4197
153.8021	0.1464	0.0228	NaN	0.0173	0.4200
153.8016	0.1462	0.0228	NaN	0.0174	0.4201
153.8021	0.1462	0.0228	NaN	0.0174	0.4199
153.8041	0.1461	0.0229	NaN	0.0174	0.4199
153.8063	0.1461	0.0229	NaN	0.0175	0.4200
153.8061	0.1462	0.0229	NaN	0.0174	0.4201
153.8080	0.1462	0.0229	NaN	0.0174	0.4202
153.8088	0.1462	0.0229	NaN	0.0174	0.4201
153.8096	0.1461	0.0229	NaN	0.0175	0.4201
153.8130	0.1460	0.0229	NaN	0.0175	0.4203
153.8121	0.1459	0.0230	NaN	0.0175	0.4204
153.8143	0.1458	0.0230	NaN	0.0176	0.4205
153.8184	0.1457	0.0231	NaN	0.0177	0.4205
153.8160	0.1457	0.0231	NaN	0.0177	0.4205
153.8178	0.1456	0.0232	NaN	0.0177	0.4203
153.8208	0.1455	0.0232	NaN	0.0178	0.4205
153.8192	0.1456	0.0232	NaN	0.0178	0.4205
153.8202	0.1456	0.0233	NaN	0.0179	0.4205
153.8207	0.1455	0.0233	NaN	0.0179	0.4203
153.8235	0.1454	0.0234	NaN	0.0180	0.4200
153.8266	0.1453	0.0235	NaN	0.0181	0.4200
153.8251	0.1453	0.0235	NaN	0.0181	0.4198
153.8269	0.1454	0.0235	NaN	0.0181	0.4197
153.8302	0.1454	0.0236	NaN	0.0181	0.4196
153.8299	0.1454	0.0236	NaN	0.0182	0.4195
153.8323	0.1454	0.0236	NaN	0.0182	0.4195
153.8316	0.1454	0.0236	NaN	0.0182	0.4193
153.8331	0.1454	0.0237	NaN	0.0183	0.4193
153.8351	0.1455	0.0237	NaN	0.0183	0.4191
153.8348	0.1456	0.0237	NaN	0.0183	0.4193
153.8378	0.1457	0.0238	NaN	0.0184	0.4193
153.8385	0.1458	0.0239	NaN	0.0185	0.4193
153.8402	0.1458	0.0240	NaN	0.0185	0.4189
153.8420	0.1460	0.0240	NaN	0.0186	0.4185
153.8429	0.1459	0.0240	NaN	0.0186	0.4183
153.8438	0.1459	0.0240	NaN	0.0186	0.4190
153.8450	0.1459	0.0240	NaN	0.0186	0.4195
153.8459	0.1458	0.0240	NaN	0.0186	0.4198
153.8468	0.1458	0.0240	NaN	0.0186	0.4199
153.8479	0.1458	0.0240	NaN	0.0186	0.4202
153.8504	0.1458	0.0241	NaN	0.0187	0.4201
153.8519	0.1458	0.0242	NaN	0.0188	0.4201
153.8532	0.1460	0.0242	NaN	0.0188	0.4204
153.8519	0.1460	0.0242	NaN	0.0188	0.4207
153.8550	0.1461	0.0243	NaN	0.0189	0.4207
153.8554	0.1461	0.0243	NaN	0.0189	0.4207
153.8560	0.1461	0.0244	NaN	0.0190	0.4208
153.8545	0.1458	0.0244	NaN	0.0190	0.4204
153.8566	0.1459	0.0244	NaN	0.0190	0.4203
153.8593	0.1459	0.0245	NaN	0.0191	0.4203
153.8610	0.1461	0.0245	NaN	0.0191	0.4203
153.8628	0.1464	0.0247	NaN	0.0192	0.4204
153.8628	0.1465	0.0247	NaN	0.0193	0.4204
153.8654	0.1466	0.0248	NaN	0.0194	0.4205
153.8674	0.1469	0.0249	NaN	0.0194	0.4206
153.8659	0.1470	0.0249	NaN	0.0194	0.4207
153.8685	0.1471	0.0250	NaN	0.0195	0.4208
153.8707	0.1471	0.0250	NaN	0.0195	0.4208
153.8697	0.1470	0.0249	NaN	0.0194	0.4207
153.8733	0.1471	0.0250	NaN	0.0195	0.4209
153.8717	0.1472	0.0250	NaN	0.0196	0.4209
153.8734	0.1474	0.0251	NaN	0.0196	0.4209
153.8754	0.1476	0.0251	NaN	0.0197	0.4209
153.8762	0.1476	0.0252	NaN	0.0197	0.4208
153.8777	0.1478	0.0252	NaN	0.0198	0.4208
153.8799	0.1478	0.0253	NaN	0.0198	0.4207
153.8797	0.1477	0.0253	NaN	0.0198	0.4207
153.8818	0.1478	0.0253	NaN	0.0199	0.4208
153.8810	0.1479	0.0253	NaN	0.0199	0.4208
153.8818	0.1480	0.0254	NaN	0.0199	0.4209
153.8853	0.1481	0.0254	NaN	0.0200	0.4209
153.8849	0.1481	0.0254	NaN	0.0199	0.4209
153.8880	0.1482	0.0255	NaN	0.0200	0.4210
153.8865	0.1482	0.0255	NaN	0.0200	0.4209
153.8865	0.1482	0.0255	NaN	0.0199	0.4210
153.8885	0.1481	0.0254	NaN	0.0200	0.4210
153.8901	0.1482	0.0255	NaN	0.0200	0.4210
153.8900	0.1483	0.0255	NaN	0.0200	0.4210
153.8931	0.1485	0.0256	NaN	0.0201	0.4210
153.8932	0.1488	0.0257	NaN	0.0202	0.4210
153.8953	0.1490	0.0257	NaN	0.0202	0.4209
153.8948	0.1490	0.0258	NaN	0.0202	0.4208
153.8972	0.1490	0.0258	NaN	0.0203	0.4205
153.8976	0.1490	0.0258	NaN	0.0203	0.4203
153.8977	0.1491	0.0259	NaN	0.0203	0.4200
153.9014	0.1495	0.0260	NaN	0.0205	0.4194
153.9026	0.1496	0.0261	NaN	0.0206	0.4196
153.9022	0.1496	0.0261	NaN	0.0206	0.4197
153.9048	0.1499	0.0263	NaN	0.0207	0.4192
153.9053	0.1502	0.0263	NaN	0.0208	0.4190
153.9058	0.1504	0.0264	NaN	0.0209	0.4191
153.9103	0.1507	0.0265	NaN	0.0209	0.4196
153.9105	0.1507	0.0265	NaN	0.0209	0.4198
153.9118	0.1509	0.0265	NaN	0.0209	0.4196
153.9126	0.1512	0.0266	NaN	0.0210	0.4194
153.9124	0.1512	0.0266	NaN	0.0210	0.4195
153.9134	0.1514	0.0267	NaN	0.0211	0.4194
153.9144	0.1513	0.0266	NaN	0.0210	0.4194
153.9160	0.1514	0.0267	NaN	0.0211	0.4195
153.9164	0.1516	0.0268	NaN	0.0212	0.4194
153.9161	0.1517	0.0268	NaN	0.0212	0.4191
153.9189	0.1519	0.0269	NaN	0.0212	0.4191
153.9208	0.1521	0.0269	NaN	0.0213	0.4189
153.9217	0.1524	0.0270	NaN	0.0214	0.4189
153.9231	0.1526	0.0271	NaN	0.0215	0.4187
153.9228	0.1524	0.0271	NaN	0.0214	0.4187
153.9241	0.1526	0.0272	NaN	0.0215	0.4185
153.9264	0.1528	0.0273	NaN	0.0216	0.4185
153.9270	0.1530	0.0273	NaN	0.0216	0.4185
153.9287	0.1532	0.0273	NaN	0.0217	0.4181
153.9296	0.1532	0.0273	NaN	0.0217	0.4178
153.9315	0.1533	0.0274	NaN	0.0217	0.4176
153.9330	0.1534	0.0274	NaN	0.0217	0.4174
153.9326	0.1533	0.0274	NaN	0.0217	0.4175
153.9355	0.1534	0.0275	NaN	0.0218	0.4177
153.9362	0.1536	0.0275	NaN	0.0218	0.4175
153.9374	0.1537	0.0275	NaN	0.0219	0.4175
153.9388	0.1537	0.0275	NaN	0.0218	0.4174
153.9375	0.1534	0.0274	NaN	0.0218	0.4175
153.9390	0.1535	0.0275	NaN	0.0218	0.4177
153.9409	0.1537	0.0275	NaN	0.0218	0.4181
153.9412	0.1539	0.0276	NaN	0.0219	0.4182
153.9417	0.1542	0.0277	NaN	0.0220	0.4182
153.9424	0.1545	0.0278	NaN	0.0221	0.4181
153.9442	0.1547	0.0279	NaN	0.0222	0.4180
153.9478	0.1546	0.0279	NaN	0.0222	0.4183
153.9454	0.1544	0.0279	NaN	0.0222	0.4183
153.9485	0.1545	0.0279	NaN	0.0222	0.4180
153.9503	0.1545	0.0279	NaN	0.0222	0.4179
153.9492	0.1546	0.0279	NaN	0.0222	0.4177
153.9505	0.1547	0.0279	NaN	0.0222	0.4178
153.9520	0.1550	0.0280	NaN	0.0223	0.4179
153.9557	0.1554	0.0282	NaN	0.0224	0.4179
153.9558	0.1560	0.0284	NaN	0.0226	0.4177
153.9557	0.1563	0.0285	NaN	0.0227	0.4176
153.9574	0.1565	0.0286	NaN	0.0228	0.4175
153.9596	0.1564	0.0286	NaN	0.0228	0.4177
153.9589	0.1564	0.0286	NaN	0.0228	0.4178
153.9608	0.1563	0.0286	NaN	0.0228	0.4179
153.9620	0.1563	0.0286	NaN	0.0228	0.4180
153.9641	0.1566	0.0287	NaN	0.0229	0.4181
153.9642	0.1569	0.0288	NaN	0.0229	0.4179
153.9645	0.1570	0.0289	NaN	0.0230	0.4178
153.9668	0.1574	0.0290	NaN	0.0231	0.4178
153.9665	0.1575	0.0290	NaN	0.0231	0.4178
153.9688	0.1577	0.0291	NaN	0.0232	0.4175
153.9700	0.1580	0.0292	NaN	0.0233	0.4175
153.9720	0.1582	0.0292	NaN	0.0234	0.4177
153.9734	0.1583	0.0293	NaN	0.0234	0.4174
153.9749	0.1585	0.0294	NaN	0.0235	0.4174
153.9760	0.1585	0.0294	NaN	0.0235	0.4175
153.9776	0.1585	0.0294	NaN	0.0235	0.4174
153.9763	0.1583	0.0293	NaN	0.0234	0.4173
153.9787	0.1586	0.0294	NaN	0.0235	0.4175
153.9817	0.1588	0.0294	NaN	0.0236	0.4177
153.9801	0.1589	0.0295	NaN	0.0236	0.4178
153.9825	0.1592	0.0296	NaN	0.0237	0.4177
153.9830	0.1593	0.0296	NaN	0.0237	0.4176
153.9829	0.1593	0.0296	NaN	0.0237	0.4176
153.9855	0.1593	0.0296	NaN	0.0237	0.4177
153.9854	0.1594	0.0296	NaN	0.0237	0.4178
153.9865	0.1595	0.0296	NaN	0.0237	0.4181
153.9908	0.1595	0.0296	NaN	0.0237	0.4181
153.9905	0.1597	0.0297	NaN	0.0238	0.4182
153.9915	0.1597	0.0297	NaN	0.0238	0.4183
153.9929	0.1599	0.0298	NaN	0.0238	0.4188
153.9940	0.1598	0.0298	NaN	0.0238	0.4190
153.9942	0.1601	0.0299	NaN	0.0239	0.4187
153.9942	0.1602	0.0299	NaN	0.0240	0.4186
153.9962	0.1605	0.0301	NaN	0.0241	0.4185
153.9991	0.1608	0.0302	NaN	0.0242	0.4185
153.9978	0.1610	0.0303	NaN	0.0243	0.4183
153.9996	0.1614	0.0304	NaN	0.0244	0.4183
154.0003	0.1618	0.0304	NaN	0.0244	0.4184
154.0015	0.1618	0.0305	NaN	0.0244	0.4185
154.0039	0.1619	0.0305	NaN	0.0245	0.4183
154.0049	0.1620	0.0305	NaN	0.0245	0.4182
154.0060	0.1621	0.0306	NaN	0.0246	0.4181
154.0075	0.1624	0.0307	NaN	0.0247	0.4182
154.0078	0.1626	0.0308	NaN	0.0248	0.4183
154.0089	0.1628	0.0308	NaN	0.0248	0.4183
154.0102	0.1626	0.0308	NaN	0.0248	0.4183
154.0107	0.1626	0.0309	NaN	0.0249	0.4182
154.0120	0.1628	0.0310	NaN	0.0250	0.4183
154.0127	0.1628	0.0310	NaN	0.0250	0.4183
154.0153	0.1631	0.0311	NaN	0.0250	0.4184
154.0181	0.1635	0.0312	NaN	0.0252	0.4185
154.0177	0.1635	0.0312	NaN	0.0251	0.4185
154.0198	0.1636	0.0312	NaN	0.0252	0.4187
154.0209	0.1635	0.0312	NaN	0.0252	0.4187
154.0215	0.1635	0.0312	NaN	0.0251	0.4186
154.0240	0.1638	0.0314	NaN	0.0253	0.4187
154.0255	0.1637	0.0314	NaN	0.0253	0.4189
154.0247	0.1639	0.0314	NaN	0.0253	0.4188
154.0262	0.1642	0.0315	NaN	0.0254	0.4188
154.0276	0.1646	0.0317	NaN	0.0256	0.4188
154.0288	0.1646	0.0316	NaN	0.0256	0.4186
154.0282	0.1647	0.0316	NaN	0.0255	0.4186
154.0303	0.1649	0.0317	NaN	0.0255	0.4186
154.0328	0.1651	0.0317	NaN	0.0256	0.4187
154.0320	0.1651	0.0318	NaN	0.0256	0.4189
154.0339	0.1653	0.0318	NaN	0.0257	0.4189
154.0343	0.1654	0.0319	NaN	0.0258	0.4190
154.0362	0.1656	0.0320	NaN	0.0258	0.4191
154.0370	0.1657	0.0320	NaN	0.0259	0.4191
154.0369	0.1657	0.0321	NaN	0.0259	0.4193
154.0397	0.1659	0.0321	NaN	0.0259	0.4193
154.0406	0.1659	0.0321	NaN	0.0260	0.4195
154.0431	0.1660	0.0322	NaN	0.0260	0.4195
154.0446	0.1661	0.0322	NaN	0.0260	0.4194
154.0439	0.1662	0.0322	NaN	0.0261	0.4196
154.0463	0.1665	0.0323	NaN	0.0262	0.4193
154.0481	0.1666	0.0323	NaN	0.0262	0.4191
154.0484	0.1665	0.0323	NaN	0.0261	0.4192
154.0510	0.1668	0.0324	NaN	0.0262	0.4193
154.0526	0.1670	0.0325	NaN	0.0263	0.4183
154.0535	0.1670	0.0325	NaN	0.0263	0.4180
154.0555	0.1670	0.0326	NaN	0.0263	0.4178
154.0551	0.1669	0.0326	NaN	0.0264	0.4179
154.0560	0.1667	0.0325	NaN	0.0263	0.4179
154.0575	0.1670	0.0326	NaN	0.0263	0.4182
154.0577	0.1672	0.0326	NaN	0.0264	0.4185
154.0608	0.1674	0.0326	NaN	0.0264	0.4186
154.0607	0.1675	0.0327	NaN	0.0265	0.4187
154.0609	0.1677	0.0328	NaN	0.0265	0.4188
154.0621	0.1680	0.0328	NaN	0.0266	0.4189
154.0626	0.1681	0.0329	NaN	0.0267	0.4189
154.0662	0.1686	0.0331	NaN	0.0268	0.4191
154.0677	0.1688	0.0332	NaN	0.0270	0.4193
154.0673	0.1689	0.0333	NaN	0.0271	0.4193
154.0682	0.1690	0.0334	NaN	0.0271	0.4192
154.0690	0.1691	0.0334	NaN	0.0272	0.4192
154.0693	0.1691	0.0334	NaN	0.0272	0.4194
154.0712	0.1691	0.0334	NaN	0.0272	0.4197
154.0709	0.1692	0.0334	NaN	0.0271	0.4198
154.0734	0.1696	0.0335	NaN	0.0272	0.4199
154.0750	0.1697	0.0335	NaN	0.0272	0.4198
154.0749	0.1696	0.0335	NaN	0.0272	0.4194
154.0765	0.1698	0.0336	NaN	0.0273	0.4193
154.0770	0.1700	0.0336	NaN	0.0273	0.4191
154.0785	0.1702	0.0338	NaN	0.0275	0.4191
154.0806	0.1705	0.0339	NaN	0.0276	0.4191
154.0806	0.1707	0.0339	NaN	0.0276	0.4191
154.0811	0.1709	0.0341	NaN	0.0277	0.4194
154.0825	0.1711	0.0341	NaN	0.0278	0.4194
154.0839	0.1712	0.0342	NaN	0.0278	0.4193
154.0856	0.1715	0.0343	NaN	0.0279	0.4195
154.0862	0.1715	0.0343	NaN	0.0279	0.4194
154.0879	0.1716	0.0343	NaN	0.0280	0.4192
154.0904	0.1717	0.0344	NaN	0.0280	0.4193
154.0904	0.1719	0.0345	NaN	0.0281	0.4194
154.0922	0.1722	0.0346	NaN	0.0282	0.4194
154.0931	0.1723	0.0346	NaN	0.0283	0.4195
154.0937	0.1726	0.0347	NaN	0.0283	0.4197
154.0950	0.1729	0.0348	NaN	0.0284	0.4197
154.0951	0.1730	0.0348	NaN	0.0285	0.4199
154.0961	0.1729	0.0349	NaN	0.0285	0.4198
154.0995	0.1727	0.0349	NaN	0.0286	0.4199
154.0989	0.1726	0.0349	NaN	0.0285	0.4201
154.1025	0.1728	0.0349	NaN	0.0285	0.4203
154.1019	0.1732	0.0349	NaN	0.0285	0.4204
154.1038	0.1733	0.0350	NaN	0.0286	0.4204
154.1041	0.1734	0.0351	NaN	0.0287	0.4204
154.1049	0.1736	0.0351	NaN	0.0287	0.4207
154.1065	0.1739	0.0353	NaN	0.0288	0.4210
154.1071	0.1738	0.0353	NaN	0.0289	0.4209
154.1093	0.1740	0.0354	NaN	0.0290	0.4208
154.1113	0.1743	0.0355	NaN	0.0291	0.4210
154.1115	0.1743	0.0355	NaN	0.0291	0.4211
154.1115	0.1743	0.0355	NaN	0.0290	0.4212
154.1130	0.1743	0.0354	NaN	0.0290	0.4214
154.1138	0.1746	0.0356	NaN	0.0291	0.4216
154.1161	0.1750	0.0357	NaN	0.0292	0.4218
154.1163	0.1753	0.0358	NaN	0.0293	0.4220
154.1174	0.1754	0.0358	NaN	0.0293	0.4219
154.1201	0.1751	0.0358	NaN	0.0293	0.4216
154.1204	0.1749	0.0357	NaN	0.0293	0.4213
154.1225	0.1748	0.0357	NaN	0.0292	0.4212
154.1240	0.1748	0.0357	NaN	0.0292	0.4211
154.1225	0.1747	0.0357	NaN	0.0292	0.4209
154.1257	0.1748	0.0358	NaN	0.0292	0.4210
154.1252	0.1750	0.0358	NaN	0.0294	0.4212
154.1293	0.1754	0.0360	NaN	0.0295	0.4214
154.1289	0.1756	0.0361	NaN	0.0296	0.4216
154.1284	0.1759	0.0362	NaN	0.0297	0.4216
154.1316	0.1759	0.0363	NaN	0.0297	0.4218
154.1323	0.1761	0.0363	NaN	0.0298	0.4221
154.1315	0.1762	0.0363	NaN	0.0298	0.4216
154.1355	0.1763	0.0363	NaN	0.0298	0.4214
154.1357	0.1763	0.0363	NaN	0.0298	0.4212
154.1376	0.1764	0.0364	NaN	0.0298	0.4212
154.1403	0.1766	0.0364	NaN	0.0299	0.4213
154.1390	0.1766	0.0365	NaN	0.0299	0.4213
154.1403	0.1765	0.0365	NaN	0.0299	0.4212
154.1419	0.1763	0.0364	NaN	0.0299	0.4212
154.1430	0.1763	0.0364	NaN	0.0299	0.4212
154.1432	0.1764	0.0364	NaN	0.0299	0.4212
154.1448	0.1764	0.0365	NaN	0.0300	0.4213
154.1481	0.1765	0.0366	NaN	0.0300	0.4213
154.1471	0.1769	0.0367	NaN	0.0301	0.4214
154.1499	0.1774	0.0368	NaN	0.0302	0.4216
154.1502	0.1775	0.0369	NaN	0.0304	0.4216
154.1497	0.1774	0.0370	NaN	0.0304	0.4218
154.1516	0.1779	0.0371	NaN	0.0306	0.4220
154.1551	0.1781	0.0372	NaN	0.0306	0.4220
154.1536	0.1779	0.0372	NaN	0.0306	0.4219
154.1558	0.1781	0.0373	NaN	0.0307	0.4218
154.1568	0.1782	0.0374	NaN	0.0308	0.4220
154.1577	0.1781	0.0374	NaN	0.0308	0.4222
154.1592	0.1782	0.0374	NaN	0.0309	0.4223
154.1601	0.1784	0.0374	NaN	0.0308	0.4223
154.1617	0.1785	0.0374	NaN	0.0309	0.4224
154.1644	0.1786	0.0375	NaN	0.0309	0.4222
154.1628	0.1788	0.0375	NaN	0.0310	0.4222
154.1645	0.1792	0.0377	NaN	0.0311	0.4225
154.1649	0.1793	0.0377	NaN	0.0311	0.4227
154.1660	0.1794	0.0378	NaN	0.0311	0.4228
154.1699	0.1796	0.0379	NaN	0.0313	0.4227
154.1706	0.1796	0.0379	NaN	0.0313	0.4227
154.1717	0.1796	0.0379	NaN	0.0312	0.4226
154.1732	0.1797	0.0379	NaN	0.0313	0.4224
154.1731	0.1796	0.0379	NaN	0.0313	0.4225
154.1752	0.1797	0.0380	NaN	0.0314	0.4226
154.1731	0.1797	0.0380	NaN	0.0314	0.4227
154.1774	0.1799	0.0382	NaN	0.0315	0.4228
154.1786	0.1802	0.0383	NaN	0.0316	0.4228
154.1774	0.1801	0.0383	NaN	0.0316	0.4230
154.1804	0.1802	0.0383	NaN	0.0317	0.4229
154.1825	0.1804	0.0384	NaN	0.0317	0.4229
154.1824	0.1804	0.0383	NaN	0.0317	0.4230
154.1837	0.1804	0.0383	NaN	0.0317	0.4230
154.1838	0.1803	0.0382	NaN	0.0316	0.4229
154.1850	0.1804	0.0383	NaN	0.0316	0.4230
154.1866	0.1805	0.0384	NaN	0.0317	0.4231
154.1855	0.1807	0.0384	NaN	0.0318	0.4233
154.1889	0.1809	0.0385	NaN	0.0318	0.4232
154.1877	0.1808	0.0385	NaN	0.0318	0.4232
154.1910	0.1811	0.0386	NaN	0.0319	0.4234
154.1922	0.1811	0.0387	NaN	0.0320	0.4235
154.1924	0.1813	0.0387	NaN	0.0321	0.4235
154.1942	0.1812	0.0388	NaN	0.0321	0.4237
154.1951	0.1813	0.0389	NaN	0.0322	0.4238
154.1986	0.1817	0.0390	NaN	0.0323	0.4240
154.1983	0.1822	0.0391	NaN	0.0324	0.4240
154.1980	0.1823	0.0392	NaN	0.0324	0.4238
154.2004	0.1825	0.0392	NaN	0.0325	0.4237
154.2015	0.1825	0.0393	NaN	0.0326	0.4235
154.2021	0.1825	0.0393	NaN	0.0326	0.4234
154.2036	0.1825	0.0394	NaN	0.0326	0.4233
154.2063	0.1827	0.0394	NaN	0.0326	0.4234
154.2077	0.1826	0.0393	NaN	0.0326	0.4236
154.2087	0.1827	0.0394	NaN	0.0326	0.4237
154.2092	0.1826	0.0394	NaN	0.0326	0.4237
154.2116	0.1828	0.0395	NaN	0.0327	0.4236
154.2134	0.1829	0.0395	NaN	0.0328	0.4237
154.2132	0.1830	0.0396	NaN	0.0329	0.4237
154.2149	0.1833	0.0398	NaN	0.0330	0.4238
154.2177	0.1836	0.0399	NaN	0.0331	0.4237
154.2165	0.1837	0.0400	NaN	0.0332	0.4237
154.2178	0.1839	0.0400	NaN	0.0332	0.4237
154.2191	0.1839	0.0400	NaN	0.0333	0.4238
154.2201	0.1839	0.0401	NaN	0.0333	0.4238
154.2231	0.1837	0.0401	NaN	0.0333	0.4237
154.2234	0.1836	0.0400	NaN	0.0333	0.4237
154.2239	0.1837	0.0401	NaN	0.0333	0.4237
154.2230	0.1838	0.0402	NaN	0.0334	0.4237
154.2259	0.1838	0.0402	NaN	0.0334	0.4238
154.2280	0.1839	0.0403	NaN	0.0335	0.4239
154.2288	0.1840	0.0403	NaN	0.0335	0.4239
154.2294	0.1843	0.0404	NaN	0.0336	0.4238
154.2305	0.1846	0.0405	NaN	0.0337	0.4237
154.2323	0.1848	0.0406	NaN	0.0337	0.4237
154.2354	0.1850	0.0407	NaN	0.0339	0.4237
154.2328	0.1850	0.0407	NaN	0.0338	0.4236
154.2353	0.1853	0.0408	NaN	0.0340	0.4235
154.2366	0.1855	0.0409	NaN	0.0341	0.4234
154.2367	0.1856	0.0410	NaN	0.0341	0.4234
154.2385	0.1857	0.0410	NaN	0.0342	0.4232
154.2406	0.1858	0.0411	NaN	0.0342	0.4235
154.2404	0.1858	0.0411	NaN	0.0343	0.4235
154.2412	0.1858	0.0412	NaN	0.0344	0.4232
154.2418	0.1860	0.0412	NaN	0.0344	0.4231
154.2449	0.1861	0.0413	NaN	0.0344	0.4231
154.2468	0.1862	0.0414	NaN	0.0345	0.4230
154.2472	0.1862	0.0414	NaN	0.0346	0.4228
154.2485	0.1863	0.0414	NaN	0.0346	0.4227
154.2480	0.1862	0.0414	NaN	0.0345	0.4227
154.2499	0.1863	0.0414	NaN	0.0346	0.4227
154.2514	0.1864	0.0415	NaN	0.0346	0.4226
154.2518	0.1864	0.0415	NaN	0.0346	0.4225
154.2535	0.1864	0.0415	NaN	0.0346	0.4221
154.2553	0.1865	0.0416	NaN	0.0347	0.4219
154.2543	0.1865	0.0416	NaN	0.0347	0.4218
154.2560	0.1865	0.0416	NaN	0.0347	0.4219
154.2573	0.1863	0.0415	NaN	0.0346	0.4222
154.2576	0.1862	0.0414	NaN	0.0345	0.4223
154.2608	0.1863	0.0415	NaN	0.0346	0.4222
154.2618	0.1863	0.0416	NaN	0.0347	0.4223
154.2643	0.1865	0.0417	NaN	0.0348	0.4215
154.2650	0.1867	0.0417	NaN	0.0348	0.4210
154.2648	0.1868	0.0417	NaN	0.0348	0.4208
154.2661	0.1870	0.0418	NaN	0.0349	0.4207
154.2696	0.1871	0.0418	NaN	0.0349	0.4210
154.2685	0.1870	0.0418	NaN	0.0349	0.4212
154.2720	0.1871	0.0419	NaN	0.0350	0.4212
154.2712	0.1870	0.0419	NaN	0.0350	0.4215
154.2724	0.1869	0.0419	NaN	0.0350	0.4215
154.2738	0.1867	0.0419	NaN	0.0350	0.4218
154.2738	0.1867	0.0419	NaN	0.0350	0.4218
154.2762	0.1868	0.0419	NaN	0.0350	0.4217
154.2764	0.1871	0.0420	NaN	0.0351	0.4215
154.2779	0.1873	0.0420	NaN	0.0351	0.4212
154.2805	0.1875	0.0421	NaN	0.0352	0.4210
154.2792	0.1875	0.0421	NaN	0.0352	0.4207
154.2821	0.1875	0.0422	NaN	0.0352	0.4207
154.2819	0.1876	0.0422	NaN	0.0353	0.4206
154.2851	0.1877	0.0423	NaN	0.0353	0.4204
154.2878	0.1879	0.0424	NaN	0.0355	0.4203
154.2866	0.1882	0.0425	NaN	0.0355	0.4201
154.2884	0.1884	0.0426	NaN	0.0356	0.4202
154.2919	0.1883	0.0426	NaN	0.0356	0.4204
154.2901	0.1880	0.0426	NaN	0.0357	0.4204
154.2909	0.1882	0.0427	NaN	0.0358	0.4203
154.2912	0.1884	0.0428	NaN	0.0358	0.4203
154.2936	0.1885	0.0428	NaN	0.0358	0.4204
154.2933	0.1886	0.0428	NaN	0.0359	0.4203
154.2957	0.1887	0.0429	NaN	0.0360	0.4203
154.2974	0.1887	0.0430	NaN	0.0360	0.4206
154.2988	0.1886	0.0431	NaN	0.0361	0.4206
154.3001	0.1887	0.0431	NaN	0.0362	0.4205
154.3004	0.1890	0.0431	NaN	0.0362	0.4204
154.3011	0.1893	0.0431	NaN	0.0362	0.4205
154.3054	0.1895	0.0432	NaN	0.0362	0.4209
154.3051	0.1895	0.0432	NaN	0.0362	0.4210
154.3039	0.1895	0.0433	NaN	0.0363	0.4211
154.3065	0.1897	0.0433	NaN	0.0363	0.4212
154.3072	0.1900	0.0434	NaN	0.0364	0.4213
154.3093	0.1902	0.0435	NaN	0.0365	0.4214
154.3101	0.1902	0.0436	NaN	0.0366	0.4217
154.3103	0.1901	0.0437	NaN	0.0366	0.4219
154.3120	0.1900	0.0438	NaN	0.0368	0.4223
154.3127	0.1902	0.0439	NaN	0.0368	0.4224
154.3135	0.1904	0.0439	NaN	0.0369	0.4223
154.3150	0.1905	0.0440	NaN	0.0369	0.4222
154.3167	0.1905	0.0440	NaN	0.0369	0.4222
154.3179	0.1906	0.0441	NaN	0.0370	0.4224
154.3207	0.1907	0.0441	NaN	0.0370	0.4223
154.3200	0.1906	0.0441	NaN	0.0370	0.4223
154.3213	0.1907	0.0441	NaN	0.0371	0.4225
154.3232	0.1908	0.0442	NaN	0.0371	0.4226
154.3236	0.1910	0.0441	NaN	0.0370	0.4224
154.3253	0.1910	0.0441	NaN	0.0371	0.4225
154.3264	0.1908	0.0441	NaN	0.0370	0.4226
154.3274	0.1907	0.0442	NaN	0.0371	0.4228
154.3289	0.1907	0.0443	NaN	0.0372	0.4232
154.3286	0.1908	0.0443	NaN	0.0373	0.4233
154.3292	0.1909	0.0443	NaN	0.0373	0.4233
154.3309	0.1910	0.0444	NaN	0.0373	0.4234
154.3339	0.1912	0.0445	NaN	0.0374	0.4235
154.3340	0.1914	0.0445	NaN	0.0374	0.4237
154.3342	0.1915	0.0445	NaN	0.0374	0.4237
154.3385	0.1916	0.0446	NaN	0.0375	0.4237
154.3423	0.1915	0.0446	NaN	0.0375	0.4236
154.3391	0.1913	0.0446	NaN	0.0375	0.4235
154.3413	0.1913	0.0447	NaN	0.0376	0.4236
154.3415	0.1914	0.0447	NaN	0.0376	0.4237
154.3441	0.1915	0.0449	NaN	0.0378	0.4241
154.3453	0.1917	0.0450	NaN	0.0379	0.4243
154.3448	0.1918	0.0451	NaN	0.0380	0.4243
154.3462	0.1920	0.0452	NaN	0.0380	0.4243
154.3483	0.1921	0.0452	NaN	0.0381	0.4243
154.3470	0.1922	0.0452	NaN	0.0381	0.4243
154.3493	0.1922	0.0452	NaN	0.0381	0.4244
154.3489	0.1920	0.0452	NaN	0.0381	0.4244
154.3515	0.1920	0.0452	NaN	0.0381	0.4246
154.3535	0.1920	0.0452	NaN	0.0381	0.4249
154.3534	0.1920	0.0452	NaN	0.0381	0.4250
154.3551	0.1919	0.0453	NaN	0.0381	0.4248
154.3568	0.1920	0.0453	NaN	0.0382	0.4246
154.3556	0.1921	0.0454	NaN	0.0382	0.4245
154.3583	0.1923	0.0455	NaN	0.0383	0.4247
154.3579	0.1923	0.0455	NaN	0.0384	0.4247
154.3599	0.1924	0.0456	NaN	0.0384	0.4246
154.3618	0.1923	0.0455	NaN	0.0384	0.4246
154.3616	0.1923	0.0456	NaN	0.0384	0.4245
154.3624	0.1924	0.0456	NaN	0.0385	0.4245
154.3659	0.1925	0.0457	NaN	0.0386	0.4246
154.3659	0.1927	0.0458	NaN	0.0387	0.4248
154.3686	0.1929	0.0459	NaN	0.0388	0.4251
154.3687	0.1929	0.0460	NaN	0.0388	0.4251
154.3703	0.1929	0.0460	NaN	0.0388	0.4251
154.3722	0.1931	0.0460	NaN	0.0388	0.4251
154.3725	0.1932	0.0460	NaN	0.0389	0.4251
154.3727	0.1933	0.0460	NaN	0.0388	0.4251
154.3739	0.1934	0.0460	NaN	0.0388	0.4251
154.3768	0.1935	0.0460	NaN	0.0388	0.4251
154.3788	0.1935	0.0460	NaN	0.0388	0.4252
154.3786	0.1936	0.0461	NaN	0.0389	0.4252
154.3793	0.1937	0.0462	NaN	0.0390	0.4252
154.3819	0.1935	0.0462	NaN	0.0390	0.4253
154.3814	0.1937	0.0462	NaN	0.0390	0.4252
154.3846	0.1937	0.0463	NaN	0.0391	0.4253
154.3855	0.1936	0.0463	NaN	0.0391	0.4254
154.3867	0.1936	0.0463	NaN	0.0391	0.4254
154.3881	0.1937	0.0463	NaN	0.0392	0.4254
154.3889	0.1936	0.0464	NaN	0.0392	0.4254
154.3894	0.1936	0.0464	NaN	0.0392	0.4255
154.3899	0.1935	0.0465	NaN	0.0393	0.4256
154.3910	0.1935	0.0465	NaN	0.0393	0.4260
154.3942	0.1938	0.0467	NaN	0.0395	0.4261
154.3942	0.1939	0.0467	NaN	0.0395	0.4261
154.3958	0.1939	0.0467	NaN	0.0396	0.4262
154.3971	0.1940	0.0468	NaN	0.0396	0.4262
154.3972	0.1941	0.0468	NaN	0.0396	0.4262
154.3992	0.1940	0.0468	NaN	0.0396	0.4262
154.4005	0.1939	0.0468	NaN	0.0396	0.4262
154.4022	0.1940	0.0469	NaN	0.0397	0.4262
154.4046	0.1947	0.0470	NaN	0.0397	0.4262
154.4044	0.1943	0.0470	NaN	0.0398	0.4262
154.4049	0.1943	0.0470	NaN	0.0398	0.4262
154.4086	0.1942	0.0471	NaN	0.0398	0.4262
154.4061	0.1942	0.0470	NaN	0.0398	0.4262
154.4100	0.1944	0.0471	NaN	0.0399	0.4262
154.4086	0.1945	0.0472	NaN	0.0400	0.4263
154.4097	0.1944	0.0472	NaN	0.0401	0.4262
154.4107	0.1945	0.0473	NaN	0.0401	0.4262
154.4120	0.1945	0.0474	NaN	0.0402	0.4261
154.4129	0.1945	0.0474	NaN	0.0402	0.4262
154.4123	0.1943	0.0474	NaN	0.0402	0.4262
154.4150	0.1944	0.0474	NaN	0.0402	0.4262
154.4166	0.1944	0.0475	NaN	0.0402	0.4263
154.4169	0.1947	0.0475	NaN	0.0403	0.4264
154.4193	0.1949	0.0475	NaN	0.0403	0.4263
154.4214	0.1950	0.0476	NaN	0.0404	0.4264
154.4208	0.1949	0.0476	NaN	0.0403	0.4263
154.4232	0.1947	0.0476	NaN	0.0403	0.4263
154.4230	0.1947	0.0476	NaN	0.0404	0.4263
154.4254	0.1948	0.0478	NaN	0.0405	0.4262
154.4265	0.1949	0.0479	NaN	0.0406	0.4261
154.4264	0.1947	0.0479	NaN	0.0407	0.4261
154.4286	0.1949	0.0480	NaN	0.0408	0.4261
154.4313	0.1949	0.0480	NaN	0.0408	0.4261
154.4308	0.1948	0.0481	NaN	0.0409	0.4259
154.4324	0.1948	0.0481	NaN	0.0409	0.4259
154.4323	0.1949	0.0481	NaN	0.0409	0.4258
154.4335	0.1948	0.0482	NaN	0.0409	0.4258
154.4346	0.1949	0.0482	NaN	0.0409	0.4256
154.4360	0.1950	0.0482	NaN	0.0409	0.4254
154.4371	0.1950	0.0482	NaN	0.0409	0.4252
154.4392	0.1950	0.0482	NaN	0.0409	0.4253
154.4386	0.1950	0.0482	NaN	0.0409	0.4250
154.4404	0.1952	0.0482	NaN	0.0409	0.4248
154.4422	0.1955	0.0482	NaN	0.0410	0.4247
154.4422	0.1954	0.0482	NaN	0.0410	0.4249
154.4443	0.1954	0.0483	NaN	0.0410	0.4251
154.4437	0.1953	0.0482	NaN	0.0410	0.4254
154.4451	0.1953	0.0483	NaN	0.0410	0.4257
154.4452	0.1952	0.0483	NaN	0.0410	0.4256
154.4466	0.1952	0.0484	NaN	0.0412	0.4250
154.4489	0.1953	0.0485	NaN	0.0413	0.4242
154.4509	0.1953	0.0486	NaN	0.0413	0.4245
154.4530	0.1953	0.0486	NaN	0.0414	0.4243
154.4537	0.1954	0.0486	NaN	0.0414	0.4243
154.4535	0.1953	0.0487	NaN	0.0414	0.4243
154.4552	0.1954	0.0487	NaN	0.0414	0.4244
154.4552	0.1957	0.0487	NaN	0.0414	0.4245
154.4571	0.1960	0.0487	NaN	0.0415	0.4247
154.4586	0.1961	0.0488	NaN	0.0415	0.4248
154.4589	0.1962	0.0488	NaN	0.0416	0.4250
154.4605	0.1962	0.0488	NaN	0.0416	0.4251
154.4623	0.1961	0.0489	NaN	0.0416	0.4248
154.4627	0.1959	0.0489	NaN	0.0416	0.4245
154.4663	0.1959	0.0489	NaN	0.0416	0.4239
154.4665	0.1961	0.0489	NaN	0.0416	0.4238
154.4681	0.1961	0.0490	NaN	0.0417	0.4245
154.4685	0.1962	0.0490	NaN	0.0417	0.4244
154.4687	0.1962	0.0491	NaN	0.0418	0.4243
154.4686	0.1962	0.0491	NaN	0.0418	0.4243
154.4675	0.1963	0.0491	NaN	0.0418	0.4245
154.4723	0.1964	0.0491	NaN	0.0418	0.4248
154.4739	0.1965	0.0491	NaN	0.0419	0.4251
154.4735	0.1966	0.0492	NaN	0.0419	0.4252
154.4771	0.1966	0.0492	NaN	0.0419	0.4254
154.4770	0.1966	0.0493	NaN	0.0420	0.4253
154.4769	0.1965	0.0493	NaN	0.0420	0.4253
154.4780	0.1964	0.0494	NaN	0.0421	0.4251
154.4788	0.1964	0.0494	NaN	0.0421	0.4251
154.4817	0.1964	0.0494	NaN	0.0421	0.4250
154.4826	0.1963	0.0495	NaN	0.0422	0.4252
154.4817	0.1964	0.0494	NaN	0.0422	0.4256
154.4843	0.1962	0.0495	NaN	0.0422	0.4258
154.4857	0.1959	0.0495	NaN	0.0422	0.4260
154.4862	0.1958	0.0495	NaN	0.0422	0.4261
154.4891	0.1959	0.0495	NaN	0.0423	0.4260
154.4889	0.1962	0.0495	NaN	0.0423	0.4261
154.4910	0.1963	0.0495	NaN	0.0423	0.4263
154.4928	0.1960	0.0495	NaN	0.0423	0.4262
154.4934	0.1959	0.0495	NaN	0.0422	0.4262
154.4948	0.1959	0.0495	NaN	0.0423	0.4261
154.4951	0.1960	0.0495	NaN	0.0423	0.4262
154.4969	0.1961	0.0496	NaN	0.0423	0.4262
154.4992	0.1961	0.0497	NaN	0.0424	0.4261
154.4996	0.1960	0.0497	NaN	0.0424	0.4262
154.5009	0.1961	0.0497	NaN	0.0424	0.4261
154.5033	0.1962	0.0497	NaN	0.0425	0.4262
154.5028	0.1963	0.0497	NaN	0.0425	0.4261
154.5055	0.1963	0.0497	NaN	0.0425	0.4261
154.5056	0.1963	0.0498	NaN	0.0425	0.4261
154.5059	0.1964	0.0498	NaN	0.0426	0.4261
154.5093	0.1964	0.0499	NaN	0.0426	0.4261
154.5076	0.1964	0.0499	NaN	0.0426	0.4261
154.5107	0.1964	0.0499	NaN	0.0427	0.4261
154.5146	0.1965	0.0499	NaN	0.0427	0.4262
154.5118	0.1966	0.0500	NaN	0.0427	0.4259
154.5142	0.1967	0.0500	NaN	0.0428	0.4256
154.5143	0.1968	0.0500	NaN	0.0428	0.4251
154.5174	0.1970	0.0501	NaN	0.0429	0.4242
154.5191	0.1969	0.0501	NaN	0.0429	0.4234
154.5183	0.1969	0.0501	NaN	0.0429	0.4233
154.5216	0.1969	0.0502	NaN	0.0429	0.4237
154.5220	0.1969	0.0502	NaN	0.0430	0.4236
154.5223	0.1970	0.0502	NaN	0.0430	0.4236
154.5263	0.1970	0.0502	NaN	0.0431	0.4234
154.5249	0.1969	0.0502	NaN	0.0430	0.4237
154.5276	0.1968	0.0502	NaN	0.0431	0.4237
154.5292	0.1966	0.0503	NaN	0.0431	0.4239
154.5277	0.1966	0.0503	NaN	0.0431	0.4240
154.5302	0.1966	0.0503	NaN	0.0432	0.4238
154.5302	0.1969	0.0503	NaN	0.0432	0.4241
154.5336	0.1970	0.0503	NaN	0.0432	0.4240
154.5362	0.1970	0.0503	NaN	0.0432	0.4240
154.5352	0.1969	0.0504	NaN	0.0432	0.4240
154.5369	0.1970	0.0504	NaN	0.0432	0.4239
154.5391	0.1972	0.0504	NaN	0.0432	0.4239
154.5385	0.1971	0.0504	NaN	0.0432	0.4242
154.5399	0.1971	0.0504	NaN	0.0433	0.4244
154.5396	0.1970	0.0504	NaN	0.0433	0.4246
154.5420	0.1971	0.0504	NaN	0.0433	0.4243
154.5441	0.1972	0.0505	NaN	0.0434	0.4241
154.5438	0.1971	0.0505	NaN	0.0434	0.4245
154.5472	0.1971	0.0506	NaN	0.0435	0.4246
154.5486	0.1969	0.0506	NaN	0.0435	0.4247
154.5513	0.1970	0.0506	NaN	0.0435	0.4243
154.5497	0.1969	0.0507	NaN	0.0436	0.4242
154.5501	0.1970	0.0507	NaN	0.0436	0.4238
154.5517	0.1969	0.0508	NaN	0.0437	0.4236
154.5533	0.1969	0.0508	NaN	0.0437	0.4237
154.5527	0.1968	0.0508	NaN	0.0437	0.4240
154.5548	0.1966	0.0509	NaN	0.0438	0.4237
154.5540	0.1964	0.0508	NaN	0.0438	0.4235
154.5560	0.1964	0.0509	NaN	0.0438	0.4235
154.5573	0.1966	0.0509	NaN	0.0438	0.4236
154.5589	0.1967	0.0509	NaN	0.0438	0.4238
154.5606	0.1969	0.0509	NaN	0.0438	0.4241
154.5617	0.1971	0.0509	NaN	0.0439	0.4248
154.5626	0.1971	0.0510	NaN	0.0439	0.4251
154.5642	0.1971	0.0511	NaN	0.0440	0.4251
154.5644	0.1972	0.0511	NaN	0.0440	0.4253
154.5659	0.1971	0.0511	NaN	0.0440	0.4253
154.5678	0.1972	0.0511	NaN	0.0440	0.4253
154.5687	0.1972	0.0511	NaN	0.0440	0.4254
154.5700	0.1971	0.0512	NaN	0.0440	0.4251
154.5710	0.1971	0.0512	NaN	0.0441	0.4252
154.5722	0.1970	0.0512	NaN	0.0441	0.4251
154.5742	0.1968	0.0512	NaN	0.0441	0.4253
154.5739	0.1969	0.0512	NaN	0.0441	0.4252
154.5754	0.1970	0.0512	NaN	0.0441	0.4252
154.5786	0.1972	0.0512	NaN	0.0441	0.4252
154.5767	0.1972	0.0512	NaN	0.0442	0.4255
154.5810	0.1972	0.0513	NaN	0.0442	0.4256
154.5808	0.1972	0.0513	NaN	0.0442	0.4259
154.5822	0.1973	0.0513	NaN	0.0442	0.4257
154.5854	0.1974	0.0514	NaN	0.0442	0.4254
154.5823	0.1974	0.0513	NaN	0.0442	0.4250
154.5861	0.1973	0.0513	NaN	0.0442	0.4251
154.5874	0.1972	0.0513	NaN	0.0443	0.4255
154.5882	0.1971	0.0513	NaN	0.0442	0.4258
154.5895	0.1973	0.0514	NaN	0.0443	0.4260
154.5898	0.1974	0.0514	NaN	0.0443	0.4259
154.5898	0.1975	0.0514	NaN	0.0443	0.4257
154.5932	0.1976	0.0515	NaN	0.0444	0.4258
154.5933	0.1974	0.0515	NaN	0.0444	0.4258
154.5950	0.1974	0.0515	NaN	0.0444	0.4259
154.5962	0.1975	0.0515	NaN	0.0444	0.4259
154.5961	0.1976	0.0515	NaN	0.0444	0.4257
154.5975	0.1976	0.0516	NaN	0.0445	0.4257
154.5982	0.1977	0.0516	NaN	0.0445	0.4257
154.6005	0.1977	0.0516	NaN	0.0445	0.4257
154.6022	0.1975	0.0516	NaN	0.0445	0.4257
154.6023	0.1975	0.0516	NaN	0.0445	0.4257
154.6052	0.1974	0.0516	NaN	0.0446	0.4257
154.6073	0.1975	0.0517	NaN	0.0446	0.4257
154.6054	0.1973	0.0517	NaN	0.0446	0.4256
154.6073	0.1973	0.0517	NaN	0.0446	0.4255
154.6078	0.1972	0.0517	NaN	0.0446	0.4253
154.6095	0.1971	0.0517	NaN	0.0447	0.4252
154.6091	0.1970	0.0518	NaN	0.0447	0.4250
154.6096	0.1970	0.0517	NaN	0.0446	0.4250
154.6139	0.1970	0.0517	NaN	0.0447	0.4249
154.6137	0.1969	0.0518	NaN	0.0447	0.4247
154.6153	0.1970	0.0518	NaN	0.0447	0.4243
154.6185	0.1971	0.0518	NaN	0.0448	0.4242
154.6192	0.1971	0.0519	NaN	0.0448	0.4241
154.6195	0.1970	0.0519	NaN	0.0448	0.4240
154.6205	0.1970	0.0519	NaN	0.0448	0.4238
154.6214	0.1970	0.0519	NaN	0.0448	0.4240
154.6227	0.1974	0.0519	NaN	0.0448	0.4238
154.6220	0.1973	0.0519	NaN	0.0448	0.4237
154.6240	0.1974	0.0519	NaN	0.0448	0.4236
154.6265	0.1972	0.0519	NaN	0.0448	0.4236
154.6273	0.1976	0.0520	NaN	0.0449	0.4235
154.6285	0.1973	0.0520	NaN	0.0449	0.4233
154.6302	0.1973	0.0520	NaN	0.0449	0.4231
154.6302	0.1975	0.0520	NaN	0.0449	0.4228
154.6324	0.1975	0.0520	NaN	0.0449	0.4227
154.6339	0.1973	0.0521	NaN	0.0450	0.4227
154.6339	0.1972	0.0521	NaN	0.0450	0.4226
154.6349	0.1969	0.0520	NaN	0.0450	0.4227
154.6367	0.1965	0.0521	NaN	0.0450	0.4225
154.6390	0.1965	0.0521	NaN	0.0450	0.4226
154.6385	0.1967	0.0521	NaN	0.0450	0.4226
154.6395	0.1965	0.0521	NaN	0.0450	0.4226
154.6418	0.1964	0.0521	NaN	0.0451	0.4226
154.6416	0.1964	0.0522	NaN	0.0451	0.4226
154.6445	0.1962	0.0522	NaN	0.0451	0.4226
154.6467	0.1963	0.0522	NaN	0.0452	0.4225
154.6456	0.1963	0.0522	NaN	0.0452	0.4226
154.6472	0.1963	0.0523	NaN	0.0452	0.4227
154.6473	0.1965	0.0523	NaN	0.0453	0.4229
154.6475	0.1968	0.0523	NaN	0.0453	0.4230
154.6490	0.1968	0.0524	NaN	0.0453	0.4229
154.6505	0.1969	0.0524	NaN	0.0453	0.4228
154.6528	0.1970	0.0524	NaN	0.0453	0.4229
154.6539	0.1970	0.0524	NaN	0.0454	0.4230
154.6549	0.1970	0.0524	NaN	0.0454	0.4231
154.6576	0.1970	0.0524	NaN	0.0454	0.4232
154.6574	0.1971	0.0524	NaN	0.0454	0.4232
154.6577	0.1972	0.0524	NaN	0.0454	0.4232
154.6596	0.1971	0.0525	NaN	0.0454	0.4232
154.6589	0.1972	0.0524	NaN	0.0453	0.4233
154.6610	0.1972	0.0525	NaN	0.0454	0.4232
154.6625	0.1972	0.0525	NaN	0.0454	0.4231
154.6647	0.1972	0.0525	NaN	0.0454	0.4231
154.6653	0.1971	0.0525	NaN	0.0455	0.4231
154.6659	0.1971	0.0525	NaN	0.0454	0.4233
154.6666	0.1970	0.0525	NaN	0.0454	0.4233
154.6682	0.1969	0.0525	NaN	0.0454	0.4233
154.6695	0.1971	0.0525	NaN	0.0454	0.4235
154.6722	0.1970	0.0525	NaN	0.0455	0.4235
154.6718	0.1970	0.0526	NaN	0.0455	0.4235
154.6730	0.1970	0.0526	NaN	0.0455	0.4234
154.6741	0.1969	0.0526	NaN	0.0455	0.4234
154.6731	0.1968	0.0526	NaN	0.0455	0.4234
154.6763	0.1968	0.0526	NaN	0.0456	0.4234
154.6783	0.1969	0.0526	NaN	0.0456	0.4235
154.6767	0.1969	0.0527	NaN	0.0456	0.4236
154.6784	0.1969	0.0527	NaN	0.0457	0.4237
154.6791	0.1969	0.0527	NaN	0.0457	0.4238
154.6815	0.1968	0.0528	NaN	0.0457	0.4239
154.6840	0.1968	0.0527	NaN	0.0457	0.4239
154.6837	0.1967	0.0528	NaN	0.0457	0.4239
154.6866	0.1967	0.0528	NaN	0.0457	0.4239
154.6897	0.1966	0.0528	NaN	0.0458	0.4239
154.6885	0.1965	0.0528	NaN	0.0457	0.4238
154.6887	0.1965	0.0528	NaN	0.0457	0.4239
154.6909	0.1964	0.0528	NaN	0.0458	0.4239
154.6934	0.1965	0.0529	NaN	0.0458	0.4238
154.6941	0.1964	0.0529	NaN	0.0458	0.4235
154.6947	0.1965	0.0528	NaN	0.0458	0.4237
154.6963	0.1965	0.0529	NaN	0.0458	0.4237
154.6962	0.1965	0.0529	NaN	0.0458	0.4238
154.6993	0.1965	0.0529	NaN	0.0458	0.4240
154.6993	0.1965	0.0529	NaN	0.0458	0.4241
154.6995	0.1963	0.0529	NaN	0.0459	0.4239
154.7022	0.1962	0.0529	NaN	0.0458	0.4236
